9.999999999999998890e-01,9.967516022925511088e-01,9.697330922779558993e-01,9.913628256002660066e-01,8.817546828285847127e-01,8.896932469161407120e-01,9.652404348631611342e-01,9.711793661431465940e-01,9.487117418118204970e-01,9.614464407801655010e-01,9.871872804655563716e-01,9.781601520888815182e-01,9.695931937699614478e-01,9.660761682050198473e-01,9.182903792074750271e-01,9.482714722303646759e-01,9.463629323272471083e-01,9.521928185562270608e-01,9.488945052653746659e-01,9.444845241368019506e-01,9.008918103751764050e-01,9.298855581749001509e-01,9.770198937449361409e-01,9.902301264424013816e-01,9.078406260337505973e-01,8.851503861803370343e-01,7.711764502946779620e-01,8.906774287431786785e-01,7.968862827607000598e-01,7.127528029645495700e-01,8.047288077488669034e-01,7.487955537676083129e-01,9.279565592518501660e-01,9.573111996902956555e-01,8.503792846996829358e-01,8.669132483505544995e-01,9.744837799105084963e-01,9.689418290256357480e-01,6.108050541016230017e-01,6.036701686277441414e-01,9.547708737066500362e-01,9.609186939607627931e-01,9.006381469605502232e-01,8.933204942364088019e-01,9.189800183419357671e-01,9.112028496817501377e-01,9.440094443619518882e-01,9.015195289646050769e-01,9.610549485556620919e-01,9.570065843228451330e-01,9.797307867666799064e-01,9.852671113755007148e-01,9.357362523141926625e-01,9.470152425041267197e-01,9.709760144183678943e-01,9.725248151306147282e-01,9.905140201372961695e-01,9.789453072932573496e-01,9.880304634482801607e-01,9.834834458832744097e-01,9.923514771587236272e-01,9.846525232999168153e-01,9.600696797341540245e-01,9.512449447325905805e-01,8.554882716473932724e-01,8.970123592253960165e-01,8.822712752927358570e-01,8.921989647782743171e-01,7.282511745428470462e-01,6.678460937737419334e-01,5.264069002856518464e-01,5.512892858943225782e-01,8.113402616424999492e-01,8.532317610166053612e-01,9.750194260315322436e-01,9.869141005135941835e-01,9.665339031094029032e-01,9.528013020524975785e-01,9.933912778412290479e-01,9.821302097696182898e-01,9.851021355916770306e-01,9.751422601763264364e-01,9.040751174925441003e-01,8.842459730561420539e-01,9.660539663813150213e-01,9.467598899188482964e-01,9.454900748576343661e-01,9.210673462085995356e-01,9.155284023063368082e-01
9.967516022925511088e-01,1.000000000000000000e+00,9.699764360906228955e-01,9.919699282707585830e-01,8.936515221257952390e-01,9.004364687229045039e-01,9.690769003290019556e-01,9.746722412016062265e-01,9.530630653564771126e-01,9.664422898846878329e-01,9.842822881223542986e-01,9.769368024130806738e-01,9.726377490752766697e-01,9.714268282031953694e-01,9.226461835767717501e-01,9.505236891969672808e-01,9.553794879817845143e-01,9.586694517018434780e-01,9.546114090303616795e-01,9.517929817206240983e-01,9.148208369104162685e-01,9.419179178273893172e-01,9.798425250055722291e-01,9.896295101748787681e-01,9.093257610868491492e-01,8.902969560905058533e-01,7.879878071112732529e-01,8.981176375699891912e-01,8.148083537024710665e-01,7.389540307441634370e-01,8.224027305737245941e-01,7.697214513465354679e-01,9.281922062711164267e-01,9.578810112086503237e-01,8.707720405992501744e-01,8.851764779760671331e-01,9.738928654836097598e-01,9.749377759891808548e-01,6.425150595827024969e-01,6.427690751956743886e-01,9.509363559562132862e-01,9.601975597040397492e-01,8.951177948378794547e-01,8.891803902893412603e-01,9.185852974811814509e-01,9.104738617300168757e-01,9.426183628038363738e-01,9.007874749112604329e-01,9.723572142933718521e-01,9.625503711832839038e-01,9.771939667443233501e-01,9.837031711393455780e-01,9.268177604496027344e-01,9.380337311553688107e-01,9.685819672262102609e-01,9.695624259333863737e-01,9.905673442170196408e-01,9.804642489890420531e-01,9.851453850746361152e-01,9.835648275849567801e-01,9.943773719505230035e-01,9.849008566239441098e-01,9.632614994407140419e-01,9.583977838798063420e-01,8.487079453442715193e-01,8.963488201950994272e-01,8.938996667853678080e-01,9.011659051845513080e-01,7.470509602414845407e-01,6.887960533181798350e-01,5.708718818093861946e-01,5.941429602966989965e-01,8.181069873864694753e-01,8.580465813955012733e-01,9.787842657313831074e-01,9.893795050597502527e-01,9.697976332870760219e-01,9.583577465386264871e-01,9.958045147673950659e-01,9.867111025451589246e-01,9.877083282074176074e-01,9.788783017981350643e-01,9.084882008748197402e-01,8.910630547972369087e-01,9.741221428948879657e-01,9.543940951948045592e-01,9.534575034492525081e-01,9.327996639527051936e-01,9.261785557197993457e-01
9.697330922779558993e-01,9.699764360906228955e-01,1.000000000000000000e+00,9.872681081563268179e-01,8.725367374001239407e-01,8.924763865772453730e-01,9.911486939323397305e-01,9.739739082163115791e-01,9.564464510471701875e-01,9.573124868559055312e-01,9.738377893905820759e-01,9.453297293533400314e-01,9.732580045567368332e-01,9.458471157122745332e-01,9.084292463704821685e-01,9.177863780647378400e-01,9.400013015959518548e-01,9.227501257018074776e-01,9.698717798660942968e-01,9.498263714933316004e-01,8.818231061350813027e-01,9.134070523121976537e-01,9.883588680353161404e-01,9.829874090872452452e-01,8.872768567813814622e-01,8.654744884390472848e-01,7.678640949378661151e-01,8.659009444601821759e-01,7.930453221555215926e-01,7.192151914323104966e-01,7.921679143429650738e-01,7.473894366618607510e-01,8.974841953068720679e-01,9.104858611120052458e-01,8.311669356134896436e-01,8.328786308864791765e-01,9.329905892107325238e-01,9.245006619776305890e-01,6.284554759546552294e-01,6.240927717922559737e-01,9.096625206542281461e-01,9.055272719689766436e-01,8.718395282512081401e-01,8.444920478187936119e-01,8.515157696796420428e-01,8.805463406028817275e-01,9.328514140352384132e-01,9.202456301941303041e-01,9.375379186708568957e-01,9.177433638161358598e-01,9.346865885220252412e-01,9.390388661352925270e-01,9.073850440086597136e-01,9.395946203388518825e-01,9.030821288839749883e-01,9.085663179870613337e-01,9.482785213895039700e-01,9.291992005364616558e-01,9.399136859019614487e-01,9.387661429706608551e-01,9.659247280509758449e-01,9.696870407097014644e-01,9.653800808942689660e-01,9.549986400722776381e-01,8.529975103202189768e-01,8.872842542920853504e-01,8.261608547942290715e-01,8.207207788635433321e-01,7.251284902681022215e-01,6.838527935063309915e-01,5.462362133354666804e-01,5.777701591572587114e-01,8.002960850079534616e-01,8.324542917455337587e-01,9.236385002920257659e-01,9.428163601158497942e-01,9.247332609327196806e-01,9.081259949443697410e-01,9.535311477989674156e-01,9.442946052226689480e-01,9.734075674768237763e-01,9.721021112375793916e-01,9.672652473976945942e-01,9.545896849973174447e-01,9.427063865160462131e-01,9.522692689744263195e-01,9.720136687431397693e-01,9.473680257663272819e-01,9.031001083714018662e-01
9.913628256002660066e-01,9.919699282707585830e-01,9.872681081563268179e-01,1.000000000000000000e+00,8.757811813710176807e-01,8.898233016429817344e-01,9.808724225829218435e-01,9.745476664480956508e-01,9.528791038728837703e-01,9.632055273537658557e-01,9.834398062315555800e-01,9.639256115836004613e-01,9.756630525246469121e-01,9.593359110820450786e-01,9.111059213223784425e-01,9.338668306155197829e-01,9.454743139345233027e-01,9.436889140284225874e-01,9.578990730020553457e-01,9.468113833367046706e-01,8.919949176189743145e-01,9.232514249956060848e-01,9.850067578601047202e-01,9.926139701207445931e-01,8.931754371497478973e-01,8.727618822120808417e-01,7.591230995100057832e-01,8.743896329480060903e-01,7.895954308446282432e-01,7.098569725906928030e-01,7.915569397562357556e-01,7.414586476150510919e-01,9.113052793152425224e-01,9.348195925460036637e-01,8.406756928528957840e-01,8.540709974114700787e-01,9.600908715713448727e-01,9.562976832431964169e-01,6.157945226673331440e-01,6.126841632410842120e-01,9.436440522387852248e-01,9.465279875293858280e-01,8.951560005820058397e-01,8.805445912791165508e-01,8.935871158590810159e-01,9.061318278457083375e-01,9.512990795286729862e-01,9.185682589999017988e-01,9.577613171808571080e-01,9.485510047650712595e-01,9.692667669837782274e-01,9.751528234963597885e-01,9.308239163862018772e-01,9.527775496112549369e-01,9.505969931955602359e-01,9.542803191931061857e-01,9.810697549681401952e-01,9.640943341210155282e-01,9.749391136763051469e-01,9.717038985234486281e-01,9.892513876767587977e-01,9.796202886787802599e-01,9.687689817939498793e-01,9.536954288753487496e-01,8.595939701090944407e-01,8.998258669120736686e-01,8.608337624396541488e-01,8.593533367517065535e-01,7.192824582839916214e-01,6.684148574389635611e-01,5.317286436019874607e-01,5.636716883398515954e-01,7.977038691795138581e-01,8.346294364920798792e-01,9.566909579230811200e-01,9.741493770252779294e-01,9.563306941269773542e-01,9.399682520803434027e-01,9.828209547073369912e-01,9.745278322564240314e-01,9.898884620105325993e-01,9.838194873896971560e-01,9.318343295209018384e-01,9.145447311337153717e-01,9.586421406113542210e-01,9.495615797037847416e-01,9.574190817598119407e-01,9.340614678848335739e-01,9.086947885953324811e-01
8.817546828285847127e-01,8.936515221257952390e-01,8.725367374001239407e-01,8.757811813710176807e-01,1.000000000000000000e+00,9.908422520700077563e-01,9.149818027378703311e-01,9.504983210541222416e-01,9.399080158474723001e-01,9.624849494779872394e-01,9.077131417036978789e-01,9.393249931011788956e-01,9.431545043353342095e-01,9.546556148495350946e-01,9.166995384926956980e-01,9.266069188111107913e-01,9.638075501275888968e-01,9.538603007040846737e-01,9.258359701395495467e-01,9.670172308452418264e-01,9.742281296090814502e-01,9.712002281330698317e-01,9.099957174709447649e-01,9.089569853198299354e-01,9.765230729397784692e-01,9.818093682961095414e-01,9.603608439500669336e-01,9.820953011278229505e-01,9.741313955503922983e-01,9.301171200505233827e-01,9.675178939667059552e-01,9.423192735889186489e-01,9.662220606161175951e-01,9.275475749170390971e-01,9.725715826697794997e-01,9.555397493126196462e-01,8.600563383452175525e-01,8.921186849512769967e-01,8.514682011253427163e-01,8.422696646539613585e-01,7.620570398635833076e-01,8.107276201601966159e-01,6.659725480810552156e-01,6.494842557233226898e-01,7.442815159914761836e-01,7.038780901621809472e-01,7.162807784453456561e-01,6.667912388396557422e-01,8.629365040341818727e-01,8.271586215270629872e-01,8.112098947298532758e-01,8.269760091174889194e-01,6.930341354000937315e-01,7.326976689979214363e-01,7.971654295652027544e-01,7.961962829887964110e-01,8.946687148866505623e-01,9.236377282800004584e-01,8.560431786447533220e-01,8.145600659973887270e-01,8.926837740043995773e-01,9.226146392752583303e-01,8.812188706516506098e-01,9.563384204938507605e-01,7.044498965662414625e-01,7.492140218193661383e-01,9.160677886171167961e-01,8.676460234975673647e-01,9.251256324717178625e-01,9.051783832827928755e-01,7.778207608229531500e-01,7.539512359998470359e-01,9.546999953494803570e-01,9.456697986862302452e-01,9.281429332460191528e-01,8.515732271202909320e-01,8.730689682308063748e-01,8.376958544731213374e-01,9.000441828178806780e-01,8.384973530324258961e-01,8.439257866749008130e-01,8.254915800939748305e-01,8.381336978335647281e-01,8.253434707920834779e-01,9.402633283577720436e-01,9.650385703932784498e-01,9.210336621535124557e-01,9.188390720103460918e-01,9.389149002398986532e-01
8.896932469161407120e-01,9.004364687229045039e-01,8.924763865772453730e-01,8.898233016429817344e-01,9.908422520700077563e-01,1.000000000000000000e+00,9.339927427140644056e-01,9.643310111750864611e-01,9.623988666675432624e-01,9.679439902404848306e-01,9.209999775949808676e-01,9.391641052503685305e-01,9.555443330028940974e-01,9.609957501284795978e-01,9.271027826193909416e-01,9.313507930547846314e-01,9.704479288977624352e-01,9.570579790560100886e-01,9.379463786768919009e-01,9.765447254365913210e-01,9.705368909821696644e-01,9.753001047708866889e-01,9.213853193592047575e-01,9.200888701485590015e-01,9.770774781277397070e-01,9.765595685244782276e-01,9.548947656924948735e-01,9.757467175151536276e-01,9.718412133345200044e-01,9.302809325416381281e-01,9.625701498139833667e-01,9.422150820007348937e-01,9.597657777235164556e-01,9.207741918079606069e-01,9.656105883981636051e-01,9.452629279367000814e-01,8.519898643457353149e-01,8.825381201572580769e-01,8.522472534433218616e-01,8.366961573761096949e-01,7.635184897241872326e-01,7.980737292764104041e-01,6.679083166232209212e-01,6.444276603570036066e-01,7.283782610568665383e-01,6.982666916594191253e-01,7.277428198101356660e-01,6.818930627550614521e-01,8.547669074150494595e-01,8.175091554523612469e-01,8.146886758898068681e-01,8.265342714231507237e-01,7.116103271892524340e-01,7.590151737826532630e-01,7.915324522130120499e-01,7.931651346405894643e-01,8.960663538329685096e-01,9.182305765521898699e-01,8.568649957323359878e-01,8.183078564480954498e-01,8.941820518995117206e-01,9.235761190109419427e-01,8.820773228387874809e-01,9.641908603131300604e-01,7.326994409957163779e-01,7.699682212815506244e-01,8.966035457649346174e-01,8.439561601495089160e-01,9.257301572002025747e-01,9.149082960762943140e-01,7.644105706144311840e-01,7.468948759838703877e-01,9.573727283342009509e-01,9.515350418908958829e-01,9.221020935757207049e-01,8.524770751597786633e-01,8.655384706534754446e-01,8.356878051104728033e-01,8.996836487553238060e-01,8.394904456626505196e-01,8.522244961343837799e-01,8.337799911882424198e-01,8.688906822127062668e-01,8.572596108217855893e-01,9.374433003660513908e-01,9.742556530521234714e-01,9.391565222097824073e-01,9.370095427236153629e-01,9.452536000502654856e-01
9.652404348631611342e-01,9.690769003290019556e-01,9.911486939323397305e-01,9.808724225829218435e-01,9.149818027378703311e-01,9.339927427140644056e-01,9.999999999999998890e-01,9.897865366814662114e-01,9.776145802459038636e-01,9.759293594967424212e-01,9.783524275846477991e-01,9.570998357156581537e-01,9.870969341069883995e-01,9.661584059155555737e-01,9.241785244614959538e-01,9.329236537509002503e-01,9.645947704935263767e-01,9.476367999621687632e-01,9.781809449268418222e-01,9.738948595523917451e-01,9.115447036716888274e-01,9.430809051545845367e-01,9.860556542010392445e-01,9.841167399794288340e-01,9.219534958810227110e-01,9.041997244081441121e-01,8.269523589204046399e-01,9.029893855605728437e-01,8.529660268719210237e-01,7.878401258661544837e-01,8.473520816453627980e-01,8.090795127551236865e-01,9.199282944950736285e-01,9.197204370003280172e-01,8.759389398313022213e-01,8.702944291345684480e-01,9.185071097066888068e-01,9.223339749184893410e-01,6.974659090572565834e-01,6.922705124577317459e-01,8.819172026725928815e-01,8.859808284289985014e-01,8.252803664200600853e-01,7.981498533871866918e-01,8.240457797538925933e-01,8.397071278829043584e-01,8.953789571269212821e-01,8.731840514672954967e-01,9.290201963614703740e-01,8.999387015800792700e-01,9.166521145347878985e-01,9.237048509978019739e-01,8.729042213125758343e-01,9.134766224970811699e-01,8.858703387798447793e-01,8.901835080185764859e-01,9.484497811667707001e-01,9.370065725355940511e-01,9.333874521896776688e-01,9.229413075122301358e-01,9.628884015970581300e-01,9.692465342385354621e-01,9.585930691190951425e-01,9.735934636701586431e-01,8.361160561717322359e-01,8.727550884919629270e-01,8.527736029693540054e-01,8.313172819985317208e-01,7.911081389927943075e-01,7.561581907142496117e-01,6.152952159640598939e-01,6.377918012441798901e-01,8.514416007314513646e-01,8.778061570164567007e-01,9.328834850157028402e-01,9.328852738623893970e-01,9.166259920045509713e-01,9.013439633881028534e-01,9.532586106105034318e-01,9.326785228848486486e-01,9.561657782851216147e-01,9.499807801908279892e-01,9.595614924331119511e-01,9.486475714091161526e-01,9.539854048224545302e-01,9.731109831613082850e-01,9.809015904510290929e-01,9.620900827659745191e-01,9.255745743587857621e-01
9.711793661431465940e-01,9.746722412016062265e-01,9.739739082163115791e-01,9.745476664480956508e-01,9.504983210541222416e-01,9.643310111750864611e-01,9.897865366814662114e-01,9.999999999999998890e-01,9.885374649504479194e-01,9.911612120658066516e-01,9.834015162523613851e-01,9.789934289008628276e-01,9.958954693434050043e-01,9.887292478636154902e-01,9.517649299629251658e-01,9.629501102672142210e-01,9.787930848384656102e-01,9.700016824643333813e-01,9.734023793482051712e-01,9.857380108805180452e-01,9.465317345582936470e-01,9.750114025662284245e-01,9.815406230645318253e-01,9.846112100426840374e-01,9.545045436533409200e-01,9.389333063437124149e-01,8.683344792349809715e-01,9.400823541234442082e-01,8.935213298263378068e-01,8.324744532239967132e-01,8.888926398066533396e-01,8.518063016895204287e-01,9.543416229505109483e-01,9.514804245991090870e-01,9.184825504539496643e-01,9.109254337285705994e-01,9.316682267834379694e-01,9.423008296167616482e-01,7.404258864785813188e-01,7.374302767519476109e-01,8.851111715652210110e-01,8.944976269409166125e-01,8.154095050792413701e-01,7.925170964585330768e-01,8.347523205363134302e-01,8.304148152153769669e-01,8.723588042384831098e-01,8.358512006342058154e-01,9.299178302331871926e-01,9.032624615851234662e-01,9.238581596877952773e-01,9.269692155164253045e-01,8.614206449678938338e-01,8.973766975899604148e-01,8.966098298999007898e-01,8.991431877141623508e-01,9.645416597130151981e-01,9.619781889944246656e-01,9.429959185529189769e-01,9.259651437127720541e-01,9.665585994205034837e-01,9.769582140227633937e-01,9.480380432031341176e-01,9.822785889540912585e-01,8.406952275957344511e-01,8.775884721809183997e-01,8.844308929665056773e-01,8.617989328840902630e-01,8.296923733743855056e-01,7.975628108847865327e-01,6.586439744407006636e-01,6.733906328259994245e-01,8.908905542169729408e-01,9.105751841031712868e-01,9.608870090626357996e-01,9.412343577601662847e-01,9.364152896177608820e-01,9.201149677576760944e-01,9.662398445226413335e-01,9.355855609243836080e-01,9.502152293960636209e-01,9.376151898455642453e-01,9.395443085838702801e-01,9.257302243263352270e-01,9.700331956093573016e-01,9.853379058403975987e-01,9.821452145828969416e-01,9.694409286914558166e-01,9.553412568959094298e-01
9.487117418118204970e-01,9.530630653564771126e-01,9.564464510471701875e-01,9.528791038728837703e-01,9.399080158474723001e-01,9.623988666675432624e-01,9.776145802459038636e-01,9.885374649504479194e-01,1.000000000000000000e+00,9.720395086153936770e-01,9.664559542217748822e-01,9.533246471926994925e-01,9.845583035569592800e-01,9.722991309224249257e-01,9.549112657118961067e-01,9.522633578859829306e-01,9.639895967189821002e-01,9.513559543556171505e-01,9.580213225931992760e-01,9.762874720019418806e-01,9.388970587049981775e-01,9.664085656391537826e-01,9.600153551706538391e-01,9.641828280628381709e-01,9.411027223969070654e-01,9.238124265033427207e-01,8.694450918740892487e-01,9.276457362554737518e-01,8.958702595101100119e-01,8.498425163968179596e-01,8.934347612209092571e-01,8.631120487856737133e-01,9.348825772743839524e-01,9.323330089359648243e-01,9.158341282001649652e-01,9.027853660576032890e-01,8.994076980067549076e-01,9.157357117411771830e-01,7.606849798539148111e-01,7.490540026321512723e-01,8.549655877533464121e-01,8.512251000913135801e-01,7.834621034054658484e-01,7.570769143020039671e-01,7.967348722439979714e-01,7.948516375005920676e-01,8.430430002735116446e-01,8.045703622032301938e-01,8.947497466447068559e-01,8.657654157918797111e-01,8.947543363241450276e-01,8.904704956376849889e-01,8.452508860648353384e-01,8.845625291373491184e-01,8.619320705040444119e-01,8.619794332475134713e-01,9.362236238553505174e-01,9.320354173463574199e-01,9.106251645699071640e-01,8.997496398479363222e-01,9.390393326299513177e-01,9.479351726298413938e-01,9.108045691644586217e-01,9.662817278277788802e-01,8.501006841676854719e-01,8.749263151541668559e-01,8.511735779781570699e-01,8.282763480467346673e-01,8.411860293843569369e-01,8.138349840499172760e-01,6.727818707956187971e-01,6.839360929269777678e-01,8.917338202194626806e-01,9.065649109814217788e-01,9.316973762500493361e-01,9.156495110439492047e-01,9.069930544509138270e-01,8.991125587241700634e-01,9.401115862096296460e-01,9.071305889497698338e-01,9.256095231398442369e-01,9.095753947684861451e-01,9.389293271901242299e-01,9.280456749007731654e-01,9.504697344469855702e-01,9.752908988196676843e-01,9.799689567472253948e-01,9.687984865211036745e-01,9.575477130536340642e-01
9.614464407801655010e-01,9.664422898846878329e-01,9.573124868559055312e-01,9.632055273537658557e-01,9.624849494779872394e-01,9.679439902404848306e-01,9.759293594967424212e-01,9.911612120658066516e-01,9.720395086153936770e-01,1.000000000000000000e+00,9.689022168542936742e-01,9.783820173037192092e-01,9.868155701574330418e-01,9.879285722488592159e-01,9.487510700392502994e-01,9.672824247214921733e-01,9.781626042768694074e-01,9.681104988826676472e-01,9.666593681221032908e-01,9.819733702613014925e-01,9.569615207364041698e-01,9.753639056616532077e-01,9.752864766950350983e-01,9.757642279883084191e-01,9.627089204211722873e-01,9.527352871467729134e-01,8.781207768687384618e-01,9.520266004112805103e-01,9.043429787156633815e-01,8.382462708827516096e-01,8.998035278699566542e-01,8.585724835615712314e-01,9.705579458097339796e-01,9.606255060005999269e-01,9.291959079731049176e-01,9.260068075946434885e-01,9.382570496085013145e-01,9.494619606359979702e-01,7.406379770543844998e-01,7.456990117938439022e-01,8.798091900656814790e-01,9.063651594808654899e-01,8.076350859770629054e-01,7.905680414030540337e-01,8.412564667912191263e-01,8.320295727886580783e-01,8.571856784668796525e-01,8.182027135760445713e-01,9.324712077806520671e-01,9.101128731485261802e-01,9.150940539797106643e-01,9.251939982141068608e-01,8.346671407777859208e-01,8.679006237207513852e-01,8.953029947804026500e-01,8.986191893374237960e-01,9.634333641227679212e-01,9.700640366025372607e-01,9.401148401947481137e-01,9.135552365665051688e-01,9.640670563456252840e-01,9.769613532765298869e-01,9.491011457633562465e-01,9.794476088414547643e-01,8.153830252524103539e-01,8.547098944487196981e-01,9.032305315362354481e-01,8.810419792921225790e-01,8.361792908705591998e-01,8.017045384870719049e-01,6.632509122233889443e-01,6.722916042667665959e-01,9.025857415791860294e-01,9.124114574816566403e-01,9.687339612762277952e-01,9.365099177914395501e-01,9.455413284350878689e-01,9.168189453937425348e-01,9.642398901881490403e-01,9.304420982897486647e-01,9.390743644704191428e-01,9.275113260339780119e-01,9.148230445469689442e-01,8.989241862796844007e-01,9.757926486023194013e-01,9.835518829866782831e-01,9.678472246090645825e-01,9.562883297919599901e-01,9.519100398531386009e-01
9.871872804655563716e-01,9.842822881223542986e-01,9.738377893905820759e-01,9.834398062315555800e-01,9.077131417036978789e-01,9.209999775949808676e-01,9.783524275846477991e-01,9.834015162523613851e-01,9.664559542217748822e-01,9.689022168542936742e-01,1.000000000000000000e+00,9.850421429043056953e-01,9.840418692365726638e-01,9.729691276884271378e-01,9.116420884354281551e-01,9.412528285620475055e-01,9.595216715246696060e-01,9.697438359343172332e-01,9.623886251416213788e-01,9.597705080790077670e-01,9.087520897282328480e-01,9.401157555027718216e-01,9.771374977013054242e-01,9.903487193963860236e-01,9.319782117198405214e-01,9.127482032369542697e-01,8.094242997066392054e-01,9.079774397312568857e-01,8.346133653614666859e-01,7.495581024453237262e-01,8.312430243296713428e-01,7.847895041909100922e-01,9.283733620923899643e-01,9.403849369972603345e-01,8.609582318568563819e-01,8.646829095313091074e-01,9.387438431172396847e-01,9.377153760055524367e-01,6.553511010516465118e-01,6.368870384244207372e-01,9.078499678088642888e-01,9.149835489017901224e-01,8.424039920474952758e-01,8.235201176603652584e-01,8.572686264426276903e-01,8.488437117386913311e-01,9.018831908107721729e-01,8.587175396626868240e-01,9.313279824873870183e-01,9.166837293127128028e-01,9.497757235417247923e-01,9.557652363796289574e-01,8.984653649420049071e-01,9.287341830787383401e-01,9.310299880646748516e-01,9.325707253053721058e-01,9.753042511595459985e-01,9.675238895829718633e-01,9.706445726624890469e-01,9.543958153887763807e-01,9.812928365838409217e-01,9.824924225959535962e-01,9.578666263150410476e-01,9.627235495274590882e-01,8.346126031903250420e-01,8.711190868111555741e-01,8.804218895682116575e-01,8.612849828132229657e-01,7.724237246058582862e-01,7.277094607227992951e-01,5.559307641361933561e-01,5.747500855445126788e-01,8.421887202034302744e-01,8.817158846890688073e-01,9.598657958475564911e-01,9.552125701488372034e-01,9.343972053610125617e-01,9.195877825789814386e-01,9.783999577474336018e-01,9.490490522176484589e-01,9.643232358624488354e-01,9.522717486073661863e-01,9.143703588008899041e-01,8.964576006443273348e-01,9.544477984998031017e-01,9.590439862222809309e-01,9.533237469292471511e-01,9.314313468634132231e-01,9.118657859681074118e-01
9.781601520888815182e-01,9.769368024130806738e-01,9.453297293533400314e-01,9.639256115836004613e-01,9.393249931011788956e-01,9.391641052503685305e-01,9.570998357156581537e-01,9.789934289008628276e-01,9.533246471926994925e-01,9.783820173037192092e-01,9.850421429043056953e-01,1.000000000000000000e+00,9.787974750178174421e-01,9.850363737100923389e-01,9.264330663306755698e-01,9.603601140149771176e-01,9.643914678663106921e-01,9.785220813078112645e-01,9.476791622196785170e-01,9.606289143433062172e-01,9.366123932453456202e-01,9.592996561437672209e-01,9.634114132233611016e-01,9.765927159866203411e-01,9.528674331439902501e-01,9.405892106082522908e-01,8.426419266388245344e-01,9.354458020775027194e-01,8.662408059602493271e-01,7.855345851350591380e-01,8.636694961448144747e-01,8.174269318707982901e-01,9.566331038160109657e-01,9.598622721839120686e-01,8.972192558469408441e-01,8.999776883743482170e-01,9.476172637571431689e-01,9.551457844353927751e-01,6.929999771526385022e-01,6.862493184844257188e-01,9.001977067323012616e-01,9.251746502826578844e-01,8.251195068943690814e-01,8.156193295696064771e-01,8.645543153751713561e-01,8.384765507681806174e-01,8.688037580576259966e-01,8.165430977682651692e-01,9.333301245231444554e-01,9.172601026887010622e-01,9.442504490938957717e-01,9.515340612694400679e-01,8.667580948551042441e-01,8.917009110966807039e-01,9.334336324380211325e-01,9.347904740804640067e-01,9.815207824523561886e-01,9.838551897958154324e-01,9.733492977677793423e-01,9.447614834352556779e-01,9.750600746476345559e-01,9.829651202092963835e-01,9.462865060061940170e-01,9.628910832372185036e-01,8.191389339300521044e-01,8.600440025150941636e-01,9.084294081478263561e-01,8.898369806507725466e-01,8.031289630528085643e-01,7.554338659213842844e-01,6.090975990968990894e-01,6.199009256103007459e-01,8.672263893997572692e-01,8.973684659790654994e-01,9.806291710536318984e-01,9.542003751088863339e-01,9.492003280132452758e-01,9.293482294723143244e-01,9.803592125208906438e-01,9.444327018897793469e-01,9.471671347426861010e-01,9.315226942129042342e-01,8.807300474231394283e-01,8.618450275507327785e-01,9.634207083322368081e-01,9.601320445503095380e-01,9.414705542278364314e-01,9.286644043334506549e-01,9.291084826744602232e-01
9.695931937699614478e-01,9.726377490752766697e-01,9.732580045567368332e-01,9.756630525246469121e-01,9.431545043353342095e-01,9.555443330028940974e-01,9.870969341069883995e-01,9.958954693434050043e-01,9.845583035569592800e-01,9.868155701574330418e-01,9.840418692365726638e-01,9.787974750178174421e-01,1.000000000000000000e+00,9.870025521707298521e-01,9.476995381227105719e-01,9.598740724090704113e-01,9.647556543133023466e-01,9.632236718567601663e-01,9.597556188342850625e-01,9.733467653964790189e-01,9.319265194473247416e-01,9.677755967401479031e-01,9.740997045778325703e-01,9.822140556975166303e-01,9.384483604991294969e-01,9.250068513810000281e-01,8.443434960578999338e-01,9.219105340981263996e-01,8.752665657511478070e-01,8.114944561017434221e-01,8.649040054774592701e-01,8.278953113706397637e-01,9.404266650423165341e-01,9.393216535171576842e-01,9.025642367738078153e-01,8.922353660270683218e-01,9.265344340569736659e-01,9.386379445019513712e-01,7.248047480390671371e-01,7.313996490105489912e-01,8.881197715247008961e-01,8.922531163744991112e-01,8.217564967888707494e-01,7.950716678996371245e-01,8.282585766196113308e-01,8.288524688234093496e-01,8.762703936902691559e-01,8.356538783811189308e-01,9.223787753424868008e-01,8.945184647896307073e-01,9.308516271998997782e-01,9.257630193835694188e-01,8.724241338331277795e-01,9.100965276009961302e-01,8.959338065332043133e-01,8.985637384484874701e-01,9.655698718511048773e-01,9.574257379832655790e-01,9.442804987161212971e-01,9.292923220145354879e-01,9.658736709845213708e-01,9.712562736584087197e-01,9.409952003770627460e-01,9.687171050939196171e-01,8.590576776960143768e-01,8.931024381392631550e-01,8.633697651917536797e-01,8.379353870226555756e-01,8.039598135173506854e-01,7.741657142434623662e-01,6.508180296569920920e-01,6.751180705246974112e-01,8.637288057294749688e-01,8.830069452055886448e-01,9.522699957688240957e-01,9.372086898945323208e-01,9.384845019328016402e-01,9.257450942569973584e-01,9.638638706149780244e-01,9.334418592443507467e-01,9.527803221107774556e-01,9.381004128414930365e-01,9.389128698620569091e-01,9.240128202738473462e-01,9.575417121701382817e-01,9.721340107680379594e-01,9.793475381005560809e-01,9.692010215416673180e-01,9.483436939967997414e-01
9.660761682050198473e-01,9.714268282031953694e-01,9.458471157122745332e-01,9.593359110820450786e-01,9.546556148495350946e-01,9.609957501284795978e-01,9.661584059155555737e-01,9.887292478636154902e-01,9.722991309224249257e-01,9.879285722488592159e-01,9.729691276884271378e-01,9.850363737100923389e-01,9.870025521707298521e-01,9.999999999999998890e-01,9.538970900846247547e-01,9.798071241884027671e-01,9.681524272609798309e-01,9.706620332311914900e-01,9.493139650026994891e-01,9.694571390172093128e-01,9.499492505636701889e-01,9.810081552871336985e-01,9.618864393301953530e-01,9.686175968448234030e-01,9.504233951546767756e-01,9.378592953581701419e-01,8.661676618233962177e-01,9.398417677582320273e-01,8.990935454877309052e-01,8.376754763143536842e-01,8.903098949527998851e-01,8.505521454540369009e-01,9.551438763804965815e-01,9.578504748978553529e-01,9.280775589375980239e-01,9.205953790696599359e-01,9.363044295334657097e-01,9.528619975575244316e-01,7.443435967012145271e-01,7.630833571204207466e-01,8.893520650096398139e-01,9.029593973302419974e-01,8.132352422377301382e-01,7.987171184012541447e-01,8.454216432806983539e-01,8.280828841271536955e-01,8.577016096210701157e-01,8.109939093165436930e-01,9.339992044628220302e-01,9.036531090541861655e-01,9.310190299769387501e-01,9.293922544538435471e-01,8.548079658012379678e-01,8.840204543645225899e-01,9.088465491603932023e-01,9.086846489904486512e-01,9.706123230091607823e-01,9.707017722816537741e-01,9.493596894443188106e-01,9.298060186300578511e-01,9.613731705048368381e-01,9.690555696200284785e-01,9.307339817513331504e-01,9.673994581351355038e-01,8.401969867892549182e-01,8.806324250398913644e-01,8.921249926421992438e-01,8.734664108577501196e-01,8.256709091176794857e-01,7.892017263450608056e-01,6.832511642837457710e-01,7.045291190572517959e-01,8.824631676126144519e-01,9.031344607485898290e-01,9.716028183847810196e-01,9.445646144923023346e-01,9.513470327227471213e-01,9.407458486668613951e-01,9.690922718123957669e-01,9.394552759465452096e-01,9.408365748497751202e-01,9.248160544070263001e-01,9.074661430008117424e-01,8.921055357835414590e-01,9.671028700505358566e-01,9.707395606324296100e-01,9.675517536176405642e-01,9.640161460638885238e-01,9.589766063951385977e-01
9.182903792074750271e-01,9.226461835767717501e-01,9.084292463704821685e-01,9.111059213223784425e-01,9.166995384926956980e-01,9.271027826193909416e-01,9.241785244614959538e-01,9.517649299629251658e-01,9.549112657118961067e-01,9.487510700392502994e-01,9.116420884354281551e-01,9.264330663306755698e-01,9.476995381227105719e-01,9.538970900846247547e-01,1.000000000000000000e+00,9.762018613107473763e-01,9.201075434765894068e-01,8.958620688988427894e-01,8.981395530054108178e-01,9.342813325093419774e-01,9.329633543132778151e-01,9.644088270646522520e-01,9.211522258413551434e-01,9.137668515346373255e-01,8.960645414906756034e-01,8.802781518951382500e-01,8.324623499871082188e-01,9.015264708346840683e-01,8.613375342751496966e-01,8.417106743382793965e-01,8.688568715928460806e-01,8.433850204518588134e-01,9.251211607782724444e-01,9.445402532232297643e-01,9.279636652123317564e-01,9.121115044286047802e-01,9.140782133945053456e-01,9.376986560113862446e-01,7.660986385125121423e-01,7.786863095926663814e-01,8.775680196170918546e-01,8.631432253318981340e-01,8.267422162019548715e-01,8.061826986440754350e-01,8.317725994798605971e-01,8.326178909249956073e-01,8.317751573119719355e-01,7.994144691298410432e-01,8.871017130951307506e-01,8.645876719996468118e-01,8.947472697274104769e-01,8.683475778863218864e-01,8.445961046752972212e-01,8.617991477683890622e-01,8.589330375745427570e-01,8.521291198192459948e-01,9.183529790291813377e-01,9.155689162734195197e-01,8.840606480095374309e-01,8.854046979394791794e-01,9.048231143847891289e-01,9.126472184705063384e-01,8.528852603969574453e-01,9.229871785591088340e-01,9.032443082010981339e-01,9.162805359402435013e-01,8.037788968822632274e-01,8.223725776022066114e-01,7.921718090997638129e-01,7.646785631954464701e-01,7.078372136605743936e-01,7.267214901123212334e-01,8.442721067693461645e-01,8.422653315787387296e-01,9.281300013271940319e-01,9.111799987178259563e-01,9.319553160917413148e-01,9.355993596955443081e-01,9.153098392416239015e-01,9.034945879908091726e-01,8.994916746286134579e-01,8.794695179990449363e-01,9.156321619761118580e-01,9.095331334036507176e-01,9.409866148205229264e-01,9.404058047920499375e-01,9.630023919488623907e-01,9.650522049383961631e-01,9.905559276218345310e-01
9.482714722303646759e-01,9.505236891969672808e-01,9.177863780647378400e-01,9.338668306155197829e-01,9.266069188111107913e-01,9.313507930547846314e-01,9.329236537509002503e-01,9.629501102672142210e-01,9.522633578859829306e-01,9.672824247214921733e-01,9.412528285620475055e-01,9.603601140149771176e-01,9.598740724090704113e-01,9.798071241884027671e-01,9.762018613107473763e-01,1.000000000000000000e+00,9.343335987189035352e-01,9.276533506447257604e-01,9.138822548128031631e-01,9.390912779708162628e-01,9.355536479679456008e-01,9.676732011749802354e-01,9.371568091620334773e-01,9.386465947701876367e-01,9.211146228480034948e-01,9.045314409735645267e-01,8.308807655286578608e-01,9.169660951261737747e-01,8.658413530587368845e-01,8.141072472796528903e-01,8.652682054906657427e-01,8.216161404953676861e-01,9.468398893929631521e-01,9.645471691251186197e-01,9.159485025595035523e-01,9.082850453440711735e-01,9.399936012431688859e-01,9.536336270371674750e-01,7.147230077091667466e-01,7.407639086292336916e-01,9.003263924318949396e-01,9.029824268422238509e-01,8.411634230633679987e-01,8.278286797220592019e-01,8.619087632374420327e-01,8.492093413999790563e-01,8.524221796589043221e-01,8.101872344297641471e-01,9.167160334328171567e-01,8.961201164221940241e-01,9.276992814897669914e-01,9.122718613126564735e-01,8.608151996110382509e-01,8.777935956329758760e-01,9.049723647910565827e-01,8.983053890715791967e-01,9.542094187010838890e-01,9.545245959028723082e-01,9.289817194810663370e-01,9.182743497447272141e-01,9.367543818091750296e-01,9.439570818916178663e-01,8.891047913270451186e-01,9.348090868364092865e-01,8.773631899465439421e-01,9.016116505161830830e-01,8.502603208313274097e-01,8.607122438688892263e-01,7.842746939683045149e-01,7.457075484623796324e-01,6.610478197739635409e-01,6.852893015597971704e-01,8.555497200459629692e-01,8.653200837735575135e-01,9.599592441380950802e-01,9.373731964783615922e-01,9.592626952289075026e-01,9.517048197669430998e-01,9.485472935630083757e-01,9.308132161197132382e-01,9.219834127202291008e-01,9.030456726926449074e-01,8.938130085343227726e-01,8.802922865843574307e-01,9.543879045347394285e-01,9.457195369069042457e-01,9.542891693260757702e-01,9.544274599101671974e-01,9.682609576411290719e-01
9.463629323272471083e-01,9.553794879817845143e-01,9.400013015959518548e-01,9.454743139345233027e-01,9.638075501275888968e-01,9.704479288977624352e-01,9.645947704935263767e-01,9.787930848384656102e-01,9.639895967189821002e-01,9.781626042768694074e-01,9.595216715246696060e-01,9.643914678663106921e-01,9.647556543133023466e-01,9.681524272609798309e-01,9.201075434765894068e-01,9.343335987189035352e-01,1.000000000000000000e+00,9.846298306667584654e-01,9.812590806205402361e-01,9.952097178389693877e-01,9.747905145390455273e-01,9.678541751477003352e-01,9.711503603317102051e-01,9.649413697413686819e-01,9.754394109058684981e-01,9.708640639080481360e-01,9.196326271080859094e-01,9.740124342877272134e-01,9.323377266433242605e-01,8.753596706911442871e-01,9.377190863551776445e-01,9.091141753954363747e-01,9.678553700877866595e-01,9.487588983888329830e-01,9.482913544317722598e-01,9.547610824848807853e-01,9.169632317648701569e-01,9.360856506393508969e-01,7.977877519345536461e-01,7.544845903698009781e-01,8.423423665115232772e-01,8.827675804495783707e-01,7.573150672922442928e-01,7.492463314461340618e-01,8.225629099029404534e-01,7.985729188793984079e-01,8.264577129310216597e-01,7.888937504429260894e-01,9.310104817821369672e-01,9.071117274749695980e-01,8.792671638518774202e-01,9.099947518017137416e-01,7.900962238307958074e-01,8.223636231398332441e-01,8.808005627298259865e-01,8.819556862934967434e-01,9.446285831085170503e-01,9.614977755429440220e-01,9.263490094631845473e-01,8.948772681076890834e-01,9.545197401529534886e-01,9.719737479784945622e-01,9.515300179626382526e-01,9.964093098345389032e-01,7.426366724130033514e-01,7.898720732280128942e-01,9.456252446274586720e-01,9.119919834365193267e-01,9.005014966866053960e-01,8.609012418494041974e-01,6.853945105004104477e-01,6.673275447156570284e-01,9.330692911657602062e-01,9.512553250826818463e-01,9.656356735370610345e-01,9.248555993744878023e-01,9.085525477825449059e-01,8.764123688145550872e-01,9.561580550775548026e-01,9.156458505174489559e-01,9.201100073122818745e-01,9.111315263772458151e-01,8.912897910700590121e-01,8.798848990813263882e-01,9.802660081858394214e-01,9.942285589282727765e-01,9.521115168514524552e-01,9.346481967480977371e-01,9.417719885265370960e-01
