1.000000000000000000e+00,9.927040182198537677e-01,9.531105875669920735e-01,9.703789265906916928e-01,9.486590047963329164e-01,9.447736632450849381e-01,9.706486897544969183e-01,9.879807509730571535e-01,9.630728638500520855e-01,9.694600936622292942e-01,9.809585370990061559e-01,9.904293722670391986e-01,9.839934861342271022e-01,9.778708341730348863e-01,9.464154750445378239e-01,9.124374327191988598e-01,9.833277158317330624e-01,9.924781460608831374e-01,9.810814895377513167e-01,9.755696406653002750e-01,9.513811413602402123e-01,9.851171130086830985e-01,9.527741962607909620e-01,9.491412731358909172e-01,9.812398087440470373e-01,9.687828655921926213e-01,9.862304545876178219e-01,9.928883405931145933e-01,9.724877553033419719e-01,9.479139464813893801e-01,9.732951881113360848e-01,9.755406630110450283e-01,9.860892218377697027e-01,9.354856054225124673e-01,9.745519111578346827e-01,9.845132155178797362e-01,9.111698031054322744e-01,9.400688081546977326e-01,9.063877400892883518e-01,7.587360502928933714e-01,9.053952033019043721e-01,9.145855484686498116e-01,8.575580064671526337e-01,8.983381047557466026e-01,8.856345702639286666e-01,8.621006553279298990e-01,9.141470860802461962e-01,9.468297575592730109e-01,9.593594234423212797e-01,9.352970929091202201e-01,9.778833174976093723e-01,9.894046581961950526e-01,9.542880039566132844e-01,9.409998386448577001e-01,9.276430290538419943e-01,9.653098716055210637e-01,9.465661486356257148e-01,9.555943206792540945e-01,9.794828062545168912e-01,9.572469884189116485e-01,9.737289143303615724e-01,9.364964286868462384e-01,9.794681770653843600e-01,9.702275167535154843e-01,7.133781639752216908e-01,6.918256214380604785e-01,9.786022368405167260e-01,9.657700135046372036e-01,8.893547197090843071e-01,6.925583597630362576e-01,8.325021521552197212e-01,8.573353507245231597e-01,9.706692047669369661e-01,9.689675478713002388e-01,9.851324096293659904e-01,9.847311169349614035e-01,9.215023391287557875e-01,9.712328972507102698e-01,9.687371462959634139e-01,9.849034733396246910e-01,9.445333398861506247e-01,9.303834144706943921e-01,8.108423323462861099e-01,8.043399129909146739e-01,9.596747319091478712e-01,9.408917453776856066e-01,9.009569881667645053e-01,9.254316477388535578e-01,9.148038204761896885e-01
9.927040182198537677e-01,1.000000000000000000e+00,9.437344460623564579e-01,9.707931869280881365e-01,9.546943434416286234e-01,9.467679339723038545e-01,9.732938624235051295e-01,9.906248484956785560e-01,9.551717293179204926e-01,9.741415053646329536e-01,9.668089485356186064e-01,9.852234489287132746e-01,9.803198144054576790e-01,9.874831449111025616e-01,9.343649113481313773e-01,8.968765965740232993e-01,9.793342243793787816e-01,9.892410354117887605e-01,9.897228530094523968e-01,9.891341420406435381e-01,9.432120873769341829e-01,9.785497897364046072e-01,9.404293991496609495e-01,9.329088659171971276e-01,9.905200772537767762e-01,9.779516911605419249e-01,9.855999505318278064e-01,9.862573783092054569e-01,9.875796171309366711e-01,9.616686243976293458e-01,9.810315136959358862e-01,9.858096716827995376e-01,9.827296019002419447e-01,9.280681442641824930e-01,9.557401849882438682e-01,9.691106067422254888e-01,8.944057568324532692e-01,9.266456369645901248e-01,8.897457542907102335e-01,7.497568662810893958e-01,8.964753438546353426e-01,8.936554014047948247e-01,8.456647524221354573e-01,8.863904772841237900e-01,8.737286686048159057e-01,8.363525427380897881e-01,8.991119328114254294e-01,9.384856192653048268e-01,9.473645104764865099e-01,9.245930141755720477e-01,9.679059390156052878e-01,9.926058484259083770e-01,9.463871688136118454e-01,9.319295587317628637e-01,9.168615402151364391e-01,9.653438502447795333e-01,9.255382044188861235e-01,9.387792361352077508e-01,9.823280449427558292e-01,9.551091531112845257e-01,9.698386680755450850e-01,9.253572533232665709e-01,9.912461813775822472e-01,9.833658585803005669e-01,6.743334889065719651e-01,6.560131595610576571e-01,9.853845326069493593e-01,9.669162122686083549e-01,8.939298229227239379e-01,6.942857527706933762e-01,8.309864465284617641e-01,8.579096272661199674e-01,9.755283899186233398e-01,9.767428946109335541e-01,9.737185524886520227e-01,9.740589640344878841e-01,8.970179747929276637e-01,9.581818278047224968e-01,9.525466344351114500e-01,9.805260319038155981e-01,9.320823958832020750e-01,9.166515936525168051e-01,7.973339464875990323e-01,7.775732267282704502e-01,9.467855707975918467e-01,9.286460895491204237e-01,8.786320478448284010e-01,9.030067993592592046e-01,8.921112913033777403e-01
9.531105875669920735e-01,9.437344460623564579e-01,1.000000000000000000e+00,9.865652827350047671e-01,9.110631015207648620e-01,9.081802701033407921e-01,9.854821964634762343e-01,9.618260704020993312e-01,9.773909709778310084e-01,9.159780673363910886e-01,9.688475865784624830e-01,9.512052526150918119e-01,9.807491609115698283e-01,9.141811684410010574e-01,9.706674121234817321e-01,9.118294523853893718e-01,9.233948026258218533e-01,9.538375888716349449e-01,9.445200608407466891e-01,9.090724783529805508e-01,9.664605105955477171e-01,9.609488846821836461e-01,9.795917252360630822e-01,9.865780823616943085e-01,9.365875925192526097e-01,9.133969128019350237e-01,9.743665396436168580e-01,9.743580118115371391e-01,9.157533029936439917e-01,9.015579574912369054e-01,9.242228092595099476e-01,9.418176440809988836e-01,9.738550456440702163e-01,9.596436164868833441e-01,9.514817547795390018e-01,9.469253949029307060e-01,9.334232738864269852e-01,9.652060166630946902e-01,9.264371940954255757e-01,7.717161579482612055e-01,9.288285322816652867e-01,8.961052940619274043e-01,8.947042913818479271e-01,8.539752526366897190e-01,9.074687763114577255e-01,8.970368254446159373e-01,9.364225110532746754e-01,9.459912687926621544e-01,9.616986518758054991e-01,9.236146088490150285e-01,9.366753660475863885e-01,9.403279898988463614e-01,9.116412844895154244e-01,8.867023651899970105e-01,8.753072985995131727e-01,9.055172435243873386e-01,9.380628731101654516e-01,9.367045664538836691e-01,9.228803989228394622e-01,8.985948289444516401e-01,9.569350826676663591e-01,9.542703588671033188e-01,9.263196656208474433e-01,9.306322750266453614e-01,8.620648315021690600e-01,8.546274082633960045e-01,9.110527717073304554e-01,9.086019270376343160e-01,8.252216080340379900e-01,6.552363563046439410e-01,7.875664570889653326e-01,8.358515225439010488e-01,9.156492206424426961e-01,9.079784910858541558e-01,9.650980088542431279e-01,9.665281082067498364e-01,9.570477228136597958e-01,9.723163113078587827e-01,9.568636652633518702e-01,9.484101446668699031e-01,9.643590143402360759e-01,9.700187071499007940e-01,9.252897800128954131e-01,9.174795017709439504e-01,9.767129080483641923e-01,9.577312740216108455e-01,9.589640237394017053e-01,9.797557585204008657e-01,9.813314362800396040e-01
9.703789265906916928e-01,9.707931869280881365e-01,9.865652827350047671e-01,1.000000000000000000e+00,9.536559943026725605e-01,9.477744132299784630e-01,9.954616742584404543e-01,9.888261300694755063e-01,9.771864087136231669e-01,9.575383933172285644e-01,9.620993418282783871e-01,9.650584266129371702e-01,9.924448177697686724e-01,9.596277247043181191e-01,9.623907538925721150e-01,9.243865946335970696e-01,9.341505441506183782e-01,9.671237129280763067e-01,9.685194418361603441e-01,9.457343535130990908e-01,9.602597835225715750e-01,9.687117592301985880e-01,9.570252587913908870e-01,9.669599883932622486e-01,9.735032305629560678e-01,9.590283666464090029e-01,9.900999784341432131e-01,9.799333564174161904e-01,9.594205572098345458e-01,9.549604209757840412e-01,9.670281543419383397e-01,9.773740434587419035e-01,9.890665047480486916e-01,9.382112019834873973e-01,9.452288225513512110e-01,9.532454280712439054e-01,8.983313595300264076e-01,9.409559841294173888e-01,9.321839425262130607e-01,7.997882911325898680e-01,9.020159485013173883e-01,8.668195549874373462e-01,8.472912667765039041e-01,8.413549361086909428e-01,8.694051582947801560e-01,8.479964031796534130e-01,8.996760774350536227e-01,9.283013863547172617e-01,9.453650994962834453e-01,9.036125484583225065e-01,9.399078032288592510e-01,9.692882499155888176e-01,9.211978514555640984e-01,8.971735807962432085e-01,8.708649283407251529e-01,9.202664696700296743e-01,9.213680290421721875e-01,9.232139870290837491e-01,9.418095040253865458e-01,9.112123294054734757e-01,9.529020378053614238e-01,9.241823606310627381e-01,9.631066239013066355e-01,9.626933072308447858e-01,7.917211254461303804e-01,7.764711983429721798e-01,9.367130623048421922e-01,9.203560591991608586e-01,8.785323656513310819e-01,7.175825062745276872e-01,8.278282143599573484e-01,8.731038428814252850e-01,9.464716464090946468e-01,9.539583662932724639e-01,9.679816701979280236e-01,9.758331718928230369e-01,9.243863426833118790e-01,9.757526525445487930e-01,9.467535120631032086e-01,9.603431155816222198e-01,9.409005481835730489e-01,9.427137739825156570e-01,8.645278243036689236e-01,8.470690779825569283e-01,9.568245632598614270e-01,9.318953042291289179e-01,9.158538183855502446e-01,9.448027790387520941e-01,9.504335384880082671e-01
9.486590047963329164e-01,9.546943434416286234e-01,9.110631015207648620e-01,9.536559943026725605e-01,1.000000000000000000e+00,9.902487192920305104e-01,9.470218114519863839e-01,9.732101462201742104e-01,9.485487574086235441e-01,9.883108588061503275e-01,9.046615024985422693e-01,9.223620858760986918e-01,9.567669221758172693e-01,9.637207556672644504e-01,9.218180178570353211e-01,9.528601757352005430e-01,8.929320664868609647e-01,9.235571483702570417e-01,9.335649990582400859e-01,9.273454756355488104e-01,9.095256472166812767e-01,9.194540597125233639e-01,8.669213403794497896e-01,8.763227544853957607e-01,9.689964225733145309e-01,9.855184335377925597e-01,9.550100256825841960e-01,9.347475087576967434e-01,9.516019364085843701e-01,9.667782731308010025e-01,9.860398238917299496e-01,9.800979765248489795e-01,9.619019604793039857e-01,8.412359886596442182e-01,8.916125686643927573e-01,9.216540559973933622e-01,8.048917402144284416e-01,8.503312956421311686e-01,9.316765612609637648e-01,8.681114759562652550e-01,8.275189842294867759e-01,7.731435495569989325e-01,7.304071542243169013e-01,7.684534452009532668e-01,7.713414017223894081e-01,7.200735199909494844e-01,7.982614191272858761e-01,8.513742042719766312e-01,8.724222939780925667e-01,8.164050414615779960e-01,8.969870586288171133e-01,9.659700087347901087e-01,8.993020646063398793e-01,9.027468445919653028e-01,8.136597273276411357e-01,9.018334597430808230e-01,8.538959841319784250e-01,8.462916520169563306e-01,9.095795932199490785e-01,9.048372641679596207e-01,8.891948784915846282e-01,8.267104395007067730e-01,9.484635958633518271e-01,9.411329069796602331e-01,6.649533776150212683e-01,6.288665025928746877e-01,9.116295193553451970e-01,8.752651022761510635e-01,9.560661499334104363e-01,8.382606273931539898e-01,9.270906650627054324e-01,9.509849971643824507e-01,9.186189037344205666e-01,9.452603263499770314e-01,9.271714534057642343e-01,9.362942071291804336e-01,8.643641899700589271e-01,9.480484110335734016e-01,8.843335211571242693e-01,9.214114081258325539e-01,8.683616637700516394e-01,8.605827642146457457e-01,7.263583965747621995e-01,7.050875683525144044e-01,8.742801545368676930e-01,8.374689008194613482e-01,8.132606906040453776e-01,8.474370828258830368e-01,8.568278326278595536e-01
9.447736632450849381e-01,9.467679339723038545e-01,9.081802701033407921e-01,9.477744132299784630e-01,9.902487192920305104e-01,1.000000000000000000e+00,9.443471901375699584e-01,9.655596858024779738e-01,9.489155567544498293e-01,9.857223513041744045e-01,9.036435842354146875e-01,9.151976548675953005e-01,9.554772769385486697e-01,9.567040523719438916e-01,9.306352966572820629e-01,9.585498805361476471e-01,8.876422937434454985e-01,9.202109371250412062e-01,9.164375009421978913e-01,9.174543935501960901e-01,9.063134992492614117e-01,9.155547914601154247e-01,8.694804788754519898e-01,8.796656796912343257e-01,9.661326638924433441e-01,9.788598464256532683e-01,9.515723265817664922e-01,9.317971636326374263e-01,9.398708288660436727e-01,9.534326739833878239e-01,9.761960598144739931e-01,9.662357229481233212e-01,9.564719165485873198e-01,8.334135151936127306e-01,9.012987787890887059e-01,9.285237699491427632e-01,8.140013329927703323e-01,8.623393966596875071e-01,9.370749543378201762e-01,8.682092673502921354e-01,8.368978670141177245e-01,7.844520110011359293e-01,7.400594031867030465e-01,7.881418759617144776e-01,7.800760775226347477e-01,7.339739946764447520e-01,8.056259909147513998e-01,8.577518955756345820e-01,8.759059755017588600e-01,8.246154477383587089e-01,9.061141793676428247e-01,9.654437675301144051e-01,9.170044959293670583e-01,9.155601575958369764e-01,8.297895934875842983e-01,9.110836162683954020e-01,8.735845744000396706e-01,8.581730868885033559e-01,9.086011755897750453e-01,9.120368704231154311e-01,8.885534376476333929e-01,8.273573309587924918e-01,9.336137412576270833e-01,9.222048369601181239e-01,6.704249971479532277e-01,6.282071462995133526e-01,9.105366007673069140e-01,8.807237666309375435e-01,9.523947138457757866e-01,8.472762490203582519e-01,9.374772703438440935e-01,9.512607206710701480e-01,9.097623144548636631e-01,9.360646827707921336e-01,9.346094823571517995e-01,9.418186799550246624e-01,8.775127777240551152e-01,9.573488880319773742e-01,8.951011763802660948e-01,9.285737867166863335e-01,8.728526832080771847e-01,8.674835793568305142e-01,7.187053971642823891e-01,7.094590103581062124e-01,8.758548967798036600e-01,8.428060354589910208e-01,8.203065126955956243e-01,8.480241863432822491e-01,8.602638684320318418e-01
9.706486897544969183e-01,9.732938624235051295e-01,9.854821964634762343e-01,9.954616742584404543e-01,9.470218114519863839e-01,9.443471901375699584e-01,9.999999999999998890e-01,9.866879421485463819e-01,9.768797326000364656e-01,9.573639750335058984e-01,9.638803894422289797e-01,9.625551657125366312e-01,9.913645327759654791e-01,9.601760775716394747e-01,9.709481009545999353e-01,9.177072350773842757e-01,9.398956320729987546e-01,9.706000097011838745e-01,9.667125300775027963e-01,9.506419346838448359e-01,9.696787675739972912e-01,9.713044748397752226e-01,9.648472414103179684e-01,9.669246432130562674e-01,9.757748872889937530e-01,9.586134951212548216e-01,9.919732628258862706e-01,9.816434014071745429e-01,9.586210560520643797e-01,9.446011758172047079e-01,9.618551439487479371e-01,9.748257726478242180e-01,9.872330238920405954e-01,9.485207134295727815e-01,9.519404948362619745e-01,9.583632031707995935e-01,9.215941201403028415e-01,9.562425134153920148e-01,9.328616482128172516e-01,7.992309865702535987e-01,9.303051244868556502e-01,8.823040944348778947e-01,8.785647015015460859e-01,8.660118177180579080e-01,8.990761339340749281e-01,8.657335346169693358e-01,9.211374693366829458e-01,9.450276927114532599e-01,9.592957102743094877e-01,9.227683965342154959e-01,9.525741871351640633e-01,9.739543208934544616e-01,9.396522497911549143e-01,9.138015817797291440e-01,8.931541304261848557e-01,9.381146478619294404e-01,9.335792805223419588e-01,9.351972987364195466e-01,9.543061180881974304e-01,9.288760383429817136e-01,9.650079160467907036e-01,9.379792820028121092e-01,9.610683664602595044e-01,9.619483668637868190e-01,7.820456084604155977e-01,7.701702714627662871e-01,9.472229815025482447e-01,9.361511980120652554e-01,8.764239542429472785e-01,7.102824027197536250e-01,8.258817413968955190e-01,8.652322486557200154e-01,9.448526718188090534e-01,9.494045881047812330e-01,9.729175845909130427e-01,9.769310987696928628e-01,9.336255458902507076e-01,9.794015594252306611e-01,9.562665610961676999e-01,9.699288777861883037e-01,9.586483399685542528e-01,9.591581994231788144e-01,8.781039969812971524e-01,8.607609979380992371e-01,9.657158030920529601e-01,9.481057887978572296e-01,9.291391909079720346e-01,9.468971067009739340e-01,9.504075446499899993e-01
9.879807509730571535e-01,9.906248484956785560e-01,9.618260704020993312e-01,9.888261300694755063e-01,9.732101462201742104e-01,9.655596858024779738e-01,9.866879421485463819e-01,1.000000000000000000e+00,9.705235293903540228e-01,9.824097997613258082e-01,9.638359044626056971e-01,9.780840415778201402e-01,9.913927294444120353e-01,9.859092215537965664e-01,9.510722470147590091e-01,9.280780527950647230e-01,9.557917074170749760e-01,9.802250226121157484e-01,9.817387261867118742e-01,9.718992323725539340e-01,9.553913091015284742e-01,9.762296579044614786e-01,9.399838779293465674e-01,9.443086454977231980e-01,9.909744674991777247e-01,9.851517769003214076e-01,9.926626214543439186e-01,9.843708100115229342e-01,9.824928672171986399e-01,9.736408179887654502e-01,9.890831614920969628e-01,9.929631462004918641e-01,9.942065218939435400e-01,9.236590683188345974e-01,9.508753038501769339e-01,9.667759372586272049e-01,8.870157673665959308e-01,9.259027161002824080e-01,9.270722906935817687e-01,8.058972115618747711e-01,8.911667109447178881e-01,8.673884023565601176e-01,8.271520602480320061e-01,8.541124204936676456e-01,8.582050130771543550e-01,8.243419425886364671e-01,8.864154869040894447e-01,9.245760737102075577e-01,9.408128055038655901e-01,9.036353180614578040e-01,9.540836158686196722e-01,9.897671737124018598e-01,9.381524267174676801e-01,9.228852598841212895e-01,8.890857980012004669e-01,9.452117725534276982e-01,9.196451334100984587e-01,9.256184913707090622e-01,9.646980678910641593e-01,9.382235187173574298e-01,9.567126587548913097e-01,9.110875031707932337e-01,9.838638746842657268e-01,9.783176619668382257e-01,7.215808829566171534e-01,6.991952382529846854e-01,9.630836508265468998e-01,9.407550886624509445e-01,9.120964486844713726e-01,7.408627345476723747e-01,8.543009273543700210e-01,8.892238816089432785e-01,9.665675137599452071e-01,9.765430812026436591e-01,9.728399000297676125e-01,9.800625444166315425e-01,9.068234340814856909e-01,9.742079576581725853e-01,9.472010844697317244e-01,9.727429471146724627e-01,9.314014804221620869e-01,9.242858554730510878e-01,8.117545439548217168e-01,7.932132270977940713e-01,9.455008410131700014e-01,9.194370991776583679e-01,8.865404021601026585e-01,9.163518823437890592e-01,9.170765029037657445e-01
9.630728638500520855e-01,9.551717293179204926e-01,9.773909709778310084e-01,9.771864087136231669e-01,9.485487574086235441e-01,9.489155567544498293e-01,9.768797326000364656e-01,9.705235293903540228e-01,1.000000000000000000e+00,9.536511018875599710e-01,9.706553347486484018e-01,9.459291964829812382e-01,9.834499366767004425e-01,9.281658222690387650e-01,9.819894037735823478e-01,9.516390586959297959e-01,9.253958379993703076e-01,9.556718824632781661e-01,9.368095714998275758e-01,9.168703790816132848e-01,9.559202912886772818e-01,9.577410586025087991e-01,9.655503129657405648e-01,9.713271931458992148e-01,9.507830558220679018e-01,9.409439626219522346e-01,9.685391378218666247e-01,9.747500066178784728e-01,9.195098817221060150e-01,9.059157617745398072e-01,9.424943951302766632e-01,9.532119993347019093e-01,9.824867789957152375e-01,9.280754454183162139e-01,9.612009408901093233e-01,9.637082940673004083e-01,9.173588833462921199e-01,9.495956661145030786e-01,9.391090213283773691e-01,8.102384146272181287e-01,9.212750326675123169e-01,8.963809838169876087e-01,8.721398271622964327e-01,8.679269970946890123e-01,8.844220454156217492e-01,8.813025420259277265e-01,9.190797112658918300e-01,9.453240380967717904e-01,9.525513691314047016e-01,9.189488105252422434e-01,9.519375276674771902e-01,9.606487307203734893e-01,9.428477285525452833e-01,9.361766145915449977e-01,8.939046714740779276e-01,9.360799213656593176e-01,9.459204921999164739e-01,9.374846783366379555e-01,9.356967867736698530e-01,9.390367790856012364e-01,9.578144394755474522e-01,9.342343636509171656e-01,9.264076201689019907e-01,9.220575102325794248e-01,8.343139619333372892e-01,8.048297521713971836e-01,9.238037510254595297e-01,9.204004009122551677e-01,8.781555598239849658e-01,7.218795702921700919e-01,8.738250910670510851e-01,9.007987036190783225e-01,9.132646545079601275e-01,9.105521380945829080e-01,9.752791037451320477e-01,9.735711133635067682e-01,9.666117535928688831e-01,9.839661969506596773e-01,9.643364726546066468e-01,9.603765680519262826e-01,9.552336112474351104e-01,9.542384009407989254e-01,8.681520508072180231e-01,8.701924495872934706e-01,9.672296932828251537e-01,9.406361083725726102e-01,9.317526716164705736e-01,9.590148775225219024e-01,9.631172739063418309e-01
9.694600936622292942e-01,9.741415053646329536e-01,9.159780673363910886e-01,9.575383933172285644e-01,9.883108588061503275e-01,9.857223513041744045e-01,9.573639750335058984e-01,9.824097997613258082e-01,9.536511018875599710e-01,1.000000000000000000e+00,9.282957429798246451e-01,9.462332538396773796e-01,9.670776287525890691e-01,9.811879442893156611e-01,9.323307114444312482e-01,9.381045021109246651e-01,9.270426364776653827e-01,9.524798762576078826e-01,9.494579405689740348e-01,9.545071986492720262e-01,9.247860058722892074e-01,9.454147312233063261e-01,8.915326640665912628e-01,8.945584279374879655e-01,9.834236491636740851e-01,9.908940807149706487e-01,9.690448223894121416e-01,9.545147267852905903e-01,9.686531606561762375e-01,9.676686567030843289e-01,9.879009896944486169e-01,9.830860012112159207e-01,9.720227208235219241e-01,8.677470135003021445e-01,9.246241233393381886e-01,9.503263289925605317e-01,8.432342980737674853e-01,8.834797383236027146e-01,9.239150708483193641e-01,8.374804168887910460e-01,8.587861681798617530e-01,8.232823613849392652e-01,7.730443538009956761e-01,8.276229229270899435e-01,8.127228197858720193e-01,7.662053989525048348e-01,8.367097640164504746e-01,8.865082860593779257e-01,9.026890945605970940e-01,8.621341828515378669e-01,9.340403059316333412e-01,9.831788033454129661e-01,9.350154103618706358e-01,9.313487643096494129e-01,8.678138555077541394e-01,9.392361480030386733e-01,8.916906889278004567e-01,8.904699071739712313e-01,9.441723318797334841e-01,9.378471582306493470e-01,9.207406490575060776e-01,8.576604313211092512e-01,9.639594960176467442e-01,9.534686785106022411e-01,6.513100687370090291e-01,6.178377881433336771e-01,9.474934346843451038e-01,9.197273883021853669e-01,9.419093137424092710e-01,7.996677496714185152e-01,9.187364359753120713e-01,9.361166198578965147e-01,9.454001479489059223e-01,9.657378460030634493e-01,9.509804079841357449e-01,9.590550785947971058e-01,8.817852623435046278e-01,9.602468526128773441e-01,9.178006216449825505e-01,9.532721711993950020e-01,8.945044530389130166e-01,8.831111276582972458e-01,7.350548083138725985e-01,7.214223839495914614e-01,9.001929995137387674e-01,8.730145690566161187e-01,8.354147188350675712e-01,8.622967829108458826e-01,8.660511677228737160e-01
9.809585370990061559e-01,9.668089485356186064e-01,9.688475865784624830e-01,9.620993418282783871e-01,9.046615024985422693e-01,9.036435842354146875e-01,9.638803894422289797e-01,9.638359044626056971e-01,9.706553347486484018e-01,9.282957429798246451e-01,1.000000000000000000e+00,9.807713928603953857e-01,9.780875252035470258e-01,9.328294765139601985e-01,9.598674847377635100e-01,8.978913272813793256e-01,9.721069577430234698e-01,9.853911291562473806e-01,9.576939656031251413e-01,9.441955530381743733e-01,9.571657896007385036e-01,9.847893419200607346e-01,9.852517896463697245e-01,9.803759096801717421e-01,9.474620052290196881e-01,9.222566315828548689e-01,9.702405568061549523e-01,9.910514612887684205e-01,9.306362031406341107e-01,8.950331899186821927e-01,9.274215728366990152e-01,9.370722928281028929e-01,9.767047366627461535e-01,9.627772648692000113e-01,9.879703674984923190e-01,9.843000191127512233e-01,9.493977383362287581e-01,9.676810430370900162e-01,8.928490920329479330e-01,7.243114640781997959e-01,9.317957538470325041e-01,9.567494693891073210e-01,9.089427385569723850e-01,9.254406078760847310e-01,9.224087306379180617e-01,9.265131265677437611e-01,9.565104291158526006e-01,9.735802190647926402e-01,9.801845083743193632e-01,9.647124049081111652e-01,9.808007599917673014e-01,9.608260093268037316e-01,9.495730871967195119e-01,9.341190830459654704e-01,9.434799781364731075e-01,9.546572128181116668e-01,9.732165221449465831e-01,9.801552508196028635e-01,9.646816014537863415e-01,9.481878440726516644e-01,9.859780637373091183e-01,9.717083237646384486e-01,9.430868141197343846e-01,9.359969678131174753e-01,7.997830148710487475e-01,7.812360498270891629e-01,9.552448193846296842e-01,9.610644421467610110e-01,8.276773165396504872e-01,6.196452948580848386e-01,7.855133464655714715e-01,8.146653469094076172e-01,9.386823678485327616e-01,9.238978861628928119e-01,9.899428240660186340e-01,9.868394932401197694e-01,9.603129875415339356e-01,9.674718919671819739e-01,9.891757335318986932e-01,9.801927586486356425e-01,9.691925838232804402e-01,9.596388720190452970e-01,8.698290565250297313e-01,8.783673940401538482e-01,9.884197470284294962e-01,9.713899036748985250e-01,9.452454256897215856e-01,9.679376555242970026e-01,9.573889113736113732e-01
9.904293722670391986e-01,9.852234489287132746e-01,9.512052526150918119e-01,9.650584266129371702e-01,9.223620858760986918e-01,9.151976548675953005e-01,9.625551657125366312e-01,9.780840415778201402e-01,9.459291964829812382e-01,9.462332538396773796e-01,9.807713928603953857e-01,1.000000000000000000e+00,9.744644522369967365e-01,9.683670660140634157e-01,9.240731567980381422e-01,8.699621641369785774e-01,9.843909460194344430e-01,9.935356186715429416e-01,9.871620411803659900e-01,9.779730740195144989e-01,9.466014681844299172e-01,9.897769313317706930e-01,9.545901077946572499e-01,9.523379451757820746e-01,9.679424389833459763e-01,9.461954192480791503e-01,9.808396848824438852e-01,9.882835668052136757e-01,9.723091233993126359e-01,9.440523473499271567e-01,9.562960041800590005e-01,9.624412956874763836e-01,9.777733638041787856e-01,9.518296715797224250e-01,9.669420384510858391e-01,9.744218217387465852e-01,9.106962575599604204e-01,9.386745516165904135e-01,8.730266815322096363e-01,7.042905478098746563e-01,8.921167098126593364e-01,9.197013444744857047e-01,8.579508140388387716e-01,8.964843190351489133e-01,8.882171596793222434e-01,8.681333520981145968e-01,9.174543932230150300e-01,9.429650359240921986e-01,9.585666757537568694e-01,9.382261108804778038e-01,9.665041646185204005e-01,9.713397933637115678e-01,9.272146484273433575e-01,9.050058084610408393e-01,9.209400102570521884e-01,9.445313864530489045e-01,9.378673145458813476e-01,9.574084145872343576e-01,9.733140285322517959e-01,9.305539122853336842e-01,9.709505171898440423e-01,9.429125304848795519e-01,9.801464787139462231e-01,9.745315690947807807e-01,7.081511791123158428e-01,6.969404554034536181e-01,9.711442684954044724e-01,9.619537733968726023e-01,8.388709624037671286e-01,6.193256497175564368e-01,7.846219672155709812e-01,8.200388237078157783e-01,9.749432221200724502e-01,9.706667234548916889e-01,9.741532787474367350e-01,9.796818019463412464e-01,9.084601625849353379e-01,9.502987923032383266e-01,9.610244647971182275e-01,9.758956407579362224e-01,9.361102925208919512e-01,9.245600883857315599e-01,8.214156979544482429e-01,8.111766545749653501e-01,9.592306757849248244e-01,9.427932117870114759e-01,9.007493230696577147e-01,9.285571346268076676e-01,9.136396149687849855e-01
9.839934861342271022e-01,9.803198144054576790e-01,9.807491609115698283e-01,9.924448177697686724e-01,9.567669221758172693e-01,9.554772769385486697e-01,9.913645327759654791e-01,9.913927294444120353e-01,9.834499366767004425e-01,9.670776287525890691e-01,9.780875252035470258e-01,9.744644522369967365e-01,1.000000000000000000e+00,9.657460135909140542e-01,9.701460782442947739e-01,9.384571285076288572e-01,9.512655222125440124e-01,9.788339667631387186e-01,9.694159452843684743e-01,9.528586249486385995e-01,9.654723403108754765e-01,9.785779976480184494e-01,9.633610688971904201e-01,9.679631309873003575e-01,9.807358134029162677e-01,9.656823076601684930e-01,9.933097429034398740e-01,9.887533179783027926e-01,9.622822486424509325e-01,9.491521447193742578e-01,9.716682727079707371e-01,9.768921606079021824e-01,9.943571348426923917e-01,9.363536775029870363e-01,9.672581307076504320e-01,9.738719385116147986e-01,9.111260431621833744e-01,9.509662002944264669e-01,9.377135818640666143e-01,8.051622300775265195e-01,9.136923436218740147e-01,8.934545362152059855e-01,8.595148081956467401e-01,8.717011733976032239e-01,8.822777426273903378e-01,8.623532560024027571e-01,9.134869251650411526e-01,9.431637475469927256e-01,9.566365024750919099e-01,9.220888425362731011e-01,9.617825356732143671e-01,9.829533752326384821e-01,9.469349407341447478e-01,9.276293213259073633e-01,9.001223987389305181e-01,9.472071889499775743e-01,9.477802306775926500e-01,9.447201735197467976e-01,9.572005066179343213e-01,9.370788315612785802e-01,9.653444323593357579e-01,9.335999765007922946e-01,9.644963792231274757e-01,9.587342655258210833e-01,7.813788169888126189e-01,7.563714435456909690e-01,9.541686897631254105e-01,9.404579675486283152e-01,8.916215556737857595e-01,7.284549062721374924e-01,8.420821992598603867e-01,8.764847333504071081e-01,9.569463264089798082e-01,9.554675121332805166e-01,9.858096973263792417e-01,9.896923637310937050e-01,9.395548982524017934e-01,9.868170855462479185e-01,9.663734022195121787e-01,9.777250933035696034e-01,9.509908576659504842e-01,9.486546004859448544e-01,8.484144632582162338e-01,8.408730162495121618e-01,9.654744997743908153e-01,9.401043867253138231e-01,9.193120713037357117e-01,9.462740794996777893e-01,9.496017500571529713e-01
9.778708341730348863e-01,9.874831449111025616e-01,9.141811684410010574e-01,9.596277247043181191e-01,9.637207556672644504e-01,9.567040523719438916e-01,9.601760775716394747e-01,9.859092215537965664e-01,9.281658222690387650e-01,9.811879442893156611e-01,9.328294765139601985e-01,9.683670660140634157e-01,9.657460135909140542e-01,1.000000000000000000e+00,9.060890520988570396e-01,8.850247770502188693e-01,9.538944170730592198e-01,9.705127896194967185e-01,9.779594840206695672e-01,9.854995341056973501e-01,9.224901057482837174e-01,9.598231347314463147e-01,8.963056642473870017e-01,8.949203108743499779e-01,9.938668002523670664e-01,9.876738485652077904e-01,9.772977480605151701e-01,9.622784745617608548e-01,9.941543036799695976e-01,9.833097359957447825e-01,9.885101827143543129e-01,9.847052100576642042e-01,9.683639951345630603e-01,8.874243245648011369e-01,9.245367252700722460e-01,9.489736996138682379e-01,8.485979785417303578e-01,8.884312391778645956e-01,8.856935281180219333e-01,7.755714355093846768e-01,8.560664195958813671e-01,8.391966769103742507e-01,7.842289591997848586e-01,8.464127499643698815e-01,8.260334340668935571e-01,7.724166938174104047e-01,8.472628999793228033e-01,8.925994182322760651e-01,9.112652789681228160e-01,8.796755236578743808e-01,9.413541836723442469e-01,9.864301284471967968e-01,9.285670392362738168e-01,9.064250255757781982e-01,8.829451274651904935e-01,9.412287700584027750e-01,8.896722023268410773e-01,9.011758753982219705e-01,9.668399716090291252e-01,9.269581665453148211e-01,9.338605421659058603e-01,8.727952373121812268e-01,9.903426994211927958e-01,9.815375237535257646e-01,6.065832779455380130e-01,5.837576519378838702e-01,9.709787189122758289e-01,9.419015254283185090e-01,9.134448563598754900e-01,7.427489705019676425e-01,8.385368031117039767e-01,8.644772658618419259e-01,9.732858533372199528e-01,9.912862187975191031e-01,9.507155135174847338e-01,9.601681012466398712e-01,8.500996238999805055e-01,9.410616422204092224e-01,9.178828555556707292e-01,9.643031808031730101e-01,8.919822612462667832e-01,8.797932373364875103e-01,7.354813523012879717e-01,7.108625747161023689e-01,9.043726373923475226e-01,8.851365507656759890e-01,8.279355357522557579e-01,8.550960915940286622e-01,8.527773887387082308e-01
9.464154750445378239e-01,9.343649113481313773e-01,9.706674121234817321e-01,9.623907538925721150e-01,9.218180178570353211e-01,9.306352966572820629e-01,9.709481009545999353e-01,9.510722470147590091e-01,9.819894037735823478e-01,9.323307114444312482e-01,9.598674847377635100e-01,9.240731567980381422e-01,9.701460782442947739e-01,9.060890520988570396e-01,1.000000000000000000e+00,9.500072847585375735e-01,9.095380125473906396e-01,9.388271877935274734e-01,9.051760799176411521e-01,8.971587638076343740e-01,9.589496023349985965e-01,9.427032947646565297e-01,9.674013815169784092e-01,9.677614988106673088e-01,9.343241570068803181e-01,9.255619050728872699e-01,9.581059476761283333e-01,9.609731168149617808e-01,8.910084404940685765e-01,8.756801359645118854e-01,9.173984119563750594e-01,9.291446470995106122e-01,9.660765193505898019e-01,9.305545455430770385e-01,9.654082378583487278e-01,9.648276357782560320e-01,9.426483608958463600e-01,9.633451726995010400e-01,9.541943258101590608e-01,8.243486252752574295e-01,9.552130032768465506e-01,9.035766582662217994e-01,9.024030869230800223e-01,8.899174411483267155e-01,9.167125248429740525e-01,9.018839885974043735e-01,9.380689554200813962e-01,9.587616444647415470e-01,9.658068001546755710e-01,9.323632720673464824e-01,9.552916938907036748e-01,9.487379194690330753e-01,9.560521902180875164e-01,9.532625820887039580e-01,9.114271053461272531e-01,9.417756793500031698e-01,9.550053367311635011e-01,9.408710525019546855e-01,9.220811005068474397e-01,9.479847930997971073e-01,9.544575825959128457e-01,9.410137648406240451e-01,8.980810591266942255e-01,8.943556168664867911e-01,8.456934360116996618e-01,8.207512418127713705e-01,9.131899640270029206e-01,9.211477383171462474e-01,8.717660999629119889e-01,7.263552635064400853e-01,8.545148742687598276e-01,8.770277704585529577e-01,8.828880513180490386e-01,8.840911207254997795e-01,9.726955289880789834e-01,9.678664490859905101e-01,9.777440168182411906e-01,9.875830711934265871e-01,9.693327614269988679e-01,9.566719829449092938e-01,9.738949643760501651e-01,9.732426960543472116e-01,8.850091946699625289e-01,8.965342622651444326e-01,9.683181718455632359e-01,9.525608152647770943e-01,9.576289311439893925e-01,9.619108248272951744e-01,9.683633322377025454e-01
9.124374327191988598e-01,8.968765965740232993e-01,9.118294523853893718e-01,9.243865946335970696e-01,9.528601757352005430e-01,9.585498805361476471e-01,9.177072350773842757e-01,9.280780527950647230e-01,9.516390586959297959e-01,9.381045021109246651e-01,8.978913272813793256e-01,8.699621641369785774e-01,9.384571285076288572e-01,8.850247770502188693e-01,9.500072847585375735e-01,1.000000000000000000e+00,8.392768762253073334e-01,8.773694432374161689e-01,8.567430445886846657e-01,8.383542885062899019e-01,8.956621277451695118e-01,8.794698199893908885e-01,8.715193222826180808e-01,8.868069248420246131e-01,9.107183112875546493e-01,9.322505862165005874e-01,9.157545305057885887e-01,9.091330225156701861e-01,8.616211084955194277e-01,8.801070404033922712e-01,9.292625075175279248e-01,9.208828112184217485e-01,9.375977890535093229e-01,8.138140079144969841e-01,8.962305047085292742e-01,9.126858524966474651e-01,8.151547006421493435e-01,8.568490889488201701e-01,9.615371455924305311e-01,9.007975959461310689e-01,8.386094908866115194e-01,7.804259603915097987e-01,7.464279440854955094e-01,7.588085368944963438e-01,7.718140948705933813e-01,7.548336593228577307e-01,8.063031190361116263e-01,8.502981409210916830e-01,8.643607380962163855e-01,8.057237771061884768e-01,8.811120217741839067e-01,9.254789331243222783e-01,8.976611233394892198e-01,9.166121716589259449e-01,7.985589732035970334e-01,8.791220691664871634e-01,8.769615138483810579e-01,8.423602359082682511e-01,8.541745723678837443e-01,8.944930360605021225e-01,8.644971310801572439e-01,8.235038014682130036e-01,8.633308008138060874e-01,8.533446249057599076e-01,7.832797913519754518e-01,7.312399007608667567e-01,8.488998492056625267e-01,8.287943086987763497e-01,9.361743957037849118e-01,8.590186432271538219e-01,9.195545815439422066e-01,9.385249197335956417e-01,8.422143438616274125e-01,8.561595038565306126e-01,9.219583626121055087e-01,9.212625617737417727e-01,9.090020042335595907e-01,9.598949589682326256e-01,8.912342314764818418e-01,8.927233849469271565e-01,8.763428062771341231e-01,8.757274240443566615e-01,7.540052555349485708e-01,7.651851055610763286e-01,8.768805626451006141e-01,8.332277949536717188e-01,8.479992088228650582e-01,8.759483421200560116e-01,8.932530233056853453e-01
9.833277158317330624e-01,9.793342243793787816e-01,9.233948026258218533e-01,9.341505441506183782e-01,8.929320664868609647e-01,8.876422937434454985e-01,9.398956320729987546e-01,9.557917074170749760e-01,9.253958379993703076e-01,9.270426364776653827e-01,9.721069577430234698e-01,9.843909460194344430e-01,9.512655222125440124e-01,9.538944170730592198e-01,9.095380125473906396e-01,8.392768762253073334e-01,1.000000000000000000e+00,9.851135972616887893e-01,9.725575688264718188e-01,9.750994271894334320e-01,9.230238667797270313e-01,9.722620050711697770e-01,9.477011847368650432e-01,9.314813905707034491e-01,9.531776928556365824e-01,9.278551571481271631e-01,9.605193749344221876e-01,9.776272452219813003e-01,9.543392662782930191e-01,9.077607333955618474e-01,9.330059026525467925e-01,9.401656575188683806e-01,9.520831182383411306e-01,9.418819792604324892e-01,9.677729753953345782e-01,9.705690803397263311e-01,9.192068916337510220e-01,9.364886898605266907e-01,8.400929807361976476e-01,6.569697054118459612e-01,9.028136415308265494e-01,9.397365732616791423e-01,8.809625773166611662e-01,9.296274438361178394e-01,9.036719404132151912e-01,8.838799342032649387e-01,9.276426713605463448e-01,9.556049983827138439e-01,9.611354923737651657e-01,9.577330070897733805e-01,9.769102777731897280e-01,9.643127316537217775e-01,9.403543186593523728e-01,9.249577386529888035e-01,9.511665489248730676e-01,9.655144820603930311e-01,9.394060226865489360e-01,9.611838295584812508e-01,9.808683804120855720e-01,9.498701739841910463e-01,9.771550676850558892e-01,9.510915873979651769e-01,9.683819080004204549e-01,9.575730239445604530e-01,6.681166392638511198e-01,6.598794523974023107e-01,9.865974029450692573e-01,9.815683597110688163e-01,8.271538164080467492e-01,5.919046461536847659e-01,7.604786490365134100e-01,7.796231662395826101e-01,9.589430729216467109e-01,9.461612810294329767e-01,9.675624187814546584e-01,9.606705631185541439e-01,8.971305231830606353e-01,9.309384674581651087e-01,9.619688524637444171e-01,9.774060911211062130e-01,9.363198239742908102e-01,9.148382857285599634e-01,8.046553187479732472e-01,7.978760957836661394e-01,9.550428840272706665e-01,9.492281938791357065e-01,8.938290253975404998e-01,9.066762238090469994e-01,8.863219093343217558e-01
