1.000000000000000000e+00 1.412665445855690038e-01 5.175392394847929678e-01 1.084086528152569950e-01 3.966677383959519854e-01 2.501276278935529729e-01 2.446237797259860069e-01 2.340771533620059908e-01 3.267107810157670045e-01 4.133586872854300154e-01 2.534981516028310122e-01 5.126606432381679568e-01 1.936861603102709994e-01 1.454779167120340000e-01 2.549147465000429769e-01 3.072683583161450183e-01 3.827520319827519835e-01 2.105607896295360049e-01 2.096120193358710082e-01 2.668893617092780168e-01 3.208468873372170016e-01 2.846005599776589845e-01 1.544475061739890021e-01 2.946007544966839919e-01 4.693391967919839647e-03 3.465040400635300277e-01 1.797852700479810051e-01 1.388849478856780083e-02 1.202950096360780041e-01 1.865900272182330066e-01 3.907856241057269808e-02 1.323120622833409976e-01 1.025444271417619985e-01 1.176163817751570001e-01 9.258133698365229869e-02 3.608646935976729808e-01 2.611601612040410081e-01 -1.455722861969039987e-03 -1.755584552230629938e-02 2.957756413442609866e-01 8.804351442742980316e-02 -2.395546971900359978e-02 1.743617795094009881e-01 2.883209065617189926e-01 9.830648695281800353e-02 1.070444196074350068e-01 1.511484318820439932e-01 4.363732153738660025e-02 3.414340253660910207e-01 3.624872136481500084e-01 1.014675792887420047e-01 3.273892208627109945e-01 2.740817134138570088e-01 3.178461974722340266e-01 2.333430610916439885e-01 4.200699064076099942e-01 1.724660305316779996e-01 2.670678882142020205e-01 2.729499556777770231e-01 2.613432580513419881e-02 1.728439168057870068e-01 1.384617291396690042e-01 -1.344798686691149880e-01 6.521414719241259983e-02 -1.552627372899840000e-02 2.843841918348979925e-01 1.011905927377580033e-01 -5.278025181689560003e-02 1.773859040034579948e-01 2.181763827281339996e-01 3.618077040457000071e-01 -6.984853865793450023e-02 -3.712844425798920295e-02 1.093353123646360059e-01 2.263986949603999932e-01 7.339994385347860251e-02 2.082266535268720020e-01 1.738149582761109868e-01 3.136436170764639875e-01 1.128783314902129936e-01 4.482768506286979870e-02 4.105730384409059935e-02 1.167922637225290022e-01 -3.262498070337040146e-02 9.843430805662560512e-02 -2.915770004779590086e-02 3.489617416476780143e-01 2.551835844683280063e-01 3.837294210255440263e-01 6.072171386157119988e-02 1.173481888080789987e-01 -1.062985264188090057e-01 2.123112999596990166e-02 -6.075508000557409971e-02 5.979365460659830100e-02 2.552991790929159954e-01 9.861138835209209974e-02 4.492600722106369904e-02 -1.100053945377799970e-02 2.274590766270050135e-01 1.201661133751569938e-01 6.431114424292200260e-02 2.052200373338740058e-01 -8.967088724658829613e-02 -1.151346440003000043e-01 -1.913938351680280134e-02 1.293604498660000102e-01 -1.988419874982529922e-01 -3.226260400620840213e-02 -2.185742381701200054e-01 6.934309079740449966e-02 -1.735293599765770078e-01 3.940963009761250246e-01 3.952540907139669990e-01 4.438726416922290086e-01 2.203088584565910113e-01 2.231213422074339869e-01 2.513436211538819798e-01 1.790174332893000042e-01
1.412665445855690038e-01 1.000000000000000000e+00 2.030381091598499887e-01 5.448386213121300115e-01 4.935921310409779883e-01 3.693034783980130020e-02 3.169421311825380005e-01 4.851036961541280168e-01 3.433392886594709981e-01 1.714881926994059891e-01 1.042718208949300063e-01 3.793705156161329972e-01 3.528404907455849893e-01 4.076102437156989833e-01 3.972049239883809757e-01 5.874487168103920132e-01 2.958770816360949962e-01 3.685356770536489801e-01 3.074934367137039937e-01 3.420964270067770041e-01 3.253683506778939916e-01 3.970343842286089830e-01 3.574024135878600128e-01 3.224099642657239917e-01 -5.208591203257510044e-02 9.201452393621399606e-02 1.352556492624610029e-01 1.857458618722249988e-01 1.943628899798889864e-01 2.612112849313870111e-01 1.944960794206689880e-01 1.130993190689490030e-01 2.056464067256149886e-01 1.786828262491109987e-01 1.600509710568890076e-01 9.846113287635299693e-02 9.700250936206590568e-02 2.827468179817140270e-01 2.417075510498220003e-01 1.857632578512030119e-01 1.205432400541069961e-02 1.649726965029139902e-01 1.793145011011839929e-01 1.866294481575090092e-01 1.654339753762570087e-01 1.525102254310720107e-01 1.976533576435099970e-01 2.079944942116110085e-01 2.396765420240630148e-02 1.651382941800529913e-01 4.059003295432179748e-01 4.966442568738719809e-01 3.792791799610230052e-01 3.407180725611729799e-01 1.849371657806540004e-01 2.948456349782210273e-01 4.847167179264780246e-01 2.491761854482379968e-01 1.882986714753540070e-01 -2.373288106013550156e-02 1.343951025210899930e-01 1.795270493726670025e-01 3.667790339074190054e-01 4.171411316351320009e-01 3.312697657150380226e-01 3.910709422842250094e-01 1.981851434968419923e-01 3.323657418989099943e-01 3.312577727041979836e-01 3.546683530034669962e-01 3.687372225789989910e-01 1.138277519360890028e-01 2.561972416450399859e-01 1.710203079151970118e-01 2.407982283765560116e-01 5.650309667501340199e-02 1.926470307560450013e-01 2.542780993255859823e-01 1.834643890380980025e-01 2.502470982175050151e-01 2.450536992665769964e-01 1.152565478864139986e-01 4.533738430463690045e-02 3.780922327230060165e-02 9.514885357850530467e-02 1.261855073491550128e-01 3.023179895012479898e-02 1.975568681402770088e-01 2.882477509770359769e-01 -5.449469056127059568e-04 2.575054463492910117e-01 2.511293554157579822e-01 8.124978892377350548e-02 3.188636030772689853e-03 1.173859508550660069e-01 1.928270409791729978e-01 1.484203559524140126e-01 1.570923383501089954e-01 1.381993774677819919e-01 1.207182917428339941e-01 2.677433313989299735e-01 1.929042009515659906e-01 2.737341489861270238e-01 1.941075357168720039e-01 -4.769150927525680171e-03 1.229058414468950020e-02 2.302132992633829922e-01 1.033446127014659988e-01 2.472386733450759877e-01 6.928786746640279437e-02 1.829366118631320093e-01 1.048890621229150028e-01 1.032447525077810069e-01 1.090183844751659997e-01 3.610472756916670023e-01 5.391432925454380243e-01 1.049563190317369943e-01 1.033658032048789949e-01 1.799739228961090010e-01
5.175392394847929678e-01 2.030381091598499887e-01 1.000000000000000000e+00 3.584500087955629771e-02 1.781951824336399925e-01 4.021842487698060187e-01 2.054956512237010036e-01 5.926874720468280205e-02 -5.047026665120889904e-02 8.993860898522909597e-02 1.281075134166810015e-01 2.779340563827329968e-01 1.999355295780380071e-01 2.562108924563720191e-01 1.273608595252860021e-01 8.701879105319419716e-02 1.017243515577310048e-01 1.029465304181040042e-01 2.907988417501100042e-01 9.613255032167100644e-02 7.383783036647789677e-02 8.530804001571329342e-02 7.659582197597519793e-02 -6.111671911826419695e-02 2.334778749183309965e-01 1.592398603708639893e-01 -7.111506927077219931e-02 -1.661183749832089995e-01 1.766843484442950085e-01 1.281464835203129926e-01 7.639642589300180142e-02 -7.176343792488790174e-02 -5.144637021478500050e-02 -5.456953784853740136e-02 -1.177864770084880025e-01 -3.286514631497740313e-02 -6.012700686509379888e-02 -1.858779853999220077e-01 3.889800230484170146e-02 2.491631727116620093e-02 -1.193870232669080045e-01 1.105135356622300030e-01 -9.813046244090280201e-02 -3.894183573581039975e-02 -2.278448458999710047e-02 -1.146964405644270019e-01 -5.714455692940229731e-03 2.250695169865549877e-02 1.483534581537939989e-01 -3.819617851522959934e-02 2.677560735922549992e-02 4.352844895592979935e-01 2.585590582579479907e-02 -2.658751822219810115e-02 5.064237315273769635e-01 4.841305198543749966e-01 1.247060639234209983e-01 -3.735829860179380041e-02 -9.098671023439319772e-02 -1.872911179609069998e-01 -1.225911175021759947e-01 1.294931529570879924e-01 9.250598688253640345e-02 1.059605452454009944e-01 8.367413075823089408e-02 2.213184891388499942e-01 -1.041258235725849995e-01 1.784618694188890020e-01 2.174127691819330022e-01 1.619622374214770011e-01 1.658588704703740091e-01 -1.691369158633929948e-01 5.578689770304880169e-02 -2.193511354066439989e-01 -1.131221302474769985e-01 -3.913372345660909996e-02 5.692510471327390242e-02 1.874297545866620007e-01 3.257008099201409712e-02 -1.011511284702780039e-01 1.653394884041419974e-02 -4.978880171779490049e-02 -1.345548487029530060e-01 -2.177279507160430061e-01 -1.181210710595270025e-01 -6.256315536173709391e-02 -5.863471219925710243e-02 -9.542315869744599777e-02 5.801976297999650312e-02 -1.388977565970579975e-01 -1.083345205874089966e-02 -1.033807875721930031e-01 -6.004210227901119910e-04 -2.523479514108300115e-03 -2.612537892865149924e-01 -8.308261565762410650e-02 -1.581699383693949967e-01 -6.817251474953639478e-02 1.159207935750359957e-02 -3.478771146260269814e-02 3.754522017174469761e-01 3.341450782245570239e-01 2.125932900782629975e-01 1.023750321679560010e-01 -2.932767747911729783e-01 -2.111486304969409922e-01 2.709908772054709925e-01 -1.081258844174970007e-01 -8.511303012964159488e-04 1.625962653146970083e-02 1.160016975350739998e-01 9.348489527192809997e-03 -2.728425210081970170e-02 -9.049746163749200836e-03 4.219672752078130196e-01 1.664815655874289924e-01 -2.627562802411680110e-02 -8.827738936897550071e-02 2.641235695176770149e-01
1.084086528152569950e-01 5.448386213121300115e-01 3.584500087955629771e-02 1.000000000000000000e+00 7.318094611832850482e-01 5.954182169627070254e-02 6.497700689169879640e-01 6.997333237415870322e-01 4.104634150252349789e-01 2.757571504642030158e-01 2.617230326032849927e-02 3.823573484072120277e-01 4.216275605584319797e-01 5.015046728896279671e-01 5.127003409099010200e-01 6.823172415414520131e-01 4.385486400494190140e-01 5.551349480157450333e-01 4.626355486793409799e-01 4.319471040060919864e-01 4.742977826908150174e-01 4.898977251248279874e-01 5.103621179164340438e-01 4.515092116067709882e-01 6.655031866968069698e-02 2.214677905403749925e-01 3.866959230631499822e-01 4.557449769703070253e-01 1.901232753459670133e-01 4.265798520534270222e-01 2.824616471391149797e-01 2.979582129878580177e-01 3.196913550805909887e-01 4.694063297060320217e-01 3.944855136453839783e-01 2.519027749209650224e-01 2.113756005791180004e-01 2.989186658185680190e-01 2.886879048398789949e-01 3.244838262682879781e-01 1.716034699127859942e-01 1.902424705970230112e-01 4.122576791261710061e-01 4.184136737893309754e-01 3.171652197071109791e-01 3.479373560703319934e-01 3.945705309472319899e-01 3.413395380220490272e-01 1.679497352362359919e-01 2.760857634973969965e-01 3.878130374265280067e-01 3.679076411289339821e-01 6.951359775590250090e-01 4.909757838173710032e-01 2.509756804972119726e-01 2.703103869211930244e-01 6.930366605141550229e-01 3.078291567667100215e-01 5.159272074758119997e-01 1.329502607262720015e-01 3.101927960276539831e-01 4.588985587191770077e-01 3.896404322313580249e-01 5.733155609586869650e-01 3.665110487469960265e-01 4.903211547686189831e-01 3.730079644233800229e-01 3.115622396517109816e-01 5.865185010001280341e-01 6.489361112054170544e-01 5.689010041172259946e-01 3.902724810569980218e-01 4.657669633503019879e-01 3.334442785320629876e-01 5.107491034733370183e-01 3.013408928787920105e-01 1.544085793500629966e-01 4.656299264949539940e-01 2.180376595761379932e-01 4.587840252186429768e-01 4.394764562603499791e-01 3.477115545949500119e-01 3.156385874927750135e-01 2.610326088435039882e-01 3.944450149354489787e-01 3.809906633151119992e-01 4.266164179929370082e-02 3.657659208314050225e-01 5.774435543127039994e-01 2.888238433834259822e-01 3.894502668622190078e-01 2.215556182212519987e-01 3.005260020105339769e-01 2.604932084456960117e-01 4.005417048050110007e-01 3.905938473562419744e-01 4.346924560159929896e-01 3.863356450217990123e-01 1.081570101487260016e-02 1.936130857607920031e-01 1.609218729627459876e-01 2.971811614921369971e-02 2.131471791517089986e-01 4.390379241695160223e-02 7.910403784269330607e-02 -6.449097470707010338e-02 2.078933092958910045e-01 1.235530008080630016e-01 5.945273777633060253e-02 1.742993640512250086e-01 3.162370975794390193e-01 1.738102264765300012e-02 3.892624767183279766e-01 2.845550882369349832e-01 2.679470215640840092e-01 3.893141957651379825e-01 2.786572850982250160e-01 2.060796114126060008e-01 1.235482523477249989e-01
3.966677383959519854e-01 4.935921310409779883e-01 1.781951824336399925e-01 7.318094611832850482e-01 1.000000000000000000e+00 1.847765561362769982e-01 6.780954326511100527e-01 7.124803359477259734e-01 6.541268237593500512e-01 4.979227950348780185e-01 1.732277495321619953e-01 5.298100080390399924e-01 4.705852436709629938e-01 4.919631628553179925e-01 6.431914214531030405e-01 6.854880705582160338e-01 5.823944362744960523e-01 5.763011138683350465e-01 4.495273096848380057e-01 5.718448819497320423e-01 6.898878711193719981e-01 5.396679310797589668e-01 5.595697356812999734e-01 5.873118363676369524e-01 8.372418430466760375e-02 3.872045981881779841e-01 4.082626805836570005e-01 5.060122820073349459e-01 2.146490271287339879e-01 4.005349502281470020e-01 3.159991048670560132e-01 5.040486703172359917e-01 3.573009128134069790e-01 4.443840832602949931e-01 3.919393345027599729e-01 5.040117259805140248e-01 3.104508434415579887e-01 3.207777509016470074e-01 2.758897840389740175e-01 4.618744120666309905e-01 2.189723798193030091e-01 1.421962845573770118e-01 4.543533194031750266e-01 4.651186740850900003e-01 3.255150678477520265e-01 3.767174624767600233e-01 4.012546256992490235e-01 3.717926975792970046e-01 2.190990970748830091e-01 4.802202027017969943e-01 5.409081841487659581e-01 4.599927527965390062e-01 7.630858703626990369e-01 6.936670135343719901e-01 3.191477568740129778e-01 4.378924029481209845e-01 6.412467812386619670e-01 5.781144545263630086e-01 6.033145990784829493e-01 2.269897134495580115e-01 4.362467331313379937e-01 4.018308109049760213e-01 2.148207157119300104e-01 5.252669241619279950e-01 2.822294210512329982e-01 6.195191010464979886e-01 3.844183986049040103e-01 2.332143867628989897e-01 5.340855554150439888e-01 5.749616318108800028e-01 6.771409842810129920e-01 2.703179759327610232e-01 3.267476938369269779e-01 4.106156249143300130e-01 5.765613588804030520e-01 3.061252927926719769e-01 4.245857139620810017e-01 5.471908861941879865e-01 4.381867812338450241e-01 4.929644040635460245e-01 3.491105215597150035e-01 3.358411850313269831e-01 3.852415053366040065e-01 2.659453880814530158e-01 3.701694015383559799e-01 3.389762445814710201e-01 2.628748697029930081e-01 5.575679151744199480e-01 7.454223846706039547e-01 3.162183965030340160e-01 3.223989683208450252e-01 1.430782472952940032e-01 1.903273886144490057e-01 1.920788914136989933e-01 3.530121093646860220e-01 4.353916149763910060e-01 4.564599127811890256e-01 3.817320010060289981e-01 7.541829622975780578e-02 3.544503968862570131e-01 2.828979216969880195e-01 1.051060837422579941e-01 2.955866884602240119e-01 1.850089502636790006e-01 1.056917603690629981e-01 3.639044556120719920e-03 1.967759276478379948e-01 4.889757258793669958e-02 1.264636915676130013e-01 -6.975101128097249692e-02 4.713123197293099809e-01 5.992711757245670207e-02 6.791263790539849854e-01 6.070912264028449634e-01 4.867496342778009910e-01 5.730211537913739717e-01 5.436270677634950088e-01 5.081465983057770197e-01 3.959105389311179946e-01
2.501276278935529729e-01 3.693034783980130020e-02 4.021842487698060187e-01 5.954182169627070254e-02 1.847765561362769982e-01 1.000000000000000000e+00 2.394686337968920109e-01 -1.553262127114699975e-03 2.736592708910580082e-02 1.048225845442259940e-01 3.719866850483340148e-02 1.878471753851859993e-01 2.697602177929649958e-01 1.658835501168300086e-01 1.897668681449810046e-01 -2.343401599658029993e-02 6.807224892908719793e-02 9.179192870706580354e-02 1.905146402056470123e-01 2.020348336915299969e-01 1.392699432097989909e-01 5.590823897077420307e-02 1.148315652319339963e-01 3.556800636970809670e-02 4.389384489089219743e-01 1.039482216583819951e-01 7.587488037669540275e-02 1.862862638266629955e-01 2.570926477944839861e-01 1.743747181996480045e-01 2.887796287802970041e-01 2.537481152104200111e-01 1.039040300261870053e-01 -1.736468315314669900e-02 3.047212574461019910e-02 -6.114735548713429863e-02 5.031386186870549782e-02 1.601947741862669999e-02 1.586233922557329923e-01 1.451364990609060046e-01 -1.306231513816319967e-01 3.979637304909700024e-01 1.590350623685239939e-01 2.601594522165330270e-01 2.469299152419419940e-01 1.249180903618360011e-01 8.216830304586790479e-02 1.529222786620219876e-01 1.735310554227270097e-01 1.203237925904639960e-01 3.247857877971769835e-01 1.597023174645199883e-01 1.535849398553079947e-01 1.279828636870889991e-01 7.410751524359879827e-01 3.912244897737299776e-01 5.459272997437539937e-02 3.581376976219979857e-02 2.582187708923769920e-01 -8.212187714519060544e-02 3.216790751128430215e-02 3.179368457618509947e-01 1.525480040544930083e-01 2.182911280722930059e-01 5.344338361750460009e-02 1.619738056204489962e-01 -3.916900419348119666e-02 2.044576823908839935e-01 2.343450758367519871e-01 1.238545367145870019e-01 1.583459202539350130e-01 1.157766243719829946e-01 1.407721312187379947e-01 -4.662499972481860128e-02 7.321925848771590473e-02 3.214328341258539945e-01 3.658503927920240262e-01 2.926312138730510215e-01 2.465951250709429998e-01 1.195936660154929970e-01 1.336115773878270019e-01 4.425279993826659874e-02 1.820656259794170007e-01 4.248041860874750275e-02 1.285578504251989884e-01 1.301944127079220082e-01 2.801467637527260135e-01 3.259590243501980233e-01 1.765564318849530134e-01 1.532168993522759924e-03 5.053087062986930285e-03 1.743207426978579944e-01 1.518466185406320001e-01 3.623362361355200179e-01 2.339806174381209997e-02 2.144036034512840083e-01 1.654780397684509907e-01 1.161740956968090044e-01 -7.013382236677409565e-02 -1.139311502925689952e-02 4.134079434950729826e-01 4.664636315116419962e-01 3.040224504277539985e-01 1.407836635262489922e-01 -7.843797086323730725e-03 2.852158672866160136e-02 3.642859968019899752e-01 2.158193282555370129e-01 2.432398499295130023e-01 1.845495255683129998e-01 2.358593616735960019e-01 7.566729348435770330e-02 2.589042883268140027e-01 2.441632463260529906e-01 1.066302382331970056e-01 1.226363666046459966e-01 2.199751220938570007e-01 6.500754439943670637e-02 2.453778198316420023e-01
2.446237797259860069e-01 3.169421311825380005e-01 2.054956512237010036e-01 6.497700689169879640e-01 6.780954326511100527e-01 2.394686337968920109e-01 1.000000000000000000e+00 6.838371648467129749e-01 4.841599210370600148e-01 4.223658599875450004e-01 2.079746633503140041e-01 4.804170145380809998e-01 3.764014975326639978e-01 4.656657618144269817e-01 4.877770622498909803e-01 6.740087371368259639e-01 6.445529195605670392e-01 5.679639128324179831e-01 5.493083170316980235e-01 5.382533332723580255e-01 6.450900667110419651e-01 4.723098370053059880e-01 5.061507237020950178e-01 5.662834994384550180e-01 2.048059878484090046e-01 3.483550158870339919e-01 4.554626910433030029e-01 5.135551005705080163e-01 2.566316764767450076e-01 4.253310677498510217e-01 3.519717093603659808e-01 4.748816669568129978e-01 3.208725723814520037e-01 4.903920549787830208e-01 3.695601751329820051e-01 3.741782931850459737e-01 1.709414781967610042e-01 3.367889694107489840e-01 3.300279679473259731e-01 5.469044930062250121e-01 2.694107860341199978e-01 2.578989656198499847e-01 4.427460317064599860e-01 4.912945541917250192e-01 4.170713443698790268e-01 3.792443031824940247e-01 4.098520331369400194e-01 4.040641899477169785e-01 2.596351651463409960e-01 3.152311291098149892e-01 4.887760386551879832e-01 4.109403713430649918e-01 7.312465547020470247e-01 4.500010171012839844e-01 4.117628102718289829e-01 3.627704380318440003e-01 7.151403699562469685e-01 4.313503081638510039e-01 5.400187588737179745e-01 2.404433564741710050e-01 4.180673193268629739e-01 3.511996318376859882e-01 3.049172928820970130e-01 4.388948248203909941e-01 2.331357770218890069e-01 4.278922699618690206e-01 4.617856987810349811e-01 3.063027765472490227e-01 6.314779170416050524e-01 6.758382615161679929e-01 6.054095695334730243e-01 2.774318514709829819e-01 4.332866431814220154e-01 3.501960271931309765e-01 5.966319383359489636e-01 4.815791168925649957e-01 3.272315438348599725e-01 4.305182332192200034e-01 3.260095364175469856e-01 4.150752391025560040e-01 5.033124840952699630e-01 4.328084817297230269e-01 4.071980016151000026e-01 2.500423285870839729e-01 4.447608944554050092e-01 4.242682066936500074e-01 7.043433737201680589e-02 4.192450908137009824e-01 6.881611663093639697e-01 4.452828967146609807e-01 4.072518057106520040e-01 2.158026899746189886e-01 3.073233188286699780e-01 3.185177766870059823e-01 2.933888556864620023e-01 4.312580060494560219e-01 3.893161967659630185e-01 4.307979899708179738e-01 1.704288138257530061e-02 2.879448763128250044e-01 2.546853454932089811e-01 1.186906212802889965e-01 2.467487543465959887e-01 7.374851976566600131e-02 5.587738844169690133e-02 -1.062327882915270055e-01 1.470745925987730074e-01 1.232943345524099982e-01 2.792418948983469915e-02 8.817918008153219356e-02 4.302925050786899908e-01 9.649014989286870680e-02 5.612575750660819818e-01 4.499625311238710235e-01 3.446436173605609832e-01 4.621037509960099765e-01 4.828811282524599902e-01 4.228499852639019951e-01 2.899412984869130239e-01
2.340771533620059908e-01 4.851036961541280168e-01 5.926874720468280205e-02 6.997333237415870322e-01 7.124803359477259734e-01 -1.553262127114699975e-03 6.838371648467129749e-01 1.000000000000000000e+00 7.596304385111199986e-01 3.273482904123840020e-01 2.248020705813260078e-01 5.113173696592080431e-01 4.951592513930139772e-01 5.232515973920339736e-01 5.592426646673650525e-01 7.226178198778969719e-01 5.610136688919870052e-01 7.769356975779120322e-01 5.237098311604789780e-01 7.185560002179239847e-01 6.788658219019110263e-01 5.971188345612280512e-01 6.155193765836539654e-01 5.500615074664959581e-01 1.080710161542580011e-01 3.205271604469079882e-01 4.577995877169370176e-01 5.304031572366240121e-01 2.128469029507089882e-01 4.819011194409609788e-01 4.359061162161960157e-01 4.091293956110069741e-01 4.343894962988940067e-01 5.297312986183539962e-01 4.783366767556739840e-01 5.515779813092539507e-01 2.233122508900899916e-01 3.614792172494419864e-01 3.013739752106199821e-01 4.673575824534719758e-01 3.382404886399900112e-01 1.925994787411909881e-01 5.044942962640519557e-01 5.012467802063740319e-01 4.035464252159829956e-01 4.690463645130080184e-01 4.611938647484180032e-01 4.253904878717250093e-01 3.159631035281940115e-01 5.020244496423680314e-01 3.896942610323519962e-01 3.129198401745449942e-01 5.947665132910919805e-01 4.667254512335409777e-01 1.428367369918079888e-01 3.068662246731420074e-01 8.642454532946769463e-01 5.974512980911760307e-01 5.869401921196539806e-01 2.058540439940129974e-01 5.024450311194800234e-01 4.999924954700269986e-01 3.867874171740979805e-01 5.864339621305260097e-01 4.068313314820339865e-01 5.624613629331109976e-01 5.426453861420410529e-01 3.915761129570139998e-01 6.030385731067210431e-01 7.627499672915240003e-01 6.819837703879709778e-01 4.279233832380319735e-01 4.794449568613399770e-01 4.200909310362350157e-01 6.246550693467579629e-01 3.554394182989980000e-01 2.163181817222520065e-01 4.662907994855460259e-01 3.969441811838830270e-01 4.911087882445560049e-01 4.490616984671699785e-01 3.990692857481730194e-01 4.023103206184360237e-01 3.788765590085569901e-01 4.311251650767090049e-01 4.211843720004190272e-01 1.386976501916190041e-01 4.295917001565279780e-01 7.478898774950959449e-01 4.552779830086329804e-01 4.573410830595370236e-01 1.894168486432279974e-01 3.150571250646290178e-01 1.603988886121809898e-01 4.510800214232140171e-01 4.932131845714740059e-01 4.798125309371999991e-01 4.505396754427299921e-01 1.224094673480189965e-01 4.281919467047449746e-01 1.220046546775959972e-01 -1.045648675691469992e-01 1.220967503400170046e-01 9.983924016616900488e-02 1.078803155245249973e-01 -1.092132150649670064e-01 6.583250422014960690e-02 4.355802846133199902e-02 1.517840407584880036e-01 1.206738223666620063e-01 3.059199488490240149e-01 1.098407175598729996e-01 4.969796502665960181e-01 3.952511396264040133e-01 2.486460426302110061e-01 4.066451937198020117e-01 4.593938961796800169e-01 4.620156286674990120e-01 2.360006893740859979e-01
3.267107810157670045e-01 3.433392886594709981e-01 -5.047026665120889904e-02 4.104634150252349789e-01 6.541268237593500512e-01 2.736592708910580082e-02 4.841599210370600148e-01 7.596304385111199986e-01 1.000000000000000000e+00 5.042479717415619955e-01 3.355151474120819932e-01 5.477694058785690379e-01 3.620320263863879839e-01 4.024797329409109947e-01 5.671711932274470236e-01 6.127660449863030490e-01 5.451986351232770422e-01 5.630057258030259915e-01 3.751723529833679849e-01 6.603700119815859582e-01 6.694516836599709864e-01 4.836517325580609872e-01 4.308004323353979981e-01 5.953680963731250442e-01 -1.433388692314840028e-02 3.686241630738429920e-01 3.511165192079430120e-01 4.852557773010660047e-01 1.786554273231099887e-01 3.143287749093650052e-01 3.873575986164840002e-01 5.049734645275689715e-01 3.216238227147850126e-01 3.475279032798910261e-01 3.395400323600770154e-01 6.611050659746060543e-01 3.371915457957200268e-01 3.220773267871980261e-01 2.258154415081859989e-01 4.773666377599560251e-01 2.716522038542060202e-01 8.804243763017399749e-02 4.231592222050529761e-01 4.980779925744889813e-01 2.982053387791029908e-01 3.873309432217880155e-01 3.165625814139779726e-01 2.643004509057290119e-01 4.174687730505570182e-01 6.485507679439369566e-01 2.662172117372760272e-01 2.504709358105819961e-01 5.591327648884719670e-01 5.593770873728529658e-01 2.571884758745629843e-02 3.849645114670030011e-01 6.109243193421429741e-01 7.500355924630089932e-01 5.252865940682990287e-01 3.148735553150839861e-01 5.459844206797590527e-01 3.593989631484050262e-01 1.043858876105940026e-01 3.983278605757319957e-01 2.665743453373000116e-01 5.470565003517809943e-01 4.730774228026620176e-01 1.488267336700400123e-01 3.682073422460599987e-01 4.661153088251899779e-01 6.396586652674739470e-01 2.376346977906249880e-01 1.546735066858269947e-01 4.616311626358989839e-01 5.901987400197690192e-01 2.451738221572999921e-01 3.536207277265430160e-01 3.783914131440260231e-01 4.710549403842589911e-01 4.256652582293780074e-01 2.838651170772090171e-01 1.905220985812330070e-01 3.412611121509990242e-01 2.114484170994870016e-01 3.041294197132199950e-01 2.232468193757740083e-01 3.917601424655199893e-01 5.391758218091819987e-01 7.356668445515910371e-01 3.178107158658790010e-01 2.855402450023269978e-01 5.741583084188949665e-02 1.210214618462019942e-01 2.417123247361070010e-02 4.025946533686869944e-01 4.743291881455969916e-01 3.809970631847239830e-01 2.772477096432490185e-01 1.021321774457539938e-01 5.852170116176850234e-01 1.625894297837849889e-01 -1.569470944497879938e-01 1.604566980440899904e-01 2.114316218633039979e-01 2.771177253191819956e-01 1.998418156110380040e-01 6.450870145779999398e-02 2.740764791160209962e-03 1.318744583739820120e-01 -1.228355987886169953e-01 3.965354402659970190e-01 7.585409263522090162e-02 5.864440108128450291e-01 5.802118549860389995e-01 2.629900059680380098e-01 4.748487154838150204e-01 5.775258358239400147e-01 5.971388866677660445e-01 2.328893110146610101e-01
4.133586872854300154e-01 1.714881926994059891e-01 8.993860898522909597e-02 2.757571504642030158e-01 4.979227950348780185e-01 1.048225845442259940e-01 4.223658599875450004e-01 3.273482904123840020e-01 5.042479717415619955e-01 1.000000000000000000e+00 3.951020541789679874e-01 5.264097288746439895e-01 1.725448123043339943e-01 1.253554671060000125e-01 3.784341699159879946e-01 4.280912877322999854e-01 4.391419474023590119e-01 2.311342626159229863e-01 1.187095149730170024e-01 3.382764445667250097e-01 4.945031234230179984e-01 3.914872447622430029e-01 3.277149735101119732e-01 6.838536105992240044e-01 6.706982239803800649e-02 4.873133427284869756e-01 3.639279155672959787e-01 3.785272424650180101e-01 8.065645183512949734e-02 2.590364527291210139e-01 2.166482124021170130e-01 3.775676571275070059e-01 1.919375097650889983e-01 1.992974523198660086e-01 2.546280882874210061e-01 4.550549197368770060e-01 2.540448110722999808e-01 4.367753687529969953e-01 3.382208602892959881e-01 5.805110088902110110e-01 3.040407224858490132e-01 6.623074942707679602e-02 3.675248478632799909e-01 4.231248329756239768e-01 2.555910877807109904e-01 3.206293344396879963e-01 2.854408043438629861e-01 1.710009693105050133e-01 2.627347795606109759e-01 3.876968361966289800e-01 3.211836280071689864e-01 3.259805725720820169e-01 5.462267592294209884e-01 5.314361346569780320e-01 1.876247681207469931e-01 3.887298594037990052e-01 2.508556581543340269e-01 3.700911155887510184e-01 5.733259411396529615e-01 3.707339022798499806e-01 5.103964909663939453e-01 1.460492478143199935e-01 3.841870491067579663e-02 1.571662101917080112e-01 -2.031189369162179903e-02 3.630215123305359781e-01 4.058757298253999890e-01 2.406466057630559947e-03 1.477338065373189901e-01 2.436524192612339879e-01 3.989377333571190176e-01 1.753468772628130057e-01 8.469187762473240344e-02 5.279354506236250133e-01 4.535067533272509888e-01 2.904385127337539840e-01 3.296693014710839753e-01 3.439704391355379864e-01 3.212304082600089816e-01 3.116647977129319846e-01 2.253311127637649958e-01 2.132926323924380085e-01 2.638932908102670227e-01 9.602096154471209677e-02 2.992040042781050069e-01 1.680694069048939976e-01 2.793657376713790108e-01 4.261771919523050234e-01 5.375798451214599538e-01 2.444303683107849900e-01 2.229291181419839896e-01 1.385014296593010119e-01 2.767246455067450261e-01 9.048189582424789879e-02 3.176259248947649882e-01 3.697529103596640110e-01 2.646010611801890011e-01 2.043360829730530015e-01 3.983604099904149848e-02 3.402596491632379760e-01 2.442346453964319986e-01 9.023917504766139353e-02 1.238544984976529956e-01 1.081748772178569989e-01 2.977185508843350203e-01 2.969104004400520136e-01 6.868626503692870644e-02 4.207551753471199668e-02 7.971575015351249627e-02 -1.809359362583939923e-01 4.168965869429590021e-01 2.614107159714399928e-02 5.305924219062819747e-01 5.988862864103879913e-01 4.966175741483089823e-01 5.256109801731789766e-01 4.767446653244319932e-01 4.960570697624659964e-01 3.918884695621649983e-01
2.534981516028310122e-01 1.042718208949300063e-01 1.281075134166810015e-01 2.617230326032849927e-02 1.732277495321619953e-01 3.719866850483340148e-02 2.079746633503140041e-01 2.248020705813260078e-01 3.355151474120819932e-01 3.951020541789679874e-01 1.000000000000000000e+00 5.609939527454670394e-01 1.521500978418960093e-01 1.542251974814959903e-01 2.584308449533649910e-01 1.615301999947640066e-01 2.653945196195149903e-01 7.364003737286059503e-02 1.350454023203440101e-01 1.016344365231289931e-01 2.259298274709440058e-01 2.159413008880559925e-01 1.734508804811130123e-01 2.841838234634559979e-01 -8.118558350748160402e-02 4.327480351179590068e-01 -7.781046431956429622e-03 6.149232327923429692e-02 -8.672738331816740032e-02 1.661800801583339926e-01 1.267106364535640073e-01 2.814743988292899846e-01 3.962586842653589847e-02 -5.159750289617649754e-02 1.055328569405379960e-02 2.037318705069640079e-01 -4.839009890552749965e-02 1.051263495887549943e-04 -1.385539259531000100e-01 1.838836942047870071e-01 2.903757693886520157e-03 -1.611989994213990085e-01 2.899511690614040016e-02 2.000198890432569876e-01 3.648442324014999905e-02 3.293060442681609856e-02 5.087872999437609983e-02 3.026691163615989957e-02 4.820150285161050041e-01 3.217579077190410031e-01 5.880549000602310061e-02 2.501931927317869730e-01 1.521519227648590045e-01 3.144078785953789978e-01 -6.055403420637089917e-02 3.554075847190730220e-01 1.602099818828159883e-01 2.878609068648639857e-01 1.494692004652040107e-01 4.322140135970199970e-01 4.324806608585810008e-01 2.098105113398390092e-02 4.286224409141459885e-02 1.497488086803860086e-01 1.462925396190050131e-01 2.591650965656209782e-01 1.967325586931789883e-01 9.124261949148830542e-02 6.034141035187499946e-02 5.271325068549789772e-02 2.127072106576040067e-01 3.015139959374580139e-02 -1.495567449428860003e-02 2.327814859043509932e-01 2.062834748670250018e-01 1.413653949869159987e-01 7.793004995881219754e-02 2.091201114648809922e-01 1.511453239105149948e-01 1.071919545251230066e-01 4.790240582195130076e-03 2.904652391032510120e-02 -3.096753669817060156e-02 -1.730721199391720144e-02 -4.960113543680759636e-03 -1.580055159165600145e-02 1.003755981493889976e-01 8.188505644478340229e-02 1.848821007534370009e-01 7.760287382194400174e-02 -1.107388008840289994e-03 -5.163992680957159645e-03 -9.764388148547299695e-02 -1.481041813643370064e-01 6.834556939106410656e-02 1.678577858442809878e-01 3.890287065722779908e-02 -8.059663521019510418e-03 5.850408295422519778e-02 3.812170682627279983e-01 2.369577822192490135e-01 6.275449547233000192e-02 2.078467693357559931e-01 2.525407673569550204e-01 1.851607140201440016e-01 1.735893672795519871e-01 2.282443424953700117e-01 9.427019604380269813e-02 9.551611464177579619e-04 -7.047382153169090557e-02 1.444044498930180109e-01 -7.069667273227249471e-02 1.621606883832490131e-01 1.598724015547489941e-01 1.560466132538350092e-01 2.220436467031859928e-01 2.160843121293709868e-01 2.879628168755870021e-01 1.246774436956159943e-01
5.126606432381679568e-01 3.793705156161329972e-01 2.779340563827329968e-01 3.823573484072120277e-01 5.298100080390399924e-01 1.878471753851859993e-01 4.804170145380809998e-01 5.113173696592080431e-01 5.477694058785690379e-01 5.264097288746439895e-01 5.609939527454670394e-01 1.000000000000000000e+00 5.264637578696109710e-01 5.155995309112659797e-01 4.610878878509839796e-01 4.656908655968730049e-01 6.526161543796670239e-01 4.744538398991109962e-01 5.796172326256260332e-01 4.354412682946159907e-01 5.333378508528719975e-01 5.951053877446810247e-01 4.423136126556779790e-01 5.407880611305050378e-01 1.193646266856849963e-01 6.256228042590009641e-01 2.573072033563379990e-01 1.769402827307569870e-01 1.482084313690670008e-01 4.145295744466109822e-01 2.438901856937470136e-01 3.180064581582159877e-01 2.100616311045790108e-01 2.714724107097850059e-01 2.784705844707999756e-01 3.639697679914459805e-01 1.421742293786960043e-01 1.360447708142659973e-01 9.017763130184569542e-02 4.385007491617959885e-01 1.102767258680849988e-01 9.276772963482489420e-02 3.159432792773210208e-01 4.062562418753180027e-01 1.814189225153290119e-01 1.932486057615379893e-01 2.533096903280360190e-01 2.242262871663789903e-01 4.215317320345809970e-01 5.019389125604289958e-01 1.720524045208950137e-01 2.952233021234439980e-01 4.156396271495609862e-01 4.205351086550679907e-01 2.369361997034790113e-01 4.626636036957029741e-01 4.722850421053910175e-01 3.542413395959340128e-01 4.546526354132939818e-01 2.180071668789489991e-01 4.514641212922310132e-01 3.416246865087260165e-01 2.359687717904009885e-01 4.001269963973920207e-01 2.434142154901590138e-01 5.749132316851279789e-01 3.207727708058629723e-01 2.850300451186900119e-01 4.751325381885719845e-01 4.770062856988109834e-01 6.428506647758209791e-01 2.015035849564930093e-01 2.320925903494809872e-01 3.380792540843839955e-01 4.781862234495969921e-01 2.321780852689009911e-01 1.825477192874359889e-01 3.562104916585149827e-01 3.283984264464629987e-01 1.991057694687720092e-01 2.942872102008590174e-01 1.873417510448429912e-01 1.506462107795059902e-01 1.207264218526670069e-01 1.894114484108040120e-01 1.347113125855549931e-01 2.283455602958290032e-01 2.950041749368240152e-01 5.643656377871849594e-01 2.080030647131320132e-01 2.037367890042990071e-01 1.339114332792090134e-01 9.228819156012990632e-02 -2.919065529584259980e-02 2.685342551464299787e-01 3.209613929672889832e-01 1.779230586973399864e-01 1.652770335936759871e-01 -5.169213431325660191e-02 4.176377715562269999e-01 2.384121805463229882e-01 1.237301590176950045e-02 2.822457379597559934e-01 3.610743043600019714e-02 1.276803036366400135e-01 8.463664399890540035e-03 2.923861895010059775e-01 2.645567881520169938e-03 6.569357296277519853e-02 -1.278199997810630095e-01 3.178796534413200203e-01 -1.420039867849819948e-01 3.659007384126130025e-01 3.558902400741280059e-01 4.265005564540689798e-01 3.373935483923810041e-01 3.231293146692720275e-01 3.415405852828000133e-01 1.452774986249129874e-01
1.936861603102709994e-01 3.528404907455849893e-01 1.999355295780380071e-01 4.216275605584319797e-01 4.705852436709629938e-01 2.697602177929649958e-01 3.764014975326639978e-01 4.951592513930139772e-01 3.620320263863879839e-01 1.725448123043339943e-01 1.521500978418960093e-01 5.264637578696109710e-01 1.000000000000000000e+00 7.529313747266399570e-01 5.722687627807400146e-01 3.733051568469319959e-01 4.737658620267879983e-01 6.383367152786429966e-01 6.296304733080190230e-01 5.510216373850439497e-01 5.298942552389169780e-01 7.146907152304600164e-01 6.870008543295069714e-01 3.610546434260299975e-01 1.792799704236940073e-01 3.164527571041779730e-01 4.272708135842689936e-01 3.619413948709879758e-01 1.630780419173619988e-01 5.489950994843170173e-01 3.481695799230249966e-01 3.395933804794589728e-01 5.123024610458130068e-01 4.726210674390979860e-01 4.914629786617389917e-01 2.294032945710909877e-01 9.189999231030819560e-02 2.931026294657539943e-01 3.408624800218569839e-01 3.215068323073069778e-01 2.462722331966399891e-01 2.515532780147169967e-01 5.149711750688019674e-01 4.173772520252240215e-01 4.393190418870440150e-01 4.050174206818770162e-01 4.581324323995920045e-01 5.476102899229610133e-01 1.701900267739110129e-01 3.287972783518030018e-01 2.943556284167960224e-01 1.982307831859820013e-01 3.082637722392079782e-01 2.100324450463759984e-01 3.199566751830790201e-01 2.369952274572899864e-01 4.036989803600580240e-01 7.619972422455849326e-02 4.903407237433299870e-01 1.172227882905639978e-01 2.110809119382479893e-01 6.245690752318370231e-01 5.440970782112070081e-01 6.814640433706820044e-01 4.093420003746129909e-01 6.225303664844650253e-01 3.195064408941559742e-01 5.252790534247290255e-01 6.258854789644170413e-01 5.999126130309090366e-01 6.203295153539100104e-01 4.991293937654099899e-01 5.533666962004529788e-01 2.922543703011660221e-01 4.377953308817599809e-01 2.862831822426959993e-01 2.237437108603289870e-01 5.254615435200069573e-01 4.350732975645639766e-01 3.731627162489959959e-01 4.898353578628389937e-01 4.672480257915809787e-01 4.432865289944910026e-01 4.161365391144289938e-01 4.321225704562869918e-01 5.109701562022339605e-01 5.444958183092830223e-02 3.942722706367889907e-01 4.326706053131539886e-01 3.987916081887220021e-01 4.156691950401569802e-01 3.566982482548790023e-01 3.420244793146690054e-01 3.230215766242109932e-01 4.660662308503549789e-01 3.220499944653589797e-01 3.941379363636500210e-01 4.849377655571079915e-01 -4.002275894289369917e-02 3.407601017375310182e-01 2.704181189148009978e-01 2.053387291582019908e-02 2.303460138412959934e-01 -2.372331705817160019e-02 2.598664687983399946e-03 -1.445217640093439948e-01 1.929602860716470025e-01 -1.024167269358040033e-01 2.971123983852539951e-01 5.911240508706430393e-04 2.186852034876909934e-01 -1.345966519908229908e-01 2.825784408706409900e-01 2.351580434450840085e-01 3.374359972364819882e-01 3.442377199363210183e-01 3.053273087911759776e-01 1.682928365032370088e-01 9.759448858126959503e-02
