1.000000000000000000e+00 3.044217090401339920e-01 3.154278725886339729e-01 4.667801899548880140e-01 2.192968044941550065e-01 -2.960592752700910157e-01 8.900245822289820641e-02 3.073527533404170065e-01 6.188587365513860128e-01 -4.750415795869130098e-01 2.908657810907109842e-01 -7.855599984413549897e-02 4.319961839826669814e-01 5.639630899200270137e-02 -2.784108779761469976e-01 8.446492082645129518e-02 3.687050600937650247e-01 2.832677234222290008e-01 -8.953168978522070554e-02 1.462013605522760051e-01 -1.859571613977940019e-01 2.686671803916390044e-01 -1.526966534280080057e-01 3.377701197498779728e-01 -4.607557818135369909e-01 -3.184229159851220126e-01 2.708101686185500068e-01 -1.181384237603359949e-01 1.370480855825310096e-01 -3.476599818836180189e-01 3.077438110232330049e-01 3.292029806112100054e-01 1.282196257868609968e-01 1.709609500587519829e-02 4.035457110994020158e-01 3.484809728256699768e-01 3.933804867952629958e-01 -6.368046534841280415e-02 -3.786901897527499838e-01 1.415500594500299913e-01 5.650178375960670518e-01 3.700854886645910113e-02 -1.635334251944010053e-01 -4.631487649474330115e-01 -1.175114022766600014e-01 -3.692146351650860137e-02 1.434031249896189908e-01 2.048683772382859855e-03 2.169339903275870063e-01 4.015748155571119971e-01 5.443886937756110544e-01 3.738536633928919994e-01 -1.188802356850029995e-01 -3.817892954080009948e-01 -3.985875489320879761e-01 4.917575728508910005e-01 1.864720865859879895e-01 3.065605703464979737e-01 -4.930605878955650057e-01 1.507906688149270036e-01 -1.919322924084669937e-02 -3.060741156377539893e-03 2.109974904355189917e-01 4.358578506036470124e-02 4.748255421289719891e-01 6.802121708989150584e-02 -1.256432767088860036e-01 -2.628358483554599778e-01 9.742141565996530195e-02 8.387019767906810086e-02 3.444653455929420072e-01 1.173692925188730002e-01 -2.527044266365740047e-02 6.958421133645599499e-02 1.646974676382509939e-01 -5.408789719769929727e-01 -1.985226416981019926e-01 -2.340095005532039918e-01 2.974321207278540213e-01 3.680895159713549747e-01 2.170455285238200027e-01 3.240146992820089888e-01 -3.219875013832509958e-01 4.548731719248690075e-02 -5.226541813929409808e-02 -4.761744424182320218e-02 3.431924591205069985e-01 1.436570238222789966e-02 -4.190625022276919798e-02 1.175021795635649985e-01 1.497189200490730010e-01 3.424746018702740091e-01 -7.009349844601360513e-02 -6.310985535657849532e-02 -2.517101364315270096e-01 -4.696204085525180205e-01 4.948039288217329773e-02 1.611874747368799987e-01 -1.310224946051790074e-01 2.178053362056439901e-01 5.773160380918570533e-01 1.821329454752119992e-01 1.680051567768220122e-01 7.759868373878460457e-02 -2.855109643219659876e-01 -4.853867021363459933e-01 -2.888208837563089881e-01 -1.868827981629800072e-01 1.706364271609399907e-01 8.624008381974450355e-02 -8.361953005563389774e-02 -6.928495473399060023e-02 2.175674228116900033e-01 3.417006470586909928e-02 2.777148856998359894e-01 2.478842926393320101e-01 3.391343412937750101e-01 6.735585632278969781e-01 5.363525384796170165e-02
3.044217090401339920e-01 1.000000000000000000e+00 7.647162861621109586e-02 2.480607618038259965e-01 2.551731506031840180e-01 -3.433182678533560073e-01 -1.045231011174879987e-01 2.550282038384319994e-01 2.728484439543890083e-01 -1.675646603469179985e-01 -9.024119119525180269e-03 3.874542313426899975e-02 3.853066931269959888e-02 1.424854871648220112e-01 -1.979159019553489995e-01 2.979010796673809969e-01 1.147978121114199973e-01 1.876275276681320103e-01 -4.454941408934839919e-02 3.310946776600759978e-01 1.023200176207000045e-01 8.438181056610319364e-02 7.719954674570529696e-02 2.258658375630190063e-01 -1.119781245478519982e-01 -2.395074684405200105e-01 2.168780904342590132e-01 -1.113323545456599978e-01 -7.633550474305189626e-02 1.077788429762489980e-01 8.147986724180029949e-02 8.526022938987440347e-02 9.042100596474270113e-03 -8.238084225942769734e-02 1.509533306482269965e-01 1.526900831394270019e-01 4.615314156498599718e-02 -9.994589975927569564e-03 -1.244501149050220024e-01 3.085189965715679980e-02 2.290726176449990048e-01 1.309625862267350116e-01 -5.297373086660060043e-02 2.844673282636860090e-02 1.616300972388400037e-01 1.389146365541140127e-01 2.054137282186369873e-01 -4.812363729917969873e-02 1.325462490400949878e-01 1.265252167832950081e-01 2.820602236604289881e-01 2.175576740871920101e-01 8.169384462791670631e-02 6.586158064285760338e-02 -2.320549898287730117e-01 -8.915366061379040308e-02 1.751347766916669935e-01 8.702967293888839995e-02 -2.159909607444449875e-01 -1.324125407253400055e-01 8.445866304176520567e-02 -3.307714998809589690e-02 7.423618218269719890e-03 9.949816160280240684e-02 2.135698170451360012e-01 -2.075153746375749952e-01 4.956582707908369773e-02 -1.737179433837789944e-01 1.218546234505349934e-01 1.294506864058329876e-01 3.194678686857739813e-01 2.658830755964250100e-02 -1.730698141894590134e-02 2.142038014321100137e-01 2.028297265892690104e-01 -2.106461568318880040e-01 -2.071078496483000075e-01 -1.431720787598670108e-01 1.539770827294290045e-01 9.497737007386669594e-02 8.000163613190780509e-02 1.004884220249910032e-01 1.064665694714290040e-01 2.228333777989900122e-01 1.318941294410410081e-01 -9.776904648045639523e-02 -8.099668788963499538e-03 3.592064744681799926e-02 2.214841271580890100e-03 5.064501347503670009e-02 1.115666699487150026e-01 -4.218270965433770087e-02 -1.209274715665600020e-01 4.403364271741699865e-02 -1.243611930846120067e-01 6.340451805925030604e-02 1.134939857580569977e-01 4.564962957571579855e-02 9.663548854846029657e-02 9.607148815625270177e-02 2.909079237156390052e-01 1.275227891116569867e-01 9.337709927165320500e-02 3.766910344202219901e-02 -9.303426593937809408e-02 -1.464885788273529998e-01 -2.313947640011490003e-01 -2.321664676883969936e-01 -8.245319376075720130e-03 8.943447249137520538e-02 -2.029156322085820096e-03 2.141155402468520111e-02 1.603734670197649870e-01 1.376196106969720077e-02 2.811587368097400175e-01 1.209076230529849971e-01 9.028890663375889469e-02 3.082666196411970039e-01 2.942502639878019979e-03
3.154278725886339729e-01 7.647162861621109586e-02 1.000000000000000000e+00 8.939529903311549397e-02 3.886225293332670194e-01 2.473240315437759962e-01 1.063395713160120021e-01 2.070458064766849959e-01 1.275187067380869899e-01 -3.354030278868790071e-02 -3.110021755763369908e-02 2.598854791905899977e-02 -1.227472455227290038e-01 3.409436653338069889e-01 2.129177274638910100e-01 3.067984010891939839e-01 -8.345398994165009743e-02 1.798523459406849989e-01 -2.301756652133639947e-01 1.089710396878799947e-01 4.132120687266410131e-01 -5.318179743996249986e-02 3.451823271342839838e-01 1.409324030156439977e-01 1.623436500715610131e-01 -5.761066287811429654e-02 -8.041975364736260456e-02 -1.482016311664129948e-01 -6.790936905075430075e-02 1.132493399792350031e-01 3.047270448468299975e-01 -6.524306795236979595e-02 8.889868886942869919e-02 9.295155269086169403e-02 3.162738317909299934e-02 -1.147846055400889992e-01 1.562374925916739932e-01 6.319496823078700476e-02 2.349883434395799997e-01 1.108495580466979935e-01 1.018677674916080023e-01 2.835376084429260257e-01 1.757488525606580032e-01 1.554162335128959904e-01 1.650183966922549872e-01 2.700513454845829830e-01 3.268905340723640141e-01 3.055813686078540092e-01 5.208047642405540245e-02 1.044486667165459987e-01 1.782084124358850052e-01 2.641006167585310260e-01 2.530314397057790154e-01 1.263252682453389897e-01 2.833173168043889856e-01 4.053169808131260043e-01 2.895114073845759806e-01 1.002637530922849962e-01 -3.176761126964339904e-02 1.844180391602040156e-02 -3.776738720047689846e-02 -8.931915222020520018e-02 1.293186840177369956e-01 1.904658765089030092e-01 2.851306973227830110e-01 2.283280967254019966e-01 1.569733877002290057e-01 -1.259422698538039953e-01 1.891911996131830087e-01 2.344987458649329948e-01 2.904860151701820214e-01 -1.339986699381190138e-01 2.833891494368480091e-01 -3.737182801331850185e-02 -4.347964964875299793e-02 1.420275133248850019e-01 1.515968537176129970e-02 1.690139237135269978e-01 2.978812157582579889e-01 1.633561546885289872e-01 1.112830791394729957e-01 2.438585849652969983e-01 9.413274722353630330e-02 3.772698428338579907e-02 1.480537843001419884e-01 2.785312236779909911e-01 -4.307654923607880104e-02 -4.740079538057150044e-02 1.055377039701450026e-01 7.789485095839239481e-02 2.143243942152590065e-01 2.533865095035299775e-01 2.867998985567840053e-01 2.432612290479750083e-01 5.647934058543779834e-02 1.155090101326560065e-01 2.092234623583530129e-01 2.628104499506370151e-01 1.269594044278750111e-01 2.674479901674690074e-01 2.471482948995560036e-01 2.553837595294979890e-01 1.929015485503589866e-01 2.659283632261740249e-01 2.574249308277339887e-01 2.369926444118140019e-01 9.316435154596759693e-02 2.279260641534660084e-02 1.011759996079329982e-01 1.795474906346580107e-02 2.562365382600479968e-01 2.342576337802000086e-01 -1.551876970847400061e-01 -1.756956676631200032e-01 1.346067714340140054e-01 -4.673248545609159921e-03 1.736619788836950007e-01 1.689467669183989940e-01 -8.511671380497140560e-02
4.667801899548880140e-01 2.480607618038259965e-01 8.939529903311549397e-02 1.000000000000000000e+00 2.824354877194529823e-01 -1.301475735952410118e-01 1.286959163351980018e-01 3.233190964686800117e-01 5.445590430756229727e-01 -9.184339483977389806e-02 2.146250134162240031e-01 5.726776122612080300e-02 4.713397499312529937e-01 1.375778625694299984e-01 7.446520246286029640e-03 -1.282705232414050045e-01 3.930320701991519838e-01 2.612842316825029765e-01 1.532142928239339959e-02 2.251372452325759999e-01 -1.454353360809620133e-01 3.493206678784169794e-01 -1.995947290440009958e-01 4.618511061990420163e-01 -4.101447590713480085e-01 -1.013855813080820067e-01 3.437810259130599788e-01 2.027305088334759864e-01 2.043939555740690028e-01 -2.569588966504000038e-01 2.650370902509669932e-02 2.800011669077620002e-01 -4.819883571048819842e-02 1.440189779207609877e-01 4.163519135881810218e-01 4.229873817835639871e-01 3.304611399037479802e-01 3.949874662666800346e-02 -2.353792124141450004e-01 1.648157037935059910e-01 4.450660182973840140e-01 -1.273662059661120061e-01 2.983650881931770166e-02 -3.396523721937729778e-01 6.033586944844210320e-02 5.434383879134759704e-02 8.707166156319330608e-02 -3.291635847772710066e-02 2.159854443705560012e-01 4.100108037845909825e-01 3.654854956238999808e-01 2.994631332483850272e-01 -1.748343725179909991e-01 -1.888985679967219999e-01 -1.255270558747680065e-01 3.065366255915329963e-01 1.769897644449190122e-01 4.872474704783409938e-01 -1.623063277850450015e-01 1.571369706858549986e-01 1.936706031341129952e-01 2.741378028109309750e-01 2.730895788002010161e-01 2.638139024703080038e-01 3.357276333874419927e-01 2.722911197368509950e-01 -1.928408461474619973e-01 -5.093627349180949657e-03 1.143054393998129969e-01 4.633351342985529697e-02 2.549689028814259850e-01 3.954005336711139962e-01 -7.215692567648640532e-02 9.647483877645940398e-02 3.845720989370299825e-01 -4.233837754613409832e-01 2.799029114507330107e-02 5.341182926816009924e-02 -1.931243797187080086e-02 3.337722003752199851e-01 2.929078507480210036e-01 2.381739517789449867e-01 -3.291365059187829900e-02 2.824210084674870155e-02 1.822492647140329936e-01 6.542058984503290597e-02 4.441568349952380035e-01 3.267126412167369875e-01 1.706555235010610017e-01 9.045733981753339981e-02 8.167496219376549349e-02 1.008749423552320057e-01 -1.808452499419299919e-01 -2.002284517734790048e-01 -1.035841044707619951e-01 -1.900068489660420024e-01 2.780607179098700255e-01 8.956739227624470334e-02 -1.762389447345289947e-02 2.504144683029200236e-01 2.914478675667099838e-01 1.016910837700519925e-02 8.195252970288059713e-02 -1.850751595057570018e-02 -2.339212280199690075e-01 -4.248724821757309811e-01 -2.309238790683980080e-01 -1.913791813817040111e-01 1.090964696884649948e-01 8.013564130365019925e-03 -2.269377179476159967e-01 -2.412310020873900118e-01 3.624249532674779783e-01 2.532418319211410251e-01 3.173956026291659960e-01 3.223787748184410162e-01 4.037371479544989983e-01 4.451231136726909732e-01 2.826989496142819913e-01
2.192968044941550065e-01 2.551731506031840180e-01 3.886225293332670194e-01 2.824354877194529823e-01 1.000000000000000000e+00 2.531159345024769913e-01 -1.653050257941849829e-02 1.405767911652349988e-01 -8.063380432963669631e-02 -3.131053296470039937e-01 -3.318133089012609838e-01 -3.192014231765890053e-01 -1.602364518264789983e-01 2.043536003258779876e-01 -1.376139115836640114e-01 6.177551283316400355e-01 -2.340522727626019872e-01 6.278100814202999813e-02 -2.399705355702499987e-01 1.415604931623390128e-01 4.832002782306299982e-01 -3.608060672158819870e-01 4.691742574231599905e-01 -8.823819051966849680e-02 3.370105230791500261e-01 -4.358233367120409874e-01 -2.502133011446269761e-01 -3.464742241459690120e-01 -2.306173822670969931e-01 3.113899771289599938e-01 5.093057850809280529e-01 7.145189323424459837e-02 1.010141895014169955e-01 -6.593878716501980208e-02 -9.694333274700560332e-02 -3.210235988539110186e-01 1.793332391420230168e-02 2.015935556221560010e-01 2.982198969945130118e-01 -1.743951929560829880e-02 -9.751509284120229992e-02 5.605382780262919695e-01 1.433869079447900041e-01 1.469285946328839909e-01 1.819685003200119944e-01 4.175054157976729741e-01 3.715200326891009985e-01 3.814876479583320101e-01 -9.408156660620320411e-02 -8.863719450649409914e-02 1.080648666823200016e-01 5.145474417954000179e-01 6.170900702802789572e-01 5.336570664915729623e-01 4.232846213706840111e-01 2.497627966402720112e-01 2.323318049718370026e-01 -9.230030756198100150e-02 -3.643401559035480131e-01 -3.216438617794710186e-01 -3.349123958293089842e-01 -3.994129511369879926e-01 7.978710258694929336e-02 2.024547264990159967e-01 3.582309838817769876e-01 2.812556465819720034e-02 -4.423335471266189728e-02 -3.803611367887739791e-01 -5.321062353313239790e-02 6.048173780973269825e-02 3.266014426338260113e-01 -2.898542842896880134e-01 3.665683357730459835e-01 -7.827291625212169646e-02 -2.186755735853060101e-01 -5.170159298313310031e-02 -2.363590949655020035e-01 -9.208346552331830512e-03 5.868792787291720048e-01 1.933125925398830047e-01 -2.180592419991189967e-01 -2.995446977218739829e-02 5.440904583241169823e-02 -1.026035584815380014e-01 6.990327926055110372e-03 5.404954394996840106e-02 -2.384910881383220105e-01 -3.744447230859530018e-01 -2.164647369406960120e-01 -2.770471983730299903e-01 2.956608159481040055e-01 3.885669030991930062e-01 4.042439828585279726e-01 4.327730707687190148e-01 -2.655718186831330097e-01 -9.287343229255699828e-02 2.507663130007840024e-01 1.609231162698399886e-01 2.066055205976749867e-02 3.804434780272009792e-02 5.266069913050209772e-01 5.607044451430089893e-01 3.075914332402189810e-01 5.353467213222169452e-01 1.441839170120139957e-01 2.029668303471610091e-01 1.112175105868860037e-01 -6.070636769095420077e-02 8.395282864797200262e-02 1.069172894850659999e-01 5.478378250905280300e-01 5.341773528434929919e-01 -3.604993477566150184e-01 -4.840544491715649822e-01 -1.123341736039459998e-01 -2.594837683719309895e-01 -1.672218109916510098e-01 2.647158906175799964e-01 -4.223698711678219864e-01
-2.960592752700910157e-01 -3.433182678533560073e-01 2.473240315437759962e-01 -1.301475735952410118e-01 2.531159345024769913e-01 1.000000000000000000e+00 1.671368340971949862e-01 -1.257756099409670092e-01 -3.085084917492880163e-01 2.230589225649450003e-01 -1.340375140964449874e-01 -8.980105180918819541e-02 -2.802510206331400022e-01 2.841813677942929828e-01 2.458122440635290007e-01 1.338285417676720046e-01 -2.931771231323819782e-01 -1.095645738366470001e-01 -6.490397796022459587e-02 -1.232678301186260067e-01 2.633790098119769829e-01 -3.068530566515840219e-01 4.784310433252810246e-01 -2.470919019502519909e-01 5.800905533458330376e-01 -4.499240277631130075e-02 -4.510877890406619906e-01 1.137775932289599931e-02 -8.620452797012130575e-02 3.791015687708739756e-01 2.154504374829870061e-01 -1.463996079811890061e-01 4.390045653158480138e-02 9.000504584208590675e-02 -2.429774648206780019e-01 -4.421745064421909732e-01 -1.699433524955590025e-01 3.785599825735430080e-01 6.020038788223890380e-01 1.947697139194400073e-01 -4.381952682916699926e-01 3.721551309507299954e-01 3.044605599336610013e-01 2.822850495247229974e-01 6.462491936277210691e-02 2.347624164738240093e-01 1.162894082120389944e-01 3.367692784841290199e-01 -3.129751662527890249e-02 -1.853040606037109905e-01 -2.620840021043480128e-01 -7.723061207817100149e-03 3.629550181545619925e-01 4.536573267075639793e-01 7.396457190320979702e-01 1.978436890678030025e-01 -2.179759711266290173e-02 -1.923885189714999999e-01 1.759165041629240089e-01 -2.463439233011660012e-01 -1.531063377829380012e-01 -1.310129102872880091e-01 -5.672291980089450014e-02 2.203367905481309896e-01 -1.081035019541569941e-01 2.780831165853259734e-01 2.944291671857430029e-02 5.290473496662549679e-02 -7.507688069917499429e-02 -9.397940014942300635e-02 -8.608590419245930325e-02 -1.783743407164659900e-01 3.578031750175190151e-01 -1.893749047673790042e-01 -1.642247241782469891e-01 3.308735568611400057e-01 1.541478935009789886e-01 3.563005290844170059e-01 2.625185725679879956e-01 -1.297079641226099866e-01 -2.286709688158470033e-01 -1.319151666551099944e-01 1.654510059462470095e-01 -2.160922591825379935e-01 -1.335807529177620023e-01 1.492742565750879991e-01 -2.694751794297630121e-01 -1.179032559311460060e-01 -9.833160077091440687e-02 -2.065633509007930024e-01 6.658521955470220188e-02 2.493018236922240061e-01 4.151948720052630049e-01 3.749959622614760235e-01 6.282231181224620653e-02 1.506009887279030068e-01 4.026637586307860173e-02 1.317207168634509928e-01 1.988724687269640135e-01 -5.446291706147720181e-04 -8.576647902557560377e-02 2.950149598350739755e-01 1.178633773702719989e-01 3.557178437469589727e-01 3.683419847455349783e-01 5.000437783100429856e-01 2.854629241029669751e-01 4.300678980918479916e-02 4.606000654202339895e-02 6.150545934975400197e-02 4.154608116045270250e-01 3.371106477947000135e-01 -3.314858995010560028e-01 -2.953831675493580056e-01 -2.238283869054910058e-01 -2.119487068724389967e-01 -1.294440678056359983e-01 -2.536166997867009831e-01 -2.189217233222000014e-01
8.900245822289820641e-02 -1.045231011174879987e-01 1.063395713160120021e-01 1.286959163351980018e-01 -1.653050257941849829e-02 1.671368340971949862e-01 1.000000000000000000e+00 5.933466503034400263e-01 2.852886601479069917e-01 2.708729126671429732e-01 2.481227569812519962e-01 2.707017442680780261e-01 4.210389551410510106e-02 -4.982716344058599894e-02 1.267582760802359876e-01 7.680599272474020189e-02 3.157500580853920269e-01 5.664739501477900063e-01 1.831691331360449926e-01 3.981955984204409993e-01 9.704619598956569504e-03 2.230370808150720086e-01 -1.243523767621410037e-01 3.703475747433599974e-01 -7.210419877532039945e-02 2.070069644176590062e-01 2.530874925300269918e-01 3.694202031105440209e-01 3.260402798583429962e-01 -6.361625562892189722e-02 5.741747974246039915e-02 1.628317156103339935e-01 4.089997784047509910e-01 5.300799188920569671e-01 4.735437480090000095e-01 3.140525993077479816e-01 2.028405705360389888e-01 4.262766107625570178e-01 1.710907997260019964e-01 6.708676048169830430e-01 3.973542540862510242e-01 -3.751784548206849729e-02 4.081736987053499743e-01 1.337276420637739938e-01 2.918697001508380184e-01 1.089220433983699998e-01 5.944593322272839764e-02 3.538618389940650227e-02 5.569588403725449499e-01 3.303951170764369838e-01 4.025184386397340219e-01 3.524430008012210264e-02 -1.476484141956140028e-01 -1.399755159622100009e-01 2.164009601908929992e-01 1.914360902673880038e-01 6.515782243297829623e-01 3.099053302146679845e-01 2.289421247848650032e-01 1.236128796155799986e-01 2.400854358335380023e-01 4.071092629327949936e-02 -2.787624770805530172e-02 -1.255166153928299888e-01 -5.368549783613949661e-02 -2.379498197117739869e-02 6.470730340936410308e-01 1.363345196584060115e-01 4.658519517599870041e-01 6.346387601693479485e-01 2.651089430113249823e-01 2.940515710568920027e-01 -8.939366336840670613e-02 3.660563057674059984e-01 3.246521855904920262e-01 1.057933203574149966e-01 3.870340133027960206e-01 9.382695981532450380e-02 -1.883124906032630080e-02 1.599491744773390012e-01 4.554727990007749749e-01 6.172550385486930136e-01 3.555992179574180012e-01 5.067985436370719965e-01 4.485033241207059818e-01 4.073952745192709890e-01 3.073288982947099957e-01 3.193289328583779896e-01 5.265333837361400038e-01 5.681553415634179593e-01 2.866585765305090239e-01 -1.936973237839029888e-02 4.619963002263149932e-02 1.632904075836449920e-01 3.368204583396580132e-01 3.845215425673769727e-01 4.011237105574689821e-01 2.416130474206669987e-01 4.738360095280240158e-01 4.311890181108160025e-01 -1.138858074830030043e-01 -7.646078052705239381e-02 -1.514129524224019918e-02 -7.860487879984659476e-02 2.639527656333809924e-01 -4.582573919276349862e-03 8.891563897310619802e-02 5.114032864089339964e-02 -6.365398323699600347e-02 -6.054724999008220115e-02 -1.839782852476030128e-01 -1.750232973728249875e-01 2.940459925043830136e-01 2.900877674748429946e-01 1.308624721340249930e-01 2.893729914527100044e-01 2.193009242211879928e-01 4.994861876367030079e-02 2.510553696057439832e-01
3.073527533404170065e-01 2.550282038384319994e-01 2.070458064766849959e-01 3.233190964686800117e-01 1.405767911652349988e-01 -1.257756099409670092e-01 5.933466503034400263e-01 1.000000000000000000e+00 6.598749390458690245e-01 -4.012757155919599757e-03 1.380416761086080135e-01 1.162628838364399980e-01 2.161750306662889864e-01 1.952358922767810090e-01 1.318427515699990005e-01 4.578631957393809737e-02 3.960006613676950171e-01 6.085933189758639950e-01 1.255547530456870009e-01 5.868099005438950355e-01 -6.934374599066360501e-02 2.867614499487219915e-01 -9.263673084421260306e-02 4.805439301144789899e-01 -3.113052085234310207e-01 -1.252870293472559951e-03 4.514972463462719743e-01 2.779565267341639889e-01 3.610731006902629936e-01 -1.344438504501740128e-01 1.098053158904819943e-01 3.120578872026940065e-01 3.590701588709029890e-01 4.120462105352130089e-01 5.687093014277829761e-01 4.840900461723229853e-01 4.485698496292230275e-01 1.849262907931649991e-01 -8.731306289483209415e-02 5.408961950417030540e-01 6.087125315412049709e-01 -3.016730993547539832e-02 7.506449524926379901e-02 3.120885279288120040e-02 3.348662732901270256e-01 1.762081167915990065e-01 1.767717576794770040e-01 -3.420696273321659903e-02 5.489300170642159582e-01 5.896133840238659829e-01 4.996825095384220261e-01 3.888542601640179730e-01 -1.727381182811409954e-01 -2.358459532433470063e-01 1.752351813964020052e-02 1.838179455801499940e-01 7.886001543858930374e-01 6.645913005735289980e-01 -7.046840801350069683e-02 3.627214597853040123e-02 1.926571075058960136e-01 1.924439459224210058e-01 2.778308740988150172e-01 2.043074326249399997e-01 3.378125087563340068e-01 9.519066844475980449e-02 5.109287641536369717e-01 1.070049092547679936e-01 4.587375696999119734e-01 5.678115020144619551e-01 4.261543752675179819e-01 3.579592789212420190e-01 1.079734115586710036e-01 4.286140868969600115e-01 3.897729230978749793e-01 -2.074496015686879968e-01 3.528636173254510178e-01 1.426018453271369890e-01 1.186104193934690021e-01 2.265114734167870125e-01 4.607623513324720088e-01 5.639783072371490347e-01 2.953030822533430078e-01 6.168829070881689525e-01 4.505238240192440125e-01 3.216646310075599868e-01 4.306903494886190065e-01 3.498758975798320070e-01 5.590001890241049765e-01 5.650727459419609966e-01 2.334574572486149968e-01 6.490356360590580258e-04 -1.333424763427979998e-01 6.302862672019270140e-02 2.082490602938669999e-01 2.297124808633050075e-01 3.831800577205149994e-01 2.588059187813590012e-01 3.863512515067260011e-01 5.558116795372669561e-01 8.982502187267689397e-02 -2.804673532268280034e-02 -2.828621649483760089e-02 -5.222427696652799656e-02 1.132188090454950072e-02 -1.140741419155600067e-01 -5.316619125933730317e-02 -9.679848194486580237e-02 1.083936320088220023e-01 -2.307676029350800087e-02 -2.602028757560149730e-01 -2.369985342257990013e-01 4.319744219510430194e-01 3.283442587009720026e-01 3.074470296599050023e-01 3.705841967975330165e-01 3.344265643718180026e-01 3.944322825386489817e-01 2.575961474557419972e-01
6.188587365513860128e-01 2.728484439543890083e-01 1.275187067380869899e-01 5.445590430756229727e-01 -8.063380432963669631e-02 -3.085084917492880163e-01 2.852886601479069917e-01 6.598749390458690245e-01 1.000000000000000000e+00 -8.502438986984020564e-02 4.891344624221379833e-01 2.614684912932869754e-01 5.944139678692860196e-01 1.270665554593899960e-01 2.418951789556450169e-02 -3.422770907663080231e-01 6.874916020160319885e-01 5.278687570687670139e-01 2.040638607054620079e-01 4.287901937669820196e-01 -4.472330019491850273e-01 6.359867368267619891e-01 -3.932810343934600161e-01 6.062824001548769992e-01 -7.183469812003590027e-01 9.588497745697779212e-03 5.879988473034559737e-01 2.983617395803689898e-01 4.604660225321329792e-01 -4.979978538902070095e-01 -4.326998935282860143e-02 4.582824840262739730e-01 1.277378154032610125e-01 2.996528084842020045e-01 6.858655892222159656e-01 7.507096640149120148e-01 5.492899527945009908e-01 -7.492120131111809633e-02 -5.149640976696689965e-01 3.557876187180190053e-01 8.040347090762649529e-01 -3.567616652916669739e-01 -1.029704370915610068e-01 -3.932157585953269807e-01 -4.750185132899910345e-02 -2.117392862552719968e-01 4.850949647559350125e-02 -2.135334026087530035e-01 5.262233550245799529e-01 7.455683435235059831e-01 5.584439981847499901e-01 3.141702769839619935e-01 -5.098189638589669670e-01 -6.439226025383180119e-01 -3.681745051055190232e-01 4.018113192590799798e-01 4.356646281061529735e-01 7.878048014957540479e-01 -1.613160926914939952e-01 3.262593199944390232e-01 3.958154907329030081e-01 3.977225681408599889e-01 3.295245949990470158e-01 1.748705333311000032e-01 4.499447234023269959e-01 2.356660517118500109e-01 4.390135077219450149e-02 7.163334141016379497e-02 3.622587641919789991e-01 2.523764815647879800e-01 3.443601660810409748e-01 5.809255292693079609e-01 -1.128934227277330060e-01 3.049825200728060182e-01 4.855766611113769837e-01 -5.527249759239369897e-01 1.869851451580629986e-01 -5.447785307953850048e-02 -6.490911542704949633e-02 2.955099554668810247e-01 5.584551353148690112e-01 4.921764221469460132e-01 -1.190019333462069978e-01 3.138547780123779884e-01 1.936327539534669906e-01 -1.267263164503290053e-02 6.800627570849060444e-01 4.349717955710680206e-01 3.869373942230229790e-01 4.767065414719560135e-01 -4.800698023683690197e-02 2.737873059873010065e-02 -3.517020072803079822e-01 -3.606383662078099794e-01 2.869904025585420099e-02 -2.055581063872169989e-01 8.372612985897290305e-02 1.595332256305289909e-01 1.432809878989549923e-01 5.641530432065740008e-01 1.780010507908260098e-01 -1.428017062267240012e-01 -1.089944982343769991e-01 -2.323479846135790006e-01 -3.319836782238150263e-01 -5.279813083414559571e-01 -3.266142125717150235e-01 -1.429522637093620097e-01 6.741577987920049919e-02 9.007509191981849170e-03 -4.972644515763219863e-01 -4.564413950964589795e-01 6.670269358219149680e-01 5.082570944564059889e-01 5.422488115539989550e-01 6.144812693885990385e-01 6.193294116419819639e-01 6.484919039947220076e-01 4.852078879042199810e-01
-4.750415795869130098e-01 -1.675646603469179985e-01 -3.354030278868790071e-02 -9.184339483977389806e-02 -3.131053296470039937e-01 2.230589225649450003e-01 2.708729126671429732e-01 -4.012757155919599757e-03 -8.502438986984020564e-02 1.000000000000000000e+00 3.244190660440620100e-01 6.406712376463770120e-01 4.604847047507489716e-02 1.957896513399139948e-01 6.130166073177070185e-01 -3.808019288225250043e-01 1.562691243014930065e-01 3.298350473028169999e-02 1.702325709688909949e-01 2.573710195020379940e-02 1.406443651507159887e-01 3.048124506617049811e-01 -4.743438314731929922e-02 1.887495935378780132e-01 1.349457759028140080e-01 6.531937738408110095e-01 2.164841981031060125e-01 5.045582885489270364e-01 1.688516520950330002e-01 5.774891106610650221e-02 -5.158300602266480128e-01 -9.511985256580339498e-02 -7.980054512471619621e-02 2.361522964830050086e-01 6.484562120543180264e-02 2.019063981816109909e-01 -2.213316250173290034e-01 2.067101855059879922e-01 2.007300674350550040e-01 2.452584530166309895e-01 -1.006553537760889946e-02 -3.283570065366799851e-01 4.499308028321989950e-01 3.430641284927339885e-01 1.808237126850719967e-01 -4.719148013335919961e-02 -9.380937249364940111e-02 -4.403112726272200017e-02 3.286774184615209871e-01 2.779277643967439926e-02 -3.359637961769160186e-02 -3.955396992265640121e-01 -3.662159841936040161e-01 9.689872528891030345e-02 3.048606759310359959e-01 -1.618462993011779982e-01 8.912425438897640662e-02 1.504231993852259974e-01 8.477239880797640126e-01 2.551118639255759990e-01 5.812481417002159922e-01 4.669032372485030224e-01 -1.710308341913930053e-01 1.003447330862830000e-01 -3.526069250122759735e-01 2.107304929991719866e-01 3.270820264233770258e-01 4.585088051857750258e-01 3.005468829862030233e-01 1.740709036147420063e-01 -8.214657913499980035e-02 3.984319517698780011e-01 -2.645657635658690277e-01 1.974081396155930035e-01 3.114230241367019758e-01 5.213265653956500323e-01 4.116421829908790131e-01 3.845684665985389938e-01 -5.943692864272289711e-01 -2.164829745430880137e-01 3.016721634162419785e-01 2.198522836581109918e-01 4.121196512466899775e-01 9.689291576092569358e-02 2.978713995523549762e-01 3.160758872393399921e-01 4.041478088853440315e-02 4.834554337753769748e-01 3.995344712184289993e-01 2.985081413009190165e-01 -1.241135683679910062e-01 -4.111078849625219855e-01 -1.663416712063000014e-01 -2.566216906887989757e-01 5.620047778490180335e-01 6.356816070890589643e-01 1.707825863366909946e-01 -1.143351053373130033e-01 3.968548995578690120e-01 1.649919932762569930e-01 -6.926924254912260048e-01 -4.140106933124140243e-01 -3.401099036236480133e-01 -3.956992370822030036e-01 3.280279436893600020e-01 2.238423312613470051e-01 2.176099230839239895e-01 1.445337754907090044e-01 -1.912196168469620094e-01 -1.961863691635570006e-01 -2.942953513732580184e-01 -3.678233090990429832e-01 3.489285006416800172e-01 5.392972866447209856e-01 3.096960850124729769e-01 3.487297257951579854e-01 3.052705055052529759e-01 -4.577507324406520084e-01 5.727244147921769502e-01
2.908657810907109842e-01 -9.024119119525180269e-03 -3.110021755763369908e-02 2.146250134162240031e-01 -3.318133089012609838e-01 -1.340375140964449874e-01 2.481227569812519962e-01 1.380416761086080135e-01 4.891344624221379833e-01 3.244190660440620100e-01 1.000000000000000000e+00 5.174385017432120426e-01 5.281720567745660233e-01 1.310946382867829996e-01 1.736707998563420119e-01 -4.344019018311729985e-01 4.942960248801580025e-01 2.475428640295239957e-01 1.434927282238359914e-01 2.015302662685199975e-01 -2.165673902478839896e-01 5.075776823730889786e-01 -2.721077376888970112e-01 4.811072655890140104e-01 -4.258357695341190019e-01 2.869516862648380240e-01 3.945105696688249730e-01 3.814728489070869921e-01 3.607483157573280197e-01 -2.801540720955740249e-01 -1.425879431213379900e-01 2.023158871411110116e-01 -5.000353941220279930e-02 1.880380219429539923e-01 4.580860142130729895e-01 4.836575657754890178e-01 2.321068383554250047e-01 -1.932242117946429997e-04 -3.973299919551510073e-01 2.552776728269279816e-01 4.613937029214409957e-01 -3.636970316736100051e-01 7.702407398148659878e-02 -2.243458483596479924e-01 -4.813524078684230240e-02 -2.163846647398320056e-01 6.902161960452639355e-02 -4.215936752632049988e-04 3.694611614857249982e-01 3.550610590989640158e-01 2.393267569360690017e-01 -4.499635538759220316e-02 -5.027922373566939829e-01 -4.947385139729960080e-01 -2.574054977093099827e-01 3.168157207224470140e-01 2.316130096715339828e-02 3.610099656150390079e-01 2.234990540922749958e-01 4.732468961428599741e-01 4.047539654294399769e-01 3.711212995070050091e-01 -2.854055583837009861e-03 6.175193252520289749e-02 2.169917611326090123e-01 1.549363658312170045e-01 -4.186418509093309953e-02 6.352771780913929467e-02 2.068528124482290065e-01 1.296475639700890026e-01 1.962222409192360129e-01 4.963583462989260009e-01 -1.640285193895129889e-01 1.204102592707600033e-01 4.068235428775179852e-01 -2.315738183526830085e-01 1.793955182546629890e-01 4.700353049536289823e-02 -2.304869495806320112e-01 1.786274488797999840e-02 4.392874446349490092e-01 3.842159190773580257e-01 -4.906458946053530307e-02 6.589139206828449613e-02 9.309116796367869484e-02 1.332384916625329874e-01 4.217678223184320174e-01 4.153823023714720009e-01 1.770206092510850093e-01 2.516514185841460249e-01 -1.562920321153520031e-01 -4.220164889506020089e-02 -3.121194998897929840e-01 -2.755097524236290174e-01 1.258321156542379915e-01 -6.455519279210669703e-02 1.493713727165709923e-02 6.296772562168030662e-02 2.686346798656859963e-02 1.761853166883670108e-01 -1.236949248152370007e-01 -1.911364678484299973e-01 -2.065695879579350080e-01 -2.444214545381210024e-01 -2.973569251550550047e-02 -2.758461182722650173e-01 -2.669829296682399988e-01 -9.910633220368320062e-02 -7.738848254554520079e-02 -1.383424252999680137e-01 -3.622912771734119741e-01 -3.801846027679339768e-01 4.509795563837489807e-01 4.624232737021110040e-01 4.020050694024229765e-01 5.116438564073869655e-01 3.939327546263670099e-01 1.760155812834879874e-01 5.070568683015269640e-01
-7.855599984413549897e-02 3.874542313426899975e-02 2.598854791905899977e-02 5.726776122612080300e-02 -3.192014231765890053e-01 -8.980105180918819541e-02 2.707017442680780261e-01 1.162628838364399980e-01 2.614684912932869754e-01 6.406712376463770120e-01 5.174385017432120426e-01 1.000000000000000000e+00 2.569438449755270248e-01 1.024866617633399951e-01 3.695675438076119756e-01 -4.291794819848380182e-01 4.120665148167250158e-01 2.787644918304060249e-01 2.997684290182969780e-01 2.368992700476720004e-01 -1.394830310940450013e-01 5.677765166833880217e-01 -2.895908801310489999e-01 4.073272113248729842e-01 -3.104177063423579908e-01 6.268701035744900230e-01 4.326409179444419828e-01 5.107518806189710325e-01 3.093993063297689750e-01 -2.605218842996420148e-01 -4.204287384618969892e-01 -3.127519280408509739e-02 -6.916378389730090670e-02 2.901625016448100003e-01 4.408599930454950022e-01 5.182723831450219976e-01 -7.548848844171779718e-03 7.511103881448559852e-03 -1.897455291413019940e-01 3.654847004149079925e-01 3.629989730341040000e-01 -4.757663110679660190e-01 2.418747871536690019e-01 1.815348946753030102e-02 4.213308676093060340e-02 -2.017465083473450049e-01 -9.762807172409490586e-02 -2.469882766227720072e-01 4.769621350373899893e-01 2.214426996108329881e-01 2.412091437406249927e-01 -2.646351263384260077e-01 -5.554879143844360101e-01 -2.267215735464080117e-01 -1.122270072694249998e-01 1.818350620023029968e-02 1.229438605033219972e-01 3.064346146340770072e-01 5.569858042003400511e-01 3.783784847929749784e-01 5.937975430881230476e-01 4.808220365239400107e-01 -1.056403671342329986e-01 -1.642464467875920028e-02 -7.501488636754559403e-02 9.131000612363990299e-02 2.013252860479589901e-01 3.980644643294879992e-01 3.561796823279689828e-01 3.034343252675409941e-01 8.712367017035449468e-02 5.105587246019850367e-01 -2.721045111667589889e-01 3.482284291562450229e-01 4.775209182527879737e-01 9.518601230771180088e-02 3.161204537157230043e-01 2.228085856725829997e-02 -5.132108755585540472e-01 -1.333441765703829995e-01 4.838282226203359793e-01 3.376423704270349879e-01 2.421626535911499956e-01 1.487422589079530066e-01 2.733378416257299937e-01 1.073857431032189946e-01 2.892592325404180209e-01 5.598711636833819671e-01 4.004316504524439990e-01 4.789177484821209863e-01 -1.132918093889059979e-01 -3.646883525252589964e-01 -3.511438544081699753e-01 -3.677568281335309996e-01 2.762123522153380195e-01 4.098845843739850059e-01 9.097219443997210664e-02 7.486705656130350321e-03 2.776193136337570255e-01 2.163598067419680027e-01 -4.557958365701140213e-01 -3.796569774388229845e-01 -3.347800572392379825e-01 -4.695567863911179751e-01 3.459605078233030095e-02 -1.135606538059280024e-01 -8.157686992780199819e-02 -4.832300927433540172e-02 -2.535317437345859792e-01 -2.889426414998519932e-01 -4.971338349328650041e-01 -5.314230182126690183e-01 5.761723394943319976e-01 6.376355377989090245e-01 4.461418566146980180e-01 5.023063127794249461e-01 4.710647815123020221e-01 -1.415042615105449875e-01 6.795127378178229538e-01
4.319961839826669814e-01 3.853066931269959888e-02 -1.227472455227290038e-01 4.713397499312529937e-01 -1.602364518264789983e-01 -2.802510206331400022e-01 4.210389551410510106e-02 2.161750306662889864e-01 5.944139678692860196e-01 4.604847047507489716e-02 5.281720567745660233e-01 2.569438449755270248e-01 1.000000000000000000e+00 9.761997040701299311e-02 1.290657699441379869e-01 -4.460493286628959830e-01 7.181925816587749756e-01 2.277057566378790088e-01 2.365894224797970014e-01 3.006594290363229782e-01 -4.020186465510759977e-01 6.154209181819180197e-01 -3.595073064486989933e-01 4.436203963846950260e-01 -5.686628892280279901e-01 2.935228175817230015e-02 5.273530347768989879e-01 3.666244157794419922e-01 4.532938366993989887e-01 -3.932075766271839745e-01 -8.558717134836170415e-02 3.945491653055970271e-01 5.864098950546680310e-03 1.600902403471030078e-01 5.696611197561239903e-01 5.529584370741149613e-01 5.473139742448279721e-01 -2.451012083676419942e-02 -4.851591699630489751e-01 7.840544032958829401e-02 5.531421474849970155e-01 -3.096865501004649746e-01 -1.539377610353830084e-02 -4.514962306553629845e-01 -1.584218797634799891e-01 -1.697386254767929981e-01 -9.744161907416959423e-02 -1.590305112083509886e-01 2.987536252982089802e-01 4.966078959789870240e-01 4.343647699611630220e-01 2.703521949316199935e-01 -4.898663969892840253e-01 -4.695889140741160150e-01 -3.659164260287249837e-01 3.063434869231890234e-01 1.475625375600899958e-01 5.804533181965829680e-01 -1.163905501712890001e-03 4.047580269046929802e-01 2.744034214026560003e-01 5.051259444646020169e-01 3.449706528264109839e-01 2.387478005076419940e-01 3.617606070838549903e-01 2.696374566001730200e-01 -1.545370702423239928e-01 1.552368105655989872e-01 2.576113640921620096e-01 4.441725381074929785e-02 1.941209274902880033e-01 5.957687026065410230e-01 -1.264526615461299963e-01 1.510686237480740046e-01 4.205182740839569777e-01 -3.997641049728790086e-01 1.487790277973959907e-01 7.852053117722850029e-02 -2.394240744100639973e-01 1.911934130792850017e-01 4.366755085838929795e-01 3.458166898159070191e-01 -2.536652103382019963e-01 1.341802397396359980e-01 8.972504403113800223e-03 9.049647454558929632e-03 6.027460150474810430e-01 3.855161764029910176e-01 1.237969265889049958e-01 1.731162187694580135e-01 -2.385578569957879924e-01 5.047501964474879893e-02 -4.352752856583320118e-01 -3.255998195491219827e-01 8.147799467719829547e-02 -3.146983833956529808e-01 7.267115598807409593e-02 7.020415889962880462e-02 7.902615959430149550e-02 2.260051587254089944e-01 6.062926773132019942e-02 -1.806234172937560001e-01 -1.204340796853519968e-01 -3.134150208418470251e-01 -3.641901943151399923e-01 -5.503081407321189777e-01 -2.066925540122560023e-01 -2.826493153848839979e-02 5.040619055881050137e-02 -4.666558406171240209e-02 -4.322735971373760089e-01 -4.227429559310709739e-01 4.898193520738010065e-01 4.291236873094059767e-01 4.986296095863840261e-01 5.884499538476739566e-01 5.148592827326280430e-01 4.539202263584720121e-01 4.961216917955840189e-01
