1.000000000000000000e+00 6.512293947118490411e-01 7.982318133751189482e-01 5.305862124747270370e-01 6.664307621005900462e-01 4.347133005580050003e-01 3.941805657912190175e-01 2.455809790988000008e-01 6.479024767656639539e-02 2.918730344711700231e-01 4.375987225455699736e-01 4.289535149500809941e-01 -1.754387910784870053e-01 5.229728944165380478e-01 6.082973367209409954e-01 6.594620003698310473e-01 -1.055151880303869943e-01 1.408210117626549907e-01 -3.684549312829180079e-02 3.436307255960269758e-01 7.033689060494040524e-01 8.205161543138049518e-02 5.890195296828629745e-01 2.071793891870870041e-01 4.782643426923299801e-01 2.821874064035330143e-01 1.424837805093699949e-01 5.947490070344230162e-02 1.936400419117809829e-02 4.905187351755699865e-01 2.457556188479380066e-01 1.083015793653010067e-01 3.560452105784809862e-01 9.658204839623449334e-02 1.585741568905900123e-01 -2.515530786720900080e-02 -2.901047588056330021e-02 4.811340328358250096e-01 4.891344362080419783e-01 1.036947335102850025e-02 6.911553038402930282e-02 3.543622314180340238e-01 1.943959005830930009e-01 2.512810701923999801e-01 2.154784451584640104e-01 1.875115431957619927e-01 2.604545488768599815e-01 3.700997124822120177e-01 5.232106675134490237e-01 9.473852623226559910e-02 6.429064244676919726e-01 7.147962854367699848e-01 4.960543867664209960e-01 3.893559104850879971e-01 5.518478335759370301e-01 6.113381061309020037e-01 2.232525819863850070e-01 1.750344951912549962e-01 2.135049635587480121e-01 2.891065235835920122e-01 2.698545013435569850e-01 -1.065279529833839944e-01 -7.208822391509130123e-02 3.887857581812370067e-01 6.421313974038790340e-01 6.247488002654080219e-01 4.706413518109929806e-01 9.139738549581349902e-02 2.681448931005649960e-01 2.899053338382360234e-01 5.483133551408519990e-01 -4.030943832287339768e-02 6.428546240323780303e-01 1.950501608700810074e-01 9.165161175781519343e-02 4.453647915038059790e-01 3.169188221197959815e-02 3.260080922500950273e-01 2.139992052268930023e-01 2.619607214545380258e-01 -1.457761472015129955e-01 -1.259719169104140009e-02 2.697612010702690188e-01 2.122728485834720069e-01 1.289969166105429943e-01 2.097500947172570018e-01 -1.050053219653499931e-01 4.996705223214970015e-02 -5.854452986975709761e-02 1.695691500090850123e-01 5.568746238762509737e-01 5.035362609154889757e-01 4.994676974853060059e-01 4.910272192645699918e-01 1.321802843636540048e-01 3.309764763766570028e-01 1.632984566277020100e-01 2.893915293504389918e-01 4.466796990298579906e-01 5.157906600137430325e-02 7.188653679973989741e-01 6.484774872110909971e-01 4.451184080990919778e-01 4.982615768972449843e-01 3.010914914111029739e-01 2.067442095590560081e-01 4.227683540756679847e-01 4.571604694255300139e-01 2.029119926256449935e-01 4.673960575105869930e-01 2.376266662815250119e-01 1.262719550384789891e-01 -8.962037281302999425e-02 3.202736518469519872e-02 4.463132005269310199e-01 3.038374740507869820e-01 1.929503807382200106e-03 2.507432244403480157e-02 5.506584987495130035e-01
6.512293947118490411e-01 1.000000000000000000e+00 6.580930983829209602e-01 6.179355891647689836e-01 6.706431218451099907e-01 2.308405466246629956e-01 2.524245287049790010e-01 2.083478404528620043e-01 3.202322907614240100e-01 3.511363713043449963e-01 3.029231468727709986e-01 2.823901213197880233e-01 2.000980603150689929e-02 6.013927500017739458e-01 6.715787331449529773e-01 6.903948876732509676e-01 1.401785633196440117e-01 4.859425641788709949e-01 2.827055301170249835e-01 6.416597279040390234e-01 7.092323047980479966e-01 2.267870438328090099e-01 6.300387101611929497e-01 3.955849631755700146e-01 2.908379344844230219e-01 2.331837352877250136e-01 2.261083705078789918e-01 1.195051009677720044e-01 2.330702401408319968e-01 5.658919199036459569e-01 2.001018068570059871e-01 1.086338652794019977e-01 3.435614370048299948e-01 2.340283337593150048e-01 1.592931350236830024e-01 3.322372542866079970e-01 1.861647794732859962e-01 4.849881744493890201e-01 3.770578020013710119e-01 -8.642572295180420139e-02 2.098328090779200128e-01 1.887025302246629899e-01 1.427180407785930139e-01 1.640600467497569936e-01 2.225490650502920109e-01 1.572619858983949903e-01 2.663156600434339882e-01 3.332513555418950002e-01 3.633810071093390159e-01 2.769256473121259887e-01 7.056954189328590310e-01 8.430755779788480231e-01 7.476819925043129977e-01 5.194928539948550084e-01 4.116866430526360254e-01 4.618890806389899795e-01 4.014806075637820104e-01 3.622579042369860058e-01 2.401960794600299931e-01 3.105613792340000123e-01 2.696370824289179846e-01 8.050603925700000607e-02 1.839157344177979880e-01 3.651530108270880093e-01 7.007186616258980205e-01 6.977265214921559711e-01 5.098138015085820207e-01 3.154506452602550137e-01 4.185206527516939778e-01 6.088169102722600368e-01 6.918272626332070407e-01 1.483128871903640067e-01 7.137886868887669545e-01 2.233072260979150070e-01 2.806626930569420253e-01 3.673676297800260171e-01 2.867254044006369851e-01 4.879764002148789803e-01 3.096541126857659809e-01 1.594495701092079887e-01 7.402746484130599824e-02 1.192489803963549949e-01 4.591645038805439727e-01 3.143979473693209736e-01 1.898283542263050072e-01 2.956755603592650106e-01 2.397579437377800049e-01 1.933468182664200008e-01 2.169721766891689885e-01 2.808495715799400050e-01 5.961782343525470207e-01 5.724338112701690129e-01 4.048095058942979829e-01 4.112707057033149760e-01 8.669500582390030075e-02 1.902216838105809937e-01 1.572626692779729995e-01 3.170021879447300073e-01 3.744306608560329930e-01 2.219614357925989989e-01 5.535241541100179852e-01 6.024948489779380356e-01 2.667692442339270054e-01 4.174136363353880275e-01 2.341761374353359959e-01 2.655904761371110090e-01 2.208878905145119920e-01 3.402565470872799813e-01 2.300491817598230015e-01 4.624603812746330145e-01 2.822211915718170205e-01 6.327168854853970625e-02 2.332319838467619977e-01 3.563689546056230117e-01 7.571481956786410006e-01 6.361840785445369573e-01 3.236447181704290021e-01 3.526936213709679913e-01 6.900406136060720508e-01
7.982318133751189482e-01 6.580930983829209602e-01 1.000000000000000000e+00 6.415796511564060278e-01 8.559344865957350112e-01 6.022314618947830489e-01 4.064205831627060173e-01 2.149572289665550029e-01 5.093909009956649851e-03 3.573008493640369987e-01 2.473253377062379910e-01 2.472459504150940068e-01 -1.629973329628719991e-01 5.359616992865919860e-01 7.521111752233979875e-01 7.059941754952679949e-01 -1.177526899060069993e-01 1.332668391529990073e-02 2.424562552912090142e-03 2.588077308375629770e-01 7.462285238605840254e-01 1.841065696633070042e-02 6.451755649258460457e-01 1.143284115445449972e-01 5.904535917314009952e-01 3.073621919002449965e-01 -6.901593575900190347e-02 3.111287187198710086e-02 -4.498698612363689897e-02 5.832784199491110044e-01 6.360168062202159467e-02 7.974578668895280706e-03 2.923366753738719792e-01 -4.941954316824349880e-02 -2.945535009770559876e-02 -1.028923826987839935e-01 -1.681671294675050055e-01 4.004726040267450049e-01 6.589665818807469710e-01 2.011407626443710052e-03 -1.535257993303519863e-01 3.289583245246370247e-01 6.443769662598790304e-02 6.804184008744490475e-02 2.963611728852609886e-02 -2.374650540854369996e-02 1.548116537240979973e-01 1.587581637718220029e-01 4.069622625532829940e-01 -5.689550978381940211e-02 6.141689022007690291e-01 8.507464971822390476e-01 4.722565570649480127e-01 2.679270123469320031e-01 7.293914739981000039e-01 7.781433611774819514e-01 1.674068920800929894e-01 -2.160355061632989945e-02 2.270758010797029880e-01 2.345540804216189879e-01 2.573989674372840208e-01 -1.406999035052970137e-01 3.853163949281609990e-02 4.376974107895499899e-01 7.685010319505709564e-01 7.556877959571579595e-01 4.352490153111169824e-01 7.172017813761330518e-02 1.501539762945099943e-01 1.326632017346009995e-01 5.536789950473209876e-01 -1.328363190222389967e-01 7.260843539445850370e-01 3.376141901804979861e-01 2.297652978857570027e-02 5.933552992794040026e-01 5.615861181595249718e-02 3.876445692980439728e-01 1.388604225223299959e-02 1.770221224656109982e-01 -1.885806024140720127e-01 -2.245639820296060074e-01 4.031046631798149843e-02 3.932509571199099829e-02 -1.076141597536540012e-01 5.316442292334200292e-02 -1.359874025168779921e-01 1.325733105663340003e-02 -1.596281080506349870e-01 5.261773064193280003e-02 5.728969162695739525e-01 5.162329262301379451e-01 7.118924743860219895e-01 4.007814244040390217e-01 9.420719686272409701e-03 5.154810731594219875e-02 -4.849073741512729963e-02 1.171173766354779988e-01 4.212219730197270251e-01 -1.141307210802929989e-01 8.288440619946390031e-01 8.248492916854349710e-01 3.455708815122829902e-01 5.781220346341120475e-01 3.204538246008000191e-01 2.315723000469269988e-01 6.034339745079689843e-01 5.740382164220729777e-01 3.925026944694949838e-01 5.724610482973889747e-01 4.006480728102870259e-01 2.623436611484569747e-01 -2.412377232910599967e-01 -1.238459176277010021e-01 4.706008123601160276e-01 3.305840887387569982e-01 -1.025647939476440063e-01 -3.310297979850380240e-02 5.968325912655819687e-01
5.305862124747270370e-01 6.179355891647689836e-01 6.415796511564060278e-01 1.000000000000000000e+00 7.932816449829610539e-01 5.727783637967970298e-01 5.491597283751109559e-01 3.739759928942220091e-01 1.463753239407629969e-01 2.723636358288740178e-01 1.920358495664560017e-01 1.865356637550729946e-01 -1.325226559942909998e-01 4.866557134889240022e-01 6.241866407698150043e-01 6.059212912131659579e-01 -9.229540966397760393e-02 2.173550234884039922e-01 1.293705597616890135e-01 4.312715817528249840e-01 6.892260729682290199e-01 -2.724804103293209864e-02 4.758505007893020222e-01 1.376578686438930110e-01 2.080641195588620040e-01 7.293006000757989993e-02 -9.201505744487140787e-03 -1.056987720955879922e-02 7.131410484575609332e-02 4.374279449699139954e-01 1.162366363285730064e-02 8.809390946300330039e-02 3.078769746206859725e-01 8.339437177028670434e-02 -6.061726208859410242e-02 6.984766871480099781e-02 -2.603538574055060117e-02 2.826403714774640141e-01 4.007287269424599785e-01 1.394523243754159925e-01 -1.155975036384910073e-02 1.294791729016450121e-01 -6.255365323553599421e-02 -6.908167872644270513e-02 6.750536747897019352e-02 -5.996734827695939657e-02 2.936156063167790209e-01 2.149437462182549885e-01 3.898094013678820025e-01 1.050400539771530022e-02 5.225113618171259855e-01 6.987139936174879828e-01 6.233829296560740030e-01 5.913784367178559487e-01 6.935875954480149597e-01 5.791285553539550213e-01 4.536738395920569822e-01 1.557021113369249921e-01 2.474786536171570128e-01 9.954561789337769417e-02 1.274740708701679881e-01 -1.008516859528510029e-01 1.804332263695939964e-01 4.202725930167720003e-01 5.638345863255890267e-01 6.666342945610730375e-01 4.826287824221380252e-01 9.713262543557310558e-02 2.685130449777989869e-01 3.064426534475899744e-01 6.672023822734769460e-01 -1.132706230972440054e-01 5.320712869501870168e-01 3.217734348039300030e-01 5.353624357372330222e-02 2.276367178010240133e-01 1.421624788839130071e-01 3.587373174956109967e-01 -3.578746669652300288e-02 2.332519132914160076e-01 -1.650689675487549968e-01 -2.606755505706679840e-02 1.807449667150790029e-01 1.406776175012609993e-02 -6.101706199933149694e-02 1.648654178235189893e-01 9.171861541703349441e-02 -4.244640908812410268e-02 7.916540788242310001e-02 2.374914679606969850e-02 3.965235308344349785e-01 3.585378988931239852e-01 4.123818708751070261e-01 2.078259850962919930e-01 -4.898600359280239590e-03 -4.492052541967200135e-02 -4.481483875116139964e-02 1.444496482595480080e-01 3.839245667577120269e-01 -8.354530542077129697e-04 4.794222375678219850e-01 5.219665297958619998e-01 2.122209120436600038e-01 4.393465629595419975e-01 1.190303416428249994e-01 9.904940161569079915e-02 3.255607647660549997e-01 3.082366162842989921e-01 1.124993803291720051e-01 4.742685213650350007e-01 3.863764508930440100e-01 1.929007124004090135e-01 2.506405112219280140e-02 1.461157852945449975e-01 4.266306405266260260e-01 4.077223343457699878e-01 1.013755701197539966e-01 2.030941385090780094e-01 5.134599059752009698e-01
6.664307621005900462e-01 6.706431218451099907e-01 8.559344865957350112e-01 7.932816449829610539e-01 1.000000000000000000e+00 6.812238568899869895e-01 5.471517749571429556e-01 3.312603115495459938e-01 8.363175381448380297e-02 3.521507564293370196e-01 1.491530863537230134e-01 1.938876660287119913e-01 -1.501031785705030097e-01 5.569091724943120436e-01 7.616421146781130469e-01 6.807381873104589864e-01 -6.182818040727049852e-02 1.086391999260540031e-01 1.561978067739739906e-01 3.898516051108050218e-01 7.867952234650540388e-01 -1.087473804120820016e-02 5.951569948379049624e-01 1.025751350654850041e-01 4.396264071819799835e-01 1.913312164481310029e-01 -2.535597615069529881e-02 3.009547374486720023e-02 4.055524953138069794e-02 5.451152129640000066e-01 4.730450125217969953e-02 5.206115796163490045e-02 3.609977238328089810e-01 -2.631023047313120131e-02 -4.789744218501770096e-02 -3.945898208712979999e-02 -1.598408616733799914e-01 3.419740562111659998e-01 5.843855425507290535e-01 1.244917098861390015e-01 -9.778017599744920352e-02 2.310965743752519952e-01 2.291478967767019911e-02 2.990558499320520106e-02 5.359647251866390266e-02 -4.293165931659709972e-02 2.025550511586370062e-01 1.891556862745180090e-01 4.152698734259769875e-01 -9.245057561655439793e-02 6.236015813475489500e-01 8.462536532099670383e-01 6.085710224013559655e-01 4.679652522458639941e-01 8.058952709360629463e-01 7.223119674310679583e-01 3.231071816649109807e-01 4.369421563024970118e-02 2.562494998670770130e-01 1.650057724711569973e-01 2.050159074364059919e-01 -1.048157037972479999e-01 1.398613291066710118e-01 4.961014793783530274e-01 7.497892637932329629e-01 7.597320810089099874e-01 4.854302263234300252e-01 1.184509943602219950e-01 2.509009231795080175e-01 2.575803393205359781e-01 6.866006474766630507e-01 -7.311609431725230035e-02 6.720265256678610299e-01 3.770944866893140013e-01 5.572729900737549702e-02 4.876471239504779898e-01 1.443290863466419882e-01 3.829789860553219905e-01 4.006664481825229773e-02 1.893456018541319896e-01 -9.543480176052500374e-02 -1.259088867727589933e-01 8.203141887792460285e-02 1.608588708779160048e-02 -6.104988492035719888e-02 1.179964488057199945e-01 -4.832653366674029977e-02 2.534047910010389995e-02 -8.112285325969000038e-02 -2.136291960861439951e-02 5.150284529494479902e-01 4.245281264579939817e-01 5.743830323480390021e-01 2.929183544346650181e-01 3.583831366836660176e-02 -1.263482839982310070e-02 -6.243230008928730285e-02 1.459180351787759955e-01 3.908316846943780121e-01 -1.081380307826580039e-01 6.659730150062740384e-01 7.452662419280230433e-01 2.730192893188019831e-01 5.703179251136939465e-01 2.382726171038090091e-01 1.512902204802270001e-01 5.171286990476640089e-01 5.450847789513719732e-01 3.073410576025020213e-01 5.781627522419200416e-01 4.094379862068799891e-01 3.277243562949869737e-01 -1.484397981126679977e-01 1.860525815560610044e-02 5.012979235964110103e-01 4.331010919997880237e-01 -5.686708565992199677e-02 5.206878093729239848e-02 5.994835764485330065e-01
4.347133005580050003e-01 2.308405466246629956e-01 6.022314618947830489e-01 5.727783637967970298e-01 6.812238568899869895e-01 1.000000000000000000e+00 7.605191624072700218e-01 5.548475252709039740e-01 6.381024698588990372e-03 3.771233038369389834e-01 1.040471132505469964e-01 1.837614182273480112e-01 -7.419906060471549714e-02 2.807119423250620249e-01 6.127185017088410124e-01 4.757143294290889779e-01 -2.922306774801970014e-02 9.928905211344479786e-02 1.643984565376870044e-01 2.790474614886789828e-01 4.216040490042040068e-01 -3.981056373737470316e-02 3.271321917599229745e-01 -8.256108704771600304e-02 4.705720816042789911e-01 2.615602907510869990e-01 -3.882313172965459747e-02 1.720299472077060077e-01 2.930829289241009827e-01 3.511866667397710029e-01 9.486332481902680358e-02 2.578210894172560108e-01 2.583933220893570026e-01 1.989923430300609974e-01 -3.361628780368149799e-02 -9.193256911438579815e-02 -8.209348772012599327e-02 2.027392136577310100e-01 5.692070475273699470e-01 4.415630984109870094e-01 -1.042254916006109949e-01 2.625363967965029799e-01 5.702270778235579707e-02 2.624410094983959871e-02 4.505372263864799998e-02 -2.327435524728880059e-02 2.739042333711130262e-01 1.660645875664160109e-01 5.748885388609960012e-01 -9.981906297088820323e-02 3.045676400338609979e-01 4.372497314497320042e-01 3.051651818821339845e-01 3.085088566839079838e-01 9.227905954771640218e-01 8.139827466152740332e-01 3.377359917810699996e-01 -7.944332312234429760e-02 2.838825599091649998e-01 4.274545399941079987e-02 2.397597700026539991e-01 -8.356141997932900467e-02 2.586223097245600178e-01 2.761512328184180243e-01 3.190667214425920162e-01 5.352082769553739849e-01 3.722195308841619865e-01 2.182906640614399874e-01 3.023970243420640025e-01 1.010298552443899961e-01 3.929604921308709753e-01 -7.165624869901479621e-02 3.509545506028189932e-01 5.975769549770090228e-01 -8.563532973851009644e-02 4.546677117533780010e-01 3.762448891278920016e-01 3.170813002138109793e-01 -5.842109787302089685e-02 3.474914860298219943e-01 -5.003007151866550178e-02 4.266003353873080300e-02 -5.768339643804019923e-02 -6.162691149069309676e-02 -5.730997496722690238e-02 1.319809939802369936e-01 -3.064442985062849987e-03 5.333494203068939871e-02 7.738686741204130193e-02 -7.206437102107879356e-02 2.635320246391910093e-01 1.435017875739829918e-01 5.427992672743660041e-01 1.334737357778300049e-01 7.471336027187179540e-02 -3.194770422083600264e-02 -7.601535911684489943e-02 1.416032952144770096e-01 5.155719805247720444e-01 -1.830609526808200105e-01 4.562805479860290170e-01 4.295565260487140269e-01 2.017810321768599979e-01 3.938480478596539935e-01 1.873817600344289958e-01 8.900966432975949971e-02 5.636951555096429978e-01 5.396862816983230005e-01 1.849650972698370088e-01 4.771766724855759922e-01 5.232526704758340141e-01 5.952789401099000122e-01 -4.745778926506809964e-02 5.862093088458170120e-02 3.543012498400939791e-01 3.531170888298260091e-01 -2.031533437575130108e-01 -1.059855917252860019e-01 4.412563333267010002e-01
3.941805657912190175e-01 2.524245287049790010e-01 4.064205831627060173e-01 5.491597283751109559e-01 5.471517749571429556e-01 7.605191624072700218e-01 1.000000000000000000e+00 6.985454076652829469e-01 1.632678236095569946e-01 5.384714786021389532e-01 1.838728019733570085e-01 4.274489988661089868e-01 -7.822582282563379785e-02 4.159160686707270016e-01 4.995868487697330274e-01 6.481208201728450025e-01 1.214588097839500030e-01 3.749994778757809732e-01 2.277961002576640026e-01 4.733140515910089774e-01 5.406920867779440032e-01 1.357719075225020111e-01 3.419310289918859880e-01 1.849913843790249868e-01 3.829282047556559765e-01 4.237445905629320109e-01 3.028936236876019761e-01 3.391727093401120108e-01 3.449625797740349942e-01 4.073187813346449970e-01 2.474153188939000048e-01 4.552880953915710016e-01 4.801827486998579975e-01 4.250977315603129969e-01 2.611915322509690274e-01 1.204344637107329988e-02 5.962795748943910262e-02 3.647625323964729938e-01 5.850085259638539981e-01 7.138468562378610383e-01 1.847651662634889891e-01 3.582263926152949862e-01 2.616827250200490229e-01 2.475313440398919929e-01 2.516103400778300081e-01 2.591181497697759850e-01 5.734411246238699800e-01 4.760359953726580051e-01 6.163776456159999473e-01 -2.896355169613310139e-03 4.227808503654140182e-01 3.563003158598629927e-01 4.800253519706880190e-01 4.960884021815680223e-01 7.748730999533719466e-01 7.026385865518399720e-01 5.116881531409920303e-01 9.871524204812709424e-02 4.533751210534719966e-01 1.176896330080649949e-01 4.059535895449559728e-01 -4.776299310462119724e-02 2.709606796486330182e-01 3.787727516120720228e-01 2.516642329104140097e-01 4.378024337944019795e-01 5.715734957405890215e-01 3.824221787949180218e-01 4.894008260276739852e-01 3.560328087271110165e-01 6.121571210595180279e-01 1.384995770754909872e-01 2.776681243056600135e-01 7.335566313714190212e-01 1.229044999420690065e-01 4.160920264434699867e-01 2.998336451407990211e-01 3.652030288736510255e-01 7.678264167163349752e-02 5.522105480690500112e-01 7.959037229404469782e-02 2.522865357780870177e-01 2.641896096627869839e-01 2.043412155421729937e-01 2.479348674084810022e-01 4.742777532589400047e-01 1.180509483640640039e-01 1.882467152216220074e-01 2.554116633744130116e-01 2.171141908484540070e-02 3.859873396110189980e-01 2.234447936903410092e-01 5.310842572320070287e-01 2.710366587545740003e-01 3.443790790788049949e-01 2.136312558197089873e-01 2.259138276931139944e-01 4.280036445260639866e-01 6.356552633316200351e-01 -3.314971814989869925e-02 2.991425140247400138e-01 2.003513924950600100e-01 1.771214028297030119e-01 3.002847531351179877e-01 -1.237181797152899984e-02 -4.653041356120569960e-02 4.931551646368049768e-01 4.769729288955950053e-01 2.557495598738379963e-02 3.928014721784929830e-01 4.004535725144199865e-01 4.748119618220980054e-01 1.588475337373239926e-01 2.265353069509420114e-01 2.782232607750970144e-01 3.674489629672110236e-01 -3.012974970360200039e-02 3.671364183343150261e-02 3.536865066997220142e-01
2.455809790988000008e-01 2.083478404528620043e-01 2.149572289665550029e-01 3.739759928942220091e-01 3.312603115495459938e-01 5.548475252709039740e-01 6.985454076652829469e-01 1.000000000000000000e+00 6.466208981075850515e-01 2.310419193299949880e-01 3.199801738133309925e-01 3.593127231321199822e-01 -2.565664216173280110e-02 -7.695602193173349884e-04 1.923865826479030094e-01 3.959447283319830202e-01 1.514273733202879946e-01 3.563553449167859988e-01 5.844951133335529736e-02 2.894414996237100191e-01 1.412431643067489917e-01 1.014960435302229985e-01 -1.892269498964480046e-02 2.368268868852440034e-01 2.858639596294480084e-02 2.697077817146369960e-01 1.226553365345949970e-01 1.091296830636249993e-01 3.450227215304190187e-01 1.250166415692759991e-01 -2.469540123981660111e-03 1.931462082980449912e-01 1.677308059716690058e-01 3.573734371016619726e-01 1.721474850671640133e-01 3.444646669057639943e-01 2.732561869778589725e-01 9.073627903106690207e-02 2.173191511163969913e-01 5.336496935534910113e-01 2.638009786987590144e-01 1.023654664291610006e-01 5.854703573511910175e-02 1.652337112346850129e-02 1.662643328814729926e-01 6.634717311651290583e-02 2.826224468637050236e-01 2.298998255933799861e-01 6.298604068254980426e-01 3.651725222872549970e-01 1.441512233649470121e-01 1.898065182427410014e-01 2.340402078700730137e-01 3.873989466945719773e-01 5.787909356835989616e-01 5.067669764264379761e-01 7.502605363202350386e-01 4.250320425475819786e-01 1.248773186207520064e-01 1.969587431181150095e-01 3.295237372713700208e-01 9.250586754884100593e-02 7.725148610183500686e-02 -1.107375898856169938e-01 -1.016064647054760045e-01 1.326876800840409987e-01 6.162564993738159913e-01 3.556687889109330092e-01 3.122761267780819749e-01 2.538262787838310164e-01 2.202320315146840124e-01 8.499228382608479959e-02 2.280569770844079885e-02 6.325469725511819741e-01 1.733621243103160015e-01 1.964629845178730017e-01 2.883274977966540087e-01 8.089564298385379382e-02 -7.781072015368710459e-02 2.727102549552289923e-01 1.387333858661650085e-02 2.428998415728489957e-01 2.465211961266350060e-01 1.466935947196419954e-01 2.738970462106030124e-01 2.454857176803539875e-01 2.561376082533909915e-01 1.758407299072210078e-02 4.283112579412090004e-01 3.032153517232399897e-01 1.320862199275779914e-01 -4.129359609002789672e-02 2.739974858197880003e-01 1.318415120336290103e-01 2.506630868725659989e-01 5.089889049738449689e-02 6.088862137384189882e-02 1.981830299957889896e-01 6.724343577681269890e-01 2.947872983674689751e-01 1.246993262463180069e-01 -4.159757855719049824e-02 3.228987341569510006e-02 1.163040534756529937e-01 1.108923996296310062e-02 9.213295000743540464e-03 2.460472485990639890e-01 3.104884154916709993e-01 -1.562405682088159886e-01 3.275075323496949853e-01 2.977381341237039791e-01 3.362563203647380150e-01 3.915673419346509809e-01 4.263571731359229733e-01 3.071745133081140167e-01 4.289713157651690034e-01 3.869568043290140258e-01 3.985078395611609814e-01 4.141223769470869787e-01
6.479024767656639539e-02 3.202322907614240100e-01 5.093909009956649851e-03 1.463753239407629969e-01 8.363175381448380297e-02 6.381024698588990372e-03 1.632678236095569946e-01 6.466208981075850515e-01 1.000000000000000000e+00 1.327929151184930046e-01 4.853409650230759986e-01 3.664002565040540005e-01 1.516991251164910015e-01 -6.782667339716419441e-02 5.042180445278159756e-02 1.648143959007289938e-01 2.929932333615140050e-01 4.988302265285660120e-01 1.325939161670570132e-01 3.160413528230219815e-01 -5.479084870887179597e-03 2.429284114081430024e-01 -6.938357457208710333e-02 5.537957543489350209e-01 -1.525462958344770137e-01 1.640780184696289945e-01 1.340520013312470060e-01 6.568892661446790182e-02 2.649052731871480160e-01 1.604189052647059938e-02 -3.253816460206419847e-02 3.575503684065010207e-02 2.327432349348600160e-02 3.589475105800120081e-01 1.835350261393469962e-01 7.897614489425389683e-01 5.736533204080720427e-01 7.207927686919629595e-02 -1.039009006868740065e-01 9.176252330381309830e-02 5.204024518772319974e-01 -8.718169399542209652e-02 -3.098137988349750072e-03 9.883920501946580686e-03 1.697974451829520059e-01 7.602991212028209489e-02 1.022564105590160061e-01 1.336897967827689881e-01 3.836036320846609726e-01 7.620405916828739690e-01 1.249599206941079954e-01 1.730261662816109935e-01 2.234939332459190131e-01 2.726083506808629764e-01 7.379253507607340390e-02 1.422881745612379900e-01 7.354202842666189843e-01 7.301089232677230312e-01 1.065717097148009967e-01 4.818689015316149904e-01 2.559098085609800011e-01 3.098826614047179850e-01 2.449578898324089940e-02 -2.305207701850250090e-01 -9.458897769989260684e-02 5.523672699568239752e-02 5.805682207647649973e-01 3.249985393082959750e-01 2.386839282535110074e-01 3.714912335663230203e-01 1.055109132401540056e-01 1.587339307212330131e-01 5.983147814024870371e-03 2.919164082165779939e-01 5.062463200914909534e-01 -2.411462795318769850e-02 2.229202406686489890e-01 7.905888170585159691e-02 1.303841822265799921e-02 4.727543155477580139e-02 1.132073915346139964e-01 3.126027180444510001e-01 4.049572452398170208e-01 2.745387236472029979e-01 2.591336951270000188e-01 1.524657116970249970e-01 5.080650601795789756e-01 5.317236107302199949e-02 6.950491170485679771e-01 6.252647473666900213e-01 1.268184820009530048e-02 7.088903815866420127e-03 -2.193755703498840096e-02 8.973781573024899871e-02 1.311597558358869875e-01 1.081201871137660031e-01 8.668469060613939736e-02 1.135323529831530065e-01 4.435474805136119802e-01 7.690795609364730057e-01 -3.940664884841790089e-02 -1.317245575923109979e-01 -1.357726125184439969e-02 -5.082947979264820261e-03 -1.853409908369409859e-02 8.929521480901299324e-02 -1.062545224721559989e-01 -4.391982106974570005e-02 -1.769479684193339952e-01 1.493194070261160133e-01 -3.405300197286149910e-02 -7.609617607679060314e-02 5.717623364071809933e-01 6.149591710621420404e-01 3.421654338012999896e-01 4.239828582687369951e-01 7.750051119411689449e-01 7.500468026165799662e-01 4.661667536370460163e-01
2.918730344711700231e-01 3.511363713043449963e-01 3.573008493640369987e-01 2.723636358288740178e-01 3.521507564293370196e-01 3.771233038369389834e-01 5.384714786021389532e-01 2.310419193299949880e-01 1.327929151184930046e-01 1.000000000000000000e+00 3.704447025801799742e-01 6.789379572103949601e-01 3.347161466029229815e-01 6.573813855363359604e-01 6.223280014518589587e-01 6.018287167824739603e-01 3.346457734730379774e-01 3.927179993909020173e-01 2.906599337744379952e-01 5.205607091824340227e-01 5.244195823579750337e-01 5.234706643407810445e-01 5.518704466353849813e-01 5.497806604457770030e-01 6.840355608498930318e-01 7.100218432152870518e-01 4.528386472167350019e-01 5.575473268070040289e-01 3.920188386923449952e-01 6.108944788934910219e-01 4.316901848760040239e-01 5.059090169102560264e-01 3.988754918904749980e-01 4.106782511639239797e-01 4.369758575914620136e-01 1.473350301481909930e-01 1.237713585531090010e-01 5.491849680926079724e-01 6.168810882154670550e-01 5.519518124413610449e-01 3.363186559614270155e-01 5.451278002717639959e-01 4.512227197612609930e-01 4.690719899177590024e-01 2.959351535397790056e-01 3.915237720487270145e-01 5.926887823006909972e-01 4.731201901771410201e-01 4.594871068980089790e-01 1.159703503934070012e-01 5.046954041040430106e-01 4.241371528763580034e-01 4.618176136276719856e-01 2.305881529337799885e-01 4.419706220408249897e-01 5.412161155950659941e-01 2.752960421950629843e-01 9.858909149532729677e-02 8.679839941933910064e-01 5.266615512962860013e-01 7.100687503590209504e-01 3.540852551030689854e-01 4.626783617475799804e-01 5.567483208448129606e-01 4.300402168116430057e-01 5.852181415828180411e-01 4.683528684911730244e-01 4.445650255483379887e-01 4.473461688531120140e-01 3.832953992784329800e-01 5.632831173377530476e-01 4.118737366456450277e-01 4.962024030174190248e-01 5.878683439946119638e-01 5.152790210408589866e-01 6.544462040403380421e-01 2.780873179053020006e-01 6.568179094892200309e-01 3.495266840325170210e-01 4.871162002175389860e-01 3.318451652704860200e-01 2.376600060310679885e-01 4.414490833067579723e-01 4.854888104163039841e-01 3.732793126327400013e-01 6.113132837515220519e-01 1.932817040872789882e-01 4.966654724077980143e-01 2.703267173566309967e-01 2.935918005726559921e-01 4.307988206433370215e-01 5.445084542523549453e-01 5.658135006384590326e-01 4.467289923275900021e-01 4.317196889557239903e-01 4.080839469366590033e-01 3.857231472322070198e-01 4.996265252332759976e-01 4.787899566541830021e-01 1.372438440366759993e-01 3.092006491000480195e-01 2.542016102683539724e-01 8.932868181707200039e-02 2.906977073090630248e-01 5.456059602271139813e-02 9.198424401764790370e-02 4.643524927497900134e-01 3.656871358816159989e-01 2.095875526984530002e-01 3.341044454584159995e-01 2.776969364097999771e-01 2.768923303485690268e-01 8.897490432296679963e-02 1.362238702991939998e-01 2.693824116726730167e-01 2.145654627969039996e-01 1.252713333741400058e-02 3.785158392269780125e-02 1.926165695352169971e-01
4.375987225455699736e-01 3.029231468727709986e-01 2.473253377062379910e-01 1.920358495664560017e-01 1.491530863537230134e-01 1.040471132505469964e-01 1.838728019733570085e-01 3.199801738133309925e-01 4.853409650230759986e-01 3.704447025801799742e-01 1.000000000000000000e+00 7.475348712305629473e-01 1.115991435795259945e-01 2.342134535989389976e-01 1.795707898468359986e-01 2.038065375449649996e-01 -2.007249253910089906e-04 1.704647273949949915e-01 -1.698667835159209938e-01 1.116747883576419964e-01 1.918123129311249953e-01 2.019337712031820109e-01 1.443232089066580071e-01 5.026461323244120205e-01 3.066484116161110052e-01 3.549824243154640069e-01 6.536671562681380110e-02 5.007851352569470116e-02 4.261302551000339944e-02 7.691006235184980055e-02 1.182456102346629984e-01 2.180425510355159940e-02 -4.418044660197110313e-02 1.932244872975650007e-01 1.347357378057360000e-01 3.138777695078169838e-01 2.999083256180469781e-01 2.166939154502020015e-01 2.119183030098960030e-01 1.849209688564409926e-01 2.843636337405199832e-01 1.198330924141469966e-01 1.128668210588749943e-01 1.139626889153100009e-01 7.545570466975849711e-02 7.267762713878779535e-02 1.102191497984460061e-01 1.231336334596969950e-01 4.548548124026849937e-01 4.396092240061170164e-01 2.055418469139229931e-01 2.155967587184559886e-01 6.594633413274220146e-02 6.421176480244179807e-02 1.411671853278030075e-01 2.938768610365020129e-01 3.452200664662000151e-01 3.835420833545289954e-01 3.360965640658110098e-01 7.563851509974669485e-01 4.884600517765280148e-01 2.295818738869929987e-01 -9.083618436859899892e-02 1.200475595750910007e-01 1.910399997156619900e-01 2.126941483074190065e-01 3.868078828956429960e-01 1.104522927230039975e-01 5.893341376771209922e-02 1.340957815406060016e-01 1.788509877966180106e-01 4.122163900465600217e-02 1.894241633927170043e-01 2.759061108075759883e-01 3.733640316129639980e-01 1.773911866072039878e-01 2.020156185706080063e-02 9.190724459560199733e-02 2.682548516709660005e-02 4.587646779660350255e-02 -1.755518187905089900e-01 5.606105216640180217e-02 2.294161116104160014e-01 2.036955377738720041e-01 1.181656640059849939e-01 7.969999062034889559e-02 4.919748468306180123e-02 -6.116564626402490323e-02 3.023640067359389949e-01 5.109289275495360050e-01 7.837514506502750444e-02 1.131447045527050055e-01 2.183515246865720127e-01 1.566481148858270001e-01 6.691606162943129765e-02 2.818037569899179973e-01 3.191783582551770138e-02 1.002797873559729963e-01 3.790213854859080245e-01 4.041382602548809766e-01 3.200799594231790168e-01 9.245316684365770254e-02 3.620734114503469936e-01 2.229308799582989942e-01 1.171337849222969935e-01 1.137637676612790055e-01 8.997525379476109531e-02 3.910173091845470239e-02 -3.754164415434600027e-02 1.712063263897589949e-01 1.084924660024890082e-02 -3.393492999645290192e-02 1.258399398667890134e-01 1.641205509496879988e-01 1.827981746180870060e-01 1.050695273114300027e-01 3.795573072625479938e-01 3.195521563696229750e-01 3.915558817482749920e-01
4.289535149500809941e-01 2.823901213197880233e-01 2.472459504150940068e-01 1.865356637550729946e-01 1.938876660287119913e-01 1.837614182273480112e-01 4.274489988661089868e-01 3.593127231321199822e-01 3.664002565040540005e-01 6.789379572103949601e-01 7.475348712305629473e-01 1.000000000000000000e+00 2.324365752500290039e-01 4.531669298803079893e-01 3.304944893600519906e-01 4.138306220928200108e-01 2.355472374096130028e-01 2.979173869815199827e-01 -2.685983112159849931e-02 3.243370877553179987e-01 3.614660019806639757e-01 4.527337736596099838e-01 3.345196947858540271e-01 6.822114344422900434e-01 4.377087260150109849e-01 6.077985634227700551e-01 3.913515915686189839e-01 3.342506820462129991e-01 2.281833471143289993e-01 3.235176243480790137e-01 2.802632111365109813e-01 2.677666851134309911e-01 2.231116868533589981e-01 3.536922896831429797e-01 4.095844851613270055e-01 2.350260931697130129e-01 2.242025684913679928e-01 4.346099911665520232e-01 4.183648598908260019e-01 4.427700116173580169e-01 4.469618528887919773e-01 3.323806676582459763e-01 3.791587573155960067e-01 3.280906855989950133e-01 2.363659127125679882e-01 3.650831731349230003e-01 4.175874298091000192e-01 3.897876725060229752e-01 5.392306213867880116e-01 3.159351783969169825e-01 3.025039890441689749e-01 2.833919509500850142e-01 2.455539672400270101e-01 1.949447054676199942e-01 2.469805154398979907e-01 3.575265498243280216e-01 3.580507213005780232e-01 3.315395852671749743e-01 5.965397616622329924e-01 6.424923680207339505e-01 7.029319074566040548e-01 3.422156884996480075e-01 1.322503545664570068e-01 3.256034348541430035e-01 2.533543237725670028e-01 3.185468079870080182e-01 5.644518370279389963e-01 3.202622600682030196e-01 2.891729213267589804e-01 3.111772906906469793e-01 3.667895288380659813e-01 3.349700241197839934e-01 3.034752102506210192e-01 3.936377021900869799e-01 5.353869065989790288e-01 3.911594301143049845e-01 9.165836959459110200e-02 3.407419026285000152e-01 2.163058654964229999e-01 3.421724219643290099e-01 1.148525518629009978e-01 2.598601471220949866e-01 4.474703127148699777e-01 4.653999494285310234e-01 4.089168544650830239e-01 4.110553572289060154e-01 8.953115772030799391e-02 2.494568608235170071e-01 2.969805768108960131e-01 5.136641206760399481e-01 2.789282853715909782e-01 2.969728459971570089e-01 3.150114169932100028e-01 3.632628522927640047e-01 3.999634261184349948e-01 4.536534610911129861e-01 3.493132190003799820e-01 3.710444178629579981e-01 4.716556008217400175e-01 3.472033430053509950e-01 2.194684486587200056e-01 5.518277199315860249e-02 2.198435373377730095e-01 1.702851729130079872e-01 1.998530586372360141e-02 1.265854403576449974e-02 2.185438887375419914e-01 1.781781380535699955e-01 4.781558543364219926e-02 2.075526144487180036e-01 7.386968649780749352e-02 8.378492186399759400e-02 1.514205776654879987e-01 1.947589626083879866e-01 1.777577096319120087e-01 1.379021209036150053e-01 2.301585253378189977e-01 1.923746543266290077e-01 2.554735964731740250e-01
-1.754387910784870053e-01 2.000980603150689929e-02 -1.629973329628719991e-01 -1.325226559942909998e-01 -1.501031785705030097e-01 -7.419906060471549714e-02 -7.822582282563379785e-02 -2.565664216173280110e-02 1.516991251164910015e-01 3.347161466029229815e-01 1.115991435795259945e-01 2.324365752500290039e-01 1.000000000000000000e+00 2.259569692872379909e-01 1.843579313535249897e-01 -2.396174947107719902e-02 6.648452693493339671e-01 2.590159589459870015e-01 3.952397976021579939e-01 2.074915470973389964e-01 -7.896400522293460511e-02 6.643370918655220336e-01 1.069090979682779941e-01 4.904070488755479795e-01 2.079899304785050029e-01 3.813237329159779865e-01 3.739576931233600243e-01 4.361985594626809903e-01 5.398494613709889922e-01 7.524822918280170414e-02 2.569470867448300222e-01 2.833533380245609745e-01 -2.754764172107270100e-03 2.479119309671329874e-01 3.843514297589489814e-01 3.778723444063399883e-01 3.033798136518159883e-01 1.833411106702000082e-01 -4.246219076528059966e-02 1.237003983919949951e-01 3.753875713712639950e-01 2.612716295569380009e-01 2.242432745138580041e-01 1.565115360459569949e-01 -2.146793658057239915e-03 3.151901415985999821e-01 2.439859256014079991e-01 1.821783323438979918e-01 -6.826897984927979626e-03 3.499854259198780237e-01 -6.427670695354240071e-02 -1.526454947128200092e-03 5.739303044902389905e-02 -7.272543472923889696e-02 -9.726912100407709982e-02 -1.466990867210349880e-01 1.022049930079859947e-01 3.280148219297829987e-02 1.875491359995050122e-01 4.336201109287299849e-01 2.520696196955520274e-01 7.454048171652980503e-01 5.247565795254159893e-01 7.829395572455820351e-02 -2.975931647749599745e-04 7.338740955597410076e-02 1.225721399172659959e-01 5.060800935118240362e-01 3.231416313833639919e-01 2.661300316185790105e-01 -1.400725630499909981e-02 5.549791681611190297e-01 7.572828953520829853e-02 1.066835993569059948e-01 4.846131944448430207e-01 2.335025614315580089e-01 4.730821360616220272e-01 3.362965266769469830e-01 2.050673236708580038e-01 1.753761762432670124e-01 5.657115351325050501e-01 3.582155762808030275e-01 1.775934445711569998e-01 3.409519243664679844e-01 3.947814977275599935e-01 2.402468247282980029e-01 4.391650227158300224e-01 5.426914926351610324e-01 3.409040889350509751e-01 4.425568773618009932e-01 3.328900839751740282e-02 1.029993991330580005e-01 -1.226544214294269936e-01 9.335595581935629550e-02 1.018245016258819968e-01 2.144153917502290008e-01 3.379486033222969810e-01 2.015622255945359875e-01 9.358965191401349970e-03 3.267629976888770105e-01 -1.930701085393629890e-01 -9.454011229230570301e-02 -2.923877187648900033e-01 -1.631781916092920059e-01 3.192380175524350272e-01 3.887004814615859782e-01 -1.080670719534820023e-01 -1.044701891597469984e-01 -6.563185527725319546e-02 -1.831991173826900132e-01 1.380863858025359880e-01 1.270123186032970086e-01 3.491551094348679940e-01 2.939801792377100265e-01 2.090373924481530032e-01 1.926379476407150126e-01 2.166090358448259923e-01 2.645281768574689885e-01 2.869534616115169967e-02
