1.000000000000000000e+00 -4.400090396972559936e-02 4.227009331286130100e-01 5.436338354465900524e-01 1.378422278331039863e-01 5.916028143812700202e-02 -1.669749553704779899e-01 2.044509190312719937e-01 4.628435493420700320e-02 2.161598471313180003e-01 -2.054618951582979844e-02 1.947962991290420054e-01 -2.036349024632440052e-01 4.361365616344800022e-01 -5.889096098067300028e-02 4.274600148534880018e-01 -1.226706716173590062e-01 -3.046895785655879818e-01 -1.032032140259690062e-01 -2.917757458844099858e-02 3.783204307048920190e-01 -1.964771294844820104e-01 1.595494716226029952e-01 -1.407316132258250030e-01 -1.060517931848029977e-01 -9.487755661447359878e-02 1.812326588351400036e-01 -2.559185750053419861e-01 -2.167192646873599970e-01 -1.508571516599570006e-01 -2.256162252294130130e-02 5.860218962065869563e-01 2.605826911733269968e-01 -4.165156583569529780e-01 1.334381982992539906e-01 -1.431566070178869887e-01 -3.047529601758059981e-01 1.706512150163549957e-01 -1.425143577069810097e-01 -2.547669656233900182e-01 -8.978544087368239834e-02 -1.720581680888650100e-01 1.334002170731510006e-01 -8.884135994781690651e-03 3.247804110933990018e-01 3.484521614069350237e-01 5.121227459643490354e-01 3.780842883906920249e-01 -2.557351872710750262e-01 -2.393714432054790120e-01 6.211801344105829514e-01 4.056826744307769905e-01 4.245916692295890194e-01 4.119494659791699820e-01 -1.557912267588719979e-01 3.114920056408460036e-01 9.869527910293210415e-02 -1.994092955869070094e-01 -3.693558795044299958e-01 4.192539975163380069e-03 2.170101826302099982e-02 -3.347226022843100002e-01 3.128710579989660290e-02 5.188457815106940485e-01 1.664386669757320081e-01 1.541878718022159922e-01 -1.778102230260079908e-01 -3.489391045779750011e-01 -3.409421881441550006e-01 -2.892669982846329813e-01 3.712760633682160027e-01 -1.023674434848220044e-01 3.570462187494879980e-02 -5.723520872861739828e-02 -6.093211140683209986e-02 -1.510756718909430085e-01 -4.305537519023330262e-01 8.820141140607269670e-02 2.358918788141010081e-01 2.326470884080860113e-01 -4.812573019916279726e-01 -4.604740351264899889e-01 4.055165668713179850e-01 1.736104119971660087e-01 1.673826079605749972e-01 1.526484226711810055e-01 -1.491123488619119919e-01 -1.590571321770060109e-01 -4.185857465512500264e-01 -1.943932402347219868e-01 4.509027222130370105e-01 2.247098768435419891e-01 2.251789760701929932e-01 -1.498802059501730052e-02 5.744591159567160113e-03 -3.496931648906489998e-01 2.985096773788200042e-01 2.959639207441899789e-01 -6.934351703849199466e-02 6.790898263708269877e-02 2.760798554575280006e-01 4.036654600887569777e-01 3.632782129250289871e-01 5.792183841299629599e-01 -1.890695954055419958e-01 3.308204193858999692e-02 -3.386123582882509808e-01 -1.147067085810439951e-01 -2.781603301566389908e-01 2.355578166813159999e-02 -3.228906624880250043e-01 -2.374983609864010081e-01 1.613958879378470102e-01 4.023434241572539927e-01 1.416200684465070136e-01 -5.414929720141740260e-02 2.592603167259700109e-02 5.778425658159089956e-02 -9.807116047864840314e-02
-4.400090396972559936e-02 1.000000000000000000e+00 2.553719403941849819e-01 -3.015241404436460049e-01 2.708225105863369953e-01 -1.834652228531200024e-01 2.642532789111550207e-01 -7.014890076231510008e-02 4.802614924988569955e-02 -1.452805078853300069e-01 2.548044700608689817e-01 1.091014011067349965e-01 4.282093625114580249e-01 -9.876984848505319936e-02 1.671634557141349897e-01 3.384000642867829867e-01 3.487715915977530057e-01 3.088230360098109806e-01 1.944332826383460000e-01 1.126885425124759949e-01 -5.898879296139109690e-02 6.454184715133499950e-02 -8.925409673123430032e-02 2.427727940101229998e-01 5.530404334694109802e-02 2.696412983924910134e-01 2.325420289910030136e-01 2.273030252516149985e-01 2.801622374439259877e-01 2.264678068271689937e-01 6.580935414207439438e-02 -5.042900233049289749e-02 7.944770962437930351e-02 4.459428936108509878e-01 -8.476536739137779941e-02 -3.930155992637209689e-02 2.091050074303789919e-01 4.058613149666019659e-02 -3.107178134815720069e-02 2.726705786824559774e-01 2.995355758811980018e-01 7.105481945285739565e-02 -2.143294099341400138e-01 7.584877366630700390e-02 -2.355399285794710085e-01 1.813264088239369964e-01 -2.882300929463019971e-03 1.684515340789010107e-01 1.744864241585880049e-01 2.940875321865210057e-01 1.374941095345620090e-01 3.143318931363500157e-01 6.971333921532009426e-02 -1.518604846207989925e-02 2.445976610050520084e-01 5.225514172155740211e-02 -8.934780184955979157e-03 6.833454939497790592e-02 1.148333792531569947e-01 5.008086670852650302e-02 2.155575251177530016e-01 -1.366156366204279993e-01 1.554302524453569923e-01 1.023975309874590039e-01 4.415906310597499940e-01 2.195659058504420003e-01 1.447715489776230102e-01 2.978522501845359827e-01 3.865582314581549883e-01 2.648949600098089996e-01 2.223469299874659966e-02 -5.559855290464999975e-03 6.607022131349900296e-02 7.684279655784710672e-02 1.617799875492129946e-01 1.409473352382170086e-01 3.398653259275630223e-01 5.289505297827910013e-01 -6.796407722481169478e-02 2.786298658455019783e-01 3.027956232093820255e-01 3.265285404791630208e-01 -1.302161085114489913e-01 -6.513056366877829906e-03 1.117380713478039952e-02 2.751804212862959953e-01 2.163342137971960011e-01 2.000341851949180016e-01 1.800705414529470139e-01 1.313205116941799921e-01 8.382383503273679870e-03 7.776679565755799731e-03 -1.518942125657060105e-01 8.466559959526739898e-02 -1.232348058542749938e-02 5.035731468826189910e-02 -5.510358192200089794e-02 2.333485911913280031e-01 1.296658868393880081e-02 1.365565116771459975e-01 -1.907216857419559985e-01 -4.495590600219839805e-03 -1.490387006079020027e-01 -1.328457823791920067e-01 2.490631929697220137e-01 1.072131341032700053e-01 2.596038232106179788e-01 2.914199605614590238e-01 2.176090128733499940e-01 2.190453017521230006e-01 4.295924416744320018e-01 3.913526835401540116e-01 9.480146447389510567e-02 5.812782688113780211e-02 6.634541145180520294e-01 4.557563834520310109e-01 1.750769466101419897e-02 6.465219159908519586e-02 2.704460115367099959e-01
4.227009331286130100e-01 2.553719403941849819e-01 1.000000000000000000e+00 3.021421698582830162e-01 3.249343343252760197e-01 4.884911533890169688e-02 8.825235725522780073e-02 1.877565214046729991e-01 2.799302168554320125e-01 -2.030618355066700007e-02 1.369719911516910082e-01 7.558570365054290141e-02 3.144304669255210127e-01 4.913933693875269793e-01 1.029281338369250065e-01 4.777655914968110262e-01 9.707775726649729708e-02 1.395711881696130030e-01 4.364350394117370163e-02 2.376742251954349905e-01 3.770756024638219905e-01 6.516115940298680687e-02 2.619312204965200119e-01 1.771692599128389944e-01 -1.702276803871889954e-01 1.160347468459389936e-01 2.114365926968830023e-01 2.347235662165390035e-01 2.439874115586130043e-01 1.138899059233410005e-01 -7.379045076947320092e-02 4.784906014918119954e-01 1.482133345185989992e-01 1.310548751387380084e-01 7.005047775075179395e-02 1.582639461010870024e-02 7.709583113692930478e-02 3.522230527873519978e-01 -3.791706623215909677e-02 -4.856625720917159827e-02 8.999752294523659379e-02 -5.789922837503089920e-02 1.427086892104570126e-01 6.075599941018509920e-02 5.620408276881939946e-02 2.530110503735260030e-01 4.326029374560400043e-01 4.652466872367990169e-01 -1.563384791231799964e-01 3.206002726597990266e-02 3.931218607800909814e-01 4.139137785487689847e-01 3.699495392152910012e-01 4.391739564061020173e-02 2.636608048650139757e-01 4.100391019349060029e-01 1.136042307896080045e-01 -4.257766964260609882e-02 -2.036772412685290135e-01 7.633909655311869880e-02 8.914896623415040355e-02 -1.653496351253440078e-01 2.165528467970289916e-01 4.678139128185230255e-01 2.442739997554199960e-01 1.101798565167900062e-01 2.098835974830519924e-01 -2.447821138144209811e-03 -3.375471318928229686e-02 2.993730603360560127e-02 3.150787757503979991e-01 1.701520590075980000e-01 1.678171960003219942e-01 1.277706508533360021e-02 -1.482773659330229865e-01 5.708114306158369733e-02 -7.106789141149630340e-02 3.623387308477559743e-01 2.115423562875629881e-01 3.382716462160589854e-01 -7.852089524752410565e-02 1.674501844163769904e-02 1.243496989629870042e-01 1.834143402891320052e-01 1.653472991809110115e-01 2.484656901743519941e-01 1.803543491872850076e-03 2.518430312490009815e-01 -1.656608102595669985e-01 -1.224384793021889989e-01 4.105966482645069804e-01 -4.296456619264130139e-02 3.516593099078400009e-01 2.157440703950440075e-01 5.434918215110760148e-02 -1.294821685742029993e-01 2.592205046752349973e-01 3.303568725271879836e-01 6.139807013510419770e-02 2.227883201692139881e-01 3.044429393368039971e-01 5.431619101811649974e-01 4.618414573969519821e-01 5.281559521961699533e-01 1.903526025907129882e-01 8.722564981874660062e-02 3.986346821407280028e-02 2.677882814155839730e-01 -1.376730780526949915e-01 2.230096086926270094e-01 3.109674669154999932e-02 3.021510045256309979e-02 1.421600730870870022e-01 1.874715251469810107e-01 4.150633308967550117e-01 3.343323172603980264e-01 5.937513161165289613e-03 5.663488785130690178e-02 3.282049251483549757e-01
5.436338354465900524e-01 -3.015241404436460049e-01 3.021421698582830162e-01 1.000000000000000000e+00 8.726340435673890505e-02 1.016309058098819988e-02 -1.650293668444050010e-01 3.781408939448949735e-01 1.179144792246880069e-01 1.828631804417140128e-01 4.863399445476940253e-02 3.286579689638949864e-01 -1.584518332459899925e-01 3.108334510600689882e-01 -1.191101231307619968e-01 1.941410140015120134e-01 -1.946466027144529987e-01 -1.990922587847739900e-01 -2.211352729458180080e-02 5.711944308733580417e-03 3.297999589904500040e-01 -7.183636319138550497e-02 3.709985345893869746e-01 -2.899670249987239962e-02 -9.878914920622980378e-02 4.226354800392499722e-02 1.820557399077409877e-01 5.853899921566770026e-02 -5.674514173995080096e-02 -8.891374844556160228e-02 -6.544895907052089568e-02 4.546500611583810247e-01 1.278134080076440138e-01 -4.072126607991590208e-01 3.442883753670499813e-01 8.800648541466929431e-02 -2.000597698073539876e-01 2.335734215831679894e-01 3.485706421978460035e-02 -3.062853700577140015e-01 -6.714407417394359368e-02 4.499935843058080337e-02 3.196594918119969875e-01 6.242186750813179946e-02 5.290365028625929611e-01 3.629107348669819988e-01 3.048109885967940080e-01 3.194801261130469916e-01 -2.460181103888240128e-01 -6.761077876465890202e-02 3.803820208800229863e-01 1.604842675759730053e-01 3.079205444163189975e-01 3.344205834423479851e-01 -1.875528792315679927e-01 1.677429653773450102e-01 3.453647533534109915e-01 -1.272656063546289962e-01 -2.058489424029079917e-01 1.040569411604549965e-01 -3.984940968850449877e-02 -1.011695835600840004e-01 -6.024701392822989776e-02 3.416834901558269966e-01 -1.458370235264969950e-01 8.360245318622530619e-02 -6.838051432486069725e-02 -3.700796998125139847e-01 -4.217769009778860045e-01 -2.502336689233399802e-01 6.535297428166450540e-02 1.589781537433720103e-03 1.791796164259550073e-01 6.228187749014969798e-02 -4.657217030913470002e-02 7.506300254353659440e-02 -4.293694925762779890e-01 -4.006456253997230099e-02 2.730254740565000171e-01 1.886764020269509901e-01 -5.602435624703440142e-01 -5.137807533091649503e-01 6.034252360136860283e-01 2.774067234386179970e-01 3.241236412704869840e-01 1.606684080664469993e-01 -1.384312110335990109e-01 -9.084508000389250604e-02 -2.565444202052720168e-01 5.944778262338309667e-04 3.651726015806650016e-01 2.035243281390460013e-01 1.764334802331649910e-01 -4.551140823285740322e-03 2.467114148978989951e-01 -8.414367419591990693e-02 3.207156590853579847e-01 2.485283144229379904e-01 1.912998677687549956e-02 9.502819506038670538e-02 1.506534897581089938e-01 3.568965399475559908e-01 3.744320354178750088e-01 4.927350307116850070e-01 2.886196375657990032e-02 3.490656343873720091e-02 -1.852225380201970029e-01 -7.074290324202650582e-02 -2.958226088893050054e-01 1.028347466726210052e-01 -3.436344813723590241e-01 -1.154395970131990024e-01 2.974603816195309780e-01 4.280201281254840118e-01 -1.342664547697300093e-01 -1.230852569743989960e-01 2.572434116485889932e-01 2.144661880034680057e-01 -1.198580318155220009e-01
1.378422278331039863e-01 2.708225105863369953e-01 3.249343343252760197e-01 8.726340435673890505e-02 1.000000000000000000e+00 1.766546229765720011e-01 2.084042509644659924e-01 2.078692895192489898e-01 4.329645836641939916e-01 3.217770954689109786e-01 2.396967509403790109e-01 2.550841670135139960e-01 3.196415238325500119e-01 3.751585809498559909e-01 3.220795841912120205e-01 4.241524778063079926e-01 3.924204432448519797e-01 3.011426389951880056e-01 -3.046307436675760056e-03 3.589088833867429829e-01 9.988838535909050353e-02 1.314286540324300090e-01 3.480592155337020044e-01 3.415755512615920031e-01 1.424000068834549992e-01 2.471579458560780040e-01 1.440869425941870008e-01 2.769577716875120110e-01 3.455072164354129893e-01 2.454383392179539936e-01 3.372951284847710007e-01 3.512435770723459916e-01 4.735023503224369823e-01 1.640900679767529902e-01 2.583181626393920016e-01 1.425484772610799977e-01 2.567726955692999913e-01 2.773899460440720222e-01 5.591295535154249680e-02 -6.759914896766450187e-02 3.028883369374439916e-01 1.278804863166040084e-02 1.464812785989350052e-01 3.941837999615420141e-01 -6.428869382810580013e-02 2.086669381891609887e-01 1.732020532338320040e-01 4.484650681004960227e-01 2.198009184511720004e-01 4.163559021538930094e-01 2.586050293386110144e-01 2.204579258465599878e-01 5.199592815656339795e-01 -8.291328986421110658e-02 4.238434960469290025e-01 4.030843927404529903e-01 3.093602669713400033e-01 2.025767051341020031e-01 -7.063285487222309422e-02 1.321821027356870071e-01 4.810290174100870231e-02 -6.930540158930580119e-02 2.464030091868809891e-01 2.126419661316490128e-01 1.564535061997359977e-01 3.243749614535800241e-01 2.994402464452060042e-01 8.127742177786860533e-02 1.368246378363230098e-01 2.679552002765400176e-01 3.816909790072040010e-01 1.764469811552150103e-01 3.567732129361809723e-01 -4.989391268828539949e-02 -1.736284151509210061e-01 2.928872529103569988e-01 1.245134897760370035e-01 2.909731519364769925e-01 3.528467647643520055e-01 3.604386978302550060e-01 8.044224215111739351e-02 1.344424994849640065e-01 3.428836296843400244e-02 2.110261287495910076e-01 1.517089938721170039e-01 2.476186896349860111e-01 3.289634772224779846e-01 3.792760727632700224e-01 1.733817373122449879e-01 2.879157669124069938e-02 3.657177466527790077e-01 1.054436306169010025e-02 3.244136456830349902e-01 3.481431526122040210e-01 -2.761142299530239957e-02 1.598663645454760085e-01 2.160379866662640036e-01 2.629064389844150140e-01 4.520472940208949963e-02 4.132095471463559933e-01 2.254639618148779889e-01 3.924205937755290141e-01 1.388332286829410123e-01 2.296605962102679921e-01 2.955231071132650156e-01 1.640382174598530030e-01 3.331990067422820057e-02 2.094937109982409895e-01 1.233960940271359996e-01 1.975112808644270135e-01 2.357995701623250007e-01 1.889879236700910126e-01 2.580256750183590117e-02 3.442168166753439840e-01 3.097858092760140125e-01 4.358523277608969959e-01 2.910272700845309979e-01 2.512749206675299884e-01 3.485849061290179907e-01
5.916028143812700202e-02 -1.834652228531200024e-01 4.884911533890169688e-02 1.016309058098819988e-02 1.766546229765720011e-01 1.000000000000000000e+00 2.990044135555740001e-01 -1.476437330689300094e-03 -2.343988404186480093e-02 6.030310875951250260e-02 -3.421528622269799924e-01 -3.047231400509309851e-01 -2.820484339153980224e-01 4.164332272083969833e-01 4.168683639497929860e-01 9.796548488196489546e-02 -3.064354834275940243e-01 -2.114194598240320133e-01 -2.582059342206159958e-01 -1.235581266334370015e-01 3.258979889506429806e-01 -3.777485395418079817e-01 3.725552737351229826e-01 -2.949490957103459987e-01 4.640726623917479921e-01 -9.980552255496399905e-02 -4.490135435900070027e-01 -2.299333722140279868e-01 2.054733100484970165e-03 1.907305975382800056e-01 4.465244977898760181e-01 7.058369692403959617e-02 1.827641366183919980e-01 -1.857076355855269978e-01 -3.526054097095340234e-01 -2.898344161774650263e-01 -2.218975725692839962e-02 5.212250583270070514e-01 6.273671401689909777e-01 4.568199642168199737e-02 -3.041362976173039856e-01 3.492079062896030206e-01 -1.032037367473200018e-01 2.526007493956999861e-02 -2.430547451743790000e-01 -3.357651622014590220e-01 1.703427772932999962e-01 2.498476158848060014e-01 3.242672784207010217e-01 2.413737411533349933e-02 -1.516761057860399886e-01 -3.223365936487009864e-01 9.427165265396759974e-02 -2.013299326903270070e-01 3.003883410012260224e-01 4.813487026190220175e-01 2.456482857725819924e-01 -8.566813734333400543e-02 1.429240388240529958e-01 -1.585465765588310039e-01 8.568052303077269838e-02 -3.827733060231440221e-01 -3.625064959880049953e-01 -8.441189894699779872e-02 5.070046652881359667e-02 4.256060308958939942e-01 3.081773337964749948e-01 -3.915937794398560157e-01 -3.066480856785649967e-01 -4.027858233978710012e-01 2.564182840146809750e-01 -2.181482580006499916e-01 4.561060728088339733e-01 3.732888755375199930e-01 1.420026916441339930e-02 2.954734439435319771e-01 -1.975947088680440056e-01 -1.373544700221590031e-01 3.967708279979870190e-01 -2.789454529106359937e-01 -1.850727348597349942e-01 -1.993094756087120112e-01 -2.600887104149219864e-01 -2.702144251993460200e-01 -2.253566713915020059e-01 -4.522731787235840240e-01 1.784799506324190044e-01 -4.165326903093150024e-05 -3.096408789937630246e-01 -2.913735359428950011e-01 3.970326899006590242e-03 -1.423634072439919906e-01 7.000346425040240295e-01 3.701735313264130078e-01 2.004118724497760129e-01 6.618536601790199481e-02 -1.483489380026329907e-01 -4.384943352158240243e-02 3.357197263673030174e-01 1.381591937876970044e-01 7.623084821049960214e-01 5.919340196719990316e-02 4.778644468563589820e-01 1.981031270668029975e-01 1.361971836779949929e-01 9.309163927010180584e-02 2.431249752458519986e-01 3.294712722343809963e-01 1.512643549953069932e-01 2.379596360909680131e-01 2.577788266182399757e-01 1.853127494924380059e-01 -2.086751464970230119e-01 -2.733510599937860053e-01 -8.468034620856029759e-02 -1.817011030003949923e-01 -2.185554862948989874e-01 -2.146399709015670010e-01 -7.910698714702689427e-02
-1.669749553704779899e-01 2.642532789111550207e-01 8.825235725522780073e-02 -1.650293668444050010e-01 2.084042509644659924e-01 2.990044135555740001e-01 1.000000000000000000e+00 1.691778713188059891e-01 8.993902705426419508e-02 -1.406608738608189912e-01 -8.352703971696570640e-02 -1.908963938100730062e-01 1.474687503497250085e-01 8.456738427193259688e-02 5.016072333900259972e-01 1.077611552611690005e-01 -2.707833088790840073e-02 -5.764564518514889851e-02 1.441031608777390005e-01 -2.076495972296389936e-01 2.230771985627240106e-01 1.912861434990080142e-02 2.757735808184459958e-01 6.070277244896980090e-02 4.569454677649920082e-01 3.134161238816109973e-01 -1.164580264294060030e-01 -2.300889332527800146e-02 1.978369244441320063e-01 3.915793903452730040e-01 3.076558123417200141e-01 -3.242088870754929880e-02 -3.700665904516679990e-03 2.499147161719350030e-01 -3.066975795473469990e-01 -2.299946676755759978e-01 1.521313522625530046e-01 3.792804429222860207e-01 4.884816717720499857e-01 4.186658882112649915e-01 -1.065928019110319938e-02 2.899911130634290068e-01 -4.109255844702759675e-02 1.916068869016120113e-01 -2.650335849746199846e-01 -1.251784661849039970e-01 -5.359565016781280000e-02 1.255647553587010135e-01 3.492616278379669925e-01 1.573015037542540018e-01 -2.660017718308009815e-01 -1.067334635270850013e-01 -2.119184813341599884e-03 -9.930648429186479664e-02 3.613973750238679838e-01 3.262918461259630143e-01 1.734248142930119863e-01 1.996732744845929886e-01 4.672164107487720153e-01 8.288945902975709823e-02 2.208655844963469950e-01 -1.462392078744670088e-01 -1.820379500860919986e-01 -6.354358388639549937e-02 3.552470764036499973e-01 3.972491638399239799e-01 5.373360393704119664e-01 -9.218157560736840034e-03 4.410944081922930221e-02 -1.655822191223280115e-01 1.070017353891500045e-01 -1.875657169936049973e-01 4.439811820212660187e-01 4.680969005219859924e-01 2.073625486722160127e-01 3.137960784067539977e-01 1.035928459331559998e-01 3.119677992239699993e-01 7.236335721577440150e-02 -1.718350096933409996e-02 1.477779233886550025e-01 8.138252094566229833e-02 -1.440128824837310084e-01 -8.669008393893250231e-02 -2.680110029286100204e-01 -1.124233208994690064e-01 1.667843009685149869e-01 1.160459254700050014e-01 -3.548144992886399784e-02 7.133728081644449825e-02 6.731736269350070689e-02 -3.220278121262640236e-01 3.072018743953769948e-01 3.493076037979550019e-01 2.988058270855740162e-01 2.015507552223129994e-01 -9.973943727011380656e-02 6.267631980050360381e-03 3.697013206649900074e-01 1.029749945100749964e-01 3.230390059747090259e-01 -5.911248372822539704e-02 2.363262644548259905e-01 2.912759878369270230e-04 2.981040233831829811e-01 1.861270353642599865e-02 5.857924150396549567e-01 4.169499926229869868e-01 2.321772119406060042e-01 2.032311171139019879e-01 4.927867455756659854e-01 3.874537475496209749e-01 -8.128030425116569702e-02 -1.541583333827619973e-01 1.713172205899159972e-01 1.504412085434800039e-01 -1.323951992419130086e-01 -6.298429671559729881e-02 1.191732712511430065e-01
2.044509190312719937e-01 -7.014890076231510008e-02 1.877565214046729991e-01 3.781408939448949735e-01 2.078692895192489898e-01 -1.476437330689300094e-03 1.691778713188059891e-01 1.000000000000000000e+00 4.502520145689249964e-01 2.032962193275260065e-01 9.418502821318409934e-02 2.812131882852669795e-01 -7.105793616598030105e-02 -5.456030886409520171e-03 2.125511058092139915e-01 1.232620284651780029e-01 -3.503719618738600217e-02 -1.615597921808890058e-01 -3.233445356877050203e-02 -1.290971004695189994e-01 2.239486548152040124e-01 6.453487515802260044e-02 1.918663669243720060e-01 3.202988494081440013e-02 6.103535438300210225e-02 2.799638138039919899e-01 2.014579656927739937e-01 9.495667690129000471e-02 -8.234361065337220120e-02 2.857246183111160076e-01 -9.980619268200589811e-02 2.443995971606250095e-01 1.470650217909709977e-02 -2.601210505313030219e-01 1.940391460881810137e-01 8.819582441836229525e-02 -1.435454467781810128e-01 1.703088100126080029e-01 8.987163455097940679e-02 -7.530198980286670341e-02 7.072233391798370128e-02 4.316261264367030059e-02 2.676825840583830218e-01 3.716092435803740046e-01 2.246577454030170007e-01 2.981774339492659909e-01 5.980048246193719885e-02 2.220593042195460054e-01 6.246020675369359787e-02 5.481448436543900210e-02 1.003159251201929947e-01 1.553852139594449899e-01 3.003339073339180154e-01 2.404345075980889868e-01 6.317020357962649380e-02 2.819058160105890054e-01 2.549124451850809936e-01 1.513145547217039921e-01 1.467414519661250083e-01 3.291796628239829769e-01 1.006353411461829994e-01 -5.104932808538430178e-02 -1.029899489674969935e-02 1.864583449955410088e-01 -1.364944518959100017e-01 2.537564070820639839e-01 1.487027980501459956e-01 -2.311373760113890063e-01 -2.173340972421999862e-01 -1.164159234359510020e-01 3.885454503484850330e-02 6.800581780264579324e-02 2.871967956642569875e-01 2.210492689370049946e-01 8.329019106273710324e-03 2.371720520980939995e-01 -2.979118131366559896e-01 1.784816536170759915e-01 1.056055432323380061e-01 1.666536816375160102e-01 -3.392454322649359755e-01 -2.656442545994899818e-01 3.052947890902319994e-01 7.101448649173590366e-02 7.162970488435149718e-02 2.150132138153819927e-01 2.316480506960389985e-01 1.794646341157430103e-01 -1.509126135349500020e-01 1.150511199231479958e-01 2.460526623279669922e-01 -1.743725985184799987e-01 1.294717976425369954e-01 4.834162842706010016e-02 2.291735863924150018e-01 -7.519335901860620119e-02 2.665124785935040208e-01 2.612718600051009976e-01 3.204397396215339922e-01 1.361959418169080005e-01 1.268140242977990051e-01 2.402966966688180050e-01 1.527390884589389930e-01 2.046091184737360014e-01 1.005462858665319981e-01 4.339617631668449965e-02 -1.814693718233170022e-02 -1.273037346089100075e-01 -1.224884732829970013e-01 8.185542366259750124e-02 -5.121519203676919846e-02 -1.219905699504579971e-01 1.434770768337970126e-01 3.452018747011060262e-01 -1.271559934696399885e-01 6.368552608430359807e-02 2.586332174310529974e-01 3.788742842619040041e-01 -9.530320863438969392e-02
4.628435493420700320e-02 4.802614924988569955e-02 2.799302168554320125e-01 1.179144792246880069e-01 4.329645836641939916e-01 -2.343988404186480093e-02 8.993902705426419508e-02 4.502520145689249964e-01 1.000000000000000000e+00 3.006904222701490270e-01 2.055390680417600036e-01 3.139889397331290244e-01 1.799569667770959946e-01 2.386743885199170134e-01 1.218474383619909951e-01 2.476989287177309984e-01 1.864495276262680135e-01 2.257977146096550036e-01 -4.333209184387309953e-02 3.299889235583839953e-01 1.766211249077969947e-01 2.724422399098739844e-01 3.545196584264870276e-01 3.632946999461529880e-01 -1.501429630242779867e-01 2.323402904891599952e-01 1.403675035330400056e-01 3.146842121388579994e-01 1.397206650702950137e-01 1.691057138857660069e-01 -3.528843433748510023e-03 3.262157781588699845e-01 3.074481577960290202e-01 3.471007230324420212e-02 3.390171315018070120e-01 3.838637792124540149e-01 6.671162848923889443e-02 1.677995762382150091e-01 -6.893323446336309390e-02 -1.575183257792900082e-01 3.236752183248720049e-01 -1.853876251301860012e-02 2.988424913790649895e-01 5.263453854007209554e-01 2.077976976081589988e-01 2.007844522846090052e-01 8.325355008906050458e-02 3.670278374006760158e-01 1.994931595625099863e-01 3.170411644569289811e-01 1.775279615698019953e-01 2.215570241113040129e-01 3.833017604382050192e-01 2.893569924133800042e-02 1.457195709823830010e-01 3.211265074532980157e-01 2.166977500791809896e-01 3.279638175649099985e-01 8.609788719727090589e-03 2.261467587699809989e-01 -6.422775988631150568e-02 8.977955931582279336e-02 1.600562489346170070e-01 2.313990403064750123e-01 1.339106409607710053e-02 1.653914036159750134e-01 3.135904157227379918e-01 -1.673739591621899864e-02 7.193627587021489411e-02 3.389696840253920151e-01 2.913829597076019740e-01 3.013726597071190172e-01 2.733137355259889767e-01 -1.737729682771419967e-02 -1.696359804111020053e-01 3.571962159427510275e-01 -2.881155557732279979e-02 1.447061210131470044e-01 2.202431004470579989e-01 2.861122956796349759e-01 -1.012913965361049995e-01 1.067389304529769989e-01 2.600323374896720274e-01 3.202776722390909825e-01 8.238851334506690216e-02 1.622681490312579966e-01 1.388576958643950032e-01 4.177468445881730164e-01 2.398852629321960028e-01 1.400543164240360128e-01 2.818775418511320074e-01 -6.420719613207439766e-03 1.964557999238739916e-01 2.448501534465170049e-01 1.531622592875329925e-01 2.005009478399639999e-01 2.099905497210559913e-01 3.003819002140959982e-01 1.317812086942319882e-01 4.004281654720530104e-01 1.426630687650490004e-01 3.825697997449630239e-01 1.158487144434589972e-01 1.359100135146970034e-01 2.424097049275709959e-01 1.610252655254379994e-01 -8.687620477016569365e-02 3.916398753124040316e-02 -1.031410201941589944e-01 1.467697471753720007e-01 -1.502593369463410024e-02 -2.013299829779750111e-02 -1.513257173078510001e-02 4.058480903475389923e-01 3.095401957644710114e-02 3.253271411828609905e-01 3.953848976464269804e-01 4.520460880497930156e-01 3.722083283640019724e-01
2.161598471313180003e-01 -1.452805078853300069e-01 -2.030618355066700007e-02 1.828631804417140128e-01 3.217770954689109786e-01 6.030310875951250260e-02 -1.406608738608189912e-01 2.032962193275260065e-01 3.006904222701490270e-01 1.000000000000000000e+00 3.578099400076960035e-01 5.822261816701429504e-01 -2.133256609658850111e-01 1.018395597136689951e-01 -1.820307389413320098e-01 9.297799204942000517e-02 4.406970539384470059e-02 -5.834094068706219965e-02 -2.733784565239860131e-01 -3.213907489283060036e-03 -7.662377752506539796e-02 -1.638912849893779944e-01 1.445510519277750094e-01 9.486811282186430327e-02 -8.833355349537549972e-02 2.950026777419940127e-01 -1.424021615360880066e-01 -5.940112683808169980e-02 -1.781607136641729927e-01 -1.067989469644669981e-01 8.121419478031040307e-02 2.713989277550230006e-01 4.044180167000500092e-01 -3.427711679408019796e-01 2.913392298913439760e-01 2.760656923101960092e-01 -2.003608487237679980e-01 -1.832671981924769988e-01 -1.927794352954279866e-01 -2.724907566571310169e-01 3.289829391060249963e-01 -8.064066718969929715e-02 4.792106155006700119e-01 3.476342044523760277e-01 3.237673370774910020e-01 6.576493091140379887e-02 2.517624273727250145e-02 1.333690113668679900e-01 -7.196471626798130183e-02 2.304535160235630098e-01 3.291599435402189910e-01 -1.305212825163769991e-02 2.072032845666189893e-01 1.010827581903959993e-01 -1.626102379767880024e-01 9.051563303834979368e-02 1.670789101131980037e-01 1.529251467059369873e-01 -1.710725100624969908e-01 4.473729465843889752e-01 4.136586213217009755e-02 -1.177206000090959964e-01 -1.271227044693510055e-01 1.788192498881840120e-01 -2.638605005943089887e-01 1.327853939282800100e-01 -1.182377941606739952e-01 -3.897630251801679768e-01 -2.439148498666419973e-01 -7.444467766197940262e-02 2.040744563027339920e-01 2.089118106042809897e-01 8.418683249656740142e-02 -1.196874605279590054e-01 -3.176725650749089719e-02 1.842368061517160038e-01 -3.879928581191959824e-01 -9.449447150792769645e-02 2.602518665613540172e-01 2.452071515891030007e-01 -3.599774681649430264e-01 -1.000645634596550038e-01 2.231071851206730128e-01 1.435855701323950073e-01 -7.222863741534009396e-02 -2.116704508624309838e-02 1.521417869864830075e-02 9.868252858751329348e-02 3.258166800905579891e-02 1.811898242117130076e-01 1.040516138031490068e-01 3.721170822943219991e-01 -3.027837093019640144e-02 2.172620315516619882e-02 -1.658798292225349968e-01 9.726379041269249404e-02 7.875283474351320312e-02 1.750880923258530120e-01 -9.837915342751199499e-02 4.410372215219089953e-01 1.214850667638039949e-01 1.894262161993469917e-01 1.179465893487930024e-02 1.406094908235480112e-01 2.769778138212229956e-01 1.635017658277010122e-01 -2.368075431811370035e-01 -1.135007813927859932e-01 -5.358502917355079716e-04 1.581142781550429893e-02 -2.647224213318870034e-01 -1.041711600382470015e-01 -2.725971898251750014e-01 2.804859449895750201e-01 -1.217389904449290017e-01 2.524740983274889952e-02 3.269009884314250103e-01 4.388247954139889995e-01 -5.127007094277290233e-02
-2.054618951582979844e-02 2.548044700608689817e-01 1.369719911516910082e-01 4.863399445476940253e-02 2.396967509403790109e-01 -3.421528622269799924e-01 -8.352703971696570640e-02 9.418502821318409934e-02 2.055390680417600036e-01 3.578099400076960035e-01 1.000000000000000000e+00 6.775487464988939612e-01 2.516348338094580028e-01 -2.216518012868730070e-01 -9.613192410214049799e-02 2.265788904315750030e-01 3.064466846766810137e-01 3.692626931276790092e-01 3.720009662620640117e-02 1.600054427572590032e-01 -2.346451052656760017e-01 8.128175529268670541e-02 -5.331017401811750239e-02 5.268554655180049950e-01 -1.478114575929760088e-01 5.332377434732750165e-01 8.096056273710269813e-02 2.165320087913379932e-01 1.830046868098660073e-01 1.105198886258000057e-01 -1.266371066599620010e-01 2.617842892816860112e-02 3.041837381536500184e-01 1.057632255917610037e-01 3.664422098293420027e-01 4.769047938460129754e-01 -5.928549384665990005e-03 -8.038887380073429789e-02 -1.399708815319440081e-01 -1.163644719548069945e-01 6.223157297590029557e-01 4.538112359593109851e-02 3.355305262953590106e-01 2.619681601586569819e-01 2.575131690505810256e-01 2.974978772005419936e-01 -1.741255348837260075e-01 4.376562056441649605e-03 3.492862321514959845e-02 4.717229989398130097e-01 2.308861701212719941e-01 2.563072779336320051e-01 1.507079998770750016e-02 -8.950626856271400034e-02 -3.647583895457229969e-02 -7.043173502100799968e-03 1.335672029128530114e-01 3.310144616600479983e-01 -3.783794411545719771e-02 3.099836323381959802e-01 8.480485897428000075e-02 1.337918302458009912e-01 2.168561113902589890e-02 1.269127660027939974e-01 7.894677755512989614e-02 1.062472401018180052e-01 7.306573928914769644e-02 1.080925897622330017e-01 2.385026416263970050e-01 3.951985810453489956e-01 -1.780080931484440132e-02 2.866412505643329833e-01 -1.208886934460669943e-02 -7.780436246847509396e-02 1.366533333011180074e-01 2.052773744288060032e-01 8.427697544636960150e-03 2.260141153275249948e-01 -8.132747509214899306e-02 2.925660333991080275e-01 3.187370068155569863e-02 2.345065782379459896e-01 2.174624908270610113e-01 4.032712002204800195e-01 1.012749878698950001e-01 2.581351247748739919e-01 8.046815257705630664e-02 2.534420244055510252e-01 4.485883844034230239e-01 5.792430966359930489e-01 4.349277258813719765e-02 2.009872791269259884e-01 -2.412420862863720039e-01 -3.150291634679550090e-02 6.190548480203310333e-02 2.291099534631650114e-01 -7.064608508970529610e-02 8.189775856682919575e-02 3.594964081680120105e-02 4.071294296529019974e-01 -3.217886416248599835e-01 6.802443625806199601e-02 -2.179330422125020095e-01 -1.687247780066440106e-01 3.253580430888090014e-01 1.420439957546930088e-01 6.072679797933819984e-02 3.745950064952260211e-02 1.896477298901350084e-01 1.508202912114440034e-02 8.134009908533509914e-02 1.519238150136330012e-01 -1.848939345579189986e-01 3.321467121254749744e-01 2.420491430708940073e-01 2.082840603176399907e-01 3.861256357711260190e-01 4.501566226170349849e-01 2.572229752345009945e-01
1.947962991290420054e-01 1.091014011067349965e-01 7.558570365054290141e-02 3.286579689638949864e-01 2.550841670135139960e-01 -3.047231400509309851e-01 -1.908963938100730062e-01 2.812131882852669795e-01 3.139889397331290244e-01 5.822261816701429504e-01 6.775487464988939612e-01 1.000000000000000000e+00 -1.040889264257680025e-02 -1.088376555134800000e-01 -2.229252227451269941e-01 2.051841632168630025e-01 1.196907290973709959e-01 1.729964333740789950e-01 -9.350938192539620664e-02 9.890508565444669498e-02 -2.067195480313089861e-01 5.075397855891509991e-02 3.242278360543419946e-02 4.239684835221460002e-01 -3.079679274256280075e-01 3.709185136228180246e-01 6.108261498354029817e-02 1.608138746410099906e-01 5.581550295174769749e-02 -5.190804101038880292e-02 -1.402273943084929864e-01 1.752361524977250062e-01 3.421970385081080090e-01 -2.123657364638950051e-01 4.377257148714789881e-01 5.434671299833819802e-01 -1.308808173317939916e-01 -1.690579499302199973e-01 -2.732541010133440196e-01 -2.412500389709689996e-01 5.629732597841230479e-01 -5.515058195535819940e-02 4.083195813268959973e-01 3.084968956124339856e-01 4.842665117629210147e-01 3.956575269693070052e-01 -3.442262736832339687e-02 6.319884233697820042e-02 -1.036011682440050041e-01 3.731418595259469728e-01 4.488430811701299983e-01 1.757765262003009865e-01 1.003121102693900063e-01 1.447992792699639986e-01 -1.807852001454350044e-01 -5.263438051059939754e-02 2.083445803997990009e-01 2.991017755237759812e-01 -1.836185737383579930e-01 4.493951005515929853e-01 1.322015642766760091e-01 4.063625368504900082e-02 -1.159564096088399991e-02 2.576605755881449800e-01 -1.091698836549340051e-01 7.560973182894620281e-02 -7.775684688375769649e-02 -1.597846861031279875e-01 -1.186256063411670059e-01 2.135593092787879954e-01 -3.946786320610690124e-02 1.767058345406949948e-01 -3.384272440606399951e-02 -1.241661044486540022e-01 1.921872605903990061e-01 2.450489270106329942e-01 -2.337996086123579897e-01 1.075288066074519960e-01 1.060486858130299942e-01 3.942528667253339947e-01 -3.002662680047369914e-01 1.272075951441710082e-02 4.229964701349049894e-01 3.569622280244880153e-01 1.628214608094120108e-01 2.760951884021530245e-01 2.352101803731499862e-03 2.296949253914110090e-01 2.926066282891410242e-01 4.877215307950060197e-01 8.924320662043930263e-02 5.039457939562119737e-01 -2.565132028692490018e-01 -8.344939080908710116e-02 -1.981350511888090027e-02 1.664944865461510104e-01 1.272784092913100129e-01 2.802324228304650111e-01 -1.450375622191870106e-01 3.843886893097360202e-01 -2.465935711146609866e-01 1.024681628902179981e-01 -1.398061297453880025e-01 -5.549371517616109688e-03 2.690181162939970227e-01 1.915335087102429945e-01 -2.452497866262779991e-01 -1.227692286834650010e-01 -8.429958226298739365e-02 7.632938156323010315e-02 -2.124658867443230126e-01 -6.496757123207169693e-02 -1.713664072155809959e-02 4.757733918283589825e-01 9.603803289189520587e-02 1.034315803987399945e-01 5.602648510449620423e-01 5.831509882097070108e-01 7.545202469172469784e-02
-2.036349024632440052e-01 4.282093625114580249e-01 3.144304669255210127e-01 -1.584518332459899925e-01 3.196415238325500119e-01 -2.820484339153980224e-01 1.474687503497250085e-01 -7.105793616598030105e-02 1.799569667770959946e-01 -2.133256609658850111e-01 2.516348338094580028e-01 -1.040889264257680025e-02 1.000000000000000000e+00 -5.903115837946800067e-03 1.767197639101759921e-01 2.379031248740690052e-01 6.372802496125510308e-01 6.847787831054340524e-01 2.315127134943049947e-01 5.447296581794489612e-01 -2.175665561481769927e-01 5.162436220324040370e-01 7.583134596244969772e-02 5.268716791117350473e-01 -7.047597500475609456e-02 2.661676384948929996e-01 4.439013269353550006e-01 5.997929039912549554e-01 4.732678548850740019e-01 1.720818645332659880e-01 2.351136903871990039e-03 3.519846948397810024e-03 1.160572844021540012e-01 7.486321831300459806e-01 3.144440267108429832e-01 1.314771873224430121e-01 5.770588710176369762e-01 4.558082757289989850e-02 -1.898126652876090115e-01 2.447956666236419943e-01 4.317142782269570156e-01 -1.264975038640450133e-01 -8.134146291140129451e-03 2.288919790830770129e-01 -7.375781591317980002e-02 2.259755461175839975e-01 9.469594266104840175e-02 1.921450311654689935e-01 6.808983966915090058e-02 3.165189971155329962e-01 -3.130325075164799853e-02 2.636111554770970145e-01 2.082398258471850061e-01 -2.348456444996669945e-01 2.815434739884529747e-01 -3.149757502349709998e-02 -2.590287065405530204e-04 2.733814141568219891e-01 -7.999398251906500446e-03 1.448059812866010071e-02 4.820529758309580193e-02 3.977592898605449845e-01 5.683793861239959666e-01 1.944370500169810001e-01 3.538096715054119823e-01 -3.079196419979940078e-02 3.378774768126560080e-01 6.827804410660589518e-01 5.955452919740360507e-01 6.254921982487799959e-01 1.529481652149649977e-02 3.837365162872969915e-01 -2.105349792717749885e-02 -1.616155079012120133e-01 -4.878438457215780039e-02 7.566822143607680393e-03 5.839045111066000215e-01 3.959798438333739790e-01 -1.128501258461680062e-01 2.082167572485240092e-01 5.624387134471799943e-01 5.258286101448560457e-01 -1.100275437509700034e-02 3.930979373001899924e-01 3.810379469477619963e-01 4.793519088577570253e-01 2.103261787381769943e-01 4.097784920136779974e-01 4.629441606369170126e-01 2.211271293413629990e-01 2.838184667587180243e-01 -1.880998186314999931e-01 -1.169285055896529951e-01 1.784536909605070054e-01 -2.390848323391070104e-02 1.555815824231130129e-01 1.111671306953259941e-01 1.504589326021650020e-01 -8.598936498304360354e-02 1.282608209408840072e-01 -2.953384541782569928e-01 1.800772377431639898e-02 -1.723881547140319881e-01 -1.034146711197579949e-01 9.006853358495360562e-02 -1.311139218598030010e-02 1.516397192067749922e-01 2.491443613335299900e-01 1.319686680907229959e-01 2.309070313475170000e-02 2.848156200058900023e-01 2.072313314118990057e-01 2.535302924405040126e-01 1.667406571344569877e-01 4.941299953905269882e-01 5.118379727781029453e-01 2.330309721357420039e-01 1.544592836388850032e-01 6.355242727197160102e-01
