1.000000000000000000e+00 4.403721415908359860e-01 6.565182801789709588e-01 2.935025600126590084e-01 3.230613322092150130e-01 4.497256634967790045e-01 2.379530410783979866e-01 2.449940558198679952e-01 2.152217135785660096e-01 2.433072006780799892e-02 1.088513488765569942e-01 1.139440635945269953e-01 1.745873769590579883e-01 9.462337605101299454e-02 1.929774703565050042e-01 3.955417025647670060e-01 5.276425338389000019e-02 2.537318311210119970e-01 2.134293102436420064e-01 3.341789577852670168e-01 1.140589242516960033e-01 3.008479968296560170e-01 3.083848520706179985e-01 2.752864709849670022e-02 4.137388454076190158e-01 -8.801749860020149918e-03 3.133619824766400302e-02 3.539500698467640261e-01 3.473910832490380018e-01 2.348146328960900031e-01 3.836421244117509954e-01 5.111520624740070184e-01 1.968989372242269942e-01 1.778654643878460062e-01 -3.390803738773499887e-02 2.586884504488820014e-01 2.405701714228180021e-01 2.316000590713560014e-01 1.715099074893090131e-02 4.204843012936890223e-02 3.056429030172940209e-01 1.174307160095150043e-01 -4.508567103606869741e-02 3.008895981196539893e-01 -3.389858675932769932e-02 1.113945438302890029e-01 8.964049072784810446e-02 1.282928016528490089e-01 3.138378168245289923e-01 2.553599792105399890e-01 2.807624828993630084e-01 2.099074065926150034e-01 1.551129035728850136e-01 2.176246722638789932e-01 3.907622509644320119e-01 3.127131039504409959e-01 2.967149981761479927e-01 1.438700179882639874e-01 -2.054749125169870114e-02 -4.946516968757330018e-02 -9.038051824208009422e-05 1.036450761823349970e-01 1.211406934175779937e-01 1.434858254377409936e-01 2.658906817518499888e-01 2.467362852291170028e-01 2.469171662452289973e-01 3.014923312958860124e-02 2.934864427925609753e-01 2.655407230673669794e-01 3.649932189926319848e-01 1.382535626447289889e-01 2.742642487410770213e-01 1.078102084723910059e-01 5.009591340407590007e-03 3.443383781191149823e-02 3.369571405615380266e-01 3.015363048574989935e-01 2.097938816371240078e-01 3.736473547648220261e-01 1.234989535054900056e-01 3.041929812472580208e-01 1.544234072695420054e-02 2.112614498853520109e-02 4.026810398661480328e-02 2.375175289789009936e-01 1.891187485000490054e-01 2.822342694492209758e-01 2.686826016301500086e-01 1.875101590541700114e-01 2.711210728369720102e-01 2.559121498671049766e-01 8.427919808554730496e-02 4.612451784508050240e-02 -3.225921040233500209e-02 2.488191904610949912e-01 1.786784445645629993e-01 4.149983095697870050e-01 3.211062285755780232e-01 2.973074033549940043e-01 5.122833169993590285e-01 4.972695750804639880e-01 8.891916117056919422e-02 3.792172673285090223e-01 4.285147895546859848e-02 -1.138161999869399896e-03 1.594534909499930042e-01 1.100913554124809957e-01 9.991661328620099480e-02 8.640284125713709740e-02 3.321383153232860264e-01 2.727660437343980004e-01 3.332678029086940108e-01 1.251918819893080015e-01 5.026536588904849667e-01 3.248007494797249817e-01 3.034128496306690015e-01 2.626686545752739965e-01 4.141897544268959841e-01
4.403721415908359860e-01 1.000000000000000000e+00 6.080278378131489525e-01 6.383438715418690013e-01 3.789042298073300175e-01 4.539515655542220030e-01 6.302952385743160191e-01 3.974176971389850044e-01 2.103791509501060086e-01 4.595043109118789881e-01 3.968489209370130166e-01 4.202781040836259807e-01 4.518958517511180162e-01 4.276250888386919913e-01 3.358651248735939898e-01 7.162156442847039672e-01 4.315163976338979857e-01 3.014806475568910238e-01 5.629236261225190052e-01 4.503745681397239853e-01 3.294029968371769979e-01 4.273070856337530254e-01 2.251155445697320123e-01 4.108014391111979857e-01 2.816673346339459982e-01 2.058277150868919880e-01 3.348555430413650003e-01 3.599726494335229732e-01 4.975932327349629758e-01 3.506472996827589839e-01 3.902227034415109985e-01 2.532746630120940035e-01 3.371778380520720209e-01 3.553851741282770260e-01 3.318860219806479828e-01 4.310747598506090017e-01 4.113702687723480023e-01 9.803927054048119927e-02 8.612802166685909477e-02 3.745895802917860173e-01 3.145341157178980218e-01 1.920119514964880036e-01 1.971254254920599969e-01 1.956629259716670122e-01 2.386635172498129953e-01 1.275885206701609931e-01 1.673149942102800103e-01 2.563964611958849948e-01 4.259467662581000180e-01 4.606304482707290204e-01 3.332319964005470148e-01 3.477796728656379899e-01 5.499176854542090487e-01 4.496148505382300264e-01 3.936864144544099942e-01 1.476395977269799875e-01 3.709610402311819821e-01 3.338127615051589975e-02 3.138473360351010100e-01 2.142945587215590031e-01 1.725215829276990076e-01 2.009048923565479872e-01 3.081814434583630136e-01 3.434930349620409773e-01 2.068097084777220096e-01 4.861791660560410011e-01 4.384463319503429934e-01 2.854783204404089947e-01 4.791679526752379847e-01 4.460926452908099971e-01 3.366999317226460064e-01 3.484428262384420272e-01 3.312335092213339882e-01 3.043662122113500179e-01 2.663998969987039778e-01 2.642082811233549822e-01 4.188937115002159817e-01 3.857473687089100212e-01 4.581640203696289992e-01 2.783764559109490055e-01 5.002374023562210503e-01 2.953435268253760126e-01 3.402635455300699885e-01 4.118512780648649896e-01 4.281533906390210253e-01 3.714027885256699912e-01 4.955614226408699974e-01 3.865407962728670266e-01 4.782556657021839741e-01 3.168231251410920102e-01 3.781097529766799803e-01 3.099559590978249735e-01 2.416003343767050004e-01 2.852212552065759854e-01 2.506791078056890276e-01 2.520920682753299835e-01 2.957733583710189795e-01 4.670850434669779894e-01 2.612961510392090014e-01 2.946732114040550021e-01 2.754396891638309919e-01 4.412474056166930114e-01 1.669187085575309926e-01 2.690922504134349857e-01 1.321926832293839893e-01 1.416033427242860132e-01 1.005665691308700038e-01 1.944100620737460039e-01 1.590415615613129940e-01 1.760737494969490113e-01 1.836344261236529940e-01 9.129908553630529389e-02 5.276441541672589608e-01 2.168532548558879947e-01 3.729006222601620180e-01 2.591049060986149732e-01 2.315263861700050108e-01 -3.431116126368430157e-03 1.916824831803460027e-01
6.565182801789709588e-01 6.080278378131489525e-01 1.000000000000000000e+00 3.927311802009360031e-01 2.971088676415150065e-01 6.883332824079470003e-01 4.455237313513670250e-01 2.211509718709850081e-01 1.615222620163329903e-01 2.692928211956480133e-01 3.100312237113789782e-01 3.151112637237429848e-01 3.609508643075010070e-01 1.362404891005430108e-01 1.994515101275269875e-01 5.040257520610209596e-01 2.264110908867809913e-01 3.544103472394439791e-01 2.781649185806919777e-01 2.913724182620680003e-01 1.126609631664210048e-01 4.071383245875629942e-01 2.664706906316229862e-01 2.852536749301500252e-01 2.395812808570420005e-01 1.660343313817619904e-01 2.418347430303270096e-01 3.974855533483039882e-01 4.383369220020180146e-01 2.948657717369519982e-01 2.217039093020279905e-01 2.488969817706890020e-01 1.910024079607209879e-01 2.446927129723719951e-01 9.549568823333490220e-02 3.768754194595380080e-01 4.630738856479009735e-01 9.311298640506890378e-02 -4.749882232725510106e-02 1.682795051528860053e-01 3.484780590240589837e-01 1.043824765104120061e-01 1.960600462671679978e-02 1.811838204249139883e-01 2.948256301789799888e-02 9.941333683242929709e-02 1.538942783257649938e-01 1.427196128627019889e-01 6.006592068172760257e-01 3.397668185308960198e-01 2.799089289961190219e-01 4.081573504725249935e-01 3.666274096476220268e-01 2.468091771827539971e-01 2.871118298018620063e-01 4.003793821449699863e-01 3.352718082785640097e-01 -3.027029813301570019e-02 2.101571730568279894e-01 1.820395327990390055e-01 1.866615598924140085e-01 2.680698600478370053e-01 2.350803415312880118e-01 2.508547358360049828e-01 2.457316276996719950e-01 3.025128740210790146e-01 4.262474633933789891e-01 2.155044210881489897e-01 2.471655986377679914e-01 3.354867217835300064e-01 2.412624707001410074e-01 3.076910014136929883e-01 2.210975972969499992e-01 2.785575818221739941e-01 2.520073527334040220e-01 2.155005780360889911e-01 4.988330290503050213e-01 3.154789247929389862e-01 2.789688471699710015e-01 2.072219153343649867e-01 3.339302742128050228e-01 3.415177822188070200e-01 1.817924180480370022e-01 2.386378784683119980e-01 2.477320858382630053e-01 2.625441883438129897e-01 3.588775732319879896e-01 3.778290464623739742e-01 3.508722530055859989e-01 2.850017638841320089e-01 1.896555844153630099e-01 1.417581556920229913e-01 1.252804495549759978e-01 9.123513367912780558e-02 9.286838733498870013e-02 2.630672046921109786e-01 2.146577750144710028e-01 4.267473526862359812e-01 4.474806862250430006e-01 3.141395903929820044e-01 3.111591192009249829e-01 3.685824443386129801e-01 3.414830149256230241e-02 1.537322278234229955e-01 1.917832318545769910e-01 8.344531595148209357e-02 2.358223346291219991e-01 1.825348256728689944e-01 8.602163974516019440e-02 2.103070956902350075e-01 1.964253518843419866e-01 2.174049323946349865e-01 4.311373062455740035e-01 1.018460958376219971e-01 4.807347623855500185e-01 4.432536008694770158e-01 3.846346378871480232e-01 1.273390309736739945e-01 3.663999478562149914e-01
2.935025600126590084e-01 6.383438715418690013e-01 3.927311802009360031e-01 1.000000000000000000e+00 5.833081068149480464e-01 4.155896131998469967e-01 6.394170260225220392e-01 4.728109520063120130e-01 4.261496943737380083e-01 5.489796979517730380e-01 4.278689105640799961e-01 5.157015056270469744e-01 5.995459273635219688e-01 5.791902433222779756e-01 5.735414138889749491e-01 5.284297443068080025e-01 6.055751696038790266e-01 4.636312366301060250e-01 6.214600746737659609e-01 5.391364515486569697e-01 4.955031745042789981e-01 6.083639078440680192e-01 3.752739422445520168e-01 4.576196476571209870e-01 3.451645049248749930e-01 3.167195416225099813e-01 3.927413253748999744e-01 4.193200733824610227e-01 6.012820744275739759e-01 4.449955379917989728e-01 4.643981492575480208e-01 3.925706777169120087e-01 5.203017927030999523e-01 4.449239095163909918e-01 4.556621274041999792e-01 6.008745890715849747e-01 5.047916239664720361e-01 2.499945773137620120e-01 3.304238135345929916e-01 3.998489466278329907e-01 4.539133690530949838e-01 4.049653134941629817e-01 4.337638304694639846e-01 3.180728830290570075e-01 4.036339298579150192e-01 3.715699960783779843e-01 2.894247388971120105e-01 3.325231515342780275e-01 4.568125072722840074e-01 6.150016800276579820e-01 2.177294667764450020e-01 2.229376713229939966e-01 5.479320730749079882e-01 6.407229687718809519e-01 4.475329039016899824e-01 2.390246206453529865e-01 4.910369327678830165e-01 3.539923112119180287e-02 4.626264356070989847e-01 3.594620683236490200e-01 4.177704722050260000e-01 4.186245448166500127e-01 3.432783667219200252e-01 5.012251644540850481e-01 3.328278061761340001e-01 6.899072537907670055e-01 5.153750202619370446e-01 5.541022012502250238e-01 6.148069849238519957e-01 6.058132619604019720e-01 4.608509170158219814e-01 6.037411512606399855e-01 4.000726772762009942e-01 3.639728040410110110e-01 4.345299263626519748e-01 4.290691398810009827e-01 4.108840734040979936e-01 4.624043736296309937e-01 5.747956016476539753e-01 2.551938419272760106e-01 5.943602640448260033e-01 2.375037116150519878e-01 4.512072269446050221e-01 5.708125026316489548e-01 5.352015785026660311e-01 4.737062577996570267e-01 5.513142066849859857e-01 3.430706640511089756e-01 6.734776588406360398e-01 3.709786954233639800e-01 4.298433142338690116e-01 3.192708972072380025e-01 3.108117563890689938e-01 4.702615725086750076e-01 4.275829352342250256e-01 3.251442891136619995e-01 4.512710380603139892e-01 4.657888570794410099e-01 3.477145473666150011e-01 4.975462388796709767e-01 2.108235054917700080e-01 4.182756839186400066e-01 2.188122420719509909e-01 3.179760756204749739e-01 2.859486096171450220e-01 1.632171399090500130e-01 1.556089986656379875e-01 2.615146853264360138e-01 1.142942057258830024e-01 2.216981085379390037e-01 1.576032050377209892e-01 4.312760759384959980e-02 5.581776569609380179e-01 4.062378053567030078e-01 2.417962236033419920e-01 1.292610932263310031e-01 2.940321441637540056e-01 -2.013296466944760124e-02 1.774847314944190124e-01
3.230613322092150130e-01 3.789042298073300175e-01 2.971088676415150065e-01 5.833081068149480464e-01 1.000000000000000000e+00 3.554377527318799967e-01 3.650277484881960244e-01 3.710022188275169941e-01 4.545092814328580144e-01 2.432143536922510008e-01 1.728430829895929999e-01 2.092556520033669876e-01 3.719934850247790248e-01 4.261182560183650048e-01 5.069296335215639493e-01 2.644496111423840223e-01 3.459740648011679909e-01 4.465535520463250196e-01 4.897365070924130093e-01 4.085200528186340163e-01 3.718547403790590233e-01 3.593649296510760260e-01 4.458143779112139771e-01 1.372494206121170068e-01 3.824085622549380226e-01 8.037366011723509618e-02 1.187117249203299973e-01 3.454073042522670112e-01 4.077265254546689754e-01 3.844161427818270083e-01 2.888754576568109966e-01 5.259583384525859939e-01 2.739904080151129850e-01 3.485724570143129974e-01 1.039841255252619973e-01 4.630834065980840020e-01 2.341778900019569898e-01 3.048668754506559941e-01 1.933926686926590033e-01 1.870252820653079961e-01 3.448331622497949889e-01 1.596395987005090056e-01 1.079973152221340021e-01 2.266215010235139993e-01 1.094752237297469954e-01 1.525167651077850017e-01 3.508261512282260242e-01 3.085608797640029821e-01 2.767282238915350079e-01 4.907228776987940244e-01 2.509009643616579854e-01 4.208621394309870062e-02 3.032350990586130113e-01 5.443470690737259865e-01 5.563691253643410217e-01 1.869130912907099873e-01 5.353355645131809837e-01 1.199968791625440068e-01 2.045236984613419962e-01 1.208518885171609991e-01 1.551185571040470113e-01 2.142314108992370014e-01 2.814832564549579752e-01 4.167252600873350143e-01 3.181017009549250152e-01 4.825926040092700098e-01 3.435359335265070202e-01 3.889647280162890075e-01 5.068008036239950442e-01 5.221774310065320224e-01 4.080600787076180125e-01 2.808453266786750113e-01 3.613451780838379812e-01 2.373723950422750029e-01 1.059911527220570027e-01 1.629069981427450076e-01 2.492758126645600036e-01 3.669501903390630093e-01 2.520252100012699836e-01 2.581661030761059905e-01 2.630294088348130166e-01 3.007156777107080070e-01 8.269546664821199322e-02 1.637044001506690050e-01 1.444012568745179914e-01 4.288790891390489857e-01 2.982625775161070192e-01 1.989598261540959923e-01 5.541176925755719740e-01 3.028654122320489916e-01 3.873629599438930260e-01 2.619445681359650058e-01 2.517231185407680094e-01 1.955022011328949871e-01 8.223361969578249497e-02 1.385335215374519924e-01 1.702594364288289863e-01 3.743512519504830216e-01 2.476228742492710133e-01 3.600935705397260156e-01 4.115067002814890018e-01 2.816180710190619996e-01 4.141191454886640200e-01 2.641654769846399908e-01 1.837411952479059973e-01 -3.828554106171880300e-02 2.528844716905829793e-01 2.066792412388250011e-01 1.270456338698509879e-01 1.390005297138889873e-01 3.599298737463509923e-01 2.885763245215520190e-01 3.910737794968869863e-01 2.842340632143040002e-01 2.701442915548250001e-01 1.099714037915290044e-01 3.373502165126739949e-01 2.374284132197520061e-02 3.197333447109739768e-01
4.497256634967790045e-01 4.539515655542220030e-01 6.883332824079470003e-01 4.155896131998469967e-01 3.554377527318799967e-01 1.000000000000000000e+00 4.607665637755050114e-01 2.083618030451850067e-01 2.169998645853770114e-01 2.400048533511379978e-01 2.507643437084430271e-01 2.475978817021909917e-01 2.743930879869049821e-01 2.440783346343539939e-01 2.568736414483799857e-01 4.017373337179899750e-01 3.098649309267400009e-01 3.987853645677240100e-01 2.643605330009399790e-01 4.267974540897230273e-01 2.352393447537259874e-01 2.773052611659250211e-01 1.446170303913859867e-01 2.991712216907180255e-01 1.984872633064070080e-01 1.041533986563220049e-01 2.176398287666780063e-01 2.979484944803599822e-01 3.241742541035220193e-01 1.729336595277889965e-01 2.134983593299930038e-01 3.065352061537729988e-01 2.065868022062120057e-01 3.295595415161620134e-01 1.350101471607300097e-01 4.074558516999730040e-01 3.570177888966160062e-01 1.254516304261560078e-01 3.977986862707830196e-02 1.718732856218319893e-01 3.977543768729849827e-01 1.190799998822749950e-01 1.111989000589899967e-01 2.955804453109729946e-01 1.253574050973010057e-01 2.389313192028370003e-01 2.010968235863989928e-01 2.108762951030379862e-01 7.465152916265019867e-01 4.450586491243330167e-01 2.553383990987069807e-01 2.235614227115189923e-01 2.813609615693329902e-01 3.201698003999109976e-01 4.036366686625050271e-01 4.658442264653520071e-01 3.555707454455019900e-01 3.095522841664210059e-02 1.747263892169959865e-01 1.132221018604880058e-01 1.777859696036289960e-01 1.848863469423419892e-01 2.257992684254910010e-01 2.531989318725009763e-01 2.422016352472249889e-01 4.072805043013700277e-01 5.177265357323920236e-01 2.897678720916839756e-01 2.952579231038490182e-01 3.718100701633529903e-01 3.141040951589170183e-01 2.821518212907609957e-01 2.629279851792959977e-01 2.863832432901660119e-01 2.440536772180940117e-01 2.088713150316970080e-01 4.128345075422999999e-01 3.367548099426950214e-01 2.612911441639970134e-01 3.093859780077419797e-01 3.038686552803859797e-01 2.727992966776929817e-01 1.224474016662400050e-01 1.805040130382160046e-01 1.900787142868609891e-01 2.061353615502919956e-01 3.785180066766860030e-01 2.590759990006790137e-01 4.241799442439749823e-01 3.221145488831200221e-01 2.323846911551860073e-01 2.440785739060999937e-01 1.675496195155720125e-01 1.176385130163249970e-01 1.356977418657460133e-01 2.761289190277639860e-01 2.711297682333230208e-01 3.560969456846609926e-01 5.100881676696310540e-01 2.999572114890889929e-01 2.360635846912390035e-01 2.502274794718569728e-01 4.557057047911530073e-02 1.367203466702640036e-01 1.980086700172040137e-01 1.637762063927120093e-02 1.969016640549899888e-01 2.093803987674029976e-01 1.787927516452779975e-01 1.293237441508990060e-01 2.425915881506020000e-01 2.439238801709590065e-01 4.128135209058519939e-01 2.717644683082789947e-01 2.894721577828329728e-01 2.793567853084840125e-01 2.307110025787199870e-01 9.224040181615600353e-02 3.044977249074630188e-01
2.379530410783979866e-01 6.302952385743160191e-01 4.455237313513670250e-01 6.394170260225220392e-01 3.650277484881960244e-01 4.607665637755050114e-01 1.000000000000000000e+00 4.449386936654010083e-01 1.987166282234200110e-01 6.267557573084510114e-01 5.267766325924589932e-01 5.602565078429150303e-01 5.601131683289699570e-01 4.699826690014389796e-01 4.890244043123960216e-01 7.599081841833850159e-01 6.601890947421089617e-01 3.736336149534539852e-01 4.856101762439710146e-01 4.522303574001210191e-01 3.456837922492549953e-01 5.331258922190590388e-01 2.541209855774529958e-01 6.811232991731900333e-01 2.734740048198620044e-01 3.411287304303510237e-01 3.769305437147850157e-01 3.794310301087149839e-01 4.564669914119309779e-01 4.062853368911260032e-01 4.270013183272799995e-01 2.370572079020639988e-01 4.889522446818410084e-01 4.263987956934719992e-01 4.406858754771409981e-01 5.675123113381179696e-01 4.864983045659980188e-01 1.775084346016989889e-01 2.878975963854589759e-01 6.294650259781270352e-01 6.117603500806679806e-01 2.887637746878620182e-01 3.446414260585800027e-01 2.353503919600730132e-01 2.821073167139580007e-01 2.777499567532529801e-01 3.174175079338050209e-01 3.392836118156060121e-01 5.292330424156650448e-01 4.202788390518130135e-01 3.543913109765109981e-01 3.691448341512009734e-01 5.726461488226469720e-01 4.482569200312310209e-01 1.596099582535729922e-01 2.255227475370950030e-01 4.547609597063689835e-01 1.955913081350890096e-03 5.020209857404149822e-01 3.675366038008749947e-01 4.061854169353449895e-01 3.642543115802739928e-01 3.875599184770570083e-01 4.594417072837860272e-01 2.771218716693020223e-01 6.045870933529560176e-01 5.611247757825800209e-01 5.047917821859609910e-01 4.180047186152019978e-01 4.633618338141710091e-01 2.541101465707010232e-01 5.396285596682379726e-01 3.766738590694220234e-01 5.085297692790420321e-01 5.042058691457830255e-01 4.167340907285789764e-01 4.330600456831770195e-01 4.359670298584599757e-01 5.037408329466469548e-01 3.277455021906899857e-01 6.096178325796159925e-01 2.209888580792289947e-01 3.563678471592759966e-01 4.827439622628730276e-01 5.118481636724500072e-01 4.081081425697560272e-01 4.275711916437079929e-01 3.882292309890449933e-01 4.721570598207919800e-01 4.273500988605539730e-01 4.365110063834600207e-01 3.793024402212220036e-01 4.173092704074289894e-01 3.493298685367129952e-01 3.805812409878659985e-01 3.111157951892050133e-01 3.924713592666340123e-01 3.974010683083680218e-01 2.309055235631750080e-01 3.138134937584510231e-01 2.267820010722050028e-01 3.221211713310769831e-01 1.868061190281070094e-01 1.998419835849949977e-01 2.493211832388939897e-01 1.578472821235409884e-01 8.632654229840340532e-02 1.899104829847829967e-01 1.724846663685939974e-01 2.287035077750690093e-01 1.944014729458110047e-01 1.150162725694190008e-01 6.232144678577230534e-01 3.887102440302159789e-01 1.089861438054069986e-01 1.909239961418059961e-01 2.454567526478509953e-01 -2.015357652299450131e-02 -2.077833597260990081e-02
2.449940558198679952e-01 3.974176971389850044e-01 2.211509718709850081e-01 4.728109520063120130e-01 3.710022188275169941e-01 2.083618030451850067e-01 4.449386936654010083e-01 1.000000000000000000e+00 3.983493926157160026e-01 2.874891510536740080e-01 1.884649686079090114e-01 2.375679725628249972e-01 4.053744317037539791e-01 2.838093422310509761e-01 3.290639235165950249e-01 3.554498978904119810e-01 2.829684900493100175e-01 3.396907563252710149e-01 3.086957540454460247e-01 3.108315738853780208e-01 3.067504874578940166e-01 3.658618933492769898e-01 1.839840616714870092e-01 2.081228535919950051e-01 2.468399108777210027e-01 1.718856069247710061e-01 2.946754683348489778e-01 1.656524281292179879e-01 2.944385154330290133e-01 2.460463087379479996e-01 3.297563247306289913e-01 2.626613160028590244e-01 2.429661150544729920e-01 9.870528520928610605e-02 3.233250718633580156e-01 3.634783820733220039e-01 9.591479384043380407e-02 1.072562088571629990e-01 9.060783417736889556e-02 2.124227029505930120e-01 2.900108200728709895e-01 2.504275688492410001e-01 2.616137704630649985e-01 7.816528260189120614e-02 2.362719968238229939e-01 1.066269913128270047e-01 1.230254893281020057e-01 5.699113631155369730e-03 1.839506636802840100e-01 2.552703512050160106e-01 2.581231940093409727e-01 2.478433338752729920e-01 3.039174751968670152e-01 3.617469054271320039e-01 2.619993717282549928e-01 1.246006305295140060e-01 5.346682170747080187e-01 4.189471633075539936e-01 7.910087304374539829e-02 4.780370586339299788e-02 6.492038130503090254e-02 7.998395591529000592e-02 9.802077425425449742e-02 2.234386870332109865e-01 1.867722282562430114e-01 2.626767734134130006e-01 2.802535389685160139e-01 2.263050593977189995e-01 2.570663233119219737e-01 3.550057169428409987e-01 3.449921097343899845e-01 2.081356132900419875e-01 1.730219378078579895e-01 3.150461423452569770e-02 6.716476444078660346e-02 4.826892736550089658e-02 1.202205445874729994e-01 1.335193259567979962e-01 2.075867353340200006e-01 1.030379005921950031e-01 1.866344636769469989e-01 1.309013750246769969e-01 1.402527545524140107e-01 2.236056227959450082e-01 1.828331277508740138e-01 2.748641915721570239e-01 1.072495961356890043e-01 1.267498589196990044e-01 2.552469282507390247e-01 1.092349964230219933e-01 1.101036522648140004e-01 8.963065325911480363e-02 -1.360954021170190063e-02 1.419151257323809923e-01 1.745317204175609871e-01 -2.672776159221499845e-02 7.723066348697130157e-02 4.507710336875649787e-02 5.335709728686870157e-02 2.418602845396700118e-01 8.788485930596309781e-02 2.078753024463899923e-01 1.013579026709640063e-01 1.497287180307489973e-01 7.820913842192560306e-02 -5.147692736546959774e-02 -1.035290587571939952e-01 1.765745093675850086e-01 1.296333257090090119e-01 1.666334696095989887e-01 6.055918374129710263e-02 -9.439979246023519344e-02 1.719560739090710000e-01 2.241180438546190035e-01 1.766513999283469971e-01 1.086241800888780029e-01 9.128164465496629854e-02 -1.695065323946190125e-02 1.357397512598720046e-01
2.152217135785660096e-01 2.103791509501060086e-01 1.615222620163329903e-01 4.261496943737380083e-01 4.545092814328580144e-01 2.169998645853770114e-01 1.987166282234200110e-01 3.983493926157160026e-01 1.000000000000000000e+00 1.623010964983540028e-01 1.394166716497420022e-01 1.457413043242279937e-01 2.842473203825899852e-01 1.659491395224030053e-01 2.496889998955419965e-01 8.323433056792889362e-02 1.486379689572170093e-01 3.372728809446809972e-01 2.696918603720659946e-01 2.924805510138179798e-01 2.762328019753280128e-01 4.400148697831359756e-01 2.684205010951710157e-01 3.102333976013309930e-02 3.563793113178970184e-01 1.977771007958979976e-01 2.041431536638869948e-02 2.574780073139100178e-01 3.152888386218590244e-01 1.729550538121910064e-01 1.729667754093739962e-01 4.433977708961440167e-01 9.511732109001050373e-02 2.555540388532600016e-01 5.741375014649559988e-02 3.770126183468819892e-01 6.881888162130539444e-02 2.113725362903330074e-01 1.117535738181689997e-01 4.809325782171079700e-02 2.387845556380620016e-01 1.754607223836109897e-01 3.794143944515870198e-02 2.291363216141290016e-01 -4.055076501210810175e-02 9.557443502189380546e-02 1.136092584789880067e-02 -1.529820432783129958e-01 1.780989701129239988e-01 4.048816912480879826e-01 1.890916091346749872e-01 -1.024345090178059997e-01 9.292614604469390249e-02 2.705141720976529940e-01 2.908972179293919935e-01 1.091300707604589970e-01 3.544466064773940106e-01 2.287164206430820079e-01 4.971637217620700211e-02 4.069971499165559933e-03 3.137331332839800313e-02 1.179278600537090049e-01 2.861297526164989780e-01 8.164603995331530528e-02 1.289946994054949891e-01 2.158726785776579893e-01 2.087230043455740036e-01 1.054384783745300064e-01 1.866252168290689906e-01 3.222366468265490114e-01 3.516062940634879785e-01 1.197424472015699987e-01 2.254675508087159996e-01 1.301542248592350015e-01 4.804049462624280370e-03 1.319657191625359938e-01 1.707077682117900119e-01 2.416974041187499866e-01 1.459494697366000016e-01 1.679342825488890079e-01 8.643365638109730409e-02 3.742023010910770081e-02 -1.439415054511499967e-02 4.987024105364710330e-02 -1.330472658205369973e-02 2.546409067663609749e-01 1.977245463846319939e-01 1.105083388763200003e-01 3.360248714633550238e-01 1.928505856089970105e-01 1.280774602242049920e-01 1.837188405071009945e-01 5.189013725307400210e-02 5.655132385626680108e-02 6.549124511163459395e-02 1.127052738880719995e-01 5.301310382631600066e-02 1.501295112597559878e-01 1.505576290545730112e-01 1.787521864497839952e-01 3.611493878226920140e-01 2.094963778193699999e-01 3.372667316222490164e-01 1.924392027306930097e-01 1.738507877220979991e-01 -2.515121003984860035e-02 1.775393276441140089e-01 1.693727751449840002e-01 1.785399398969770013e-01 1.957696405651400129e-01 2.023311502443659871e-01 1.295932800318800038e-01 1.950011047186250013e-01 8.892519933208570260e-02 4.083961050472589838e-01 -1.625415172571340050e-02 2.914039848044929770e-01 1.754909169046159900e-01 2.746083099796460258e-01
2.433072006780799892e-02 4.595043109118789881e-01 2.692928211956480133e-01 5.489796979517730380e-01 2.432143536922510008e-01 2.400048533511379978e-01 6.267557573084510114e-01 2.874891510536740080e-01 1.623010964983540028e-01 1.000000000000000000e+00 8.440784728606099963e-01 8.491300315240990493e-01 7.162849530348820437e-01 3.899667551502700169e-01 3.207076359713370017e-01 5.334069962946229593e-01 7.083628527872419811e-01 2.795864847625499916e-01 4.039076211106650272e-01 2.818123169984170229e-01 1.350683532678700061e-01 6.363475679524539519e-01 5.506855245247230246e-03 8.124370457633659504e-01 4.848339243341989735e-01 6.627833830523900405e-01 5.546495988230459862e-01 4.845757638478799811e-01 3.324864915426150036e-01 4.138579394993969762e-01 4.147798821775420253e-01 1.466336665141400042e-01 5.078243543617380062e-01 3.023510762694279763e-01 5.849664955621060036e-01 4.561276458768669939e-01 4.883541011752909888e-01 1.180174184027569934e-01 3.247102545673590246e-01 4.993126014027419735e-01 4.697332596510560010e-01 5.913294333008860537e-01 5.585931944911129987e-01 3.002393529330690258e-01 4.523791886357789727e-01 4.567814845058120188e-01 1.179462298023680050e-01 2.399751945797169994e-01 3.796411387648789826e-01 2.961185125914599925e-01 1.481432602929630138e-01 3.100895441074499881e-01 5.137321991797100251e-01 2.463574500325730054e-01 6.903211171729330131e-02 1.689509717847799963e-01 1.463228209432929916e-01 -1.081636788355619938e-01 6.911989405053450275e-01 6.105115800834080009e-01 6.215441409088819924e-01 4.474789107408819744e-01 2.969722489604250115e-01 3.650837547316290177e-01 -1.285620971975690030e-01 4.044593640354969821e-01 3.613679753702129793e-01 4.215700950947999792e-01 2.027259859485769922e-01 2.400381756580599879e-01 2.144566923422340163e-02 6.328103490031909972e-01 1.363026185004040103e-01 4.187090081558880184e-01 5.476745354191669968e-01 6.497415670963839762e-01 2.706128820836780080e-01 3.950737071149210133e-01 5.973274668816740407e-01 6.018287165239410291e-02 5.399076156303489471e-01 1.676645750334080087e-01 4.823960269017449898e-01 6.132740591884080494e-01 5.746913471589959466e-01 2.241875944030539969e-01 4.415500926926250180e-01 3.754261944997169809e-01 3.385719424462340088e-01 3.552451806039190196e-01 3.201605566171060180e-01 2.066908162661630077e-01 3.800546012761379933e-01 5.805280786397909454e-01 6.896612726852380248e-01 3.391657422024049739e-01 4.908204797959089816e-01 2.361065450105029884e-01 1.885421153206099931e-01 1.323880989207910086e-01 1.023127485348170052e-01 1.476380232641610057e-01 2.742762388746389779e-01 1.011873413720870002e-01 4.071555463959540266e-01 2.723238421126830122e-01 1.734901364807129864e-01 2.560968744353500082e-01 2.742272654606640048e-01 2.468357366620859972e-01 -6.360424753854889909e-03 5.205733818532540247e-02 4.172430666366869767e-01 1.934146886265910026e-01 2.981332476999319983e-02 1.668110737048519865e-01 1.146002959561960022e-01 -1.893703195259300032e-01 -6.964896092099240321e-02
1.088513488765569942e-01 3.968489209370130166e-01 3.100312237113789782e-01 4.278689105640799961e-01 1.728430829895929999e-01 2.507643437084430271e-01 5.267766325924589932e-01 1.884649686079090114e-01 1.394166716497420022e-01 8.440784728606099963e-01 1.000000000000000000e+00 8.257905875505719973e-01 6.377406842762569639e-01 2.592856770819489953e-01 2.035039640963600127e-01 5.115745899521549900e-01 6.485103844457810185e-01 2.746492627452229995e-01 3.471001261830469753e-01 2.292198982140989938e-01 -1.854906230353790125e-02 6.128155532032020236e-01 -7.626717803910100513e-02 7.940088118877199896e-01 4.887362214568959917e-01 6.908534776723219695e-01 5.649205128706830115e-01 3.858752514763609809e-01 2.042373763952229915e-01 2.108918857789849888e-01 3.776060672822230124e-01 5.763770508769060219e-02 3.576993484681910140e-01 3.509228798815690054e-01 6.358548601059600403e-01 4.312716512980940275e-01 3.733651995100670251e-01 -1.462434047158490125e-01 4.056677294421800334e-02 3.213925870929840167e-01 4.272522043508449885e-01 5.222603723236109996e-01 5.143858051605529891e-01 2.244196358599500063e-01 4.554967361653690094e-01 3.519738675963600127e-01 8.234626209922810136e-02 2.437423968261429874e-01 3.828891998522769846e-01 2.387361556667610130e-01 1.572417583296910060e-01 3.108686110298680139e-01 3.709539325234270102e-01 1.499656909644269953e-01 7.252123853595640601e-02 1.952390303529679960e-01 1.288447688839630123e-01 -1.585355809001209870e-01 5.727198832629529779e-01 6.012782658172569628e-01 5.409936943179219915e-01 3.887161107681940120e-01 2.548636122863209841e-01 3.043750873041610183e-01 -1.326146245305070137e-01 2.993218613870820000e-01 2.655887622030960182e-01 3.819633727379119770e-01 1.941804932586350119e-01 1.553913719797170023e-01 -1.626112482177599974e-02 6.161912541415780487e-01 3.807216856770379715e-02 2.922360165653299924e-01 5.043877862247639898e-01 6.046645298319700546e-01 1.822184433863829889e-01 2.788238071629030035e-01 5.146444157206500059e-01 1.716322405622749958e-03 4.410309467812180140e-01 1.534510711864819910e-01 4.494753074622919731e-01 6.215623799028080487e-01 5.617394179357210193e-01 1.997004617346629929e-01 3.495592929778810198e-01 3.131818381640900095e-01 3.094973578719690255e-01 2.021034963433450127e-01 1.943971151605929926e-01 1.287136313397209963e-01 2.307598680604900088e-01 4.798237501921009951e-01 6.256221461683489915e-01 2.249809612532920056e-01 3.226871590477879970e-01 1.630274307007099910e-01 1.612449284360530088e-01 1.499626914701089886e-01 9.728623315789110271e-02 9.793489630013349490e-02 2.447848146482710097e-01 5.576673700079560342e-02 3.669676465489070116e-01 2.959366052910910039e-01 2.079405739749780047e-01 2.364339941291850045e-01 3.206377160478500188e-01 1.830265453571320033e-01 3.661636445889920183e-02 8.769425427433809317e-02 2.520414290800450097e-01 6.268846238949810079e-02 -1.327857432120869898e-03 2.068629954030019868e-01 5.775233475702520186e-02 -2.094447998891320051e-01 -3.659718044503879747e-02
1.139440635945269953e-01 4.202781040836259807e-01 3.151112637237429848e-01 5.157015056270469744e-01 2.092556520033669876e-01 2.475978817021909917e-01 5.602565078429150303e-01 2.375679725628249972e-01 1.457413043242279937e-01 8.491300315240990493e-01 8.257905875505719973e-01 1.000000000000000000e+00 7.698849985214160085e-01 2.846700923663539884e-01 2.449527400656890119e-01 5.510337829775430185e-01 7.270353469494049703e-01 2.119375715418609918e-01 3.786939444671200139e-01 2.156995139351680080e-01 -1.414097062262639933e-03 6.911934523385440121e-01 3.509669205273270153e-03 7.985687777492459505e-01 4.880650838490759869e-01 7.650439156626820392e-01 6.344599978698309828e-01 4.614298709380719732e-01 2.667039263544290217e-01 3.354810185218929930e-01 4.565714758971419762e-01 7.447030603873769361e-02 4.932248014013679849e-01 3.204851256645350199e-01 6.290750156559059558e-01 3.917285016136989872e-01 4.221286032983749825e-01 2.741065464464249868e-02 2.376274238155020035e-01 4.058538125070200175e-01 4.925874312919309994e-01 6.144859623615449573e-01 6.214435283937510546e-01 3.290939319988239742e-01 5.123673604207880095e-01 4.965918036568759963e-01 5.522478126699899986e-02 2.403203465380399917e-01 4.273187517509229871e-01 1.798771237583770000e-01 1.076160849357560012e-01 3.062765003346870074e-01 4.431144351486699939e-01 1.998098338551579922e-01 4.682777480505480316e-02 2.056442175272689965e-01 2.858249641228199911e-02 -1.126378037523819986e-01 6.848052623388369842e-01 6.588788155085529841e-01 6.478487597099640283e-01 4.893979830726489788e-01 2.295016390237480108e-01 3.009185684623679746e-01 -1.236826557587289988e-01 4.054875714870330161e-01 2.923533532181160077e-01 4.354732906124509917e-01 2.474342171239889976e-01 1.764282824010189876e-01 9.842623518920110004e-03 6.139512497710050143e-01 2.167768859604480083e-02 3.858858477606469939e-01 6.148276973416699764e-01 6.603759232112450528e-01 2.305419087402980072e-01 3.260972824292510119e-01 5.685070989838090227e-01 9.065857767931659317e-02 5.352421382089209700e-01 1.362276403580449935e-01 4.798798810737370246e-01 6.488791544402660039e-01 6.199036037041859570e-01 1.561396818293259992e-01 3.480492394332719841e-01 3.476551958177530044e-01 2.748587612674099900e-01 2.369127103269630108e-01 2.451319480739130030e-01 2.490973720749520004e-01 3.449238809290670060e-01 5.393343819697959951e-01 6.518325492184690040e-01 3.496273778921080155e-01 4.520493359787349785e-01 2.205001714069010077e-01 1.970275977889960062e-01 6.332842525383609866e-02 3.240220152673119886e-02 1.818133967396750039e-01 2.058542870877539954e-01 1.061819606622479983e-01 3.712629617612219768e-01 2.906835958606679982e-01 1.206701408559059940e-01 2.352974771183239944e-01 2.424008286407970114e-01 2.524725099888360247e-01 -1.081445086903710072e-02 -1.486222780544279969e-02 2.981544557550540042e-01 1.429265344850730035e-01 -5.289374888887239667e-02 1.599830377901199918e-01 9.279068988067540671e-03 -2.570483793552479912e-01 -1.050820516808469995e-01
1.745873769590579883e-01 4.518958517511180162e-01 3.609508643075010070e-01 5.995459273635219688e-01 3.719934850247790248e-01 2.743930879869049821e-01 5.601131683289699570e-01 4.053744317037539791e-01 2.842473203825899852e-01 7.162849530348820437e-01 6.377406842762569639e-01 7.698849985214160085e-01 1.000000000000000000e+00 4.747471097090720238e-01 5.002172445326470429e-01 5.095915508766269975e-01 6.829317931352549831e-01 4.846127596999840192e-01 4.775849632371719777e-01 3.987893507121340053e-01 1.648577980221170025e-01 7.141596272205069651e-01 1.879753347445219935e-01 6.080483809555750074e-01 4.091432949881089742e-01 4.827872517462070134e-01 5.041482306748980013e-01 5.003365822396870222e-01 4.317013623989109927e-01 5.024912416541329474e-01 4.163348302955069968e-01 1.759862138845119939e-01 4.551612181941310231e-01 4.536592643115350265e-01 5.110274085332450200e-01 5.852754461381910467e-01 5.081058006143369665e-01 9.298921287658909463e-02 2.115262600974530116e-01 2.960893172928060202e-01 4.907538631690540054e-01 4.699563657545520190e-01 4.693236910228479886e-01 2.959935364820029946e-01 3.973096244661469822e-01 4.041657308108119739e-01 2.601854421517810212e-01 2.920185373551980046e-01 4.252803978640880000e-01 3.976940673716499730e-01 1.437054873456370119e-01 2.419084987593480007e-01 4.935933560424590194e-01 3.768293775728069894e-01 2.495026036945020009e-01 1.967401749155940072e-01 2.607884991382909967e-01 5.325258447192079969e-02 6.047352324306509708e-01 4.826289900505210118e-01 5.296162707215229526e-01 4.650584230743480263e-01 3.863156046942219923e-01 4.182200846008939932e-01 7.772173099172580146e-02 4.704802245627729973e-01 4.093215475857430174e-01 4.774251984996070175e-01 3.785314687937609834e-01 4.658242973867510184e-01 1.536269399893500087e-01 5.758441448754599845e-01 2.079788687738360065e-01 3.908014809339749873e-01 4.688761391074849905e-01 5.017059398503519452e-01 3.538803058868489892e-01 4.606537005733120083e-01 4.920734539749950232e-01 1.748202831323669992e-01 4.946047100784469741e-01 2.790575754160979915e-01 3.464639353578389813e-01 4.927011835303600207e-01 4.848132701949570134e-01 2.851153965959890013e-01 4.392497429926480179e-01 3.810997334193009789e-01 4.610253016297229944e-01 3.028933377632729851e-01 3.874483460697479842e-01 2.969696576250819842e-01 4.038345061777379730e-01 4.231257881452630265e-01 5.098104075425790027e-01 3.535023709666669789e-01 4.408401067074639856e-01 2.563083319498560275e-01 3.149066805840819994e-01 2.564994284713890127e-01 1.532712556635849876e-01 2.051552799038799946e-01 2.766427678868290108e-01 1.615243612413919949e-01 2.296485895308029990e-01 1.857679821347739957e-01 1.294007465579850025e-01 1.833723025120730099e-01 1.530675254688680098e-01 2.065136378971360043e-01 5.175398195327989698e-02 5.721044802254669770e-02 3.669733723494609801e-01 2.569098364024859915e-01 1.401406404033649911e-01 1.728887062430909949e-01 1.733703377256589906e-01 -1.403856414059800051e-01 1.009647351485569999e-01
