1.000000000000000000e+00 -7.398194229184859583e-02 -2.334734625856919876e-02 3.208163185483040025e-02 -1.019389970468810025e-01 -2.370010695402079981e-01 -7.717199595795469491e-02 1.454746860181850010e-01 1.424070674182350005e-01 -3.727647831682510127e-01 1.966020607386239905e-01 1.790342557265560131e-01 -5.654214790303190019e-02 -1.595577892683489873e-01 -1.345006450322089875e-01 1.380765259151159885e-01 -8.642857090223249328e-02 1.447370136289549969e-01 -1.331194565266989871e-01 1.728265331658269954e-01 -2.902477547524380252e-01 -3.682283880839760243e-02 1.878726231689669957e-01 -1.062949147259450028e-01 1.028504032129750057e-01 -3.096232634482249876e-02 -1.255600346286369906e-01 8.134615360237400228e-02 -2.427242912288070029e-02 -1.946943607602930060e-01 2.892145992829229795e-01 2.847846098175410012e-01 6.217128506576020258e-02 6.210930311815719869e-03 -2.152375455444020119e-02 -9.530733900546070614e-02 -4.063955400385420302e-02 1.725867148082370073e-01 -1.177938704058690000e-01 -2.273969846227020045e-02 1.241836156695999976e-01 1.314133145621090015e-01 7.648360527397979336e-02 2.506746698822149844e-01 -7.926553461092890329e-02 -3.322609309749909728e-02 2.385189003553739862e-01 9.069639138015329893e-02 1.044826663102169963e-02 -1.771736278587250080e-01 2.408222284909020128e-01 7.227375057703319672e-02 2.871752495740659966e-02 2.667740743950610116e-01 -2.458451537102930018e-01 -2.046468665918340091e-01 2.212553794340169910e-01 -5.377919276269679805e-02 -7.455247391393379774e-02 6.400049157715810566e-02 -4.880096702547870313e-02 1.373980557890990039e-03 1.786251135185130123e-01 1.554603403590210098e-01 -1.832819170753559879e-01 1.378923450113699878e-01 -2.285273313272060125e-01 -1.065189722490959973e-01 2.123138353009499935e-01 6.053112738024250122e-02 -2.730031717198990182e-01 -7.413735610136319709e-02 1.540143185545420068e-01 1.204804403999610030e-01 1.357645939166549909e-01 1.404664775859000014e-01 3.658221873576110172e-01 1.332019525332170037e-02 3.056582181137100229e-01 9.844469310115719352e-02 -9.327086898842089357e-03 -6.481387096459489613e-03 -9.626310631787279859e-02 -8.189846264430150624e-02 8.968340512488930105e-02 -4.142234065392889908e-02 9.425810143400369448e-03 2.939440799183279940e-01 1.372521005989549986e-02 -1.532969006871129913e-01 1.714085375056600136e-01 -4.170207503509439778e-02 1.281946292585690005e-02 2.924042662394270020e-01 3.152262576362719997e-03 3.573314083929899909e-01 6.395955598261819641e-02 -5.967364943936259714e-02 7.829362866022940293e-03 3.469920351123480240e-02 2.993112364847009821e-01 1.075041977384649933e-01 2.075290454004979912e-01 -3.233037894286029668e-02 1.178362058259559975e-01 -5.234440781930640302e-02 -7.921829043020689465e-02 -2.347787832364170088e-02 -1.471359262981930018e-02 7.232771175753549553e-02 -2.143788642774659969e-01 -1.684098274920100002e-01 2.517001764525689800e-01 2.078455231980609885e-01 -7.011301854256979382e-02 1.376138633786490040e-01 5.748987241411159660e-02 1.628421843893149978e-01 -1.715739990350060029e-01
-7.398194229184859583e-02 1.000000000000000000e+00 3.570283434231579997e-03 2.713115594721339785e-01 2.940780524193469803e-01 2.576345711018400153e-01 3.196613251453589988e-01 2.027467383599059966e-02 -8.457655602399630212e-02 4.144612761499659737e-01 2.394555792438010089e-01 9.480674136862170254e-02 1.411469246805260036e-01 2.298944776406980084e-01 1.988133011550060059e-01 1.573703246170790049e-01 -5.111214393357080277e-02 8.282211829627809940e-02 3.279145686766789941e-02 -2.676991271945920042e-02 2.164403723475950003e-01 3.437291435169880227e-01 3.289814314489850067e-01 7.554514029749369308e-02 1.155688353207049920e-02 1.099628961559730028e-01 5.342593869427279818e-02 1.231557364429879953e-01 -1.910888758000200138e-01 3.016914721928219967e-01 -1.273818630530569873e-01 -1.634297568800680001e-02 8.409965142574710173e-02 2.085289715793650078e-01 1.810604111892910040e-01 2.080193127001510045e-01 1.294306205636739926e-01 3.693133388016339724e-02 1.774006717898070074e-01 -1.347195180543040056e-02 6.470799323832510108e-02 1.248323987855940037e-01 1.127703694415940067e-01 -4.464820031121920219e-02 -1.092895992222319979e-01 -4.685688960329079805e-02 -1.292729931752250039e-01 3.920561166038150080e-02 1.469319575352880103e-01 1.745843842872190077e-01 -1.258705443647810049e-02 1.197144749773580014e-01 5.766252326610880191e-02 3.633705198996180219e-02 2.098177497132459879e-01 3.391109140339430145e-02 -2.056926730319350027e-02 3.011783748208700026e-02 3.713299259116519813e-01 2.934081110485620147e-02 3.157897844601739723e-01 1.834439609047419928e-01 1.556199960824430073e-01 3.599285581106759779e-01 -5.396442997692740134e-02 2.581247645961020076e-01 3.522067036334319834e-01 2.135128732339879876e-01 5.169768464761059779e-02 5.142681423592890266e-02 1.232231274212610000e-01 3.612369140080710084e-01 2.062827359910250069e-01 3.290255856017280239e-02 -1.214840721568290066e-01 3.765610625215799756e-02 -2.420374766341200079e-01 4.387853639563640135e-02 -1.709731351946849887e-01 1.105504807452069999e-01 -1.555109575305969882e-01 -4.116129628874520135e-02 -6.482646885512589885e-02 1.502427203233089870e-01 -2.098910178124860082e-01 2.822797512460539782e-01 -3.690760506970079680e-02 2.851921204468469903e-02 -4.154832525719279884e-02 -6.718691785682019690e-02 9.851511611815229330e-02 -2.953266860267200061e-02 -8.809820830563419580e-02 -8.834253067709090315e-03 2.531813245237720111e-01 -6.295993035997039800e-02 -6.468509712886469365e-02 3.868153990851370128e-01 2.182256530038229891e-01 -1.927668874064330032e-02 4.050284533492559680e-02 -9.367060245939440311e-02 -4.737925887309039907e-02 -4.403105199402360115e-02 8.390046729851860507e-02 1.723510227762629909e-01 1.055822260586369993e-01 2.039011991008589930e-01 -1.866554085062920032e-02 7.751479230390849462e-02 3.468008591576889899e-01 1.796890028069950129e-01 5.124948222658499974e-02 -7.687288459699860577e-02 3.663205982523760063e-01 1.829873182677519972e-01 9.054596251047110356e-02 -1.008536081409719953e-01 1.095945097956529946e-01
-2.334734625856919876e-02 3.570283434231579997e-03 1.000000000000000000e+00 1.727844370423400056e-01 8.512447436892700559e-02 -9.691208691654659702e-02 -1.383462365425179863e-01 -2.415979675953029981e-01 -7.341250537272810128e-02 -8.184697750651630244e-02 -4.210820148921010087e-02 -2.868292019181379882e-01 1.851454627114390017e-01 2.710993169148889770e-01 3.088404696472940025e-01 -1.393312158260149869e-01 -1.152314348804100025e-01 -9.855707181399249450e-02 8.485851328085169953e-02 1.015101641196699961e-01 -4.902498342746979682e-02 -3.824232130755979980e-02 7.268503109902750559e-02 -7.828870666261590616e-02 1.662157094714699912e-01 -1.009993584492699936e-01 1.213332810087630054e-01 -1.236459265604209976e-02 1.816060188175619983e-01 1.181566252913260062e-01 9.371189530990380046e-02 1.094973501421700052e-01 -1.107941370833339934e-01 2.858336274130179877e-01 3.956615636407640260e-03 4.595416132262519771e-02 -6.317527328816069376e-02 1.724400436198909869e-01 1.580262150443630109e-01 3.694468435114369731e-01 1.005578666193309989e-01 4.697597409649179739e-02 -3.200043306512450041e-03 -1.459371056724480080e-02 -2.698075196691639976e-01 2.137510142193149998e-01 2.705951955735300118e-01 -8.587307125016170606e-02 -5.150651964945959782e-02 -2.729958961240440060e-02 -2.949981403262690038e-02 2.583158310796410118e-01 3.289595641375109847e-01 -1.042897714521790059e-01 1.334281130210099864e-01 -5.600923164484340050e-02 -3.091099930122340189e-01 -2.076022261069239983e-01 -1.342098368581710055e-01 -2.268803167546349919e-01 -3.912360645377480073e-01 -2.944916065909549893e-02 1.776031980084650033e-02 -1.807921016017549967e-02 3.675015947342309963e-01 -6.415767143587869370e-02 -1.497180847456170139e-01 2.819045758790760248e-01 1.478904397650639968e-01 1.631401522690410083e-02 1.977803542696809913e-01 -3.721886304940359713e-02 6.071199311575330160e-02 5.543916470225419835e-02 3.315748890889030215e-02 2.231936919397260050e-02 2.989732303092169918e-02 1.385356026619349867e-01 -6.112612190243799787e-02 2.318774299768390154e-02 -2.936112364037820124e-02 -7.080117761787180219e-02 1.062339454149300033e-01 -1.312945847977080027e-01 9.823705670098170639e-02 1.773964579303629885e-01 8.069779736751869770e-02 -1.775490397643630092e-01 1.985929485266129946e-01 -3.686367475298029956e-03 7.390571833434249338e-02 1.356061459942010106e-01 2.571887772117469884e-01 4.118789765865259883e-02 6.725151411273709579e-02 -5.627647092105020343e-02 -1.115261475822039994e-01 6.325139821096199821e-02 -7.746873015483779490e-02 -1.045944728152110037e-01 8.705852730668640427e-04 2.087038060227499880e-01 4.765246544645890259e-02 2.644108257347659863e-01 8.088746709623810538e-02 9.047660055844800042e-02 2.698777611615920113e-01 1.616096559738839922e-01 1.312067729041420105e-01 1.554858002458459898e-01 2.911723774493290007e-01 1.311110932461939937e-01 2.395560634025890173e-02 -1.075676463618499973e-01 2.868696735759129757e-01 2.816771901182020255e-01 -9.837401693834349481e-02 -1.436685763192329934e-01 5.500521941117030300e-01
3.208163185483040025e-02 2.713115594721339785e-01 1.727844370423400056e-01 1.000000000000000000e+00 3.327156155830560125e-01 1.113874215505679943e-01 5.004548347526389766e-03 -1.348461584668380064e-01 -1.270839081318020092e-01 2.461625590674579867e-01 -1.331507137354919976e-02 -2.404802255610009876e-01 -1.527197805036879926e-03 2.397024931245639867e-01 2.538218992234539950e-01 -2.204168315481570134e-02 -1.639365620948770030e-01 -8.270598473597490230e-02 1.240004355931060009e-01 8.276985134181159831e-02 3.526343618676259783e-01 2.174437341067959883e-01 2.675582825995839742e-01 -1.259228304976459933e-01 1.834129134979469999e-01 1.134017208395610016e-01 5.244565096011950117e-02 1.334173193331689988e-01 -4.880877422523530185e-02 1.990246262587549997e-01 -9.625045155783909512e-02 5.324779454931440059e-02 1.137681408819089940e-01 1.555772004447009971e-01 -8.500476712802639695e-03 1.083337045089380057e-01 4.653704439883860067e-02 1.880641705863070057e-01 7.678040370682960580e-02 -3.761085607297030148e-02 -9.413742531151750303e-02 2.040423671547280104e-01 5.165364878355299671e-02 8.301341230394239379e-02 -1.331284578347159964e-01 -4.874279379836390230e-02 9.680920486414240633e-02 -9.308558372932089486e-02 -5.529394646992730200e-02 3.297892408320440144e-02 -1.292265190903739980e-01 2.880060223001890130e-01 1.214340655910090081e-03 1.408368002985510015e-01 2.811913161182589826e-01 1.201015360100730033e-02 -1.904982177063850035e-01 -2.851080614368179944e-01 1.399553658529089917e-01 -2.377055467241080133e-01 1.061333522637829957e-01 -4.903991631492109898e-02 7.301357435519839623e-02 1.305140019552540054e-01 -1.653628020345170035e-01 8.779695216420499437e-02 4.253906407940870327e-02 2.016449505642380069e-02 5.436088204798039669e-02 1.113988649264080061e-01 1.432896216372450127e-01 1.366320107633960113e-01 1.311153742070660100e-01 -8.445046486355700655e-02 -2.258520238890689980e-01 1.692425663322530138e-01 -1.794895866202430093e-02 -1.595592556577360085e-02 -1.380420379565349964e-01 -3.826225034205880254e-02 -2.524940755293900163e-01 -1.108020209452739990e-01 5.885643216910819986e-02 -5.150703047846490190e-03 -1.423510310976940085e-01 3.689982357092069787e-01 -9.899953783165679755e-02 7.289958593964940281e-02 7.360997879076260075e-02 -2.033460140823110107e-01 1.419944068366089940e-01 1.903006092848960051e-01 -1.257953265762050132e-01 6.618325215832779329e-02 2.457783843935029966e-01 2.522738044773020077e-02 6.776379480842069369e-02 2.069626432421509954e-01 -3.245838455122980123e-03 -1.400888188355119968e-01 -7.486162113009620089e-02 -1.028749910646180044e-01 2.429136423993090085e-02 -1.830936766429739834e-02 2.711917130083890126e-01 1.597484892702230042e-01 2.063946079200039974e-01 1.945942656511210067e-01 9.653910430791419472e-02 7.049786898803239721e-02 2.144539919533489936e-01 3.118774764054489945e-01 3.268286455093340204e-02 -6.517001000204540595e-02 2.951974459751119939e-01 2.105501650612230102e-01 -2.683209740671140264e-01 -4.235857932502409828e-01 1.140848938840129945e-01
-1.019389970468810025e-01 2.940780524193469803e-01 8.512447436892700559e-02 3.327156155830560125e-01 1.000000000000000000e+00 1.955307647741439947e-01 4.010466176426870089e-01 2.853728880703589876e-01 1.753528924579849865e-02 2.294031729724479995e-01 -5.218778040430899906e-02 1.164793102146179961e-02 1.046541556894520046e-02 5.424024609574119582e-01 5.175814157811839955e-01 2.455192257313590087e-01 -3.007755591882240176e-01 1.099518336569259985e-01 2.275568381320280109e-01 3.447450016484239765e-01 5.164219047473820323e-01 6.598336743821610340e-02 4.424253266954469854e-01 -1.268798730960350035e-02 4.168706098619849865e-01 2.576678792141179897e-01 7.176964225121310048e-02 2.885330439899509991e-01 1.093753081343509966e-02 2.775215668621309750e-01 -6.562448425448740019e-02 9.724449987843279686e-02 3.499075493957159999e-01 2.047262941613909870e-01 2.204855577257960053e-01 1.529967260588019906e-01 1.745033994689079992e-01 3.624739322147709775e-01 2.068235158442529864e-01 1.047978289094740056e-01 1.544813721564270055e-02 3.850936055960039739e-01 3.598254820232469897e-01 7.366250170180130286e-02 -1.909293180924579933e-02 1.615441093604320089e-01 1.677504751863619914e-01 2.523231918951949759e-01 -6.097715826005110223e-02 9.865973157767410351e-02 9.335115185354660172e-02 4.462518818046050106e-01 2.483775970991309867e-01 4.301521832856610161e-01 5.066068263237429870e-01 1.587210166912060016e-01 5.536669338380199867e-02 -2.058226186155669990e-01 1.374671933336459873e-01 -2.412767803312680093e-01 2.790579970195120052e-01 3.418903589094819673e-02 2.046748140499420054e-01 2.642492448489869861e-01 3.400757186639059848e-02 3.565159384155299760e-01 1.556690216722760034e-01 6.787108302188850362e-02 1.139345926060330028e-01 1.659902261467660067e-01 4.441156475738800014e-01 2.218985065354319997e-01 4.441767568711519898e-01 1.136406763828980010e-01 -2.273446534688909892e-01 2.247176634139479989e-01 4.674920715184299747e-02 1.789214569463689897e-01 9.890040674589229211e-03 1.606445667135300015e-01 -1.419000779698519898e-01 1.764968456869570046e-01 -1.293508116572409938e-01 -1.157643895311179921e-02 -1.829100495789769965e-01 3.457382337513689730e-01 5.221877349990740325e-02 1.532849911788879971e-01 1.256369149736470126e-01 -1.615533865471829866e-01 4.207860616692929989e-01 3.844265529599629749e-01 1.115279921008170000e-01 1.970649073388990036e-01 3.015120096559960050e-01 1.140695521598519974e-01 1.038229112870930060e-01 3.178218592536389830e-01 8.005139598205850138e-02 -1.640704348360720044e-01 -2.613794745170119893e-02 4.599402736378020023e-03 -1.323278574874360014e-01 -9.629044514260519383e-02 1.099437845748739984e-01 1.620301391686100045e-01 9.294299225049139357e-02 2.693517049867940050e-01 -1.402471316530590033e-02 2.157933660648500007e-01 2.323198547406760128e-01 2.790521202605529827e-01 3.257487535558810099e-01 2.438557398524680009e-01 2.639524811522550030e-01 3.088142432225149947e-01 -4.856793029458340155e-02 -3.640830174475059855e-01 1.453709399297780092e-01
-2.370010695402079981e-01 2.576345711018400153e-01 -9.691208691654659702e-02 1.113874215505679943e-01 1.955307647741439947e-01 1.000000000000000000e+00 3.231555735267869767e-01 1.143739339391480064e-01 -1.461132362009890107e-01 5.425783350722269693e-01 2.678350725121410036e-01 2.821355761636680226e-01 -1.500572615078450134e-01 4.728114595324180158e-02 1.620951439378900127e-01 2.277768481473549933e-01 -1.929013752324729991e-01 1.159150546707749946e-01 3.143642787727720100e-01 -1.327175034608920057e-01 2.415025018135200097e-01 1.257457907280180032e-01 2.519684699915309967e-01 1.404048230070799874e-01 1.497157813586980080e-01 3.901938032541830137e-01 2.524290967652390028e-02 2.946254261674339792e-01 -1.673525270625239869e-01 7.489359146647639465e-02 -1.019517018063740010e-01 3.357755587592190210e-03 1.880883419501589993e-01 1.224001200127459998e-01 1.346397755398699991e-01 8.537077915522370275e-02 9.704887567456710329e-02 9.833359570902920621e-02 3.407917943984650200e-01 -2.107284809069449871e-02 1.453236796228410121e-01 3.041866912917119969e-01 2.895186681246820215e-01 1.599396914205560016e-01 4.770495276716670008e-02 -3.505022385254390194e-02 -1.608391059416560132e-01 2.140810298234979980e-01 2.870000724083350274e-01 3.374008567332150155e-01 1.625915624381099878e-01 1.508470116986529996e-01 -4.693825173327059730e-02 1.672085531344359999e-01 5.223595028092400394e-01 3.394518374353530099e-01 -4.449567542519779727e-03 1.495910294819439990e-02 3.744009042954469790e-01 1.749676265397659969e-01 4.452335110688119824e-01 1.590294553697370050e-01 1.671892391637889996e-01 6.569137798023309827e-02 -8.501768236923150368e-02 3.679818833082770246e-01 3.661874412336970086e-01 6.126414133585159766e-02 -1.128772983759099985e-01 8.733312959585590174e-02 2.607539088382789805e-01 2.557046865278099768e-01 1.808565473784760069e-01 4.895020287975770240e-02 6.943643682147949969e-02 3.507024203352310243e-01 -1.447436628431220118e-01 2.122254737467819952e-01 1.988262725556249888e-01 1.162927031286779961e-01 -6.978389971559820215e-03 1.223468184489630017e-01 -1.959302337216090040e-01 2.900509483711600223e-01 -1.988451868710010007e-01 1.540337791377220100e-01 2.401849996435060156e-02 3.225373281980299933e-01 1.392078518658320108e-01 -5.631642170345860232e-02 1.520547384539260027e-01 2.003769291738830005e-01 -7.572655448975089409e-02 1.942212140640199869e-01 2.622506449409179874e-01 2.151117937771570010e-01 2.389493851550789916e-01 3.352209723405760178e-01 2.363008851869919935e-01 4.097290617651069833e-02 -1.792063406779070001e-01 -9.766984659715370609e-02 -1.272610466699780063e-01 -2.382922920811720024e-01 -6.248599705071809784e-02 3.476665469356419735e-01 3.042331812873990127e-01 3.142507126343669910e-01 -4.733768105952700089e-02 1.705949128480070132e-01 2.778790916636130204e-01 3.852041924967770092e-01 -1.201965785276510046e-01 1.804014461561419995e-03 2.835010572257520151e-02 2.528063304648350135e-02 2.250004278483200004e-01 -3.152133304609130299e-02 -1.901408092401890015e-01
-7.717199595795469491e-02 3.196613251453589988e-01 -1.383462365425179863e-01 5.004548347526389766e-03 4.010466176426870089e-01 3.231555735267869767e-01 1.000000000000000000e+00 2.950908846800009977e-01 2.369797747543240032e-02 3.858535212931120117e-01 2.207760961269419897e-01 2.961189856454520264e-01 -6.676655394017690093e-02 3.694818430553559740e-01 2.047656365809510104e-01 4.390630891195400065e-01 -4.799352410964660004e-02 1.782868414725720108e-01 3.054727601912120005e-01 1.525819396259459892e-01 4.169594605641699925e-01 1.648223400191209942e-01 4.073147904629210170e-01 2.619224164931129861e-01 3.293618095781289945e-01 4.287109850374570263e-01 1.084666415659189947e-01 2.957099511039379958e-01 -2.857202097701730045e-02 2.013698504913100096e-01 -8.801146874468500358e-02 -1.390804663841929967e-01 3.810212790476980027e-01 1.745279778380970093e-01 2.252306636344739987e-01 -9.661246883361030227e-03 2.193269454681789910e-01 2.845618647053320127e-01 1.797579511658780049e-01 7.253516808569869523e-02 1.228410967407189969e-01 3.396674619219239855e-01 3.838425938970920215e-01 5.155560394374329725e-02 5.384666414729959855e-02 1.156481947734669946e-01 -3.714481214600950237e-02 3.314850445585449945e-01 1.538629961586290007e-01 1.534869155635510130e-01 2.119912370687569991e-01 3.618269059564320211e-01 1.000980016455220029e-01 3.985586956411240056e-01 3.632398801948670264e-01 1.757751165750449929e-01 1.605535124238519906e-01 -9.742428703565679526e-02 2.344258451524990072e-01 -5.507048393101510175e-03 4.533006017346010164e-01 3.776068057271020004e-03 3.160150548193589870e-01 2.192878955118189865e-01 -8.889070355372269416e-02 3.754130496443500165e-01 4.448963474559989861e-01 -4.006973373469249755e-02 -8.465302705214649767e-03 2.029335539289680024e-01 3.183482586537770276e-01 4.122481251939780211e-01 4.453948882702580270e-01 2.058328348756399973e-01 -1.373856800442780079e-01 3.075873314152690052e-01 -5.576811830391509989e-02 1.331052258025059998e-01 1.165738265521750056e-01 1.194207721342000067e-01 1.387277283491730046e-02 4.580241715007180026e-01 -2.897418728619419737e-01 1.520674623238000012e-01 -1.683759400736070111e-01 2.713459191735190235e-01 1.449813771380079885e-01 3.787536431843270268e-01 -3.235420247267469657e-02 -7.218989320110159869e-02 2.661971211451690245e-01 2.514580504630389846e-01 7.378200236570550685e-02 2.742029803180869862e-01 4.730248746916230207e-01 7.176340370360960452e-02 1.532668384181490040e-01 4.579752486109219811e-01 1.881013331724409876e-01 -3.211706352234530021e-02 1.731557630397280098e-02 1.132199577581260025e-01 -2.809454077531809979e-01 -1.130942228567669988e-01 -5.312154669306030225e-02 1.635842059426770023e-01 1.970237216703680030e-02 2.305861623620019951e-01 -2.764997662825450231e-01 7.833440292524590509e-02 1.531800350773120101e-01 2.204439146828459928e-01 2.674275964367769931e-01 2.611527085832600070e-01 1.864756067435039966e-01 2.264608528439059909e-01 2.112622454858190113e-01 4.026246691221879725e-02 -1.241284442277520023e-01
1.454746860181850010e-01 2.027467383599059966e-02 -2.415979675953029981e-01 -1.348461584668380064e-01 2.853728880703589876e-01 1.143739339391480064e-01 2.950908846800009977e-01 1.000000000000000000e+00 2.459308702962209880e-01 1.828146416303669947e-02 -3.181138278167890132e-02 3.741374783731610254e-01 7.766362874340010380e-02 9.395946995884009445e-02 7.108743174597159653e-02 2.301468845826299958e-01 1.289523930748600056e-01 3.290250299513229892e-01 8.540571425037089826e-02 1.610273698280590138e-01 7.737610221211779597e-03 1.510242828677499927e-01 1.266120562187859899e-01 3.598888271923970095e-01 8.367003501526899811e-02 1.162139196058250001e-01 5.849956088077400314e-03 2.121378848387280025e-01 1.712504813368289844e-02 -6.451482355312759820e-02 1.539251213908219944e-02 -8.744920239302489406e-02 2.373279840661469964e-01 5.365453433179630249e-02 2.958080008568120256e-01 6.311740847573739377e-02 1.620452063715580038e-01 2.559555387296650122e-02 5.823137145343790233e-02 -8.717316356576540470e-02 6.246134028259640175e-02 9.881188034980889490e-02 3.051859373560399935e-01 1.488415938760100088e-01 3.027891944463569907e-01 7.135137392954669922e-02 2.163838236596530087e-03 2.390560972155869879e-01 2.371294590957050141e-02 2.291415531357640090e-01 3.394436380746749804e-01 1.991185300666249991e-01 -3.061238955337000026e-03 2.122609410383879958e-01 1.414130492469000133e-01 1.903020183474209981e-01 3.373109757437510181e-01 2.800897106944449932e-01 1.208512669163410019e-01 1.583048913616079967e-01 3.872264444463149879e-01 5.520217426997060112e-02 8.935949412305610462e-02 6.993650145708919796e-02 -8.181882771833390300e-02 2.597399406490940033e-01 2.048412943104780115e-01 -1.237745194174119934e-01 2.820510969969209844e-02 5.710295714264059658e-02 -4.509958485858300142e-02 2.653591265775879782e-01 2.449531923809160072e-01 1.703346946535669870e-01 6.924521891298049403e-02 1.990677226165309954e-01 1.677393820031710114e-01 1.287571091989810068e-01 1.653621942453299964e-01 2.002048295688300117e-01 9.945909761693999540e-02 3.521535513550990149e-01 -1.608860117398940026e-01 1.319473846297909980e-01 -7.410703190687069342e-02 1.120266661217009935e-01 1.143638109481219939e-01 3.566230394507389767e-01 1.581612944874339899e-01 7.030670040766369595e-03 1.858875333616910042e-01 2.312283666789619885e-01 6.732048175129849710e-02 1.290591528509980046e-01 2.184693989479659926e-01 1.569191663519559909e-01 9.437369071706940005e-02 8.614783806682969891e-02 1.302823895620600081e-01 1.024961052220989960e-01 4.942475311581630282e-03 3.541565933591969695e-02 -1.468026204982580130e-01 -9.506678250652469964e-02 -5.942840878079640177e-02 4.343736109621060271e-02 -1.161712474036649956e-01 1.022726667646530058e-01 -3.731379858329370025e-02 1.054588340115820005e-01 -1.656848559937680043e-01 1.311774561929550040e-02 2.407473169012940006e-01 2.615514606545690235e-01 -6.488485024929180334e-02 5.511340039803860197e-02 2.652534164803139749e-01 1.745186837624810028e-01 -1.648304250636629942e-01
1.424070674182350005e-01 -8.457655602399630212e-02 -7.341250537272810128e-02 -1.270839081318020092e-01 1.753528924579849865e-02 -1.461132362009890107e-01 2.369797747543240032e-02 2.459308702962209880e-01 1.000000000000000000e+00 -1.190093292684610005e-01 -2.440840570655350081e-02 9.900443507349029892e-02 3.059912238868010004e-01 2.596314266830750117e-02 -1.034501152493669945e-01 -2.734890166077200147e-01 3.531972532214769922e-01 9.441795611703869551e-02 -6.703440608869980222e-02 5.644149100050480095e-02 -2.172321440596980124e-01 1.768203001333099877e-01 -4.358418918927389751e-02 2.028206517975509882e-01 -3.066757304374519988e-01 -2.408190349350489978e-01 1.387852861957999950e-01 -1.752789414222540032e-01 -6.929807233091049568e-02 -5.060677791711910151e-02 -3.455330228210969773e-02 4.388540439625510103e-02 -1.796311024313529958e-01 -7.517792803356110332e-02 3.223295341662840152e-01 3.698326603137629953e-01 1.760599242604959924e-02 -2.231179591606410051e-01 -1.851220558100729885e-01 7.683006217645099722e-02 1.298930979039679967e-01 -1.834482033666620104e-01 1.017900750667100063e-01 -6.897258839008449383e-02 2.559933815509500277e-01 -7.182035954785329600e-03 1.414576187257090001e-01 9.231924352193829342e-02 -2.740943365020090047e-02 -6.570467368253489482e-02 1.190108939879000044e-01 -8.393617882415750631e-02 -1.420279610705890011e-02 -2.120802235306250005e-01 -6.421430820714180143e-02 -6.257462261121669866e-02 1.962296080420180000e-01 4.824882940252159802e-01 -2.881404457386249965e-02 1.520443453554470026e-01 -5.574580270161259843e-02 2.869855464404639893e-03 1.550244970429270029e-02 -7.617117041111540199e-02 1.519378886570679939e-02 -1.768819250706310173e-02 -8.319838248511339518e-02 -2.179765806634079844e-02 -6.138098438984000010e-02 1.836599367621850054e-01 -2.863350620947239800e-01 1.630817870909220119e-02 -6.551613313832360674e-02 -7.374846110080650330e-02 6.189986028419140057e-02 -1.152971345396029967e-01 -7.197273639271170587e-02 -9.268070228975350267e-02 1.226639078524559973e-02 5.109001123836889868e-02 1.346793382401079986e-01 1.701963287987030005e-01 1.892791689954849976e-01 -2.378246796468269988e-02 2.733670044737929739e-01 -4.043527927098189770e-03 1.043641134662929987e-01 6.252886629374379557e-02 1.732760594041249935e-01 2.847897941031439784e-01 -9.898331907286170295e-02 -1.336086289881880107e-01 -4.010072019493469975e-02 -9.483554790466119933e-02 -1.274983421135809925e-01 -3.658606945422970130e-02 -9.740160200933349263e-03 -5.701496929535029845e-02 -1.505325744127219978e-02 -8.116839969389340326e-02 -4.832199951587450026e-02 1.584138649094120055e-01 -2.684643715008129886e-02 7.321474587240320298e-02 -1.375642935744499917e-01 -1.415578654378200074e-01 -1.799955398801980078e-01 -1.330256571015890066e-01 1.101887942793669944e-01 4.034929236810239767e-02 -1.625742850795720007e-01 -1.533617585549930107e-01 7.356668960247070288e-02 -6.118872872405409918e-02 8.378188940821929866e-04 -4.081010376961209662e-02 1.060130763547380006e-01 4.473732063936770170e-02 -3.991081988847820089e-02
-3.727647831682510127e-01 4.144612761499659737e-01 -8.184697750651630244e-02 2.461625590674579867e-01 2.294031729724479995e-01 5.425783350722269693e-01 3.858535212931120117e-01 1.828146416303669947e-02 -1.190093292684610005e-01 1.000000000000000000e+00 2.852420657964199746e-01 8.842047618671360076e-02 -9.106229448505839819e-02 2.473396187800490087e-01 1.636933151133040110e-01 -3.807108249733919870e-04 -1.229714861193259984e-01 -1.027078307491740006e-01 2.833870582039150210e-01 -3.016299929846649741e-01 4.766256301186039823e-01 3.772503371425700025e-01 2.321100945758199918e-01 1.284563238706820099e-01 -9.421134461963810366e-03 3.426778805649089987e-01 3.568738474291760065e-03 6.927654240341700465e-02 -1.798618515726549960e-01 2.400637297919059887e-01 -1.614427881562049971e-01 -1.806586383888179881e-01 8.428932250979940047e-03 -9.620906435600590223e-02 4.380153592318410116e-02 6.299513540187540173e-02 9.891594074172149406e-03 3.156396505530480179e-02 3.010176557414109833e-01 -3.102652885106009784e-01 -1.540899881950330008e-01 1.689902559669279880e-01 2.063964712419799896e-01 -9.948519317398509670e-03 1.047993114913750058e-02 -2.366405620955459865e-01 -4.384145806853779748e-01 -6.992374677673800221e-02 1.927414785951589993e-01 1.905776621310109886e-01 -6.091060140742560192e-02 1.889642547390250060e-01 -2.740543119528929816e-01 -5.990255985846779790e-02 5.448953265058870121e-01 3.259769910885290112e-01 -6.002532162486830247e-02 1.054008064317879939e-01 3.849389412381429842e-01 8.521473227129089389e-02 4.778937636975170156e-01 6.650919961588450113e-02 3.786550869568029720e-02 1.195989564516869996e-01 -2.309522108059250123e-01 3.162572327363660230e-01 4.694542815115629875e-01 -3.092176579454850027e-02 -3.383971267826659801e-01 -1.175308430894849987e-01 1.910855381416720067e-01 3.743170404183420175e-01 1.056966460020239973e-01 -4.571555467073280116e-02 -3.242197722491629852e-01 2.459051603854620072e-01 -3.602659681179359863e-01 -1.395818207239369994e-02 -1.240503255714189984e-01 -1.018219938316610035e-01 -2.458468170228350069e-01 -2.757679682122720147e-02 -2.146407387912910025e-01 2.730683756677300122e-01 -4.737676531689209991e-01 3.347631926006919834e-01 -2.768378822269669803e-01 1.287415180967330097e-01 -1.666731025546029921e-01 -1.476084859415779937e-01 -3.303049631298810018e-02 9.487553626146939811e-02 -2.219024452851920126e-01 7.465736255912029662e-02 4.379756206534510254e-01 -1.056496979091089972e-01 1.285657520436180035e-02 3.604728007636530118e-01 1.023306634201699983e-01 -2.635427097260750195e-01 -2.523636025980700026e-01 -1.578801291599780110e-01 -1.470837398511810057e-01 -1.088957499153300063e-01 -5.591650085997230263e-02 2.641450102874869921e-01 1.236152109522229980e-01 3.429729192576300156e-01 -1.825465102262149863e-01 6.214525020008630080e-02 4.187328856208270000e-01 4.688085648004379768e-01 -2.297413650403410112e-01 -2.444575642697859874e-01 3.268888037062769869e-01 6.675668728652379980e-02 8.328131315114490826e-03 -1.628872465560939897e-01 -1.604803578266869868e-01
1.966020607386239905e-01 2.394555792438010089e-01 -4.210820148921010087e-02 -1.331507137354919976e-02 -5.218778040430899906e-02 2.678350725121410036e-01 2.207760961269419897e-01 -3.181138278167890132e-02 -2.440840570655350081e-02 2.852420657964199746e-01 1.000000000000000000e+00 2.805013397265970210e-01 1.118666058922650024e-02 3.815025836303759937e-02 -8.286439658455470314e-02 1.499979404024709972e-01 -5.056098414498279639e-03 8.187281312513630671e-02 1.177829543309709959e-01 -1.310673066981810075e-01 2.050695079292750092e-02 2.734416816045819876e-01 1.525651571139789997e-01 2.805984763726180123e-02 -6.234887222235399942e-03 1.245205184224909972e-01 -1.022884338836650003e-01 9.297010444062349388e-02 -7.484236781486709733e-02 6.877820152324989889e-02 -5.934442320650649971e-03 1.497586948803439899e-01 1.274809828778810002e-02 -1.836676186943679914e-02 -4.751693517658930194e-02 2.416224534720850040e-02 9.298682999226079438e-02 3.795984058032299963e-02 1.790146087650950069e-01 -7.242343356716640645e-02 1.116397909557090007e-01 8.184186554168690342e-02 9.725509535721299503e-02 9.145834536290479988e-02 -1.021647138594709986e-01 -1.870556428813570093e-01 -7.975366339319600595e-02 -7.316039722909969956e-02 2.583487152468180170e-01 4.909028049247279868e-02 -1.078748181106549964e-01 -3.962087103929689928e-03 -7.076977189725990047e-02 -9.734445714811860084e-04 1.008347927047859999e-01 4.298608534455949926e-02 1.827877065294229997e-01 1.062448594689780063e-01 1.955203030813640053e-01 1.261462541290560013e-01 1.400116206120919915e-01 1.760216058874470024e-01 2.028151083782309960e-01 2.227794910247699878e-01 -1.915329093035700037e-01 1.288412138365190029e-01 3.123493320180690258e-01 2.459814502396090105e-02 -7.411110146597109372e-02 1.028051653405600008e-01 -1.513777246497300007e-02 2.423538254264779868e-01 5.795395910319309923e-02 -8.414423658850969656e-02 -8.313099958196970563e-02 1.451496485481379994e-01 -1.136189299841389999e-01 9.519269637884650304e-02 1.955797852539880033e-01 -1.591016066732769962e-01 3.436437589088049693e-02 4.719216062606280265e-02 -1.841656559747499866e-01 6.655521290156139746e-02 -1.455939820918160099e-01 1.303362299017609971e-01 -6.387521179324419374e-02 1.800569459284279972e-01 -6.188901749742230229e-02 -1.113642728910110014e-01 -4.529197748423700182e-02 -7.535331382725810045e-02 -3.244598647960070248e-02 1.091442504586480067e-01 4.939209962517950026e-02 1.363379524362350048e-01 3.739211082593869862e-02 2.244823693019059874e-01 6.120820896988909965e-02 -1.004735123460679946e-01 1.624807690417650052e-01 -5.275617952125419979e-02 3.189573914656630010e-02 -2.513790364709589942e-01 8.081620261169659980e-02 2.233912582254209966e-01 -7.513843693214219965e-02 1.214662013519239997e-01 -1.930465004074430058e-01 1.289125279742749930e-01 2.066947583028800051e-01 2.410682557223199907e-01 6.282908590873910459e-02 -1.248244271403070038e-01 1.795037808498839982e-01 6.970534853050089352e-02 1.652884526237969887e-01 1.708018701629480107e-01 -8.185500854046350028e-02
1.790342557265560131e-01 9.480674136862170254e-02 -2.868292019181379882e-01 -2.404802255610009876e-01 1.164793102146179961e-02 2.821355761636680226e-01 2.961189856454520264e-01 3.741374783731610254e-01 9.900443507349029892e-02 8.842047618671360076e-02 2.805013397265970210e-01 1.000000000000000000e+00 4.216680290738469838e-02 -9.586436695466450664e-02 -4.620662965906789654e-02 3.102947639885619835e-01 1.570387351677260124e-01 4.455585876553759817e-01 2.312522675836070074e-01 8.650946785461459398e-02 -3.738796032606080122e-02 1.230945323701879979e-01 1.582094519867970062e-01 3.772333904001710092e-01 1.830755569414650036e-02 2.077947841105579896e-01 -3.237623308835349892e-03 2.392455978967640007e-01 1.785008011838989939e-02 -8.496592135290180481e-02 -3.703142991027780218e-02 3.491187054753300267e-02 1.878557725432659919e-01 1.603317360324250096e-01 1.800097815069650053e-01 8.548336386042500179e-02 1.992933472602660128e-01 1.017969255672060008e-01 8.414908414168270623e-02 -5.625601901304880248e-02 2.269359428821509927e-01 9.771028008832320644e-02 3.908935533249289773e-01 5.131059221271060122e-02 3.710743516922139773e-01 -6.892426793977099453e-02 6.038073577200589979e-03 1.707744454658360056e-01 3.460172324511859854e-01 3.185528169925169739e-01 3.375765757710709747e-01 2.015877378499670095e-03 -4.590966579825549697e-03 2.533931423509659941e-01 2.247115072049609905e-02 2.177449365654789970e-01 9.658828573234790049e-02 2.147518760334820032e-01 1.717552442729589901e-01 3.671308254849829922e-01 4.138151122022090123e-01 2.268495722435689976e-01 2.086948428392340071e-01 8.010841975758710432e-02 -1.901770934111020050e-01 3.125008173380440235e-01 2.351161292996830077e-01 3.901720977319020345e-02 1.538276095180440006e-01 1.743188865395340070e-01 -3.428811055526079926e-02 2.572440547937659971e-01 2.505441071872270276e-01 1.785352863116959898e-01 2.197034077025399879e-01 2.327561110720419990e-01 1.616249088900010011e-01 1.297437087214400042e-01 3.267741255692970248e-01 1.884503859531760084e-01 6.553632951197779777e-02 2.867475417693239881e-01 -2.228064867821769879e-01 2.496108989619879870e-01 -3.320115376252170264e-02 -8.673788525251230341e-02 1.296720442907499937e-01 2.949087009651230051e-01 1.421156012043879868e-01 -1.660059330781779932e-02 1.280615622306059964e-01 6.627100393722469562e-02 -2.728633564879109907e-02 1.247250599623429962e-01 8.393140086856350213e-02 1.323926752455439892e-01 -2.808979715495839996e-02 3.076183368771550145e-02 3.459368071232989950e-01 2.169603848032050086e-01 2.323990920534519944e-01 1.051738328032439940e-01 -1.448012205509920103e-01 -9.114916035687789519e-02 -2.727413093859539991e-02 -6.879915006551290402e-02 -1.641227779791999963e-01 -2.885523751814899913e-03 -1.410994368400469989e-01 -1.537619556256310076e-02 -2.885509766343479776e-01 -4.664013772466770076e-03 2.023202115056760009e-01 2.567506827638310063e-01 -2.724681750248930112e-01 -1.691400485844949883e-02 3.493670191253460122e-01 3.695856079168600150e-01 -3.968763732446939918e-01
-5.654214790303190019e-02 1.411469246805260036e-01 1.851454627114390017e-01 -1.527197805036879926e-03 1.046541556894520046e-02 -1.500572615078450134e-01 -6.676655394017690093e-02 7.766362874340010380e-02 3.059912238868010004e-01 -9.106229448505839819e-02 1.118666058922650024e-02 4.216680290738469838e-02 1.000000000000000000e+00 -1.778587645976580089e-02 1.259860216641300046e-01 -1.116266123446810060e-01 4.549980724823189937e-01 -2.541685099970069847e-02 -3.252971522675859872e-02 5.550361676291450108e-02 -5.631651578862460067e-02 2.462769863676619875e-01 -4.351048566496060199e-02 2.084960539772230115e-01 -2.241688318855770135e-01 -2.244552055811619984e-01 1.892619528236950122e-01 -1.666310657825980091e-01 3.054765997836629832e-01 1.310061719715510109e-01 -7.521854630350810478e-02 1.011729895488240050e-01 -2.163086810410609906e-01 1.457697067570090099e-01 1.942028673923310023e-01 3.383193487843049740e-01 3.927060418136970044e-01 -1.069012836923450074e-02 -9.524393710929130591e-03 1.663093565582980105e-01 1.149482421958370002e-03 -2.519676216821790105e-01 8.469602136543019633e-02 -1.749995616254670094e-01 6.088093280300049814e-02 1.017055216375850057e-01 1.960853293904049888e-01 -4.653892910221269635e-03 1.021729375627730002e-01 9.362982612594819565e-02 -1.612778723152260008e-01 -1.174272073229949975e-01 4.998565554861329752e-02 -3.321324268758309994e-01 -3.319936084133449927e-02 -5.885725154182659680e-02 -5.818836987050760023e-02 2.112751665487490049e-01 4.593062761066649818e-02 6.832825108101960032e-02 -1.386614830551259892e-01 1.610525311722879882e-01 4.184931688209100192e-02 1.415538204009710033e-01 8.410436924602540665e-02 -1.052675198855270028e-01 5.976270333365289733e-02 3.327009046959120142e-01 9.305105003866999402e-02 7.689314803534540166e-02 -8.891487854085519671e-02 9.310523373151889659e-02 -1.409974140775250018e-01 -2.412705137549520096e-02 7.956809513885469698e-02 -1.017552270763290023e-01 -4.247628937423859885e-02 -8.106367917546210278e-02 -1.169264031653050040e-01 1.834296335070929873e-01 7.138755371629630642e-02 -6.257716626088070250e-03 2.059426274232090126e-01 -1.188532491896690003e-02 9.574507872126980512e-02 2.552682834530979952e-02 1.798259730925420019e-01 -9.592414311739499988e-02 2.406677900270620118e-01 2.767773719535959742e-01 -1.951703601014800060e-01 -3.148838556353689838e-03 9.895779167222400197e-02 -2.473695960850350040e-01 -1.324648885618729954e-01 -1.339562506191279978e-01 -1.378488481438759905e-01 -5.171079778185819903e-02 -1.011201736549469966e-02 1.028194624808049934e-01 -9.740638647715270382e-02 -1.726125448748659988e-02 8.591773773970979786e-03 1.108418427056010042e-01 7.586860907247069963e-02 -4.792753758686309901e-02 -1.423156583972340072e-01 -9.057522536643189404e-02 1.949791204930419880e-02 -7.136092152500790597e-02 -3.322767442281999994e-02 -4.197220666732030120e-02 -2.191287514392669875e-02 -2.183062336827299998e-01 1.270621642951720032e-01 -4.298207603721929809e-02 1.007868327731370056e-01 2.801842451200969863e-02 2.250430611174419893e-01
