1.000000000000000000e+00 -1.168148524361049961e-01 -3.318192956333090166e-02 -1.362856477075120032e-01 -2.367115421158700050e-01 -1.326409181668830074e-02 -1.970014970649940078e-01 -1.205907065349070065e-02 -5.263768143133819993e-02 1.869471157459300092e-01 2.074083208308709902e-01 1.014765917128479938e-01 1.794218352022750040e-01 -2.570134870193159782e-01 3.386039333498479936e-02 -1.525602476436790089e-01 1.840162243151780008e-01 -1.257314410667299993e-02 -2.026454573233630041e-01 -2.057404311875420111e-01 -1.644389132972640111e-01 1.238783880359180072e-02 -7.638764786950809349e-02 7.619174210754819931e-02 3.320921635323000054e-03 4.087053740143319902e-01 -2.022347310181510094e-01 1.187908969077040022e-01 -8.571250092068150028e-02 5.559145730313089923e-02 5.077581211362110387e-03 -4.006876213002479731e-02 -7.171933450049650105e-02 1.228100333503620058e-02 -1.029312991454039983e-01 -5.146140602576799658e-04 -2.971625858420710031e-01 -4.068162790466119810e-02 8.876542592978810264e-02 4.371194568473459746e-02 2.649510501534039775e-01 2.012760899664549907e-01 -1.452102970238119961e-01 2.609594236433590009e-01 -9.883189446253870525e-02 -3.164055509000220090e-02 -8.848564570823450048e-02 2.469135349977260099e-02 -4.402417484217210214e-02 -1.565140987550070126e-02 1.711482372000660002e-01 -1.220747158533840027e-01 -2.017468278872109888e-01 -1.306738011002629984e-01 1.649204173381889904e-01 -1.281467195384790037e-01 2.896571195169949861e-02 7.476385920340160307e-02 1.595443339056659970e-01 2.102693455846199877e-01 1.860989727877130073e-01 1.298613414576390013e-01 -1.229801088235090017e-01 -3.009201532499889975e-01 5.987039106409799971e-02 1.455024398237469985e-01 -1.548925490329340071e-01 9.602451327963139327e-02 1.295484304821299948e-01 -1.157876621940740064e-01 7.302588472190180147e-02 1.082086494473299965e-01 -1.453877937788330132e-01 -1.211821649168940002e-01 -1.408138652866050035e-02 1.698693848444620125e-01 7.100202019271900644e-02 1.289696200595500108e-01 -3.912890843562930043e-02 -3.565573134398550281e-02 -8.834094269166009594e-02 1.668063900215329964e-01 -2.384679531929030094e-01 -2.145166509367839869e-01 1.130176637384859989e-01 -1.296325153375419981e-01 -1.839956552236730047e-01 3.019073086686490104e-01 1.303146565776009957e-01 -2.303750847073509841e-02 -1.919716309206410121e-01 -8.650689367997209389e-02 3.912186648076820122e-02 -2.969652359179550047e-02 3.953869217530729674e-02 3.473446948937869982e-01 -9.901100098437040642e-02 -1.599626100444969945e-01 -1.174340335937709978e-01 -2.695493609316329878e-02 -1.742249915105890112e-01 -2.697895625700329897e-02 1.503761750508460053e-02 3.649545733220409954e-02 -8.415078412930659946e-02 -2.085871294894979869e-02 2.809666124095600015e-01 3.667206773862279889e-01 -1.724606816169919898e-02 1.150553500684770025e-01 2.373457408630730014e-01 1.098703802809110064e-01 -4.307145565038759949e-02 -2.724445580951910251e-01 3.054111252282579736e-01 1.271151881271390116e-01 1.455972924192349971e-01 9.914271324658699425e-02 4.157478975725710235e-01
-1.168148524361049961e-01 1.000000000000000000e+00 4.899884778714060085e-02 6.465658506859679466e-01 6.641733643885010530e-01 3.468073636456909803e-01 4.535006074594900016e-01 2.447852764229420108e-01 2.286977380845169883e-01 -1.167357311238940015e-01 -2.003013181051850056e-01 4.409320156573540150e-01 -3.319780862518200131e-03 1.166341719088510032e-01 2.486612156418269992e-01 6.928137962786320436e-01 -4.746246990884840297e-03 2.364147388559650065e-01 3.591090000815799765e-01 4.069546829325330073e-01 1.630032967655160037e-01 1.284084082226109869e-01 1.766690324537669998e-01 -4.149411726412029905e-02 1.255672495971320024e-01 9.182534613356639619e-02 8.867525862006229997e-02 -7.150779369334700486e-02 2.909002304914110049e-01 3.846977680655340182e-01 2.922481706747540042e-01 3.156212354310879986e-01 6.166394417207069489e-01 1.527938568496159943e-01 1.266379417541790009e-01 1.290739926946440075e-01 5.271956245834890087e-01 5.042922090323489481e-01 1.892522965858249862e-01 2.110072531698390097e-01 2.788963052216780064e-02 1.211198236248210020e-01 1.681978585198030118e-01 1.424970068465649942e-01 3.732928624325559941e-01 2.101812381598520130e-01 5.125429919739699774e-02 2.122592989498200133e-01 1.796299223812490020e-01 2.707056597663000108e-01 1.922223572683950110e-01 4.803027396344730082e-01 6.066408796919889879e-01 5.847144838875759643e-01 6.726957178529960335e-02 3.960459935842269852e-01 1.527469117679290112e-01 6.612121985601419893e-02 -3.686916459765209736e-02 -1.421026025305049956e-01 7.141979617461649554e-02 -4.439774261721800286e-02 4.751235228387119813e-02 1.596354249795949864e-01 1.381431198453099973e-01 2.444431340238500117e-01 2.994148606593139972e-01 1.644375534925359983e-01 4.503927521186210092e-02 3.051568526999420272e-01 3.941097294766359727e-01 -1.034498497790510008e-01 3.186163728012940122e-01 2.789384182333040085e-01 -2.290402992987779912e-02 -1.186990536542049945e-01 1.707695642406640013e-01 1.317968549406449974e-01 3.040400325148169824e-01 3.164362736719090186e-01 -6.642385247546320204e-02 -3.193931245041479738e-01 4.936382670617029955e-01 3.734250870272050049e-01 -3.796183144812249888e-02 3.056071813200400000e-01 3.604592322390809955e-01 2.690958736839290100e-01 1.686813890478550126e-01 1.281199565680339880e-01 4.718245955733599839e-01 4.103800024520439793e-01 1.170381119974169964e-01 1.918051146610779967e-01 -3.697930631197070186e-03 1.766205193485800018e-01 3.877211944330080096e-01 4.510832485210780063e-01 2.630738099143050124e-01 2.745550261418320259e-01 2.446202306839189988e-01 4.023682456942579977e-01 2.834588169116369905e-01 6.132266102154079745e-02 2.092201821505089987e-01 -1.969854874553399887e-02 -1.727858693678180069e-01 -1.825366435538230137e-01 -1.192802757339249953e-01 -2.677702311882130259e-01 -2.388684667348799917e-01 -6.845790286889809340e-02 6.286878894737889523e-01 5.608551710947350388e-01 3.049604154675650269e-01 3.442411748512049785e-01 2.808881123977730043e-01 2.162891352612099916e-01 -3.186528531475699838e-02
-3.318192956333090166e-02 4.899884778714060085e-02 1.000000000000000000e+00 2.585732944334739880e-02 -5.204409791232000176e-02 4.302348134690140227e-03 -2.359587257586500120e-01 -2.610194801105080176e-01 -8.009006235595460266e-02 -1.344906669867390048e-01 -1.941671204735610085e-02 -6.695216888599979377e-02 -2.088494391091489932e-01 2.308228234428119988e-02 -1.518798272277279982e-01 -8.177322344353769781e-04 -1.464371563699609913e-01 -6.283149266116079545e-02 -6.601822831809860126e-02 3.800391323244289854e-02 5.415511505853699836e-02 -1.015223147446809998e-01 3.991152577617290351e-03 -8.293997804771689741e-02 5.884707774167489969e-02 -1.114002822025400019e-01 -1.104269742165129992e-01 -5.571130384313360134e-02 1.038096869895479939e-02 -2.590724407454999840e-03 6.029874539022470059e-02 1.471662262101720020e-01 4.340267056200049905e-02 -1.714793610595900103e-02 -2.003063085884269900e-01 -8.676157149466709462e-02 -2.758026092146919836e-02 7.874292627010990187e-04 2.103428421380980004e-02 -7.833720421642130505e-02 1.884189830735919988e-02 1.840684788731150046e-01 -2.752917391156070037e-01 -2.584846389272499878e-01 -2.891072916404759940e-01 -1.986001001542110067e-01 -1.718613580743659844e-02 -1.084399208494229994e-01 -6.366095259651259608e-02 5.700064809091640039e-02 -8.802211227408039684e-02 1.627240915469370108e-01 3.629380594750299810e-02 -2.085054624460140060e-01 8.173689275822869360e-02 -2.531255718840130092e-02 -2.275458035275710056e-01 -1.358746350710060002e-01 -1.976139894755299942e-01 -1.987261386692379950e-01 -1.438933927840150007e-01 -2.466102895649079918e-01 -1.809416021143289977e-01 1.272920270370410112e-01 2.380048410799560088e-01 -4.333845280436979946e-02 -1.052925021394640059e-01 -2.143870488743269964e-01 -7.088421936207149610e-02 8.475735532728069857e-03 2.166819969181419947e-01 -1.182487213675360027e-01 -1.417863644241419974e-01 -2.164433916542410075e-01 -2.277692519447410135e-01 -1.628382610728930091e-01 -5.960292293646640011e-02 -2.089933157819489906e-01 1.080028079709089914e-02 7.362067559427010188e-02 -7.021448948138719892e-02 -1.867019920262039945e-01 -1.577216388667390112e-01 -3.342357004659490122e-02 3.381278337698700315e-02 -1.562106007427510046e-01 -1.063974231676190034e-03 1.636100465854160024e-01 -1.154288482800309990e-01 -5.632261009883560154e-02 -1.480735395256529974e-01 -9.851450153354500416e-02 1.550043849160969989e-01 -1.102551004663210044e-01 -1.880279821042450117e-01 -2.243819503322820041e-01 1.913800467962750024e-02 5.020037951564219891e-02 -1.177964812877980022e-01 6.635557106483469525e-02 2.292576858737329915e-01 -1.536719174952510050e-02 1.681571713859869865e-01 2.201801368474030074e-01 -1.577168369093109868e-01 -5.013168017488640188e-02 2.544983865266490196e-03 -9.423339090187239642e-02 1.505361385015530074e-01 1.444145789351790055e-01 5.661622646114909674e-02 -3.378352372940190279e-02 -2.954851006242910083e-01 -2.387300920943239979e-01 3.594247677948340242e-02 1.544037498955450061e-01 -2.081967173630419887e-01 -2.750778492302610179e-01 2.762005504297029845e-02
-1.362856477075120032e-01 6.465658506859679466e-01 2.585732944334739880e-02 1.000000000000000000e+00 4.540612431417189732e-01 1.787995908755609931e-01 1.932396040327900022e-01 3.396187594698589773e-01 2.490130088689959942e-01 1.820018346654050101e-01 -6.185376808514270186e-02 5.316381820028429628e-01 -9.018966814658239961e-02 1.231253992077439990e-01 -6.613244659136280346e-02 3.210499606749950274e-01 -4.184360603259339867e-02 -3.996799457406460115e-02 2.137059615690820036e-01 1.041985192013960004e-01 -1.060560765333939948e-01 1.049680222832379967e-01 2.113655821646029942e-01 1.472405348645110072e-02 1.770701792427440135e-01 2.339243960258939881e-01 3.929567994387409696e-02 -5.850760229498980225e-02 2.541109604788729937e-01 2.725631136409220057e-01 5.922515380678669734e-03 1.781395882587480106e-01 4.315386146398589862e-01 3.323386271647939955e-02 1.783089905530380048e-01 6.731472010427010100e-02 3.762034524083530118e-01 3.189263979572860008e-01 1.236805932744410030e-01 2.646437850905389855e-01 1.227787955820239946e-01 -5.893408765726680133e-03 1.387041402815689939e-01 1.618526509457439977e-01 3.059323418897009761e-01 4.684324776614309793e-02 -1.812173038865879868e-02 1.509448407635360090e-01 8.774088473269099631e-02 1.545760436641940017e-01 7.095444055464669719e-02 2.843479626343060063e-01 3.457227389669230155e-01 4.279566212817629833e-01 1.622732942409929879e-01 1.092913893010809961e-01 2.664386728556459860e-01 2.319751333822329953e-01 1.750559276447629931e-01 8.688360696496880142e-02 1.423792173875700062e-01 -1.445942810353300079e-01 9.962048410601670456e-02 7.146590561372290207e-02 2.040559328318209895e-02 -6.844980873272389632e-02 2.847024455159299916e-01 -5.725423459159009743e-03 -6.862594184530659835e-02 3.311491826075190215e-01 3.089607124532430249e-01 2.961248699751610133e-02 9.857020009980230202e-02 2.948471723031260150e-01 -1.260363340546679922e-01 4.900947179141940113e-02 1.433258994036560041e-01 1.532774188128759874e-01 9.310147654080680457e-02 3.094892864242930197e-01 -9.163301120237969319e-03 -2.181135149025489883e-02 2.184155178642450124e-01 3.239872157105599948e-01 1.314196739326810026e-01 2.077527148652220101e-01 2.547459842947399911e-01 1.692843295805309956e-01 1.594423781374899873e-01 1.579519930732679878e-01 2.280249916746709959e-01 2.860383361903239829e-01 -2.833957763528340001e-02 2.756391318047219860e-02 1.721840526601129961e-01 1.729366021689190125e-01 4.167290278528020253e-01 2.626928860722089754e-01 1.644287044725389890e-01 1.403630128588340131e-01 1.690829690666900004e-02 3.282405769108320270e-01 1.354714758756929982e-01 3.302335396221749847e-02 -7.936373220960009356e-02 -2.656183316988229848e-01 -1.419593351167199868e-01 -1.117043764368350067e-01 -1.788495710568099861e-01 -2.873926332051889854e-01 -3.216904276314609956e-01 -1.984438843498969873e-01 4.758362789264439785e-01 2.834541161923789798e-01 3.463183154263089758e-01 4.683608845248060093e-01 3.141785925757619724e-01 2.111550933380300088e-01 1.037605076006259952e-01
-2.367115421158700050e-01 6.641733643885010530e-01 -5.204409791232000176e-02 4.540612431417189732e-01 1.000000000000000000e+00 3.447255235743250101e-01 4.849275483424930200e-01 1.201639064291940007e-01 1.102441821087520035e-01 -7.997975812462050638e-02 -1.369448271194420030e-01 2.573546977370840261e-01 -9.915171998634310369e-02 3.256455930123249853e-01 3.407336287064470226e-01 6.028870533173770196e-01 -2.310985694487779907e-01 1.710475296532200096e-01 3.833225117539719728e-01 4.524592379331249803e-01 3.580291229314219725e-01 1.034674431955679985e-01 2.411766647624390136e-01 -1.396768970273709887e-01 1.486649290657910127e-01 -5.285096114943439727e-02 2.070323084941760039e-01 2.882742901319269857e-02 2.997823376327620193e-01 3.435374332966170119e-01 4.115285515454870091e-01 3.974770468253849831e-01 4.620772638790289766e-01 8.728684150170350209e-02 7.422661954249029637e-02 2.720590490133530104e-02 6.021338410552919962e-01 4.539185409130189752e-01 1.472564970500850057e-01 1.292179379939779882e-01 -7.722758789313860506e-02 1.573111458846989941e-01 1.283575909463219866e-01 1.701751828950449907e-01 3.638883513212010090e-01 3.386398370796879775e-01 1.127728937874079990e-01 1.530939321932190122e-01 2.613070608990319954e-01 2.623678952351979898e-01 1.571529335215419987e-01 4.533119041319950138e-01 4.330186907449979916e-01 4.715768517846570251e-01 1.850707757734620096e-01 4.754144528764949751e-01 6.486176706132559810e-02 -8.952800891422380003e-02 -4.058677694607849828e-02 -1.104667968757119950e-01 -4.333325736046340221e-02 -1.501157836527909906e-01 1.526027731648370023e-01 3.131598394904169802e-01 2.643691447559050056e-01 3.431903588336839839e-01 2.617252090459140090e-01 1.095939442194990010e-01 -3.104153910306519867e-02 2.630269767104900236e-01 3.326763471161939822e-01 -1.830804042642709961e-01 4.629271199382580249e-01 1.883284925315910074e-01 -1.780358057533550087e-01 -1.356996407107390057e-01 2.586572604783130003e-01 1.326043150604840071e-01 3.579235687208510153e-01 2.272284568467120014e-01 -1.243485627330419979e-01 -3.136354630799240151e-01 4.866878758725070031e-01 2.558836695251350268e-01 -3.167837112939309724e-02 3.864901343974579961e-01 2.936855427515919770e-01 1.728577916355089894e-01 -3.938353567111699738e-04 2.031236507824060050e-04 4.703735871751569819e-01 3.428488614630850195e-01 2.687671913924130074e-01 2.734357028086270014e-01 2.142773916573429901e-02 2.381344993664459911e-02 3.749673699372960134e-01 4.770624985221629810e-01 2.298101647407480019e-01 2.811531392417799813e-01 3.109094137270260183e-01 3.189632105268739859e-01 2.560093753009640150e-01 -3.512838018203819773e-02 2.286381167376050072e-01 2.797270123600700126e-02 -1.346954455628930070e-01 -1.266461985805510115e-01 -1.555644827376040096e-01 -2.261570214625029940e-01 -2.297376479477920008e-01 -9.218366418648099581e-02 4.386628397162399828e-01 4.682038311182479817e-01 2.275684932584279979e-02 1.088818122264259974e-01 1.848218642863850014e-01 9.619569118172889566e-02 -1.353755046854860089e-01
-1.326409181668830074e-02 3.468073636456909803e-01 4.302348134690140227e-03 1.787995908755609931e-01 3.447255235743250101e-01 1.000000000000000000e+00 3.724706970610390244e-01 -1.021277253188529986e-02 -2.622015819545470139e-02 -2.295678173441660086e-01 -1.062547242625330041e-01 -1.387619882125479959e-03 5.432206619613690404e-03 2.050154050668580030e-01 3.164501527212689735e-01 2.211175640627829897e-01 1.761441546760459942e-01 1.731384685995610018e-01 2.763354473117399790e-01 1.774965246513169892e-01 3.052329814428780264e-01 5.042976796837830150e-02 1.690181961887529949e-01 -1.213918665406770042e-01 7.231985600571849693e-02 -4.167090156171709969e-02 6.128945799683600121e-02 1.699115172412489841e-02 2.365067426722350027e-02 2.630448320702780118e-01 2.134593549569659965e-01 1.507548523497480031e-01 2.888963103071480187e-01 5.553998008360080257e-02 -5.129052080843420069e-02 -1.639925630388290034e-01 1.694873686613410091e-01 3.511296195370259832e-01 5.562982874332129957e-02 1.503135856157349903e-01 -4.594529620605670127e-03 6.448537781037000371e-02 4.268345955683190002e-02 3.804280512340459802e-02 6.258436446046089507e-02 2.629340533813119829e-01 1.676123835677929830e-02 2.072891166245990069e-01 4.495885524987339732e-01 2.462734018872390074e-01 2.307925613981549884e-01 1.553960581287960052e-01 1.163613910361000064e-01 2.206983847265749921e-01 1.302361115324590091e-01 3.924090966536100122e-01 -3.702182709959170315e-02 -1.563385887660790063e-01 -5.597116303449230224e-02 -4.295487226342829812e-02 -5.112540271669099856e-02 -2.740254455360180072e-02 1.245129138575400002e-01 6.003238524810110277e-02 1.318481838767749936e-01 2.880847781738209989e-01 -3.627895050219479695e-02 4.148958615181930210e-02 1.382521383488519995e-01 1.707035604336649970e-01 1.399837720224000048e-01 -1.234533347381350059e-02 2.797235660028249971e-01 1.090162378573359958e-01 -4.684141099701279870e-02 -1.341521093077749915e-01 3.391432219930169689e-02 1.292229427123099961e-01 1.811175097324410066e-01 6.793417397131600033e-02 2.111582823693590114e-02 -1.912655436549839938e-01 1.289810812524559980e-01 2.748760570488650162e-02 4.798267962167569733e-02 1.540833434437970106e-01 1.512642186463599991e-01 1.373704354883880097e-01 7.354739256976319806e-02 -9.507842076403820453e-02 1.140881981292539982e-01 3.882123030731760016e-01 2.764837435066809790e-01 2.731885960517759782e-01 -1.480111683919960001e-02 3.042573870293119927e-03 1.456683259164280042e-01 7.061826826163769555e-02 2.242736119556170138e-01 1.878774952485109950e-01 3.146034671415249839e-01 2.271446250522869970e-01 3.095353716993979876e-01 1.111798318985059986e-01 2.585831790803310160e-01 2.224161661670989998e-01 5.110328720857079676e-02 6.884357814973500467e-02 2.337811792821289925e-02 -8.402418680729380196e-02 8.688349831981860560e-02 2.404594881426130037e-01 1.301824001324110025e-01 2.341476883664659892e-01 -8.054920599004439935e-03 -5.915815685440640320e-02 -1.546168664072200029e-02 2.137656450672590150e-02 -1.139371154537940044e-02
-1.970014970649940078e-01 4.535006074594900016e-01 -2.359587257586500120e-01 1.932396040327900022e-01 4.849275483424930200e-01 3.724706970610390244e-01 1.000000000000000000e+00 6.345542541718260376e-02 1.701737961999210125e-01 -8.168970631293899498e-02 -2.336485120051630116e-01 2.143935719635290116e-01 1.392070696487439918e-01 3.176881419802100037e-01 4.476832987858450075e-01 4.782456978544160076e-01 5.968862015332630083e-02 3.259015264812010204e-01 3.836395983931180087e-01 4.673756617575420269e-01 3.148871648118499733e-01 2.369159769910610114e-01 1.805591943241889874e-01 -8.904837452752069338e-02 1.856925751443989914e-02 3.277162204236020154e-03 2.141466923341590056e-01 -9.149721311492380049e-02 1.801986036367090038e-01 1.126250944941249998e-01 3.397662731667929759e-01 8.586033050400219968e-02 4.381446696946860175e-01 1.950096056827979873e-01 2.448562636379389978e-01 1.467448087735520046e-01 5.663411570734709910e-01 5.407565406619989634e-01 2.076506599054560032e-01 3.199492293653509734e-01 -3.955501915055679996e-02 -9.006865720029469391e-02 4.821482060451540153e-01 1.423002033472260119e-01 3.760519983695490009e-01 2.705840669859450043e-01 2.443162930166890012e-01 1.447515115902789917e-01 3.478928855425599820e-01 1.673544033376110074e-01 1.919326236200890046e-01 2.228910468460189864e-01 4.646058765000560253e-01 4.246081540131459997e-01 -1.234458967514839994e-01 4.368713376732830111e-01 -1.007835544484270013e-01 -1.391351033878970023e-01 6.247788828040939935e-02 -7.458798415584179387e-02 1.985611360729510055e-01 1.571925719695830004e-01 3.032576761631710083e-01 1.840777795415450002e-01 3.164110510375450075e-02 2.858792561308590163e-01 3.398378834640600199e-01 1.015414429945949992e-01 2.001218026920600079e-01 2.120148568192150029e-01 2.780773246148249972e-02 -1.805626420721680170e-02 4.762838973363109907e-01 3.532977848981589952e-01 8.279100911206820068e-02 -2.376411897268820017e-01 1.664237359231620084e-01 2.554737460333150190e-01 3.031929923857180076e-01 1.078936103122409979e-01 1.389639052201600000e-01 -1.441494689808409946e-01 5.455336520872110517e-01 3.393899391071890093e-01 -6.214264233972149887e-02 4.662462333993550034e-01 2.994831192946930121e-01 1.313138329256609976e-02 -2.030135265615730031e-02 -4.495626394871179987e-02 4.970620970681680073e-01 4.861224277876000088e-01 2.445880700376180106e-01 2.302548693747560049e-01 1.004993706880730059e-01 7.367819969047030570e-02 2.475197456286599984e-01 3.223705614301399791e-01 3.157917201076789748e-01 1.874159602268669900e-01 2.329206473240529873e-01 3.009179627854339789e-01 2.216637504654269952e-01 1.242795642946309953e-01 1.498363439036249911e-01 7.479211174304739584e-02 -1.491717909771000106e-01 -2.389236804085760058e-01 -1.439348166311270050e-01 -1.715689494586790098e-01 -8.486171596062980216e-02 4.608823655360490268e-02 4.682614936672589989e-01 6.009832757079980325e-01 6.770662341145669560e-02 -5.238642582617329679e-02 2.586202813525290134e-01 2.368724683473699966e-01 -2.178498641081879905e-01
-1.205907065349070065e-02 2.447852764229420108e-01 -2.610194801105080176e-01 3.396187594698589773e-01 1.201639064291940007e-01 -1.021277253188529986e-02 6.345542541718260376e-02 1.000000000000000000e+00 3.895105173853760094e-01 2.215688618488939887e-01 -7.228563692325369605e-02 3.370616768961490206e-01 1.182781627977230049e-01 1.817484857001920029e-01 8.477972469464950533e-02 2.024265808555560098e-01 1.264897813706570007e-01 2.102938183359260027e-01 1.352033829084069994e-01 1.090196521211330011e-01 -2.802503150600830009e-02 2.448927718899240047e-01 2.326020084796459886e-01 1.871056831980210111e-01 1.165877118290490067e-01 1.744756083756839882e-01 3.443465113307679903e-01 8.404523062230169483e-02 2.906568162132229793e-01 1.172642076759569940e-01 -1.310837926508310047e-01 5.312231786971249869e-02 2.250774082782059926e-01 1.327950243341360081e-01 3.191428572256819751e-01 2.845017044676659834e-01 1.624009307936150059e-01 1.632881543468990004e-01 1.725454860294469914e-02 2.434466239141150068e-01 2.694164381684039933e-01 -2.458371987855549889e-01 2.356031147079100108e-01 1.634690639381999877e-01 4.141532058427440099e-01 3.263383086146879886e-01 2.828692567297649840e-01 3.745904486593290006e-01 -5.090529587167599845e-02 8.410570137819750602e-02 1.210058884559160053e-01 2.067444657169719979e-01 2.724053685175619743e-01 3.419797652969410184e-01 1.392672001680569926e-01 6.496716162102389447e-02 5.706050747793870448e-01 5.073411127600060411e-01 2.540647292794970258e-01 1.680158626405960087e-01 3.978433868634200232e-01 1.870398177395490025e-01 2.703379034192919805e-01 8.522231959608299323e-02 -1.652675308181900116e-01 -8.056273512693849781e-02 4.057682716829210112e-01 2.355414442072220060e-01 1.076808144976480058e-01 2.061782153231120074e-01 1.520201653313129897e-01 2.007336721207270136e-01 5.068096102741290188e-02 1.411915402740840098e-01 2.869079928880730046e-01 1.434718479515570133e-01 1.362551805616250000e-01 1.727074839579580134e-01 1.629354943888320154e-02 1.786573179708149939e-01 1.857038832577689869e-01 1.096536657807830051e-01 3.355112754054209723e-01 3.041552494633250059e-01 2.145215940392329879e-01 1.869672784241979968e-01 -9.996189415622980419e-04 2.184957455312829932e-03 3.023871295510059953e-01 2.421708979105219872e-01 1.301593608959309978e-01 1.704297315485439890e-01 -9.519096679819659401e-02 -5.765467586228199826e-02 3.020104792499739843e-01 3.125208560177850092e-01 5.221667940294190124e-01 7.847174763015410393e-02 1.762019823492710080e-01 4.290893028502550111e-02 -1.609697817520349961e-01 3.205263441389800128e-01 -1.713331792342749973e-02 8.929538053908320228e-02 7.217296396361799760e-02 -6.388542291090759662e-02 -3.309922628369380004e-01 -1.050544282925520018e-01 -2.153976918100030113e-01 -1.382709044536190035e-01 -3.157465353552549869e-01 -2.111348371088490050e-01 4.565012672208160205e-01 3.095474367252160075e-01 1.337800981549769896e-01 2.366679354800790003e-01 1.908004541882240002e-01 1.250743076476039939e-01 -1.558190909063429941e-01
-5.263768143133819993e-02 2.286977380845169883e-01 -8.009006235595460266e-02 2.490130088689959942e-01 1.102441821087520035e-01 -2.622015819545470139e-02 1.701737961999210125e-01 3.895105173853760094e-01 1.000000000000000000e+00 1.131967169310569982e-01 -2.620579014139850019e-02 2.990810515806390235e-01 7.549732445225300348e-02 1.588121705755080049e-01 4.675873015924990328e-02 1.814009474090670093e-01 1.504234358364630042e-01 1.616478759008020127e-01 1.445816020153569970e-01 1.924386917037259892e-01 -1.670282063703409925e-02 1.938507893373060120e-01 1.736848729095779864e-01 2.906330179112319723e-01 1.244241371108960048e-01 1.831176282979539993e-01 2.606735190479850250e-01 4.203393172992860027e-02 2.169397826901360016e-01 9.736580819772630568e-02 -3.216497087840679975e-02 -9.026676184388540691e-02 1.759246296509369978e-01 1.419882012761989887e-01 2.023922567735129963e-01 4.972889460987269805e-01 1.181552739091080023e-01 1.292849630015650009e-01 4.644633341808020177e-02 2.602789644275230185e-01 9.860190909359339839e-02 -1.642500007516090044e-01 2.797260754774589797e-01 1.333305193151810009e-01 3.888234223174349968e-01 2.583073525599060005e-01 1.254041623628210089e-01 2.816343756247550179e-01 3.224403857410230306e-02 1.877109037446620110e-01 4.038306046331469751e-02 1.370039954575180130e-01 1.662486122695560065e-01 2.219806425909300052e-01 1.023978295118419951e-01 5.214520072999120209e-02 2.905644941632459788e-01 4.566882776553810031e-01 1.940864644874620015e-01 6.486279516113149790e-02 2.755215818279829754e-01 2.356644886332510125e-01 2.521690630925280119e-01 -5.464903201625889717e-03 -1.176847834760380018e-01 -9.876673500334429145e-03 3.100763184118809912e-01 7.575937016683949310e-02 1.282560017605950120e-01 1.627297995511380047e-01 2.682929397506019983e-02 4.534866032450880075e-02 8.421306636320090300e-03 8.517503168463820551e-02 2.269009292383049881e-01 1.165825759909179943e-01 1.100941525340100036e-01 1.533419288124850122e-01 1.082891316589500025e-01 1.591614376748619886e-01 2.026102403895269910e-01 1.517655472239430071e-02 1.901741155334600031e-01 2.902394349642519744e-01 6.910928258330670260e-02 1.969199097760210015e-01 4.817295779659319654e-02 7.047837673614569531e-02 2.437742798878000106e-01 1.878447143329310121e-01 2.263787955522389983e-01 1.554601853495390096e-01 -1.127640185156320030e-01 -1.514969165745879975e-01 3.191782628789839871e-01 3.049338077835769822e-01 3.841463517604509770e-01 -8.633054223353470169e-02 1.612172604482010052e-01 1.051985632707610058e-01 -3.754641594531230031e-02 2.056757511210660083e-01 2.897494305719820057e-02 1.308515199713639887e-01 -4.195801086746900332e-02 -2.368702667488339908e-01 -3.586138155051620258e-01 -5.954536831026620292e-02 -1.588750643260410100e-01 -7.707214550910429507e-02 -3.141501928392880227e-01 -1.336001412376099928e-01 3.658419287469280023e-01 2.361063685975189896e-01 2.379633657365780031e-01 1.826474365160919988e-01 1.098887200048289936e-01 3.868230685914000183e-02 2.606284232918670146e-02
1.869471157459300092e-01 -1.167357311238940015e-01 -1.344906669867390048e-01 1.820018346654050101e-01 -7.997975812462050638e-02 -2.295678173441660086e-01 -8.168970631293899498e-02 2.215688618488939887e-01 1.131967169310569982e-01 1.000000000000000000e+00 3.408199944632809841e-01 4.271888317746410091e-01 1.240892619890209964e-01 -3.061901950865790131e-02 -1.077106605732229966e-01 -1.980477274744170124e-01 -1.004618762559199990e-02 -1.557974577796610027e-01 -1.435124147608519973e-01 -1.902610580507159976e-01 -2.477894565621089895e-01 1.543263219024099964e-01 -2.159414880498039882e-02 1.569817059616729904e-01 2.977308470158819831e-01 6.019886229313600179e-01 -5.338140073616860076e-02 2.094686039412100020e-01 1.625853314415449946e-01 -1.191293355976040004e-02 -1.878697600741179863e-01 -1.946604054013159890e-01 -7.380868205002659443e-02 1.298671019194869991e-01 6.688526699856210678e-02 9.404110078120099525e-02 -1.045698827885479937e-01 2.456442328455890178e-03 3.405796432472849716e-02 2.302726579689770015e-01 3.025556785627869782e-01 -4.583720658157450223e-02 1.889163596846989979e-01 3.815826563294409945e-01 1.195850165916930025e-01 -6.963415451840020143e-02 2.546469648115530157e-02 5.898448619106690105e-02 4.039458256909710110e-02 4.276832216005620017e-03 2.094518468003209871e-02 -2.120985457922479889e-01 -1.776369565436909936e-01 -9.398063010161150643e-02 1.846565144170879968e-01 -2.284616158847160017e-01 1.832847649640690080e-01 3.577195563743369999e-01 6.983932746784760059e-01 6.280448293861390363e-01 4.483993043035759962e-01 1.415513838953399994e-01 1.696492856786780135e-01 -1.053545005431510001e-01 -1.751928361876839979e-01 -1.184134227571830011e-01 2.452432770979720011e-01 -1.321430640439670012e-01 -4.081849491316530236e-03 1.234348181231549949e-02 7.178592418644559603e-02 2.456612238142709959e-01 -1.307360923912919970e-01 2.668957190974169946e-01 1.670053093492470109e-01 4.244370432410140004e-01 3.487483246454510244e-01 1.977853864066889955e-01 -1.802718840520619870e-01 -1.594929536905889955e-01 8.596494528186300610e-02 3.282324658916280224e-01 -1.734985257807409864e-01 -4.803790967218359714e-03 2.525089532657330271e-01 4.149922433392499999e-02 -1.955640538001189935e-02 2.397606952215229972e-02 1.487554839193749867e-01 1.656738737207469891e-01 -1.908093345922899919e-01 -3.221139552193649780e-02 2.673230978260369983e-02 -5.358533276093180309e-02 4.515608988171139759e-01 4.486622776018279746e-01 8.288471135608040108e-02 -2.269027607711459893e-01 -2.744749190086870003e-02 -1.381263400155819943e-01 -2.765544212338170160e-01 -5.536325017875649845e-02 -6.886499844568909345e-02 -6.040781617898199896e-02 -3.200332626442090045e-01 -3.205654990082220102e-01 1.686408783254819965e-01 2.360615531399319900e-01 -9.390019001275319577e-02 1.096626761429310010e-01 -1.252377125435649996e-01 -1.226999558080559966e-01 1.295802843119809866e-01 -1.821875257146400029e-01 3.129509070335150245e-01 2.951015266234010004e-01 2.962162282494870125e-01 1.121812510571810056e-01 1.357480118841490058e-01
2.074083208308709902e-01 -2.003013181051850056e-01 -1.941671204735610085e-02 -6.185376808514270186e-02 -1.369448271194420030e-01 -1.062547242625330041e-01 -2.336485120051630116e-01 -7.228563692325369605e-02 -2.620579014139850019e-02 3.408199944632809841e-01 1.000000000000000000e+00 1.559435871746359947e-01 7.739917449574369723e-02 -1.232747046949250053e-01 1.461241222311739953e-02 -1.802225771110800012e-01 2.171459463113920019e-01 -1.735875983314369986e-01 -2.156926173975969863e-01 -2.386368399314059974e-01 -8.107467403837839703e-02 -1.816283555847489906e-01 4.577256949430329874e-02 3.660763901012469845e-01 1.056132250718029991e-01 3.517729915062379753e-01 -1.449796357377700073e-02 1.442956891625269966e-01 -8.154923066412500532e-02 -9.509432442217750220e-03 -1.022087703698439931e-01 -3.712291932354880308e-02 -9.972434157725010295e-02 -1.007712170554609932e-01 -8.809853329065270300e-02 -2.882128435017800028e-02 -3.034638147499290062e-01 -1.950565317800120047e-01 -1.210256176474280021e-01 1.753458335030439949e-02 1.002071053427310010e-01 8.158168906813480226e-02 -1.394268167785890078e-01 2.533951657427420123e-01 -1.423841034244709980e-01 6.323437544261370502e-02 -4.359628086425580001e-02 8.382263128285849518e-02 9.299803794251999822e-02 2.633446182501139946e-02 1.356320714451219878e-01 -1.540359580837800113e-01 -3.217837089797059846e-01 -3.062885200134389807e-01 1.371035690071109869e-01 -9.500130019691870042e-02 -7.327270162244339802e-02 2.269988372685680100e-01 2.713823347102520267e-01 5.199240650293489585e-01 1.781994754973610096e-01 1.606065650449479965e-01 -1.057479630436610057e-01 -4.039474158131629855e-02 1.907249079082180138e-02 -3.136803729061440199e-02 -7.365824985279789683e-02 -1.400207557677959902e-01 -1.068354451820389961e-01 -1.249149134054890059e-01 1.553046572093839950e-01 2.033998262938299939e-01 -1.960247624707819880e-01 -6.462740133664579556e-02 2.071182583989419901e-01 2.705791644344029967e-01 -1.759056019111709945e-02 -2.318772180074560058e-03 -8.677751044766450483e-02 -1.252837327516020116e-01 1.072539226382580035e-01 1.542573197756040015e-01 -3.152340124359940265e-01 -8.228643983300990006e-02 1.330545634162179913e-01 -1.462591791088830029e-01 -1.621890587503909964e-01 8.083460486196150652e-02 1.528623211468659870e-01 2.542049447373919899e-02 -1.627633399993030083e-01 -3.934028707186029705e-02 1.154482169096460037e-01 9.245896342807699564e-02 1.493542720528469869e-01 2.950661724758990023e-01 -8.309992966228579858e-02 -2.899879187922360102e-01 -2.496030109678929951e-02 4.326337178899029856e-02 2.786371870059960003e-03 -1.369006675853199906e-01 -9.222015822242660144e-02 -1.510242925136819903e-01 -1.674181619036370014e-02 -2.364214177248600071e-02 2.225258242624719995e-01 3.486931368199590042e-01 -4.025098785665819773e-02 2.875279473565670041e-01 1.740536264991859872e-01 1.469588381664309884e-01 -9.004497833580710209e-02 -3.444029573390520182e-01 2.234538582136730012e-01 1.452579581781849871e-01 -5.866463564090040189e-02 -1.616224109702920075e-01 3.206503286846210110e-01
1.014765917128479938e-01 4.409320156573540150e-01 -6.695216888599979377e-02 5.316381820028429628e-01 2.573546977370840261e-01 -1.387619882125479959e-03 2.143935719635290116e-01 3.370616768961490206e-01 2.990810515806390235e-01 4.271888317746410091e-01 1.559435871746359947e-01 1.000000000000000000e+00 1.655257983909410036e-01 4.734397717894820194e-04 -2.083969518036099880e-02 2.632369866640489886e-01 7.599711432321930304e-02 -1.680450577387039915e-02 1.952802907105709862e-01 4.341368915011139737e-03 -2.259573162068329866e-01 3.323052488613180144e-01 2.649414322717230097e-01 2.226506533647890085e-01 1.365044858303660069e-01 4.590411796556920221e-01 8.673500075447250490e-02 1.463509126715629993e-01 4.092941257087630014e-01 2.505759115019999816e-01 -8.250661684219799674e-02 1.475762179666280094e-01 3.513628679869070237e-01 1.532576719802719867e-01 2.598857478256150211e-01 2.180594808464809964e-01 3.062740998446880081e-01 3.085552383434519985e-01 9.058350187864409875e-02 3.295310180087239749e-01 2.499778238327179936e-01 -7.051137758056970350e-02 3.044250267242419872e-01 3.867442305397559843e-01 4.163113989434230056e-01 1.706304840128650135e-01 4.130888236365799770e-02 2.012688383992040086e-01 3.027014113627530048e-02 6.747844402858589608e-02 1.264304522618419913e-01 1.789888445515870063e-01 3.553301509099239808e-01 4.009653860838999773e-01 8.077623827749459695e-02 3.047214908007609899e-02 2.611154554017859897e-01 3.764476438382700074e-01 4.353633073530460140e-01 4.191920817340559768e-01 4.193346989625900134e-01 1.054333811477830007e-01 1.780614061101379875e-01 2.224012382818939954e-02 -7.126082172795669689e-02 -1.220811998495599932e-01 4.835594788443309811e-01 1.097408882727129997e-01 1.031395084035929971e-01 2.998971066702649790e-01 2.037753121391449873e-01 1.700346632581090089e-01 1.396088540370530040e-01 3.880157142871030196e-01 1.270643371228409868e-01 2.319810772072840033e-01 2.598860927419309741e-01 2.123555292353410118e-01 4.153400920268650320e-02 2.352543780004960061e-01 1.168981648018919961e-01 1.981097758021430066e-01 2.262073249879779924e-01 3.707030367551970018e-01 2.080546424749739887e-01 2.882170714584529891e-01 2.624926792999000003e-01 2.392714403742919882e-01 2.172660033928099921e-01 2.774136351080019880e-01 2.232535028878100125e-01 1.803652006777499983e-01 -6.971920154013250270e-02 5.531699311052659662e-02 3.141673758386749893e-01 5.006685181088550429e-01 3.775155336326609934e-01 1.737802824888100006e-01 8.934065069699820283e-02 1.313137202397579861e-01 -5.437191758065960251e-02 2.851500527441619970e-01 4.646144085129139817e-02 4.190720882086709786e-02 -7.687900575097890432e-02 -2.421276257118609998e-01 1.208881033632329969e-03 -5.200369547299939915e-02 -3.142040554335699676e-02 -1.462242641295669887e-01 -3.337303529422249726e-01 -2.088633275526839972e-01 5.282036545254780169e-01 2.614106748171610151e-01 4.851810685815809987e-01 4.385539174521829731e-01 4.755253318132430240e-01 1.888638019006330104e-01 1.518413942468339883e-01
1.794218352022750040e-01 -3.319780862518200131e-03 -2.088494391091489932e-01 -9.018966814658239961e-02 -9.915171998634310369e-02 5.432206619613690404e-03 1.392070696487439918e-01 1.182781627977230049e-01 7.549732445225300348e-02 1.240892619890209964e-01 7.739917449574369723e-02 1.655257983909410036e-01 1.000000000000000000e+00 -1.041037530822239987e-01 3.343545479861300129e-01 2.366636564358809980e-01 4.240834285491679734e-01 3.267531975171160119e-01 2.282737234075150057e-01 1.240607388340399936e-01 1.246086508673270032e-01 4.630588665444990149e-01 -4.884614341464479752e-03 3.360124839375859818e-01 -2.217896664599909862e-01 1.872578063248709901e-01 1.630966291854200056e-01 1.228852473756440050e-01 1.235819648837579998e-01 1.166794279976449966e-01 -1.839372304180210138e-01 -1.790307177167649866e-01 1.655575458162389935e-01 4.568412963644620239e-01 4.894121646461470077e-01 3.451221095342230094e-01 1.271577566249149915e-01 1.388200290653339997e-01 -3.145503894300730185e-02 7.679738160909919953e-02 2.617478669355379761e-01 -2.417062768218539853e-02 4.247018941904969758e-01 2.531545509566819896e-01 3.318214450445560182e-01 3.550730779148639771e-01 1.379388217365080105e-01 4.311925555934149890e-02 1.328637061479089922e-02 1.346764067355570027e-01 2.368821940104640089e-01 1.126150384857950021e-01 1.603817414501829963e-01 1.760125510428419970e-01 -2.057455900101199942e-01 6.415311299103200471e-02 2.166644234244080036e-01 2.068506685970339931e-01 2.235296091836289911e-01 2.061573770440479902e-01 2.083574937812220085e-01 5.821240986773349446e-01 1.734387964813869920e-01 -5.600567057581030267e-02 -2.185452397899350085e-01 9.107335031493990485e-02 1.919849575541509867e-01 3.985169417271720027e-01 3.359804662953340126e-01 1.371050096089649895e-01 -5.100600279113030183e-02 2.690791420732430161e-01 -1.281423066805489897e-01 1.417115006717759862e-01 4.472994530843459882e-01 -8.060615800740649275e-03 1.577265183006930083e-01 3.198036405463480225e-01 1.194862773130000028e-01 -7.673524139552300415e-03 2.222417150482050019e-01 2.027902099143150116e-01 3.098986542064329774e-01 2.780917050550519853e-01 7.468341801325539819e-02 1.863264624657479940e-01 3.126774501037160037e-01 -2.720525056420679960e-02 3.409433289974410086e-01 1.376906549480670094e-01 1.289040785795440014e-01 1.058810876672470064e-01 -1.423945754581689982e-01 3.317088954555270225e-02 3.205749165917780030e-01 2.458491847178090051e-01 1.392130083866360002e-01 1.273207260391900075e-01 2.055721889585850060e-01 7.526065357346109486e-02 -2.526336397531169786e-01 4.956323721646030368e-04 -3.403253256767870272e-01 -5.127586522915560108e-02 1.153756091123999961e-01 -5.778154413476319778e-02 -2.391926756779650179e-03 -2.596908394606579906e-02 -1.832235169631150073e-01 5.691418177644950310e-02 7.509961802567380329e-02 1.691569794579549924e-01 3.715780760629949775e-01 2.893766414915309726e-01 2.437918884653089979e-01 2.426191234287470092e-02 8.290387686211130036e-02 8.401135966811509870e-02 -5.354057135673449819e-02
