1.000000000000000000e+00 3.801886126910249963e-01 5.368403606081070256e-01 2.575914318484340271e-01 3.788603901461060075e-01 4.013602179201369857e-01 4.387411757106680077e-01 3.206324507133900270e-01 3.186455939224739908e-01 2.803924679430629952e-01 2.159495296270239895e-01 1.944939621575040023e-01 2.433303456800940123e-01 2.703747968369660248e-01 2.336825181333649915e-01 4.859622951599180118e-01 3.279793522379200188e-01 3.252239701924509729e-01 3.580707627440140040e-01 3.838533366575450079e-01 2.629117605105780187e-01 2.962354657452059836e-01 2.542916087223879851e-01 3.874830319192820172e-01 2.000926269690679882e-01 1.071944766059570037e-01 3.329104016081260164e-01 1.584729023460350050e-01 3.738832383483879918e-01 1.022804340542410040e-01 4.205557600162089793e-01 4.885422347196590187e-01 4.920292088784700146e-01 3.538774599339959970e-01 4.611989256122729919e-01 4.454109702918280234e-01 4.055206118499969925e-01 4.808172460816250160e-01 4.534301874306019831e-01 4.011552166020869725e-01 3.697949806661450234e-01 3.323276217503660090e-01 5.158840328417579890e-01 3.913582539145680217e-01 4.675452835416299968e-01 4.724997363249340276e-01 4.656453409180180136e-01 4.369968414681910107e-01 4.413852219221839901e-01 4.269553218273779982e-01 6.228945926660149901e-01 4.059729472653130222e-01 3.927639394397349770e-01 4.214200736608049724e-01 3.139495529083120018e-01 4.552740583155759913e-01 2.802099768078890052e-01 2.529478822172039898e-01 3.372005818566939928e-01 2.341654854495009985e-01 3.073255358347209976e-01 2.236881740763559945e-01 9.941132825497020487e-02 2.092370390967759897e-01 2.500317462290789772e-01 1.927333766992009867e-01 4.988513910111799787e-01 2.817758643256090267e-01 3.613279340644720006e-01 3.395662723543579897e-01 3.306399130860500080e-01 3.643802363273260236e-01 2.021121874965109977e-01 4.055062623508359776e-01 3.682062500429740259e-01 1.478143097696990038e-01 3.633660263667090051e-01 1.552049466584690118e-01 3.033107326646949931e-01 4.823321906430350081e-01 4.407269067807629837e-01 3.880975679993169947e-01 4.342894373698539812e-01 4.815346063284620115e-01 3.816833466896750182e-01 4.980118986827419825e-01 3.398450792702750189e-01 1.907356975097510010e-01 3.375847317836149775e-01 4.108738691062420179e-01 5.496539983634950444e-01 4.661685383754309853e-01 5.093379151910769620e-01 3.314653102358720016e-01 4.050802946848690023e-01 3.717002383107699814e-01 4.451173525852930024e-01 4.749183052544569961e-01 4.657271339996220116e-01 5.429255048017600505e-01 3.195374987323409965e-01 3.705680502555360190e-01 1.486249913912960074e-01 3.651778887952309982e-01 3.116823260936700257e-01 2.439506068819440043e-01 2.142603365238320012e-01 1.452114677194610015e-01 2.382534658251249937e-01 1.111836306042079947e-01 3.295610585945200066e-01 3.568948556890059742e-01 3.730881734566490193e-01 3.829783970472609989e-01 2.291227371093809972e-01 2.497275455018370116e-01 3.564296312385389909e-01 2.435877064789609969e-01 2.039158694807809979e-01
3.801886126910249963e-01 1.000000000000000000e+00 6.161743918744629900e-01 7.804478092787819898e-01 8.071020471936269924e-01 6.307876923680659775e-01 8.402524902506399718e-01 8.252342263189670346e-01 7.251187334940120133e-01 5.304950771927819941e-01 2.815969560904009739e-01 5.137740713455779540e-01 6.119326258131440044e-01 6.167694843468140009e-01 6.485698190659550111e-01 7.836819886392309975e-01 7.598896581571570330e-01 6.817629302167600436e-01 6.540155572932480066e-01 7.230761636812740312e-01 7.104838298760179915e-01 6.307907472426500517e-01 5.541195459465180218e-01 6.137106746397770207e-01 3.052781695836689901e-01 3.578901242407330208e-01 6.198520144953809652e-01 5.539109761891050088e-01 6.638786518715980023e-01 4.407478420887450121e-01 4.467558081860369956e-01 4.246071941031540065e-01 6.529439849599349976e-01 6.192845225026419875e-01 6.663917979242970357e-01 6.672224918048650366e-01 5.520035851367770530e-01 4.829474891428640060e-01 5.033046044044450218e-01 5.022720210950889497e-01 4.680037656247730271e-01 6.054910795708510207e-01 5.872320912321880026e-01 5.399723967230239952e-01 6.748166217494839803e-01 5.293110263496939583e-01 7.073617840402689483e-01 6.057922271686499993e-01 6.630131047699470148e-01 6.528266684578849510e-01 5.133348214553240529e-01 7.617774456112279546e-01 7.745230667682619918e-01 7.036748195959350305e-01 6.519058681102279929e-01 6.622450073002810189e-01 7.344466696359910340e-01 7.303682979378830487e-01 6.483735687292689898e-01 4.177164595004880243e-01 6.006654076454920332e-01 6.824652277551279678e-01 4.339526925210689945e-01 6.768344306902399632e-01 5.435266597670189714e-01 5.961606997991140133e-01 7.531742567978050307e-01 7.562822837494279637e-01 6.667901282307759914e-01 7.518857712759130507e-01 7.562973341301170160e-01 7.086708720192199662e-01 5.591886765008009519e-01 5.843572163109489459e-01 7.280730056108769555e-01 3.773228017336169859e-01 6.406780108619309910e-01 4.537493288927080259e-01 5.004841268918910346e-01 5.459849028341150490e-01 7.382919571548880455e-01 5.620995550518459449e-01 7.243651900711870484e-01 7.060001571798210085e-01 6.032923251234300066e-01 6.864729904867069576e-01 5.250924180064370228e-01 5.531144365131700491e-01 6.966375535592550516e-01 6.322821129164369891e-01 6.758410212524239569e-01 3.789658525751670171e-01 5.054908441494040394e-01 5.541969145655659679e-01 6.566549256164360138e-01 5.682360429040319572e-01 5.586830063338920072e-01 6.427881813031319780e-01 7.048779901470919595e-01 5.939572335956020410e-01 2.510411443851650048e-01 2.759890761258079750e-01 3.044878654450119959e-01 1.743011117475899985e-01 4.945627107667789901e-01 3.726652874054490194e-01 3.894793900423960120e-01 3.290829344479739849e-01 2.986825042050549883e-01 3.100660416268399833e-01 5.646527746138739756e-01 6.235861901546200237e-01 6.374305036063889762e-01 6.112122466521590081e-01 3.687027460581139837e-01 3.437709437006919999e-01 4.521399666401810236e-01 4.950723414491440266e-01 2.760770203293009817e-01
5.368403606081070256e-01 6.161743918744629900e-01 1.000000000000000000e+00 5.034558922583259877e-01 7.427956228699720276e-01 8.329945755105899741e-01 6.060338048324249716e-01 6.365547657510860491e-01 7.802571131477510358e-01 5.830965829346670404e-01 4.380614067839360137e-01 6.432329736933140030e-01 5.588544124364700494e-01 6.718258805977149750e-01 6.898825954606659927e-01 5.590976132010629929e-01 5.947699947486110306e-01 5.458756367888559780e-01 3.995122639507229789e-01 7.213499477754979905e-01 6.551223183202099509e-01 6.080845206385230295e-01 6.304334879785840062e-01 5.320205853512890437e-01 3.804111472751909862e-01 3.624962411969520071e-01 6.045198788250619737e-01 5.308870963378450325e-01 5.826723601533739805e-01 5.026060049772399507e-01 5.505426488543010421e-01 4.358628079461980276e-01 5.521132796225429740e-01 3.154608820686690129e-01 6.069097754616700202e-01 7.345893768096359855e-01 4.337690876794840222e-01 4.457568678798449757e-01 4.681735651159170120e-01 4.651015466983079993e-01 2.695075655107290191e-01 6.063870158867239457e-01 5.582074836005269658e-01 6.474409025655949446e-01 6.358415940846630088e-01 5.044172752949159788e-01 6.516793112283190137e-01 5.791635147959179886e-01 7.697102908730719673e-01 5.984647038147800080e-01 5.897547999031920174e-01 6.705742246875280310e-01 5.595734317433780358e-01 5.904069554770360329e-01 7.274689620796970235e-01 8.087637104389949760e-01 5.032295521203840050e-01 6.307775017001120421e-01 6.477254251573300037e-01 4.545259355183889904e-01 6.556944115240359583e-01 6.339170283323180000e-01 5.348458293364829474e-01 6.408167834571140142e-01 6.364574524883199746e-01 6.001993193299509644e-01 5.248693368999050035e-01 5.803675603673770222e-01 4.423360158207519932e-01 5.265329902033889509e-01 6.499411342477350306e-01 6.304054041104449890e-01 5.985900460731360395e-01 4.653683165380589903e-01 6.706006423401640326e-01 4.487529428015030186e-01 6.229497364217330135e-01 5.371559209453919959e-01 5.121756253129140513e-01 4.761820550843750000e-01 5.219832101335130092e-01 3.410155621353420097e-01 5.752363784961349591e-01 5.846251268657409739e-01 5.570321479327320358e-01 5.743928955655690505e-01 4.166406999692249813e-01 4.832094379673140261e-01 5.677251051112709446e-01 3.922917978580010012e-01 5.145063156264749749e-01 3.257695601988550016e-01 4.345681474048099791e-01 5.250321720676389692e-01 4.800174824120250205e-01 5.955343504087929896e-01 5.328654529337270018e-01 5.963433092845029648e-01 7.089813878583739459e-01 5.937254554784849869e-01 2.822288734314529757e-01 3.428796500465460251e-01 2.905649581280599913e-01 3.497911623089849931e-01 5.237449448868819468e-01 3.893128755260040208e-01 4.971476143071760223e-01 4.094892238256869765e-01 4.444461036775789742e-01 1.582634759332079977e-01 4.922992602394790085e-01 5.572635133203339697e-01 4.881741124112449759e-01 5.133416207812550036e-01 4.409428401471710002e-01 3.920586087160140010e-01 4.597468939141359789e-01 4.304434584751750115e-01 4.401557368668350123e-01
2.575914318484340271e-01 7.804478092787819898e-01 5.034558922583259877e-01 1.000000000000000000e+00 7.244953798334730077e-01 5.219879646332630241e-01 7.886445005137989739e-01 8.487459429273469524e-01 7.001644545643389561e-01 5.985421012069750413e-01 3.895671108566550189e-01 5.472112836524980484e-01 6.205330725484109466e-01 6.541800061889899709e-01 6.293038392232239708e-01 7.058929210347719696e-01 7.183153437185350043e-01 6.720640217639469727e-01 5.842648706080589838e-01 7.639679625442930000e-01 6.881676899017890037e-01 5.557235055230429488e-01 5.666150897999170377e-01 5.409146570992390268e-01 3.428246605053750229e-01 2.914842940057160159e-01 6.490695327782279866e-01 4.314501650910420039e-01 5.285168361021560512e-01 4.531748983746299864e-01 4.015726791962240250e-01 3.322039149462249763e-01 6.305096849511789836e-01 5.890584091819800472e-01 5.346637339559989766e-01 5.803548851220660110e-01 3.754704296569890132e-01 4.174974308999629957e-01 4.381611875931690214e-01 4.356450383273879901e-01 3.937970893300820063e-01 5.625895542164629504e-01 5.134458300129499664e-01 4.406014837694400277e-01 6.389965107060020522e-01 4.352160160185020166e-01 6.474240355500480160e-01 4.753658421854319860e-01 5.722055500870180111e-01 5.317109471568509660e-01 3.735422823835680139e-01 7.360244818311050263e-01 7.774081628442539582e-01 6.701225884821330192e-01 5.196871486243590521e-01 6.298885652001380286e-01 7.538868810961050215e-01 6.463619571662959640e-01 6.204806547989959453e-01 2.919484716665660118e-01 5.604488243098380007e-01 6.206632416836650457e-01 5.034580895799819489e-01 7.107010583890119859e-01 5.624177309015789827e-01 5.851239687230309627e-01 6.491936160601470274e-01 7.039515240800500173e-01 6.880234727860740085e-01 7.541664794869510358e-01 7.336870016835700392e-01 5.660738186341890410e-01 5.081620662507919661e-01 4.050815223878029836e-01 6.779117542601970081e-01 2.904665403060239792e-01 4.974118742039119745e-01 5.206608815402360424e-01 4.611534604849569785e-01 4.512824779579769907e-01 6.540462060813629908e-01 5.507934875209380410e-01 6.657738876062809785e-01 5.454166180600019675e-01 5.517009537119149654e-01 5.306567773807560062e-01 3.820097927793770221e-01 4.756217485449870108e-01 7.160061623066700243e-01 5.157254374408579700e-01 5.901051995595969490e-01 2.129347933416430028e-01 3.457752702060349903e-01 4.291942375308049895e-01 4.954808876069520251e-01 4.769511852046400269e-01 4.625428231527939915e-01 5.116067328404040326e-01 5.768877631992810340e-01 5.162307467447040388e-01 1.076741852399580035e-01 2.588911069502949913e-01 1.564858341775839934e-01 1.327212950656710133e-01 3.540204512084100252e-01 3.492168269235739753e-01 2.009008497805639948e-01 2.018036259249010034e-01 2.786476509861069983e-01 1.899934256327729942e-01 4.404339685663020143e-01 5.679963148467049860e-01 7.432154441526549471e-01 7.227897923145110148e-01 5.201202738335150011e-01 5.455889739913990510e-01 6.217099854471529463e-01 6.763268880234719616e-01 3.301511520702309910e-01
3.788603901461060075e-01 8.071020471936269924e-01 7.427956228699720276e-01 7.244953798334730077e-01 1.000000000000000000e+00 7.963492780415869499e-01 6.908188962823810231e-01 7.683168074032949990e-01 8.785022522217500462e-01 7.253004110098819623e-01 5.143123207452959811e-01 7.512069411533199847e-01 7.398691115074470526e-01 8.259746842409459999e-01 8.518654119216569898e-01 6.562721698168639817e-01 7.394003393438050020e-01 6.947140487612599724e-01 5.926250535883700321e-01 8.242526124357429929e-01 7.645830892417250224e-01 7.921465880754979816e-01 8.090260543419010020e-01 6.299603519998320245e-01 3.904715429535999816e-01 5.402076465924400273e-01 6.338390874301550459e-01 6.856164655177969802e-01 6.909774847796500419e-01 6.884449212800339835e-01 5.822892698155710534e-01 4.452553777777680244e-01 6.083260027620970289e-01 5.246885689597989844e-01 6.708306129924049843e-01 7.798263415011460475e-01 5.512523432510170185e-01 4.856961314637159854e-01 4.951637182629820000e-01 5.102872525018400385e-01 3.285034803084819766e-01 6.944384831214359677e-01 6.014500223697150094e-01 6.384399039150380206e-01 7.258004650015470460e-01 5.080128492416090547e-01 7.238266402079429618e-01 5.841267092830989549e-01 6.830722014872699921e-01 7.118232258565400095e-01 4.543960711754860271e-01 7.441197895837700083e-01 7.221291995125740382e-01 8.392549742321160355e-01 8.607466883791969892e-01 7.536615662433779894e-01 6.337943195519929462e-01 8.610493527241469547e-01 8.026882981005889484e-01 5.560096252674650019e-01 7.898686705949580222e-01 8.095656463029059502e-01 7.347066861621209810e-01 8.788655032580670046e-01 7.254490500555409449e-01 8.194678907518909705e-01 6.189163407019629970e-01 8.024703795585209631e-01 6.560681715580789497e-01 7.092623720554389610e-01 8.103527278338139572e-01 8.116888330648349692e-01 7.962106662240849841e-01 5.436747336651980289e-01 8.163574151557779768e-01 5.331485957257390274e-01 7.244146322629509971e-01 6.792568442985339461e-01 5.739904095752049740e-01 5.490418138532749959e-01 6.708512586662219723e-01 4.181263942885989904e-01 7.001867797629409695e-01 6.820544456714270343e-01 5.884215667530620086e-01 6.672056803642230083e-01 5.449151942665110271e-01 6.333131670465880214e-01 7.779858921663910243e-01 4.853664738492630137e-01 6.117645010326550059e-01 4.404137293992719804e-01 4.847181717606269813e-01 6.063401759859330387e-01 6.187433547684979551e-01 6.171276585911249501e-01 5.222558097275780131e-01 5.916307719918090235e-01 6.647778699956750081e-01 6.342658543273259619e-01 1.852694734515629993e-01 2.645775176383570182e-01 2.781097075425160159e-01 3.224899317610809835e-01 5.861061358020009937e-01 4.809802718112590192e-01 4.979522694508740077e-01 4.549528343751120252e-01 4.089542222630009882e-01 3.487430401276950254e-01 7.198493821047660113e-01 7.686320841201830234e-01 6.031758972151779474e-01 6.306377305473129802e-01 4.197516109071690038e-01 3.886550054218910200e-01 5.408078883047929830e-01 6.056289526418010549e-01 4.884475391650699994e-01
4.013602179201369857e-01 6.307876923680659775e-01 8.329945755105899741e-01 5.219879646332630241e-01 7.963492780415869499e-01 1.000000000000000000e+00 5.612597678074919827e-01 6.127092130767050060e-01 8.038127395389490504e-01 5.329816092022849894e-01 4.044299145213239854e-01 6.452935714747920493e-01 5.956564028609160344e-01 6.907574432818159860e-01 7.044060500279649695e-01 4.994140429418070237e-01 6.190898854013170416e-01 6.142963720082209589e-01 4.516962717659149806e-01 7.363786052401409821e-01 6.733007771654589968e-01 6.228325641140209923e-01 6.330563157740010105e-01 5.108785049134999534e-01 3.049971397488729918e-01 3.618979756586859775e-01 4.812982105645839948e-01 4.936108409513160211e-01 5.427937516888790004e-01 5.286141083755130365e-01 5.144998182696449707e-01 3.949688443458410081e-01 5.317040206064590491e-01 3.804069838548069793e-01 5.567665364281589868e-01 7.037748707700709483e-01 4.410272838778909743e-01 3.954736493819119847e-01 4.370260923383449958e-01 4.715732418868039955e-01 2.818019648618820261e-01 5.680634417592580476e-01 5.164600498496939585e-01 5.930069258330890047e-01 5.775663170438469773e-01 4.604423942436249861e-01 6.013796772517380207e-01 5.390831675298950465e-01 7.359932659175509873e-01 6.611698613005539960e-01 4.131098415022559922e-01 6.088520437548540221e-01 5.147156224095590371e-01 6.024686554815340545e-01 8.393094377297150022e-01 7.692059066316599969e-01 4.681187940876240239e-01 6.808528458988889476e-01 6.783933927366270211e-01 4.222560909722840039e-01 6.159780879469120007e-01 6.746873359913529988e-01 6.018174148312069871e-01 6.932990760515469475e-01 6.022069327272989714e-01 6.667022814880030346e-01 4.962508151610630081e-01 5.971884015121700084e-01 5.196313118461549641e-01 5.670146896828569538e-01 6.558735475232060352e-01 6.409224889623460486e-01 6.213725879111640094e-01 4.404669537734060003e-01 6.534430920720379898e-01 3.910572186128080108e-01 5.866287434273019796e-01 5.194582316462289517e-01 5.517773331281760063e-01 4.712238903414809887e-01 5.389486761386930169e-01 3.557275810456779763e-01 5.499728316962300134e-01 5.495428494690159926e-01 4.184884978933430255e-01 5.377365271439680239e-01 4.626929392832950239e-01 4.492827483911799868e-01 6.427687749438210085e-01 3.888925741621550025e-01 5.003597930007720462e-01 2.939328443200809882e-01 4.156540104885509956e-01 5.088064144902409991e-01 4.801714554287940251e-01 5.783790118324749763e-01 4.566114138537950007e-01 5.141567106799099784e-01 6.559864535574370104e-01 5.983725922626460525e-01 2.248600300131730068e-01 2.844512257919329934e-01 3.676155612227969827e-01 4.237424286531429884e-01 5.074457441662419965e-01 4.315136709837489870e-01 5.158235301990280464e-01 4.517675519905089976e-01 5.101941957652119664e-01 3.009753261302889893e-01 5.814869226480260389e-01 6.579555308241820111e-01 3.970555640972340261e-01 4.255778417691499782e-01 3.339346099939999868e-01 2.808803978101500065e-01 3.882113314659080272e-01 3.419328962137460071e-01 4.001376369936019972e-01
4.387411757106680077e-01 8.402524902506399718e-01 6.060338048324249716e-01 7.886445005137989739e-01 6.908188962823810231e-01 5.612597678074919827e-01 1.000000000000000000e+00 8.463518262455550500e-01 6.796442877122490511e-01 5.281519974794709471e-01 2.494330165663170007e-01 4.416039048509149967e-01 5.466460846251219863e-01 5.758257139028729599e-01 6.076441132056019656e-01 8.233102501857080258e-01 7.977296822530950404e-01 8.252116408196850106e-01 6.799358464836889882e-01 7.745888759258230394e-01 7.772120402908859749e-01 5.918044359258609610e-01 5.052960469175480362e-01 7.229239239196579847e-01 2.498289303967259900e-01 3.188257573197950112e-01 6.778562249927809757e-01 4.523704528810599812e-01 7.012110427826669934e-01 3.936419459183789771e-01 4.832442195421809972e-01 5.021636743873100217e-01 7.400647562797479928e-01 7.502849029142040216e-01 6.749858006252580367e-01 6.911489903842510385e-01 5.255055315237480151e-01 5.848085043358319801e-01 6.334169701701719557e-01 6.520729659683710544e-01 6.543499061628650360e-01 5.956068459229350021e-01 6.538644684037620003e-01 5.147834545645769699e-01 6.760424534275379926e-01 5.760591281981699563e-01 7.535051077137829845e-01 6.545100205994509590e-01 6.922365905092040528e-01 6.705919827862769633e-01 4.695146349284080034e-01 7.054332074519520379e-01 7.671796248782779548e-01 6.076261888180299886e-01 5.310964987574260388e-01 6.340122847688259844e-01 7.328715520911349701e-01 6.343631830993999854e-01 5.915624216963789594e-01 2.892251856680310151e-01 5.683381871767849702e-01 5.558785194521720374e-01 3.475810669453590074e-01 5.914782197800459995e-01 6.041745084753400441e-01 5.393001620185200462e-01 8.273775679808910155e-01 7.183992311816179699e-01 7.503873722302260019e-01 8.279686693713820267e-01 8.064360226315799851e-01 6.414145656506240467e-01 4.940834379566820256e-01 6.079605585300700277e-01 7.582237635581009494e-01 3.089925562138279846e-01 6.710964057914760028e-01 4.209816645333139817e-01 4.529718692511869871e-01 4.771327602905989784e-01 7.996206372577759902e-01 6.960297982886429757e-01 7.142649765490930447e-01 6.646116551312799547e-01 6.167522937378989711e-01 6.707740764968419533e-01 4.847805940541459746e-01 4.662355251598039874e-01 7.323429300143039500e-01 7.243855921036790324e-01 7.058010459080510390e-01 3.362876395745770242e-01 5.605274438732700260e-01 5.292907193858029657e-01 6.560444857037770472e-01 5.604840835762420204e-01 5.791877908136180420e-01 6.559264749796239746e-01 6.773806208081749602e-01 6.009022983661740369e-01 2.467084896090999957e-01 2.644208143253219956e-01 2.601869596314489996e-01 1.796808310357579930e-01 4.759784087311619838e-01 3.508178671890260225e-01 3.636394619695380026e-01 3.117850099459090196e-01 2.455533463714690001e-01 2.290384979461879966e-01 4.220205819031500050e-01 5.228811081733020227e-01 7.209640193131009456e-01 6.784146015796079787e-01 3.988247285819569998e-01 3.451607183095010134e-01 4.877644124676009940e-01 5.243596928219429465e-01 2.397655441389159869e-01
3.206324507133900270e-01 8.252342263189670346e-01 6.365547657510860491e-01 8.487459429273469524e-01 7.683168074032949990e-01 6.127092130767050060e-01 8.463518262455550500e-01 1.000000000000000000e+00 8.151627605325429959e-01 5.692291884274479630e-01 3.590199198270179748e-01 5.720529381093559795e-01 6.514358385388779871e-01 6.877506554665560046e-01 6.768848961949119891e-01 7.016867048827809539e-01 7.448983973394199820e-01 7.241632109501959791e-01 5.819236809832839530e-01 7.739188295250020166e-01 7.306039432619849672e-01 6.265767241880989546e-01 5.880133169911979651e-01 5.923274456339310268e-01 3.072359309957429785e-01 3.608912769415950073e-01 6.620229333399340055e-01 4.957378715412429915e-01 6.329671356378390179e-01 4.565675586327169744e-01 4.194005343937710073e-01 3.585972160430350164e-01 5.650892000621640099e-01 5.420757977057170107e-01 5.962385379743869729e-01 7.237412962843220443e-01 4.263288891120379787e-01 4.018772634029709745e-01 4.272529411448400261e-01 4.436705279806379965e-01 3.835732322737590017e-01 5.547789817947119673e-01 5.039108037563659881e-01 4.890283104634650102e-01 6.373850492633850173e-01 4.295592767231790066e-01 6.585807441345660207e-01 5.334271032171560289e-01 6.443720260712320069e-01 5.491271041418149812e-01 4.429005502447019849e-01 6.974555667454419572e-01 6.887903542335459539e-01 6.074539540367189794e-01 5.939626631008669833e-01 6.718242464561160476e-01 7.532462217035650331e-01 7.454649156771809837e-01 6.243323538405890494e-01 3.542238528621040050e-01 6.149814818952930029e-01 6.711690441972409937e-01 5.103080645476639754e-01 7.193411293739939705e-01 6.337962426708549923e-01 6.203319790359590469e-01 6.520775824132040155e-01 7.417254131469830369e-01 6.173982011684640003e-01 7.101391864239989804e-01 7.486898161932370455e-01 6.418041592258180161e-01 5.786445987125480306e-01 4.325472168826889896e-01 7.526442668992630036e-01 3.798212103049530275e-01 5.867602146292419940e-01 5.170303260610269458e-01 4.446575474348130053e-01 4.000917864826190051e-01 6.350665888328890230e-01 4.639512753234160125e-01 6.322954980553120441e-01 5.727135560011450410e-01 5.487000484108720544e-01 5.318038624935399472e-01 4.049452559680160046e-01 4.901015012057540199e-01 7.128275495679620155e-01 4.961328828125419754e-01 5.189479672164170054e-01 2.058011485070549984e-01 3.503328100594439998e-01 4.745944628720589753e-01 5.453497474891150221e-01 5.101206455145540497e-01 4.396741739804799765e-01 5.289200599341850051e-01 6.598998847678479995e-01 5.270288391001030082e-01 1.745540643559340133e-01 2.306923398614879883e-01 2.423387413561589876e-01 2.079578897079930044e-01 4.466909327538099994e-01 3.439689268804669853e-01 3.742136086244660098e-01 3.613350754085010164e-01 2.858509408837530130e-01 2.547342178330970208e-01 4.558663954795850182e-01 5.456790442463660407e-01 6.325547722950509710e-01 6.319354014086859817e-01 4.322454178063149799e-01 4.297133251466270232e-01 4.937191021792329826e-01 5.878630281339769503e-01 3.209829864072529793e-01
3.186455939224739908e-01 7.251187334940120133e-01 7.802571131477510358e-01 7.001644545643389561e-01 8.785022522217500462e-01 8.038127395389490504e-01 6.796442877122490511e-01 8.151627605325429959e-01 1.000000000000000000e+00 7.143745889318180442e-01 5.174428592464379584e-01 7.527342139562579471e-01 7.520768419807180027e-01 8.242020040463939878e-01 8.057674835154100546e-01 5.630774922569570240e-01 7.147526968924809987e-01 6.728382132376290459e-01 5.390851058111789662e-01 8.216904197495189521e-01 7.505548797233689839e-01 7.549415344980550113e-01 7.089314877967499706e-01 6.017949012945510434e-01 3.982659026444649863e-01 4.374215875474189996e-01 6.165350941753979797e-01 5.673853923913300124e-01 6.212755580408519940e-01 5.771181253185629911e-01 5.344760880816999959e-01 3.589434343510060077e-01 5.166006423116930035e-01 4.319501737132420138e-01 5.717305417270820422e-01 8.303177859065650201e-01 4.303193105600520152e-01 3.937217204611400123e-01 4.173603118870449769e-01 4.574415851962490009e-01 2.737715121014340225e-01 6.290039789494019651e-01 5.079160940835609761e-01 5.878325375511900264e-01 6.300685567314929791e-01 4.397797468179600044e-01 6.564994908159169640e-01 5.250871802769460084e-01 6.985856142285920001e-01 6.437414887727890278e-01 4.338067832532390145e-01 7.210909959285789483e-01 6.346739570269409603e-01 6.802184597707789937e-01 7.932786116044889813e-01 7.719777866516039921e-01 6.247832598887730349e-01 8.185811914895440022e-01 7.426832567497330118e-01 4.624204795257340073e-01 7.350998025528909796e-01 7.762322368863270317e-01 6.577147418342289553e-01 8.256581883890210527e-01 6.902783909538090512e-01 7.547303919453419718e-01 5.755436228347939887e-01 7.479392081361070366e-01 5.772943462634659850e-01 6.471951856267339487e-01 7.422589588834509478e-01 7.041439647534689650e-01 6.921390166236039976e-01 4.488044422225270225e-01 7.751202223108329958e-01 4.353142866124989907e-01 6.255963637783620301e-01 6.276676870397299712e-01 5.425791854335909603e-01 4.541005792884649783e-01 5.813597446929430479e-01 3.818147983523320077e-01 5.947627295643109768e-01 5.647047786785209800e-01 4.973147851903200189e-01 5.348697135582769491e-01 4.212104522543850260e-01 5.162545304709720284e-01 7.527277702699639583e-01 4.150422686270269779e-01 4.961941674051880136e-01 2.738167784707429830e-01 3.677250954500210223e-01 5.097553901996170200e-01 5.523581729580280264e-01 5.676647488221310267e-01 4.634969076089600071e-01 5.031345061856480338e-01 6.989159976822030274e-01 5.804993756870899801e-01 1.451113862219259865e-01 1.837558847592969946e-01 2.191745856280850058e-01 3.251337084483669759e-01 4.685061015518179883e-01 3.419707495291299804e-01 4.670215852330880102e-01 4.523837271833370255e-01 3.620042420415430229e-01 2.701029350560449904e-01 6.049715868908309702e-01 6.802814524247440264e-01 5.164943360088859459e-01 5.491815136490310056e-01 3.920460069575120166e-01 3.959409897448299964e-01 4.516726272761429906e-01 5.394705790808289603e-01 4.150771278969400124e-01
2.803924679430629952e-01 5.304950771927819941e-01 5.830965829346670404e-01 5.985421012069750413e-01 7.253004110098819623e-01 5.329816092022849894e-01 5.281519974794709471e-01 5.692291884274479630e-01 7.143745889318180442e-01 1.000000000000000000e+00 6.712516191297770440e-01 7.995598509429969747e-01 7.340885370184979664e-01 7.708035540792530504e-01 7.833714640453000033e-01 3.779308052149569774e-01 5.348817260622470426e-01 4.985644862773930264e-01 4.492181301121759840e-01 6.354803471464830489e-01 5.462983546875780361e-01 7.584894885214910065e-01 7.895735600467149728e-01 6.142543450508589631e-01 4.539298122121530055e-01 5.215982678672289596e-01 5.550615168841539493e-01 6.100692064281989513e-01 5.677314153277690512e-01 7.343403400192809460e-01 5.353800626139749719e-01 4.330416512627229819e-01 4.545648550157450063e-01 4.022757649702169980e-01 4.684416019761959982e-01 6.276474365208309925e-01 3.256610787468279811e-01 5.546204669565709677e-01 5.063155003655329667e-01 5.477421265982650445e-01 2.585000746978620145e-01 6.683719691611720304e-01 5.120535925541970235e-01 4.855085939349970126e-01 5.548956021892239576e-01 4.080997641088119909e-01 5.870836567010629947e-01 4.243827175372549831e-01 4.867402907015490054e-01 5.047135131022859600e-01 3.509141508777040008e-01 6.015845872714770115e-01 5.473121976182679926e-01 6.738622420358609810e-01 5.671820021714699678e-01 5.442717568406070239e-01 4.869958972505720185e-01 6.772248207556179622e-01 8.264651009442429697e-01 5.156844691729119967e-01 7.797877774321529953e-01 7.204928832965590280e-01 7.461973807638310197e-01 7.670302658344859692e-01 5.923825675461039664e-01 7.441508643545120538e-01 4.729122166824740181e-01 6.027117690179929488e-01 4.833544833596870038e-01 5.199615783966109461e-01 6.432443792215190026e-01 6.699908363657820498e-01 6.911606748588879912e-01 5.393480138857520423e-01 7.717211023316310481e-01 4.490267992072239922e-01 5.477036366903339504e-01 7.245543522019940452e-01 5.222259107435950343e-01 4.493889877862060067e-01 5.227554327136240131e-01 2.818287677853160145e-01 4.870858092522479810e-01 4.209720726899309762e-01 4.866425236477189831e-01 4.931683314248380134e-01 3.419754016626300186e-01 5.414772368858169482e-01 5.965867699751109532e-01 3.855818756576929740e-01 5.158895360731140523e-01 4.611834327573809955e-01 4.769793458762039973e-01 4.717831814367929866e-01 5.169785169012860448e-01 4.290105974461609906e-01 3.921660870226120199e-01 3.890265686744580065e-01 4.415999040190469738e-01 4.594263674028870037e-01 9.306490769513800498e-02 1.948669118968759939e-01 1.377144041862490009e-01 2.806703548051480146e-01 3.341134121523460232e-01 2.247198639198950132e-01 3.997826603276860014e-01 3.408537555032640221e-01 2.944308996827479930e-01 1.331345452001700125e-01 6.348441092760670479e-01 6.490128558213229537e-01 5.789791759656509607e-01 6.492195015864139496e-01 5.608629762934960183e-01 5.484979169521460030e-01 6.113280473667900283e-01 6.752497617130770458e-01 6.307838971433530340e-01
2.159495296270239895e-01 2.815969560904009739e-01 4.380614067839360137e-01 3.895671108566550189e-01 5.143123207452959811e-01 4.044299145213239854e-01 2.494330165663170007e-01 3.590199198270179748e-01 5.174428592464379584e-01 6.712516191297770440e-01 1.000000000000000000e+00 6.694806649761629869e-01 4.761630948107790084e-01 5.906735082887439869e-01 5.902358243934749948e-01 2.265899482414220067e-01 3.290027865416340069e-01 3.032398416098779914e-01 3.636405485729720111e-01 4.324714639972250252e-01 3.186780624515340166e-01 5.592466178696250401e-01 6.270063187927810144e-01 2.773089037737849760e-01 5.116439394979980237e-01 4.574081904257040199e-01 3.181533463754849800e-01 4.726688262866299839e-01 3.110729833706190051e-01 6.455795747793460215e-01 3.173864910152480179e-01 2.787046970083200126e-01 2.720067719309339771e-01 2.015992886510530047e-01 2.908468597409940015e-01 3.956825461594479787e-01 2.354004576814499872e-01 2.223069862870969970e-01 2.146728970919569990e-01 2.411615687193529867e-01 -6.424586263351649874e-03 3.739970814963399781e-01 1.785685815140440058e-01 2.972693070759809819e-01 3.209982258269820088e-01 1.157736415431070004e-01 3.162551015988839809e-01 2.069548742340230063e-01 2.867503151147440255e-01 2.651179981765269811e-01 2.284056544939830069e-01 3.735447931727770010e-01 3.285440251162820013e-01 4.871514091023699811e-01 5.022649240554230010e-01 3.582881505647009801e-01 3.328281388712689970e-01 5.029686504881899500e-01 6.347257483694429547e-01 5.787247169124859481e-01 5.859691523076550057e-01 5.129435447313069885e-01 5.661041563664299670e-01 5.586114855040930083e-01 3.790772766057480259e-01 6.004928900581010254e-01 1.707607720625070047e-01 3.473091885474640095e-01 2.691435700983780266e-01 2.769685945236520230e-01 3.624524320997770110e-01 4.200851817178590242e-01 5.426178878305479847e-01 2.533752446952540205e-01 4.811598499115249949e-01 4.748964025285900004e-01 2.944339804119199822e-01 6.704001105646300029e-01 2.835033877846550032e-01 3.191370619252389962e-01 2.146932753138580119e-01 3.126750199606449787e-02 2.443949357260160049e-01 2.230706875959030111e-01 2.262130552149249907e-01 2.679270802397960005e-01 1.834927697293599891e-01 4.253271612976560201e-01 3.893322352033090072e-01 4.722384615870060115e-02 2.559418330130989738e-01 4.048368309352819994e-01 2.008189513372040103e-01 3.124887995279400088e-01 2.561825102399230003e-01 2.636281212024220166e-01 1.336877375407879986e-01 2.141218700131140018e-01 2.409674678006019921e-01 3.185135902887589743e-01 1.563350098817009870e-01 7.080157376727450047e-02 1.178219451461659933e-01 3.061187532700510028e-01 2.057743194177500123e-01 1.518439317565490054e-01 2.917963584153620005e-01 3.577369666051259944e-01 3.118447693323139758e-01 1.776290056907449955e-01 4.901242017702699960e-01 4.587292227485180174e-01 2.534029391743520265e-01 2.822306057354829756e-01 3.432529131038399850e-01 3.843598597819359863e-01 4.412442822590729730e-01 5.042389812303920138e-01 5.088803746637290404e-01
1.944939621575040023e-01 5.137740713455779540e-01 6.432329736933140030e-01 5.472112836524980484e-01 7.512069411533199847e-01 6.452935714747920493e-01 4.416039048509149967e-01 5.720529381093559795e-01 7.527342139562579471e-01 7.995598509429969747e-01 6.694806649761629869e-01 1.000000000000000000e+00 7.373331168508640010e-01 8.494254297195179548e-01 8.359182421381480266e-01 3.663909584906199779e-01 5.708460794422010043e-01 5.001298547004799921e-01 4.787176866964080180e-01 6.326452942649920530e-01 6.225566241961340008e-01 7.450983277900240509e-01 8.405499855368889772e-01 5.133176085062699512e-01 4.326754721948550264e-01 6.361651058832770156e-01 5.748066153251180088e-01 7.062612400426580006e-01 6.200577935846910416e-01 7.500965876519689601e-01 4.904415778254619940e-01 3.567987992990589996e-01 4.286086875311519995e-01 3.130136238620290223e-01 5.048813502619290405e-01 6.811845589851399652e-01 4.437303498572269800e-01 3.523777483733049887e-01 3.059099029344909959e-01 3.146799350692109920e-01 7.718483595606559500e-02 6.535110302352540312e-01 4.133023386095829865e-01 5.654230175757489762e-01 5.057374743370659509e-01 3.555372476450139874e-01 5.177343514344560083e-01 4.105597724746309907e-01 5.353369901063179670e-01 5.370992085895349710e-01 3.379186497934599798e-01 5.531384556409659758e-01 4.955781933137070050e-01 7.149398476562910387e-01 7.117888656130429981e-01 5.352287767477029723e-01 4.452040636532390017e-01 7.443700317659339705e-01 7.519574168264709924e-01 6.396611958874000026e-01 8.414699918982070370e-01 8.250490051896399724e-01 7.882216533130169678e-01 8.357853401521190273e-01 7.006826080566229686e-01 8.134263467075489862e-01 3.615471588799680225e-01 6.496857520571139855e-01 4.615982506734119806e-01 5.100567097232140412e-01 6.798107491281060177e-01 7.042974116578889499e-01 7.890106977366959651e-01 3.898317361525630020e-01 7.537779624410020363e-01 5.442142300553950429e-01 5.904450499122230189e-01 7.426980074920339625e-01 5.004957039181220368e-01 3.665546780179579911e-01 4.670986163946510006e-01 1.911647355582880015e-01 4.897969633704620240e-01 4.682170146568119806e-01 4.980495912563659977e-01 4.884358386459660140e-01 4.290246684224470197e-01 6.261992659829149765e-01 6.433808787592170120e-01 2.925741520422279751e-01 3.955485264912970145e-01 3.752938357708370254e-01 2.942989150553940170e-01 5.498312816878380138e-01 4.895181560885569771e-01 5.083769326731639726e-01 3.867992001194059948e-01 4.172280261259930234e-01 4.666620912463990134e-01 4.618689129539900184e-01 1.542477488268189922e-01 1.543420224855759915e-01 1.882569966789129912e-01 3.140372184478960049e-01 3.649879079083350186e-01 2.545362329328449968e-01 4.201431806711889982e-01 3.871248806102889906e-01 3.385071936438470153e-01 1.851227488165609891e-01 5.493889270675249570e-01 6.477581676089260165e-01 4.205120673064099979e-01 4.922583845077310172e-01 4.256111012595750198e-01 4.168563866269869855e-01 5.619825544316110477e-01 6.078106845723459939e-01 5.352279295493079792e-01
2.433303456800940123e-01 6.119326258131440044e-01 5.588544124364700494e-01 6.205330725484109466e-01 7.398691115074470526e-01 5.956564028609160344e-01 5.466460846251219863e-01 6.514358385388779871e-01 7.520768419807180027e-01 7.340885370184979664e-01 4.761630948107790084e-01 7.373331168508640010e-01 1.000000000000000000e+00 8.360703389552710529e-01 7.494569140754849812e-01 4.552274539847889767e-01 6.696607967753630541e-01 5.264232708373449698e-01 5.530008415725180537e-01 6.323496257139169519e-01 6.368541318149809616e-01 7.411743503713790204e-01 7.544078619807760289e-01 6.065009642177240368e-01 4.113232752838860140e-01 4.448375357740150249e-01 6.063335335226109901e-01 4.946348433450299953e-01 6.138061788532830354e-01 5.938878756745089582e-01 4.372816096731679814e-01 4.508401775300249770e-01 4.815396375387719918e-01 4.710592195390699843e-01 5.627619412683210198e-01 6.569294367098049703e-01 5.098426285372880118e-01 4.921225655141149846e-01 5.063228606049270386e-01 4.917139007199839984e-01 3.134067197875829991e-01 6.883456137179330137e-01 5.594347161416830527e-01 5.899322509018379845e-01 6.077336112024750436e-01 5.133553712850730255e-01 6.829623196498519899e-01 5.176997444057670483e-01 5.754800866462600473e-01 5.976370063980830372e-01 3.685428385809749741e-01 5.800938792073170314e-01 5.798727465373000323e-01 6.569566248775300377e-01 6.079860808779430359e-01 5.707749499315769581e-01 4.889523162675589729e-01 7.016764267293079671e-01 6.645050647183049497e-01 4.113451939612269848e-01 7.000695094967730459e-01 7.892236420174110201e-01 7.128270045847879821e-01 8.145927418167919765e-01 6.157738051521870482e-01 6.677039892246050545e-01 5.312051007110170087e-01 7.407829762178099742e-01 6.000998645762749550e-01 6.022040290954110420e-01 6.606886664345930082e-01 7.250026508868200326e-01 5.946835057898589572e-01 4.915653531800650011e-01 7.087200364937790154e-01 3.985520756676310117e-01 5.566753814147470392e-01 5.273419454929360040e-01 5.022498151763570284e-01 5.408800214954889718e-01 5.993925955783050430e-01 3.999765321055839817e-01 6.065336208648910432e-01 5.296673884103270113e-01 5.293771253965670054e-01 5.564114289296450133e-01 5.045968382343339886e-01 5.279096214219189953e-01 6.638815131369879552e-01 4.795159163719340256e-01 5.570185335660620130e-01 3.427374386444980159e-01 4.008003833589460219e-01 5.566687619878469828e-01 6.109424258221269888e-01 5.726044236058059900e-01 5.375417669901000339e-01 4.802661171058290046e-01 5.263104970574280506e-01 5.720719095959510003e-01 2.037729479635959906e-01 2.966118664643450087e-01 1.980018215949400084e-01 2.873419241998639850e-01 3.488285662912299911e-01 2.663874582539619840e-01 3.613904227581200002e-01 2.974284398553669884e-01 3.345101204148370200e-01 1.241687606967250002e-01 5.459731186659210200e-01 5.997861701128639478e-01 5.544337779234690400e-01 6.023850674053430332e-01 3.722638649952230150e-01 3.678878462200830257e-01 5.172601475826420492e-01 5.561211943076269648e-01 3.715778935009539929e-01
