1.000000000000000000e+00 2.323151986519660095e-01 2.394794546494170007e-01 3.526001028389900149e-01 3.130678000537450156e-01 3.549093036106040211e-01 2.243752979459970043e-01 4.098247412023939829e-01 3.832795742277469997e-01 1.864215078336569908e-01 2.365697299387510000e-01 3.023277114106259766e-01 1.124725952198250001e-01 2.882479352428969910e-01 2.757641209134030214e-01 3.181977464904670039e-01 1.976773925838410106e-01 1.988049271077499958e-01 4.972126027073819898e-02 1.699162896214659879e-01 1.294881601973580099e-01 1.380046852915630118e-01 1.594283892135369973e-01 2.874490879805119969e-01 1.969452149178710088e-01 2.160342873490209981e-01 2.915978967014800083e-01 1.266615210687309923e-01 1.341480094368560083e-01 6.645090574718709453e-02 3.559313140288479782e-01 1.553608046782720131e-01 3.494290684633549748e-02 1.567967386548330122e-01 2.693601809366260036e-01 2.751357605017160091e-01 -2.646224932378300060e-02 3.851224078808530155e-02 1.292739781936959875e-01 -2.305923237037469861e-02 1.296299537417779923e-01 1.390373574475609886e-01 1.673765380548009885e-01 2.180969706033110134e-01 2.153576893902509892e-01 1.097409065910660009e-01 1.490439759402389930e-01 1.852383174371619867e-01 1.039041188043410002e-01 1.109007421750909939e-01 3.268046768013320169e-01 3.201266157101519960e-01 2.633516170072510154e-01 2.941400705030929874e-01 4.256329995577660119e-01 1.992180519940630057e-01 2.764746034325170077e-01 4.302520661419019787e-01 4.357144641064730206e-01 1.411990765305299877e-01 1.860149921158399944e-01 1.011333862790770033e-01 2.060686847306709979e-01 2.644155330129350223e-01 2.537698323887209728e-01 3.283114882477820018e-01 1.267444521525269985e-01 7.426413184403010681e-02 -6.312968846070629581e-02 1.183491906167459945e-01 2.243163611591389994e-01 2.491377684453950081e-01 1.600508147046930119e-01 6.426112203890900487e-02 1.137746475109689959e-01 1.878861186248549919e-01 1.343319170638400117e-01 1.852905260770600082e-01 1.774667566107580030e-01 1.690355662238249984e-02 1.162289134301460053e-01 8.351818275093329802e-02 2.604943198313769970e-01 2.479817510245090062e-01 1.435756176002599971e-01 1.884646727468499983e-01 5.933244569715050154e-02 1.168768328507940046e-01 2.081519657515570054e-01 1.288112193734509969e-01 3.278959080886210131e-01 2.683385396289260094e-01 2.385460808396349941e-01 2.352769588392659983e-01 1.884313691797450119e-01 2.243054173004810081e-01 2.238551914789830011e-01 1.622791294417360031e-01 1.537882666294879963e-01 1.693964987025430025e-01 1.748274550820169970e-01 1.841782485511229972e-02 -6.253881498973209996e-02 1.598838088053139983e-01 -5.277192452819809854e-04 3.348594614443239914e-02 6.951528814123110467e-02 9.895044188232049454e-02 1.832186552532449886e-01 4.186984410827489927e-02 3.624861131246580048e-01 1.634489662515679897e-01 3.041296382347660199e-01 2.404474607358320082e-01 2.174389999209589974e-01 2.649674607204520194e-01 1.251689426004370109e-01 1.987696576910470136e-01 1.922861146112279929e-01
2.323151986519660095e-01 1.000000000000000000e+00 4.638346372749870272e-01 4.825050293556280012e-01 6.228952274668390077e-01 4.662347345936109777e-01 4.984881802306250220e-01 4.364016416543690102e-01 3.680000312468629797e-01 3.375648405837399779e-01 2.353670800489920112e-01 4.817694870520760064e-01 2.609388830952369953e-01 4.122855175731279798e-01 4.321574885684860146e-01 6.290027304532159746e-01 2.456075488466160084e-01 4.528587408637799738e-01 2.499785273713379941e-01 5.115041366718290350e-01 3.136468004738779958e-01 4.476651615016640218e-01 4.101594851250370266e-01 3.234130306198689797e-01 3.322388947186509789e-01 5.438909880057389845e-01 4.836342967580010144e-01 5.375381497379320139e-01 2.570145482412860075e-02 4.677797422016640172e-01 3.651600215168179786e-01 2.483979793656060087e-01 3.662005810321959931e-01 3.888476517271560184e-01 5.175853926352890211e-01 4.008374722337830209e-01 1.787007728936799988e-01 2.090567986822990110e-01 3.844523601402600188e-01 2.572173482128070066e-01 3.442403631194910218e-01 4.257191291740080041e-01 2.886098012287239833e-01 4.729972175014859892e-01 4.037522088581489976e-01 3.850150607372599953e-01 3.459025550681870120e-01 4.800772000302560016e-01 2.611672204146039955e-01 3.374256296434109959e-01 3.291354237412220107e-01 6.240304259721599633e-01 6.211031493339199683e-01 6.989719094506300356e-01 4.952559631835800058e-01 5.020740451008619543e-01 5.452040785496059527e-01 4.366724332400990227e-01 3.563776604014369798e-01 2.161824141845659908e-01 4.201729701199750089e-01 6.987640913231990547e-02 2.073385248047940055e-01 4.028378284790269936e-01 3.736835445727830218e-01 3.494235075102489763e-01 5.442769051015580173e-01 2.853270705076300096e-01 2.618558098966369818e-01 5.565756372516580397e-01 4.065921400833050203e-01 4.697070194294600265e-01 3.890654850720829949e-01 4.752538049666860109e-01 4.162651827389999837e-01 4.949821312564030018e-01 1.783894265074960073e-01 3.769120018059379795e-01 3.249422362846799972e-01 1.407276693221209962e-01 4.426431582094029760e-01 3.613953901927839940e-01 5.112384256986359787e-01 5.121801569130539633e-01 4.694710797949799841e-01 5.108646556429979890e-01 1.516954926719059904e-01 5.349488691301229615e-01 5.226292932118949963e-01 2.604728273114059744e-01 4.210593756566650137e-01 2.711072021677929933e-01 5.557994142869749910e-01 4.062875256319080086e-01 3.478796291869939994e-01 4.911005172617389780e-01 3.663122098594099874e-01 4.119402459785370119e-01 2.439213710629219989e-01 2.595140156176540258e-01 1.138386909188130042e-01 1.481900721971440016e-01 1.087494256150319943e-01 2.093322311540450065e-01 -5.947390417691920256e-02 1.303239093612050016e-02 -3.046197497188289985e-02 -7.200537583448900214e-02 1.526772133022850052e-02 -4.177915860227120193e-02 2.991359309312309755e-01 2.218365214123569906e-01 6.995668544745019535e-01 6.327530690721939743e-01 5.667397814289479863e-01 6.520166982137779454e-01 3.444780155148299827e-01 4.889597038267730067e-01 4.387533694666300166e-01
2.394794546494170007e-01 4.638346372749870272e-01 1.000000000000000000e+00 3.205031096311590222e-01 3.966519019888670172e-01 4.902029335622620221e-01 3.157224841530730242e-01 2.861092635383229998e-01 4.441443180326130058e-01 4.230656633026559921e-01 2.635892030810120246e-01 3.712522609792029971e-01 3.885496634079820266e-01 4.426609385452590084e-01 4.433584506841700135e-01 4.975353842592409870e-01 4.354462836043420104e-01 2.751588517839190229e-01 2.431560016423189863e-01 2.891539998817260204e-01 1.995870674080379992e-01 3.501723268425260271e-01 4.319155911532759906e-01 3.686992511145250062e-01 3.073952309360780122e-01 3.847507930538859866e-01 4.628910623988979900e-01 3.986784810148449876e-01 -1.594175912410749907e-01 2.464504998357240073e-01 2.633262044086179809e-01 3.906898649152469871e-01 4.207931102535230061e-01 2.596736761919750114e-01 5.063656016445789998e-01 5.407155206635220202e-01 8.216312065916410445e-02 2.178184076304970074e-01 3.457556323662380193e-01 2.484688036146399936e-01 2.252630221736950100e-01 2.812748224281649834e-01 2.723547883829510186e-01 3.761627324318300158e-01 3.826694856841499903e-01 1.951458722428489889e-01 2.711604327949169724e-01 4.290489996585449828e-01 4.140467796004769774e-01 1.783689242827569965e-01 3.877782746773900113e-01 5.804774463718930244e-01 4.421463273245639924e-01 3.571658478020999783e-01 4.850826359889889861e-01 5.648971312589019522e-01 3.311219844421470215e-01 3.766717988467240263e-01 2.607581080785639771e-01 8.227196545491219370e-02 4.182875800312810255e-01 2.157303935424809971e-01 2.720478518571480264e-01 4.650464170895979854e-01 3.089767967502429769e-01 4.566698578861920210e-01 3.859430620727949957e-01 1.092787647956180025e-01 1.094342303891740059e-01 2.462863403303590104e-01 2.265892320261780057e-01 3.065809084188190203e-01 4.822684285170960039e-01 2.784619428499660043e-01 3.995437460367349813e-01 4.895894394392310001e-01 7.542472084964220273e-03 2.521133047948450057e-01 2.215050373856869981e-01 1.913754135208549922e-01 4.437910934621839831e-01 3.605161698778139856e-01 4.040118527073199850e-01 5.169529568725129698e-01 3.674743450200539940e-01 3.763725932377749994e-01 1.367714613043659877e-01 3.552707125709699820e-01 2.853698554792459818e-01 3.495532869688620092e-01 4.187165559845260066e-01 2.099640398276529929e-01 3.081088286692519884e-01 2.506720310274719865e-01 3.172783183629250270e-01 3.276533220679609948e-01 2.233973305509510121e-01 2.857764494098560260e-01 5.815362185976750281e-02 2.200033872779360022e-01 1.842987116765779920e-01 2.005835480064580012e-01 2.130010073372149981e-01 2.579984854259180227e-01 3.779160345932359999e-02 3.736012582034409918e-02 -1.015941076606599949e-02 -5.870838513293689942e-02 1.133466437360940021e-01 -4.127265652645700084e-02 2.913728290555719913e-01 1.987912282600889924e-01 4.205093600173089863e-01 3.533298116624989937e-01 5.716913047239740031e-01 4.726338804745550126e-01 2.848510995128230028e-01 3.543667582675880112e-01 3.803037444467480266e-01
3.526001028389900149e-01 4.825050293556280012e-01 3.205031096311590222e-01 1.000000000000000000e+00 6.340214007930440321e-01 5.078992001319340144e-01 3.951103776763720266e-01 5.020838264550520069e-01 3.704190049661689743e-01 3.543047451607599929e-01 2.918410719173010204e-01 3.724621766694640179e-01 2.860120892560060191e-01 2.198328997981479904e-01 3.887654862441319858e-01 4.232989374119149883e-01 3.270811802898930254e-01 2.512104515728060261e-01 1.308116684084340009e-01 2.816558526589240108e-01 2.337693875000189936e-01 2.058323706839849943e-01 1.430950798301650062e-01 2.681579187254140018e-01 1.459127936789869906e-01 2.709158858266140224e-01 4.002483787227310019e-01 2.374288045539509895e-01 5.610202711763900146e-02 9.854186423137009654e-02 3.017502757003229785e-01 8.513506460240290175e-02 2.472045831129980054e-01 1.592453267713339893e-01 3.627115317202009859e-01 2.274443951305570033e-01 6.638598698309579327e-02 1.192553426701119940e-01 2.508567714548459726e-01 1.372093520582670090e-01 1.347718869447150081e-01 3.253550832820280014e-01 1.920679994819899927e-01 3.425944778024280213e-01 2.570902119697089927e-01 2.424596619344190074e-01 1.597445075406609960e-01 2.152051325158290118e-01 9.546853283861560235e-02 1.393189421075219925e-01 3.395355880512099800e-01 4.128213301736919916e-01 3.962418698633740077e-01 5.350390675900029702e-01 6.364623659142509826e-01 3.508657087714049938e-01 3.425166175497609822e-01 4.723263462714870076e-01 4.678008899004409971e-01 1.940636868558520134e-01 2.859165985551159750e-01 2.327332126339149987e-01 2.329601723193369944e-01 3.768473312630640226e-01 2.464898678831090040e-01 3.294656323654049923e-01 3.397271434730739781e-01 1.773128566117800065e-01 -2.170089770900649959e-02 2.290364756689290127e-01 2.155690987655030089e-01 3.720419540584030127e-01 1.808975332557719862e-01 2.445987220330269885e-01 3.037811309405850091e-01 2.408658984785169987e-01 1.287578652790450084e-01 8.506172475239380526e-02 2.086954436713140126e-01 1.245282449681130027e-01 1.843538917094189877e-01 1.970951355731730137e-01 3.026688562733270138e-01 3.153801998320450162e-01 2.896234511715660154e-01 2.481570205788370120e-01 1.136741031606239988e-01 2.302167333271860072e-01 3.021626258515779928e-01 1.559649351098079950e-01 3.237653770094480188e-01 2.865025876592129928e-01 4.119556705195610014e-01 2.269957474922340013e-01 1.878151123631739972e-01 3.008085947734059906e-01 2.534804280722410263e-01 2.312357650742080106e-01 4.827464404764460204e-02 1.665604179045019895e-01 1.287043937115960046e-01 1.634235154282779878e-01 7.738613121127180250e-02 2.096871830057480124e-01 -3.077787447334109916e-02 7.467547237441010677e-02 5.025731767089910290e-02 5.572198974022730261e-02 1.445213997545470065e-02 -3.074140115497489990e-03 2.758371833434700160e-01 2.154631315924920021e-01 4.133481567373000209e-01 3.862201899203939748e-01 3.319686114635300167e-01 4.107125270305719833e-01 3.818928634554479840e-01 3.601419104198360088e-01 3.769329533646519903e-01
3.130678000537450156e-01 6.228952274668390077e-01 3.966519019888670172e-01 6.340214007930440321e-01 1.000000000000000000e+00 6.628285084929510518e-01 3.961813988952500032e-01 4.549916362454640151e-01 4.262238445099579831e-01 4.147626643795119805e-01 1.955377100291640080e-01 4.364471724595910263e-01 3.049620300727999833e-01 3.199152560648390042e-01 4.104771535768960145e-01 4.839124560195389724e-01 3.337610094724289822e-01 4.010106769787790126e-01 1.680288611761109885e-01 3.908862920872759883e-01 1.919839090546489879e-01 3.948450575809510088e-01 3.185218154869010054e-01 3.399666986147890091e-01 2.742002167805370205e-01 4.994954943639209888e-01 3.686490868922719932e-01 4.398799709833740024e-01 -4.163023385590949865e-02 3.164419603601100195e-01 3.987067527517780263e-01 2.383355657073029932e-01 3.157188025432919876e-01 3.905211819770350035e-01 4.523105068849900268e-01 3.988606767762710170e-01 1.453237183581330139e-01 2.787184980799229939e-01 4.291316582326960005e-01 2.516595754316169886e-01 2.848343033353090137e-01 4.968965662355199764e-01 3.035139723504269860e-01 4.053928538027050110e-01 2.784070061510349747e-01 3.873846898733789845e-01 3.469026388737109778e-01 4.243881183945280022e-01 1.144669761370410016e-01 1.567402951526389865e-01 1.988091583972730059e-01 5.064528753168759945e-01 5.367618471020180193e-01 7.259823963740329456e-01 6.581975784706249888e-01 4.134196170601249776e-01 4.573303981667199980e-01 5.376178880807499505e-01 4.539458912624709797e-01 1.931299613780489977e-01 4.074647482762939754e-01 9.667967946609400121e-02 1.769647891741500112e-01 3.825494965939870151e-01 2.954864344169930157e-01 2.557963127577290163e-01 4.920156099661059934e-01 2.644190146462719881e-01 2.128004385871209991e-01 4.077786472814510232e-01 3.201049100350319976e-01 4.545497987644879778e-01 2.183669206889420067e-01 4.221122539544039931e-01 3.498101350725110192e-01 3.835089150208800257e-01 1.367203116521019945e-01 2.661391230221640258e-01 3.049015632053450053e-01 6.394840014302929920e-02 3.655035365061299890e-01 3.510489815951359782e-01 3.883668206225219799e-01 4.257109203776630046e-01 3.483001837685669733e-01 4.076299202361550189e-01 1.731439230948980113e-01 3.543647137937809832e-01 5.354492197036340162e-01 3.117269861248129770e-01 4.207389919882589813e-01 2.674921070004799839e-01 5.184643461173530365e-01 3.496494815126510169e-01 3.858155528633689935e-01 4.453180432036399905e-01 3.956091949586679757e-01 4.210875778535029812e-01 2.444014575616730023e-01 2.011488999954270107e-01 6.913485585925820132e-02 2.913274432267929856e-02 -2.914163355182190079e-02 3.668303099106340337e-02 -1.538793159372200126e-01 -6.181245828472019949e-02 -8.382220381198950132e-02 -1.441617796057780010e-01 -2.320008732900749951e-02 6.546154736118360573e-02 2.824491534093019895e-01 1.215768239627850050e-01 5.940226048388089763e-01 5.168392060571650459e-01 5.236563846348020190e-01 5.958888658914870406e-01 4.522945378005799877e-01 6.108208253748199645e-01 4.765381911897100253e-01
3.549093036106040211e-01 4.662347345936109777e-01 4.902029335622620221e-01 5.078992001319340144e-01 6.628285084929510518e-01 1.000000000000000000e+00 4.473211926493679824e-01 5.008304056120249648e-01 6.094753673040359532e-01 3.918632835374140089e-01 2.206687536244180126e-01 3.868489313399219864e-01 3.939194167083089893e-01 3.547874910799829751e-01 3.316341631759719966e-01 4.002356850171370217e-01 4.685961273364360191e-01 1.466213540224630130e-01 1.807844501047810026e-01 2.337894250693410003e-01 1.583386436192190105e-01 3.872764404367540214e-01 1.887235826624630020e-01 3.017952312578819907e-01 9.964746995149040276e-02 2.907385506526550256e-01 3.764040675668750002e-01 3.130932041416210065e-01 -1.462534674412480085e-02 3.974541219173249873e-02 2.025724270956650030e-01 2.082449308075789984e-01 3.572783437243010063e-01 1.102763789843159981e-01 4.814089761772299969e-01 4.261652393134440220e-01 7.951939033674039481e-02 2.280232178251150044e-01 3.310658005180939778e-01 1.919645190976130011e-01 6.341991034645609593e-02 2.643739251049739836e-01 2.841718879688039934e-01 3.378247547718249977e-01 2.738481666435110262e-01 1.447316625195730067e-01 2.410145431253500059e-01 3.691157642397039917e-01 3.370158158462019937e-01 1.513923885376090017e-01 3.524567985509829970e-01 4.059148486742619744e-01 3.173521204655149752e-01 5.070491512933299472e-01 8.388652867259269730e-01 5.623386353276269567e-01 5.537755019876019480e-01 6.683024195202730278e-01 4.253051262373970243e-01 9.416396901241730344e-02 3.885697869528649817e-01 2.528863466267869953e-01 3.244614594553579812e-01 5.058430746662480049e-01 3.429435910206499738e-01 3.270220011561080220e-01 2.922699265157249759e-01 2.450585462356389965e-01 1.586129765678359893e-01 2.177382727952069941e-01 3.257141405582180127e-01 3.536428742592480079e-01 1.847372566882279910e-01 2.771377902405670057e-01 3.528659325620149834e-01 2.406248074874320075e-01 1.271214357008099982e-01 7.322167088585629369e-02 2.584768534022570119e-01 -2.566147193969019885e-02 2.807690075171350164e-01 2.753887099020160267e-01 3.099367217792839968e-01 4.591357098287159877e-01 2.614965854011109814e-01 2.652801931288429893e-01 1.136462687407290006e-01 8.576628751304660181e-02 3.748123126336450062e-01 2.317780470214119981e-01 3.793355362767910077e-01 2.795426056605059828e-01 3.101336604677890074e-01 3.241512759229669971e-01 3.738632544773720090e-01 3.256264503337800154e-01 2.445759076721600034e-01 2.924087470334260086e-01 3.050228433822920193e-01 1.658545925901110107e-01 1.383011457416880030e-01 -2.604736385632199988e-02 -1.032362820120329983e-01 7.028910871150760575e-02 -1.863657791058939972e-01 -1.253354184865859977e-01 -6.144602623184430151e-02 -1.877929885073439942e-01 1.433418335315999881e-01 -8.437290117226789454e-02 3.474242390351540144e-01 9.248913630792250651e-02 4.316632464836679950e-01 3.981497880742330131e-01 4.631865068912380257e-01 4.469468751282870134e-01 4.947144030768669820e-01 4.816674113623189979e-01 4.602336737782750098e-01
2.243752979459970043e-01 4.984881802306250220e-01 3.157224841530730242e-01 3.951103776763720266e-01 3.961813988952500032e-01 4.473211926493679824e-01 1.000000000000000000e+00 5.381874410697310429e-01 4.382331189739809840e-01 2.078238692892090123e-01 1.124247720652540028e-01 3.523663881509089824e-01 4.079189837046269806e-01 4.384104984136270033e-01 3.371877223640710186e-01 6.284376000619530389e-01 4.366686709345580231e-01 2.899705751078079929e-01 2.730522553450769885e-01 3.104811128317450097e-01 1.676371610636779863e-01 3.881235663457739959e-01 2.786771091059920269e-01 5.053825197240700007e-01 1.431113837788809962e-01 3.921695953601789797e-01 4.557816905621709935e-01 3.030421306844029994e-01 3.245066478015729700e-02 2.329839450149779889e-01 2.996359453917160076e-01 2.590283752998889799e-01 4.649505980279100004e-01 3.408710793174800080e-01 6.133043492710109623e-01 4.743479342139380051e-01 3.951055750970810035e-03 1.929145262992049970e-01 3.391818325732869899e-01 3.831677551534959925e-01 4.086147934848379792e-01 2.837232830206530276e-01 3.846476241928289963e-01 4.027454712952099891e-01 3.872198005065740078e-01 3.076830642685219885e-01 4.486525464082289916e-01 4.123472706912310048e-01 1.149122639723619971e-01 3.073286319074389761e-01 1.464321057938429982e-01 4.504838161864739843e-01 3.312383647948710097e-01 4.101001505416380088e-01 4.791092664445930072e-01 3.667132662150249800e-01 5.913211811327070411e-01 4.263789302996370267e-01 2.097526317981950050e-01 -4.129735716165019999e-02 3.049889969038990234e-01 1.394756560503810083e-01 9.934421743351790068e-02 1.887339342861630020e-01 2.675906315231840193e-01 1.558916607417920042e-01 4.145367656632559794e-01 2.043032322346070018e-01 1.806367417735330050e-01 3.159234943783120197e-01 2.145213308883680003e-01 3.785546012020880036e-01 2.161574635550420065e-01 2.870654102549219933e-01 3.476439691347170124e-01 3.804940224417859840e-01 2.253851353464270124e-01 2.093454794400310126e-01 2.337830964385670118e-01 7.811577365112000459e-02 4.638972067440090274e-01 3.808999610324679819e-01 4.629225753825150225e-01 6.349349149190359753e-01 3.660664492807170212e-01 3.803229635526840235e-01 1.143173661425909982e-01 1.878686240830219900e-01 4.051238201186069809e-01 1.921703154660210078e-01 3.437658129348170055e-01 9.522788653768550493e-02 2.673606079260210100e-01 4.626337691603519819e-01 5.064828726905149514e-01 2.765547564306859996e-01 2.187616317071149896e-01 2.090466250716579988e-01 2.025373470110840013e-01 2.486866656001270048e-01 2.527363368946610178e-01 8.895002708292890081e-02 7.133263868325889767e-02 1.081384957127100033e-01 -1.044667239609720077e-02 -2.080519054756830091e-02 -8.343568665159710462e-02 -1.191617726513579945e-01 1.272149054528990131e-01 -1.193367228555209936e-01 2.459529318553149990e-01 1.245575240593359972e-01 4.364386785218710152e-01 5.079427283092290413e-01 4.413528483052899798e-01 4.300608378634739881e-01 4.144214953192290052e-01 4.765174214013260245e-01 3.036148398295590023e-01
4.098247412023939829e-01 4.364016416543690102e-01 2.861092635383229998e-01 5.020838264550520069e-01 4.549916362454640151e-01 5.008304056120249648e-01 5.381874410697310429e-01 1.000000000000000000e+00 5.673810903025620078e-01 3.559323387726019972e-01 2.978625699117259940e-01 4.373627179660469766e-01 2.790021830802559832e-01 3.780033095042880098e-01 4.460078851476810269e-01 4.039355939942310125e-01 3.903350524967970081e-01 4.502823051708830238e-01 1.823622226616979924e-01 3.437217660876000225e-01 3.053533053474740133e-01 3.053144661770930135e-01 1.605336348177560102e-01 2.867495315956700153e-01 2.053809133595810021e-01 4.002956278401029744e-01 3.678032790143589970e-01 3.628436963437000062e-01 2.577486638549009723e-01 1.952613632975339908e-01 3.705371824715840146e-01 2.484299493655220126e-01 1.266297708895930130e-01 3.338696305461539837e-01 3.552203498491500189e-01 3.745667121565560143e-01 -1.880209136677959969e-02 8.859246875806439658e-02 2.587811914445690142e-01 1.954748427724410098e-01 1.702208295768120050e-01 3.026441961596100239e-01 1.210735630406769986e-01 2.134681811321000044e-01 2.038003795768930093e-01 1.668262231353259961e-01 1.397112199207130034e-01 3.233835179958109984e-01 9.037904893289669395e-02 1.409657817739239927e-01 3.290561058690489871e-01 3.576111300566500173e-01 3.941307795860570229e-01 3.924560135044700138e-01 5.877201528588460455e-01 4.699165536867709880e-01 5.241987513405520493e-01 6.460853234001050494e-01 4.803479763820789894e-01 1.259074925076580087e-01 3.850974429385020104e-01 3.176009612319319886e-01 2.142538317814050020e-01 3.701502263111119961e-01 2.893003900499859782e-01 4.596889692763370117e-01 2.852120829148169778e-01 2.586580353658780029e-01 1.071148417050429985e-01 3.070327363463080106e-01 3.355267469264219815e-01 4.570203851759579994e-01 3.923082463548510090e-01 2.762213599547320153e-01 2.826736882358569791e-01 3.075373919564429737e-01 2.020196019652210073e-01 3.205387976166719777e-01 2.724964596642129866e-01 2.411999630593439914e-01 1.761387967280519939e-01 1.660444302499129998e-01 3.564568507504000117e-01 4.058662614614310105e-01 2.771574195000400254e-01 2.359013971982590052e-01 2.957026234020999900e-02 2.409875811242029875e-01 4.854155379241639756e-01 6.551482293333860119e-02 3.344315015088599741e-01 2.530015103713659785e-01 3.684413526041129816e-01 2.860933248823689934e-01 2.955159472209529792e-01 2.501467512409629723e-01 1.783149822733300083e-01 3.009124846307910106e-01 3.588233964683680277e-01 2.592730899281229795e-01 2.269647627020709990e-01 1.730906038551799919e-01 1.131809886891390060e-01 2.065965035272910033e-01 6.517459508991510497e-02 1.756605757940299939e-01 3.174615554666700146e-02 -3.966792280752910044e-02 1.048401408655119937e-01 2.860994716072800051e-02 2.375419854538780018e-01 1.333088149530199940e-01 3.506527935653859784e-01 3.217782419004879824e-01 3.599314472537860077e-01 3.963409680157620185e-01 3.548486775683439842e-01 4.191588715514730223e-01 2.945573176432759732e-01
3.832795742277469997e-01 3.680000312468629797e-01 4.441443180326130058e-01 3.704190049661689743e-01 4.262238445099579831e-01 6.094753673040359532e-01 4.382331189739809840e-01 5.673810903025620078e-01 1.000000000000000000e+00 3.663461185352869798e-01 3.479364180595920231e-01 2.938445542518720033e-01 4.125259521161260268e-01 4.814777153090880057e-01 4.267808195320559883e-01 4.182750259051620234e-01 3.773522064664949771e-01 2.006864941299350003e-01 2.694512062001470087e-01 3.160690088212799731e-01 2.838423764979450259e-01 2.268583464045459963e-01 2.268406814099560020e-01 1.763447574086909886e-01 6.560317397113429871e-02 3.082563077744199798e-01 2.276915561949590106e-01 2.690682164848710034e-01 6.575549825941780224e-02 2.899336864005869902e-02 1.703150641938200038e-01 1.732858828826150110e-01 1.091668155460199935e-01 1.547130766381419886e-01 2.901634768268089859e-01 4.081906269187750014e-01 -4.172951426953069864e-02 5.639889218307869712e-02 1.679097758069449942e-01 1.117819892015649991e-01 1.176306264385039956e-02 8.956652594172180570e-02 1.140336846204010046e-01 1.395247748956379985e-01 1.289235856800819979e-01 6.257343661525979761e-02 1.349371991715530017e-01 2.247038116525079954e-01 1.428100914837319990e-01 1.599142716704149980e-01 3.203952848576510082e-01 2.859791467150190059e-01 1.872948246601280065e-01 2.320681833473419997e-01 6.357199047546470139e-01 4.705789915105080268e-01 4.031989443601600165e-01 6.643203978695599865e-01 4.190793770222980275e-01 -3.064446696835279940e-02 3.928488331191239968e-01 3.982132621474129830e-01 2.869782011030849733e-01 4.751967920780140187e-01 3.677316350308920123e-01 3.942712609166830195e-01 1.035423298881610055e-01 2.061249092070200073e-01 5.708419229772369874e-02 8.722680493762860476e-02 3.327895364891729768e-01 2.991664027983529928e-01 2.067608446602189898e-01 1.072979287757570011e-01 1.602346203442220063e-01 1.424455271236020060e-01 1.198017672153589980e-01 1.354839386518479905e-01 2.887877162790479860e-02 6.789337476769860547e-02 1.388414077202559938e-01 9.105162913563269456e-02 1.564831720456359987e-01 2.828239199921370184e-01 6.264131247739679331e-02 9.749050541224239808e-02 5.673917792361569956e-02 9.228480940507929886e-02 3.352375900354330196e-01 7.106852520987599897e-02 1.644275274648779872e-01 2.650231822868759912e-01 2.672510999789060038e-01 6.695919694687769985e-02 1.935140072803379907e-01 8.469938180366060054e-02 1.032675829240359971e-01 7.542873213837220092e-02 2.653366205089149887e-01 1.576814300451659934e-01 2.861362097051989850e-01 2.889001511962520016e-02 1.645794948477999897e-01 1.825995605137269995e-01 -4.739488577694590116e-02 5.487751176844930107e-02 1.803110393571669828e-02 -1.861148601461429936e-02 4.964802456636179667e-02 4.517925819678990373e-03 1.803247870388509921e-01 -2.617517866367979895e-02 2.591659217204779764e-01 2.428916839968519870e-01 4.138098570071219728e-01 4.417439180318579739e-01 3.345612583039779819e-01 3.670387159034420033e-01 4.371290600147160199e-01
1.864215078336569908e-01 3.375648405837399779e-01 4.230656633026559921e-01 3.543047451607599929e-01 4.147626643795119805e-01 3.918632835374140089e-01 2.078238692892090123e-01 3.559323387726019972e-01 3.663461185352869798e-01 1.000000000000000000e+00 3.603107219816210072e-01 5.518882183958200294e-01 2.599326999932110027e-01 3.117161340954319737e-01 4.470203354448050170e-01 3.212536498903740267e-01 2.632363195641809761e-01 3.274187232664699798e-01 1.960383360516229911e-01 3.876670572894480027e-01 2.981020706425829836e-01 3.768991331818349888e-01 1.034364493245859967e-01 1.698096592521700088e-01 3.586870293686499900e-01 4.357905915939290220e-01 3.002180121477989738e-01 3.040636277463469872e-01 2.025485259158640167e-02 3.520159848010520065e-01 1.959577427950129902e-01 2.320033374884780120e-01 1.268947065828290033e-01 2.220131506964179990e-01 2.351598882967800008e-01 2.792474521657030140e-01 2.208435435253260082e-01 2.077826746012430004e-01 3.840046417430840187e-01 2.394548218460129940e-01 2.246363785896239931e-02 2.464224629049500126e-01 1.010632392612410002e-01 1.058391410266940058e-01 1.898956200875379918e-01 1.395059054454169944e-01 8.984972723511290560e-02 2.493840975324209952e-01 1.463522035252080022e-01 3.724469430672330272e-01 3.055244525453479909e-01 2.782846151318190131e-01 4.205129906769959902e-01 3.543970007659549837e-01 4.873688771859689961e-01 3.034343982764620140e-01 2.152216333361879896e-01 3.275143519298099881e-01 3.985714549569350229e-01 1.856874313797499954e-01 2.304322917966599993e-01 1.949923608457490021e-01 2.404009417291909922e-01 4.018747358306279938e-01 2.277073100405470063e-01 4.000557776620670136e-01 3.167510603424619764e-01 1.831889347920699906e-01 1.692998679963169939e-01 2.415569768289040076e-01 3.106534760712180154e-01 3.195232603235890201e-01 2.663066433829929802e-01 2.314698712453319984e-01 4.215116104390860263e-01 2.764988113574909923e-01 2.022300536392309944e-01 2.791035917364920182e-01 2.805943236508600114e-01 2.515865296365880077e-01 2.175878433965230119e-01 1.054267102634380004e-01 2.460087527465580071e-01 2.694896491608039790e-01 2.653314033010369943e-01 1.886736382128300082e-01 1.256272898125840032e-01 2.130229993664179977e-01 3.454739373725559948e-01 2.117368766920859902e-01 3.307343564587709728e-01 3.732309102532689882e-01 3.684608157328930211e-01 2.388173151101939951e-01 1.765795957975349884e-01 1.768804586355099961e-01 1.994304600211110057e-01 2.469758100700530090e-01 2.264114696140590022e-01 2.317997753295409913e-01 3.204748435425360253e-01 1.008265758217280067e-01 2.267649829910949877e-01 1.992903889413910057e-01 5.449065645175989875e-02 1.466300665608059883e-01 9.468543262962229867e-02 -5.199446481935540015e-02 6.275078078613080534e-02 -9.304120796278139705e-02 4.061136920573519826e-01 1.866777429345269912e-01 3.176490720265919832e-01 1.677813384569560029e-01 3.498280233074579915e-01 4.063948879070000131e-01 3.860308881293920136e-01 4.308115162496160000e-01 4.283892469108560030e-01
2.365697299387510000e-01 2.353670800489920112e-01 2.635892030810120246e-01 2.918410719173010204e-01 1.955377100291640080e-01 2.206687536244180126e-01 1.124247720652540028e-01 2.978625699117259940e-01 3.479364180595920231e-01 3.603107219816210072e-01 1.000000000000000000e+00 3.742633543724649958e-01 1.644349210147680040e-01 2.627096642454169739e-01 4.448507920288439776e-01 2.367471248270389961e-01 1.150145995495930051e-01 3.101864287011110166e-01 1.384490934261179973e-01 4.209197618612700031e-01 2.689135341005570168e-01 1.782270233069150056e-01 2.541581861182449775e-01 9.041236861097849686e-02 2.686999200421040235e-01 3.693149263382219938e-01 1.790300440846550045e-01 1.980948119283149900e-01 1.619620610224460078e-01 3.100283407494939802e-01 2.516854753334439865e-01 4.400332181683420246e-02 5.226450723067389836e-02 2.474625300219920054e-01 1.311090104849109983e-01 2.700164793940940111e-01 1.894349486874919997e-01 6.768726553052979711e-02 2.281070815144949915e-01 1.529305904169200037e-01 6.002302330532999913e-02 9.812673211087119540e-02 9.822185273834710406e-02 3.917574525681059849e-02 2.175714291878529938e-01 7.268765457862259860e-02 -5.830069969848569733e-02 1.427676010883029978e-01 1.242012827893479998e-01 1.285849822756409966e-01 2.148386951626909958e-01 1.754069409190049944e-01 2.314134654518270051e-01 2.753134935566949881e-01 3.073823849203319858e-01 1.588124682877569971e-01 1.736462706261840128e-01 3.036143640042370251e-01 3.177790299741179991e-01 1.346842990572670075e-02 1.670733009497850086e-01 1.747604666452770017e-01 2.188959543190379942e-01 2.579995031178120013e-01 1.771672911348159962e-01 5.034322921685160379e-01 6.995668868510469818e-02 1.482948788475440052e-02 1.652354554896670047e-01 1.938540407113119868e-01 3.094682618961109855e-01 3.534973231948499994e-01 2.088541586116179904e-01 -7.240978554848380259e-03 2.288464663416769906e-01 2.263364629357559887e-01 2.899580723480589817e-01 1.251110553570010109e-01 1.577352506277759914e-01 -1.898602112063400155e-02 5.041268635892669908e-02 1.663048237855640002e-02 1.446910861658549929e-01 1.674492142358119939e-01 4.736974866467370121e-02 1.062232845244950041e-01 2.438162106789180106e-01 2.351463201533529890e-01 3.546540712824650110e-01 6.948888978263989546e-02 1.319315495712770070e-01 2.265113054904689949e-01 1.726861192013539881e-01 3.692753525062399816e-02 7.122173773286409604e-02 1.001214726426469942e-01 -9.282516628363350272e-03 4.567988649631220255e-02 2.271477158409649921e-01 2.392676763189580114e-01 -7.637708262487320071e-03 1.292792968139049870e-01 1.771944750846849992e-01 1.428243822580000100e-01 -6.539252756120760013e-02 2.011845780061209954e-01 4.468657875233929960e-02 1.053312019712839970e-01 1.297065181939310030e-01 -8.513346086114230091e-03 1.164479332135430062e-01 1.015684623239990064e-01 2.103187016589549985e-01 1.854217983178000073e-01 2.851367209138290226e-01 2.642504475011899778e-01 1.382735840671870109e-01 1.616781251374219963e-01 2.783568087009269942e-01
3.023277114106259766e-01 4.817694870520760064e-01 3.712522609792029971e-01 3.724621766694640179e-01 4.364471724595910263e-01 3.868489313399219864e-01 3.523663881509089824e-01 4.373627179660469766e-01 2.938445542518720033e-01 5.518882183958200294e-01 3.742633543724649958e-01 1.000000000000000000e+00 3.142068792982469772e-01 3.762850179360159864e-01 4.807748197467929807e-01 4.746671596511889968e-01 3.014181632081089912e-01 4.554152734136679981e-01 3.045993828159679895e-01 4.828357277893919886e-01 4.298843913854170085e-01 4.710100909977010253e-01 2.502449617672899973e-01 3.190613011024440171e-01 4.391928923033679988e-01 5.983039449992779701e-01 4.913961729028489822e-01 4.052567233684959969e-01 1.440155110558070106e-01 5.274682643092909462e-01 3.458058388159739871e-01 2.434417419741430055e-01 1.564436544011179875e-01 3.303430256606910143e-01 4.279418696727440019e-01 4.306259846193170038e-01 2.654200459656079758e-01 1.671842171447150138e-01 3.198609242425710097e-01 1.913084482383000107e-01 1.155269562135270017e-01 3.570851584619160191e-01 2.569381913685420127e-01 2.842143101253920001e-01 3.551315153806020031e-01 2.295971729758050084e-01 1.771140168541069926e-01 3.813573531559930063e-01 2.020292032668299931e-01 4.099119662564840172e-01 3.153157566773159837e-01 4.230431333094230029e-01 5.019410012725380454e-01 4.935577666799420005e-01 3.989549787498020139e-01 3.373993355453430154e-01 3.901309028004519841e-01 3.722983728884500243e-01 4.800389405907919960e-01 2.607875562234759914e-01 3.877702596921769884e-01 2.030130876005409868e-01 2.732529274636409933e-01 3.983910618055079844e-01 2.979354379992970037e-01 4.212949061304500087e-01 3.940630250578390226e-01 2.023683292559350089e-01 2.009910491315400061e-01 3.873664427208289851e-01 4.192796049465600250e-01 4.685055781623170268e-01 3.037563893290909922e-01 3.447036834314279874e-01 5.302768285992229824e-01 5.142514377530059688e-01 3.847021410272170039e-01 4.178307992779670132e-01 3.987064900167410220e-01 1.746227090223120004e-01 3.502746484470730115e-01 1.708600434195650108e-01 4.650356939053669758e-01 4.324762646691879819e-01 4.632787905343280221e-01 3.514614420184929977e-01 2.454628847944430037e-01 3.522857129394770248e-01 4.735163628587100160e-01 2.055930901006519929e-01 4.219593057492450061e-01 3.297349583067020196e-01 4.639031680236280208e-01 4.042474679379510216e-01 3.429174118534120130e-01 3.301650159124769890e-01 2.706795944140900079e-01 3.082019488551440145e-01 2.343220216788839960e-01 4.135866264458319952e-01 2.146771908029649900e-01 1.974940411287119946e-01 1.162754348917769964e-01 2.365941985228389999e-01 2.807993441577660149e-02 2.372381965430369888e-01 5.419611771191489707e-02 4.072547298984879882e-02 4.736847957615700211e-02 -9.506398467871690627e-02 4.186559311767080183e-01 2.397596838092390104e-01 4.580302850350360111e-01 3.258038792838600095e-01 4.090304718583189780e-01 4.668316939644320263e-01 4.724758013068799944e-01 4.790447545251049766e-01 3.894491298946620161e-01
1.124725952198250001e-01 2.609388830952369953e-01 3.885496634079820266e-01 2.860120892560060191e-01 3.049620300727999833e-01 3.939194167083089893e-01 4.079189837046269806e-01 2.790021830802559832e-01 4.125259521161260268e-01 2.599326999932110027e-01 1.644349210147680040e-01 3.142068792982469772e-01 1.000000000000000000e+00 4.811003874123550017e-01 4.015757057325540225e-01 3.137468731197259886e-01 4.388623479603290245e-01 1.719290821128539870e-01 3.442210776095360192e-01 2.123780121829650092e-01 1.598443576382959919e-01 3.022578621322650205e-01 2.921025529289050238e-01 1.492555291229699932e-01 2.899775517793460114e-02 2.267594167499270008e-01 1.754044642844639901e-01 2.180667406465869873e-01 1.575845333818809979e-01 1.146698644958329960e-01 1.588617723427349915e-01 2.212257455683999952e-01 1.339721211448950122e-01 2.359702588870019879e-01 2.948119183665189880e-01 2.917008380437470239e-01 1.490893548931729873e-01 1.388289892989180013e-02 9.450770093694139951e-02 1.442048769930620034e-01 2.490730548483049978e-02 3.717368316492850044e-02 9.561594981345819533e-02 5.341837221816710113e-02 8.552812314800159466e-02 -1.996301484989240066e-02 1.247407045717160018e-01 2.115904382558050079e-01 2.170804775268269926e-01 3.146122891564819835e-01 2.777935700273119757e-01 2.488176491414899882e-01 7.650328030162209525e-02 1.833132618769000022e-01 3.961925216047820220e-01 4.863506207329780229e-01 3.004485117100549885e-01 2.995204534349499848e-01 7.180574793362920483e-02 -2.128778740054879937e-01 2.614274134199500166e-01 5.760332045536580292e-01 3.281423781707250020e-01 3.542304967524479986e-01 2.051789577242419949e-01 3.931534235804909905e-01 7.766260644235180310e-02 1.574036547544180042e-01 1.046657217865020056e-01 1.384388446688239981e-02 1.496176778888710091e-01 3.832139174513560231e-01 2.198916107862060043e-01 -2.231592943967379908e-02 1.833081717094129925e-01 1.283688590232779925e-01 1.794745242903159899e-01 1.404931618215969902e-01 1.153411199067229942e-01 2.348605142321910089e-01 1.656193015147789938e-01 1.223121074779079942e-01 1.207918138906100003e-01 2.996486239610670066e-01 6.720020899710529849e-02 1.724694888260950021e-01 1.839232940920909887e-01 1.986460133869019928e-01 1.599161480420649983e-01 1.389331865376720009e-02 1.909696146976840037e-01 1.871725416767419936e-01 8.696468843041829655e-02 1.413636924575069898e-01 2.086004250036140040e-01 -2.926731420551620041e-02 3.154311896130940207e-02 2.986001798035009883e-02 1.597586194912030133e-01 2.391838089357110064e-01 3.791857136498599790e-01 7.196741910930949671e-02 2.532692892309160171e-01 3.394610626441180168e-01 2.076674989059250076e-01 1.465353934132840041e-01 2.745265669674720188e-01 4.827972289609139961e-02 2.207027203406340121e-01 1.576129793078639985e-03 3.826939249153579747e-02 -1.942564708996840084e-01 1.874512831184770023e-01 1.363459236917320128e-01 3.782505497161040009e-01 3.633984711420040203e-01 3.810907368712400101e-01 2.675455255229470253e-01 4.519954852370889897e-01
