1.000000000000000000e+00 9.183031937270510481e-01 7.222592564759470202e-01 6.785393313960610406e-01 3.486304503655360265e-01 3.610718612354000268e-01 7.407552485367400186e-01 7.351636392669840259e-01 -1.673231790495020160e-02 5.423119507174960219e-02 7.341162547360799984e-01 7.477295996227949493e-01 7.159655196151369916e-01 5.328515997374210222e-01 5.107889141904190522e-01 5.587347475978470257e-01 8.430620521583600535e-01 7.452374629716409515e-01 8.804344290079519908e-01 8.586333759048220271e-01 3.944676260518040212e-01 -1.902837844204879891e-02 6.410154098935449962e-01 6.342374052557580022e-01 3.435513921053020003e-01 4.391271012102779814e-01 7.038918125481340438e-01 7.443140971864300459e-01 5.298992381374459937e-01 5.933568992374650408e-01 8.286866545605640066e-01 7.463539799873259994e-01 6.038918821729040154e-01 5.311632868561290133e-01 5.585513240820599856e-01 4.890452003137309989e-01 4.151943357559629844e-01 4.201918430954350026e-01 4.165727271314780267e-01 4.922492102596729979e-01 7.447806867461309599e-01 7.036366952961440324e-01 7.299163679900939616e-01 7.600839710357100154e-01 7.849151078433439510e-01 7.736894997456279510e-01 7.398608164193030134e-01 7.025127269935369512e-01 8.182892613400429838e-01 7.811976087317290540e-01 8.994943482127749634e-01 8.467127459809069556e-01 8.037237197350040052e-01 7.756654226503739702e-01 7.139392043512959862e-01 3.265608300684210152e-01 7.214599913380590479e-01 6.276127862958840176e-01 2.682552251926960118e-01 3.599326592050050011e-01 7.346008378693950069e-01 6.843567309219450445e-01 8.284622383849939986e-01 8.450136464800259706e-01 7.455480430598819819e-01 6.287446561219489638e-01 6.599793318534370457e-01 7.272777373235710385e-01 5.056374813540249757e-01 4.577182122528150043e-01 8.135711418739810519e-01 7.687262427406680310e-01 5.928006332926980537e-01 5.730492110723469645e-01 7.746543726208999781e-01 6.814263392414700027e-01 6.493589774506950407e-01 5.470967671771389540e-01 7.783918193732319857e-01 8.000667284896529896e-01 7.050322431350849461e-01 8.173465346829129619e-01 7.123292048200460247e-01 6.704852320461179849e-01 8.645925782731139764e-01 8.328229274304580487e-01 7.462120609792329828e-01 7.661147862808029840e-01 7.649064545393079451e-01
9.183031937270510481e-01 1.000000000000000000e+00 7.121660675243429717e-01 6.563170595413809760e-01 3.532765922448239948e-01 3.235010870598140076e-01 6.887898156365429569e-01 7.118559147352070404e-01 -7.729746979604210089e-02 -1.007315962739610028e-02 6.617214241889489701e-01 7.416179325467290306e-01 6.602850174688640328e-01 5.320426992072949668e-01 4.797876141742080103e-01 5.870167745629140121e-01 8.748069722794840075e-01 8.008054371588749776e-01 8.497557020246829795e-01 8.727459921311579993e-01 3.880442335318909919e-01 1.073840668978120055e-01 6.154179557264749523e-01 6.429755007225389507e-01 3.801479505276370019e-01 5.073653799213749815e-01 7.247529828147689646e-01 7.509177888163089953e-01 5.619216062359709829e-01 6.353660424003430007e-01 8.286087733817969481e-01 7.535132577593199876e-01 6.182269603330600161e-01 5.239508025093220223e-01 5.697071464202300151e-01 4.511469015382870151e-01 4.621034413388239726e-01 4.407510537656679772e-01 3.698093563020969921e-01 5.558159821705409565e-01 6.574008685848300448e-01 6.380345795415399701e-01 6.374806543722999486e-01 6.812474290231830265e-01 7.059124559909629726e-01 7.020644339244580534e-01 6.480945299684269800e-01 5.920459692398569729e-01 7.355784521999430003e-01 7.158008722085460462e-01 9.190680730352800420e-01 9.280972598745209634e-01 7.581614312421840474e-01 7.227436585728459484e-01 6.969636920608139885e-01 2.883450305778449962e-01 7.684857692786679628e-01 6.898145620769370323e-01 2.541001657072790021e-01 3.256395993894610208e-01 7.158228978483980320e-01 6.535582089181819487e-01 8.258087175234190003e-01 8.741319418070020442e-01 7.107918442936840275e-01 6.306943769435739977e-01 5.755385810779359845e-01 7.048065229916179453e-01 4.945154289615479870e-01 4.456917333761249989e-01 7.770225566710170506e-01 7.278126749320840139e-01 6.340680915011479568e-01 5.700026126413300087e-01 7.623314040300860350e-01 7.049225943845750519e-01 6.302317692846189923e-01 5.551197560904710393e-01 7.480837020463529941e-01 8.142664889746360490e-01 7.097860861707240288e-01 8.108267856857039879e-01 6.839396989964320328e-01 6.414903433696039770e-01 8.426453838985580314e-01 7.737056921051479463e-01 7.349929685135959678e-01 7.444344250810269736e-01 7.426177735290999671e-01
7.222592564759470202e-01 7.121660675243429717e-01 1.000000000000000000e+00 7.827739302272860300e-01 3.655771653966700119e-01 3.231232322182769900e-01 8.752394882228750062e-01 7.159307175330760220e-01 6.909915080399969822e-02 1.143668150369499953e-01 6.969072748739789658e-01 4.768194674806029987e-01 7.079859498608700452e-01 5.260574827303630130e-01 6.027664804944300458e-01 6.040836760473190514e-01 5.806765244818079541e-01 5.259391008904219511e-01 7.161647049468470305e-01 6.464599760008540308e-01 3.715475078545379950e-01 1.093684710635040025e-01 8.482910581360879609e-01 7.970143223122330145e-01 4.629856419407379908e-01 5.408077270143030191e-01 5.207635620847199664e-01 4.629237661465390175e-01 4.532453440287200208e-01 5.547314699713880026e-01 7.174521005788709882e-01 6.052859259406560000e-01 6.301687077790250058e-01 4.186234059054009804e-01 5.228083470310690428e-01 5.345175171258770286e-01 3.397587158462869739e-01 4.009250754090949997e-01 3.951428505405980007e-01 3.844625447426640030e-01 5.531105374982679956e-01 5.130247026367640295e-01 5.692187954173110187e-01 6.075676856912960444e-01 5.277344226091790214e-01 5.390505899544909552e-01 6.360983005740700191e-01 6.442867457399330533e-01 6.617115027416089479e-01 6.044502918224320398e-01 7.301593962453309938e-01 7.178313976315370271e-01 7.820391318240490497e-01 6.761408667670280037e-01 7.456007012552610114e-01 3.182646257485690078e-01 5.526795308397800532e-01 4.090262559182489821e-01 7.123670797353329753e-01 5.647531052447429811e-01 7.808909394487719702e-01 6.471934158578940277e-01 7.956456385336040382e-01 7.432533365806269776e-01 6.713164882635529462e-01 6.220521580182789556e-01 5.813801288495730191e-01 5.787154339912800038e-01 3.332674336685479966e-01 4.046597894556669961e-01 6.531063071136530285e-01 5.931526744626319791e-01 4.161543463078860028e-01 3.754210423355430204e-01 5.353030075111140373e-01 4.827721099122179726e-01 5.915749559234739774e-01 5.270312027499159946e-01 8.519870934817760366e-01 7.383012076484110064e-01 8.557414004057209977e-01 7.340805796814190431e-01 7.688697809169749986e-01 7.863450921297949758e-01 7.029304053630659466e-01 7.656772522570529649e-01 6.984451111840249693e-01 7.668289492371570537e-01 6.994779778229379685e-01
6.785393313960610406e-01 6.563170595413809760e-01 7.827739302272860300e-01 1.000000000000000000e+00 3.541145270664419753e-01 4.328283584584610155e-01 7.835493103090569456e-01 8.458882359560550013e-01 7.033017308415280555e-02 1.588303606198049889e-01 7.216700590460519704e-01 6.350530967918880387e-01 6.849050161980809737e-01 7.294381521717060446e-01 6.473811997031659882e-01 7.417248286517600375e-01 5.261692362146169755e-01 4.903731391851550159e-01 6.495476124984489452e-01 5.925176782011319920e-01 3.045008284977610002e-01 1.205377260745140039e-01 7.139064475836649493e-01 8.192329101180559903e-01 3.662086820145489807e-01 5.519464994005379710e-01 5.074865814083829862e-01 4.616131456222329899e-01 4.015204147200729934e-01 6.013919095500890322e-01 7.058619100493670473e-01 6.843933706057679922e-01 6.055323213924810322e-01 4.977850492247180014e-01 4.864270151407409926e-01 5.095130668794020101e-01 3.524036102567110196e-01 4.869728253218350011e-01 3.681243087621440258e-01 3.965940728494289913e-01 4.599993751135940112e-01 4.774113061002049907e-01 4.734259331497600032e-01 5.631414699857180128e-01 4.731419854870310138e-01 5.184922403867470164e-01 5.655945768872270296e-01 5.819828980289080134e-01 5.936473791653430476e-01 5.756467994704449476e-01 6.829123907025039797e-01 6.357934787374319718e-01 6.984705822180710122e-01 6.742746162328100423e-01 7.293491527867329571e-01 6.137787563807800550e-01 5.164909386104730160e-01 4.389919215062970115e-01 5.736977451650500104e-01 7.944910793357290446e-01 7.224632419560379493e-01 7.725409750583800417e-01 7.617442510972920466e-01 6.558814030105150072e-01 7.100351434861960076e-01 6.893177691406620067e-01 5.405046531830800527e-01 5.793763644661139578e-01 4.325284302587409924e-01 4.504286599095679855e-01 6.577893424101850517e-01 6.647190994033640443e-01 4.965697508769790214e-01 4.224729212238200193e-01 5.583913953886689985e-01 5.725941302675200406e-01 5.892152904437090166e-01 5.902499070389930491e-01 7.998118993180729497e-01 8.257451069085509632e-01 8.311225845352919750e-01 8.118568143316079455e-01 7.993594725742589890e-01 6.923603222831059556e-01 7.060462645416909488e-01 7.799782137135039539e-01 7.003935309299770262e-01 7.057920419299920090e-01 6.975544569861940047e-01
3.486304503655360265e-01 3.532765922448239948e-01 3.655771653966700119e-01 3.541145270664419753e-01 1.000000000000000000e+00 1.639585666121209928e-01 3.254110838262900263e-01 2.232521259036799877e-01 1.210957506777129988e-01 1.467024573315930079e-02 2.948885161742049732e-01 1.282365549325309995e-01 2.584865484436589811e-01 2.478984980650839887e-01 3.458430603797549852e-01 3.377580292071650225e-01 2.638180691836510272e-01 2.062821101729339912e-01 2.581792687943750275e-01 2.189330047655889955e-01 2.200314680977170090e-01 1.016888706665139974e-01 3.357787322110890038e-01 3.555781604400150009e-01 6.388753668028239741e-01 4.427221441440409855e-01 1.945774704150650125e-01 2.122351138635069911e-01 2.522566945308230002e-01 3.302995567954220002e-01 4.202807611267649901e-01 3.288880451344790012e-01 4.126609318431500029e-01 3.204355235129490165e-01 3.385991596307399987e-01 2.799092820235529744e-01 1.774295102797320001e-01 2.269732784658519964e-01 2.509163834711680141e-01 1.367777524557119984e-01 2.503416869507649745e-01 2.212491103022060090e-01 2.972677299452879951e-01 2.689847957970979975e-01 1.990561361161249931e-01 2.219930274533540027e-01 3.549011084677680117e-01 3.326651852099640205e-01 3.222101385702009768e-01 2.574217139255879916e-01 3.457012148824880060e-01 3.916299305970319944e-01 3.763170720670039882e-01 2.849868825610469836e-01 2.403993530837379988e-01 6.501719164411419449e-02 2.085857491370609884e-01 1.509899238184259918e-01 3.216135390896669999e-01 2.085546732557249927e-01 4.644965401642759950e-01 3.907257804679640234e-01 3.947214962135420224e-01 4.364472031662159912e-01 4.593414561952939845e-01 4.064772103488589750e-01 2.599452535193529923e-01 2.900422928711550163e-01 2.293429673562120130e-01 1.088551414785279975e-01 3.190274398049410265e-01 2.425181773060569868e-01 2.996478591548020209e-01 1.968041370582820082e-01 3.487412546375530109e-01 3.216659993538980022e-01 1.542620253078040016e-01 2.404893882117190018e-01 4.425506006078540056e-01 4.422365791762580267e-01 3.828757670069449781e-01 3.730003038889809774e-01 4.588545839633350054e-01 4.724302500591799903e-01 3.571952681700940047e-01 3.906327240060349926e-01 4.567924828169400153e-01 4.858312153209229933e-01 4.102025674748300266e-01
3.610718612354000268e-01 3.235010870598140076e-01 3.231232322182769900e-01 4.328283584584610155e-01 1.639585666121209928e-01 1.000000000000000000e+00 4.597922281884109785e-01 4.902217672820119998e-01 6.560732499069940049e-01 7.230431355462040299e-01 3.084451165104369896e-01 2.801440998073350119e-01 4.059310357399080194e-01 4.990732564036399754e-01 6.352510651579380552e-01 3.059030968542589823e-01 3.327112021699609734e-01 3.106468891001989974e-01 2.049499434071800075e-01 2.737958782475530262e-01 2.974739242208669990e-02 -6.264253904509929638e-02 3.114248572036970031e-01 3.823274028606620245e-01 4.368971929833530277e-02 6.259862439775439741e-03 2.301779490791669991e-01 4.034995950122209907e-01 1.348373352191220044e-02 1.118477268660909990e-01 3.418465771480829751e-01 3.831133506748199968e-01 2.486935396036270007e-01 8.858120369551790441e-02 1.988849287339820027e-01 2.601454217385669732e-01 1.138016427903359995e-01 1.255471880334740054e-01 1.436171484055180081e-01 2.235038680697890023e-01 2.395437668170040113e-01 2.604154268055760002e-01 3.272080258966850175e-01 4.583868481399239747e-01 2.997782904801469805e-01 3.000787849174019750e-01 5.164231363100799665e-01 4.964726329786969816e-01 4.161968987222510186e-01 4.570930572966250272e-01 3.690820526417730174e-01 3.466229815983030149e-01 4.115716339164129933e-01 4.911695932897680028e-01 4.412276370332379738e-01 3.593521742736259794e-01 4.294150632942280166e-01 3.582071866457849918e-01 3.563602911834229947e-01 4.588363368155150002e-01 3.035344802283300170e-01 3.745690120821120184e-01 3.862275653684489884e-01 3.649521770208790095e-01 2.026347239656410004e-01 2.572691465956050139e-01 2.875259724105930226e-01 1.952369002559060096e-01 4.921306020576959872e-02 1.204890024324959952e-01 4.005815194922989764e-01 4.381195114318339745e-01 2.703113671583570188e-01 4.234754034173339732e-01 4.594722535816569975e-01 4.720559956022840065e-01 3.255989990361159991e-01 2.652230174972909915e-01 4.116161615646160010e-01 4.750514535823759932e-01 3.740921105122659851e-01 4.643968112978730245e-01 4.348815322128489758e-01 4.059548635529470206e-01 5.096886265267720484e-01 4.787648401669989950e-01 4.512488250767470177e-01 3.982227915116149930e-01 3.507122254854270205e-01
7.407552485367400186e-01 6.887898156365429569e-01 8.752394882228750062e-01 7.835493103090569456e-01 3.254110838262900263e-01 4.597922281884109785e-01 1.000000000000000000e+00 8.359595932736190171e-01 1.849070831127450076e-01 2.491027322998629889e-01 7.249420469551669521e-01 5.174502007954719929e-01 7.687952321263880062e-01 5.901378046453620296e-01 6.266533686510320500e-01 5.307283000882480062e-01 5.902397322670459578e-01 5.722477033437769478e-01 7.369554623179079833e-01 7.090895231889779993e-01 3.303369999451239991e-01 4.072628416664499790e-02 7.863621165743880370e-01 6.942187485680080261e-01 2.557000672642790184e-01 3.599849653275469796e-01 6.180703229463140325e-01 6.000234970340599938e-01 3.854089470637550030e-01 5.233257473788990310e-01 7.561991203438700460e-01 7.263594743924649544e-01 5.668713762218140495e-01 3.970136138016109872e-01 4.029958412289579850e-01 4.341996727801389899e-01 2.948932266892860254e-01 4.491136709948059802e-01 3.806498336211949773e-01 3.578248846233070268e-01 5.140811872971899898e-01 4.991922537212770128e-01 5.536008966813680265e-01 6.414560987115629498e-01 5.369097514064520293e-01 5.450002428287089584e-01 6.792065732846359616e-01 6.667458081630329714e-01 6.928236451326279521e-01 6.713844666554610319e-01 7.159484185679230173e-01 6.881044824100559509e-01 8.058713144860759625e-01 7.354146143226429899e-01 8.743714594393300343e-01 5.550798535671269684e-01 6.706968392535580525e-01 5.896988695480660514e-01 5.874812852390790541e-01 6.480110440519779580e-01 7.345670171634189893e-01 6.948845673147310276e-01 7.843539758958969488e-01 7.123258666160550145e-01 6.708883751263470252e-01 6.278062918095570488e-01 6.482935967484719786e-01 6.142582409315729963e-01 2.834932861497779788e-01 4.690895844545799886e-01 7.000185123965140255e-01 6.702995606682470298e-01 4.557130244714049927e-01 4.312654166860809823e-01 6.609787259956210193e-01 6.287021193508659511e-01 6.154445285226399776e-01 5.337484460294169564e-01 8.219299765777039468e-01 7.737257576441060047e-01 8.236703106665059781e-01 7.966844869574609689e-01 7.074762700480069499e-01 7.008442741335030313e-01 7.381567070002349462e-01 7.782226623421829581e-01 7.054711051263630184e-01 7.669468116423140414e-01 7.052545284364739597e-01
7.351636392669840259e-01 7.118559147352070404e-01 7.159307175330760220e-01 8.458882359560550013e-01 2.232521259036799877e-01 4.902217672820119998e-01 8.359595932736190171e-01 1.000000000000000000e+00 1.058573061479040067e-01 2.209959487514120136e-01 6.921772207596740278e-01 7.253618219181220406e-01 7.360086871324269531e-01 7.385227066312749500e-01 6.333625281588579625e-01 6.651125088872790192e-01 6.440125347008499590e-01 6.728335218785650440e-01 6.982126371130750186e-01 7.422438798585619946e-01 3.287801029459039848e-01 6.824571405634749510e-02 6.876907576689770263e-01 7.175175190968300365e-01 1.281585508114130023e-01 3.023652775509759749e-01 6.962220119709410238e-01 7.084922433525440155e-01 4.591812641084290214e-01 6.177746011541369597e-01 7.670500857747529766e-01 8.141091816161249994e-01 5.063478627456670100e-01 5.016832212101880462e-01 3.660248218015759725e-01 3.968579353860369752e-01 3.235056625317849766e-01 4.603029034732269986e-01 3.448723073854340071e-01 4.157631846817799737e-01 5.587544325685930291e-01 5.868495304519549816e-01 5.641968686585989712e-01 6.846109639871319485e-01 6.085734043325650156e-01 6.294669130597669859e-01 6.603226473044779832e-01 6.410506538994490411e-01 6.724414783757749481e-01 6.753975437860539888e-01 7.255973388378059719e-01 6.908913445249500462e-01 7.264105232074260510e-01 7.697767337456330461e-01 8.582891952423820081e-01 6.856654805054439583e-01 7.107558103076410116e-01 7.236440221992650468e-01 3.978378388278809852e-01 7.103688154116839515e-01 6.429914129441790527e-01 7.395100509276150147e-01 7.630175074816919478e-01 7.261770480439959652e-01 6.721553789733909490e-01 6.652327206334629484e-01 5.876550654983000443e-01 6.262515936305329545e-01 3.956489079654140206e-01 5.454515606896039870e-01 6.924026019919310437e-01 7.510531726319179535e-01 5.253203379151060171e-01 5.394037906007079775e-01 7.119579247715389636e-01 7.574018479186610531e-01 6.442415653417550292e-01 6.385970891487700030e-01 7.374146359836339926e-01 8.448591610447480083e-01 7.568621796148510272e-01 8.454826305853569979e-01 7.439512909695510379e-01 6.121416230602110264e-01 8.106457435757390417e-01 7.947495720645839645e-01 7.454627466328069829e-01 7.109704892536280463e-01 7.557452675154550104e-01
-1.673231790495020160e-02 -7.729746979604210089e-02 6.909915080399969822e-02 7.033017308415280555e-02 1.210957506777129988e-01 6.560732499069940049e-01 1.849070831127450076e-01 1.058573061479040067e-01 1.000000000000000000e+00 9.196296193271279451e-01 6.717682933574080362e-02 -1.372233597234519958e-02 1.410029265927029984e-01 2.356342915615980138e-01 4.969055667831310252e-01 -4.736283770428920126e-02 -6.661754322580100418e-02 -1.445822104379669917e-02 -1.354300924630930103e-01 -7.552852527252740256e-02 -1.601368292261680093e-01 -1.817661555393239869e-01 9.721004513123880642e-02 4.112091015220700058e-02 -7.151437430629969949e-02 -2.967242266969489783e-01 -9.518729515344639958e-02 9.137522505742690093e-02 -3.016635085801980254e-01 -2.316026912602099919e-01 -3.416300705026569656e-02 8.403138163320869949e-03 -7.252836486073079708e-03 -1.400819746007639921e-01 -1.155512507429980046e-01 2.872473636483179917e-03 -1.577341456474400105e-01 -1.479766627853169869e-01 2.198398122997230128e-02 -1.530228034562000072e-01 2.144261485982380117e-02 -7.924452181321249913e-03 1.251500333996070080e-01 1.948041715827190101e-01 3.567205750279740101e-02 -3.681986665832999786e-04 3.206441872343159805e-01 2.988104788458130212e-01 8.667113352895500222e-02 1.823733516837340030e-01 -4.812155144586219985e-02 -9.295111113709249306e-02 8.857931981085490070e-02 2.138674194963040009e-01 9.563193681249450295e-02 1.393799525905559944e-01 1.610933311006070012e-01 5.526001285317980183e-02 2.347812083391609961e-01 2.454864785126819882e-01 1.446369480049040056e-02 4.941480325178609911e-02 4.271220522073899961e-02 1.416885035995080026e-02 -1.442250276211710092e-01 -7.122950911336520252e-02 3.255422648810599867e-02 -1.093728359575140002e-01 -1.506573497127499939e-01 -1.612593914664129935e-01 -3.618546305727540074e-02 3.108015321113890075e-02 9.724563327519400793e-03 1.869387105699530094e-01 1.380470543237549974e-01 2.410299650593749898e-01 6.650257298937249650e-02 9.192775402040659349e-02 1.373209921531710065e-01 1.511452083185660100e-01 1.473664826957809919e-02 5.892333131433379750e-02 1.198624825454560061e-01 1.728859465188440081e-01 1.303746170818899930e-01 1.484042749633640024e-01 1.299765437878389884e-01 1.246422452931069957e-01 5.104930750592309718e-02
5.423119507174960219e-02 -1.007315962739610028e-02 1.143668150369499953e-01 1.588303606198049889e-01 1.467024573315930079e-02 7.230431355462040299e-01 2.491027322998629889e-01 2.209959487514120136e-01 9.196296193271279451e-01 1.000000000000000000e+00 1.141235190029590008e-01 8.141886357958219578e-02 2.046699488317380022e-01 3.069945570850770022e-01 5.081977737699160391e-01 4.015871108161629677e-02 -1.468736162569539948e-02 5.821517615677160307e-02 -8.187182187473590611e-02 -1.425537841382180058e-02 -1.353403636414650113e-01 -1.487650154339190123e-01 1.496120919799049931e-01 1.124776722805310020e-01 -1.392188066657369938e-01 -2.966768372129490183e-01 -6.808716198099250272e-02 1.239461346484879989e-01 -2.958057438964060148e-01 -1.893946823784420086e-01 -3.265517039413449833e-03 5.924744855827360213e-02 -2.222141902370130054e-02 -1.341394721184220040e-01 -1.029725249133860016e-01 1.390557924939980067e-02 -1.843676997887490066e-01 -1.550740217794210063e-01 7.398829719755389833e-03 -4.596740137013190231e-02 6.551090824295470461e-02 2.949525535912870047e-02 1.533257779675250010e-01 2.228445838703989879e-01 6.637812072830520660e-02 3.630966819236559895e-02 3.377052020723639858e-01 3.367327784634450150e-01 1.094703486178660035e-01 2.047714946217319976e-01 1.221083741021910044e-02 -1.647817433087020098e-02 1.458454462671829877e-01 2.748939613451200081e-01 1.741862519540950116e-01 2.164231971347959915e-01 2.117875222925519885e-01 9.226836988482439716e-02 2.682836727670819821e-01 2.973447518328630190e-01 3.017382830311890127e-02 8.236970074034390132e-02 1.233068565321800009e-01 8.344135606799610305e-02 -5.557801138421109705e-02 3.941633520896219850e-02 8.469107743450489389e-02 -5.120517436226879743e-02 -1.555473930108779990e-01 -1.010406128920140062e-01 3.654943496381680285e-02 1.098641966380610041e-01 4.233793531031179724e-02 2.554808297639269976e-01 1.680820288636130089e-01 2.752322821092449967e-01 1.028405077880620022e-01 1.462663307958159964e-01 1.787111895667609918e-01 2.105693723873829915e-01 9.076118545071630572e-02 1.575372854675390066e-01 2.184304855642880128e-01 2.378959102784259927e-01 2.025820292554220137e-01 2.013910155082520026e-01 1.861539765052979967e-01 1.578999817013319873e-01 8.742527625777239686e-02
7.341162547360799984e-01 6.617214241889489701e-01 6.969072748739789658e-01 7.216700590460519704e-01 2.948885161742049732e-01 3.084451165104369896e-01 7.249420469551669521e-01 6.921772207596740278e-01 6.717682933574080362e-02 1.141235190029590008e-01 1.000000000000000000e+00 6.326235171010869962e-01 8.244935014970149467e-01 5.953448833756660452e-01 6.184660396006860239e-01 6.094909921492229765e-01 5.640469043110569736e-01 4.647030116969810276e-01 7.486340316229459502e-01 6.384362052063899950e-01 3.233910564370460206e-01 9.547067094874329973e-03 7.287707706153629950e-01 6.075879630049419999e-01 3.034143214019859869e-01 2.764603617561630089e-01 5.301811583230939817e-01 4.833803726182580029e-01 3.787970807087330249e-01 4.907793276070270272e-01 6.409201208149960527e-01 5.719510235591830360e-01 4.621767254236360256e-01 2.899248169985330081e-01 3.901545646449159910e-01 2.967309163984709897e-01 3.974986579473059889e-01 3.931715329841439788e-01 3.407621156779149785e-01 2.891703277772729730e-01 4.820985158287859895e-01 4.761035320096079770e-01 4.860974193858230152e-01 5.439520264315159670e-01 5.645808706159609613e-01 5.898523260232150234e-01 5.924149107178799945e-01 5.866591577465419816e-01 6.394096121203090011e-01 6.090933798942099742e-01 7.188600386611350146e-01 6.087242703986629477e-01 6.524249993077390064e-01 6.101874650542939982e-01 6.603598456996290222e-01 4.813694692329060221e-01 6.118936283995159986e-01 4.226980252323930265e-01 4.890704649862819831e-01 5.294233094676620288e-01 5.394558080994570348e-01 5.255250174389179962e-01 6.477451945730580141e-01 5.759717823590230212e-01 6.428547452111560423e-01 6.021851545116270188e-01 5.217985862154259635e-01 5.523319534250690221e-01 3.444037993958309896e-01 4.336954792132179937e-01 6.561932090514349669e-01 6.234042028488629983e-01 5.113359459759240222e-01 4.190260598026320227e-01 5.883280799213740364e-01 5.507230670283780327e-01 7.188035247784819726e-01 5.576800341887490076e-01 7.769999097439750368e-01 7.373816689772989541e-01 7.325584549537379475e-01 6.921111481647720387e-01 6.456587697618989541e-01 5.659144506729010260e-01 7.062453458091849656e-01 7.727655295958120174e-01 6.172777524828050311e-01 6.974095654414460554e-01 6.835252848872920284e-01
7.477295996227949493e-01 7.416179325467290306e-01 4.768194674806029987e-01 6.350530967918880387e-01 1.282365549325309995e-01 2.801440998073350119e-01 5.174502007954719929e-01 7.253618219181220406e-01 -1.372233597234519958e-02 8.141886357958219578e-02 6.326235171010869962e-01 1.000000000000000000e+00 6.786125853053940338e-01 6.564792426846519646e-01 4.618754256905560074e-01 5.869976759543840128e-01 7.303956749809670246e-01 7.473468069131760094e-01 6.835290467522829871e-01 7.443682731473150183e-01 2.700501979234120054e-01 7.564001547093439359e-02 4.872794781248239726e-01 4.970879478520039974e-01 9.250891495268599718e-02 2.464371760998879946e-01 6.936770823387180540e-01 7.204477132847519893e-01 4.540604172791140036e-01 5.488126088467449870e-01 6.197891458109340279e-01 6.645916040138889480e-01 4.149305796754250153e-01 4.401408064155319932e-01 3.157135309395340261e-01 2.771303137830359864e-01 2.743162326452029953e-01 2.777874399273609907e-01 2.980764373190830097e-01 4.631938690582130258e-01 6.003380722061020247e-01 5.910040892669390367e-01 5.616342325250339718e-01 6.240838126845149603e-01 6.508809963749310201e-01 6.440180042841270325e-01 5.454339682395350497e-01 5.060849435890699688e-01 6.353774294922349686e-01 6.023966540111459489e-01 6.888243020569270181e-01 6.466822934331150075e-01 5.871461403083759745e-01 6.311050260303809889e-01 6.448227562025380388e-01 4.719458644460780006e-01 6.739492180690109802e-01 6.445024413225830529e-01 7.757525829272840512e-02 3.957242072128600019e-01 5.096535488823330518e-01 5.777900914468530047e-01 6.108901724352450158e-01 6.127452991584030340e-01 5.914424497425619931e-01 5.375954432150119588e-01 4.680569015831049784e-01 5.855694913801999801e-01 4.566877572258379869e-01 3.659389993111160089e-01 6.122047182737180293e-01 6.843208828743490013e-01 5.738375878149030163e-01 5.872422101424069618e-01 6.247296670146620379e-01 6.772289114931170362e-01 5.257451952131809714e-01 5.767538627179360500e-01 5.629630973085270051e-01 7.192266119399169932e-01 5.290858807452749613e-01 6.997567009370619928e-01 5.635580270859940066e-01 4.509578989938349824e-01 7.071074859526750300e-01 6.623332477677109642e-01 5.612471845122369851e-01 5.254190983801989567e-01 5.817551012212599515e-01
7.159655196151369916e-01 6.602850174688640328e-01 7.079859498608700452e-01 6.849050161980809737e-01 2.584865484436589811e-01 4.059310357399080194e-01 7.687952321263880062e-01 7.360086871324269531e-01 1.410029265927029984e-01 2.046699488317380022e-01 8.244935014970149467e-01 6.786125853053940338e-01 1.000000000000000000e+00 6.926238038968279831e-01 6.391174953195879471e-01 6.491598297829309638e-01 5.867905542544320507e-01 5.781452501008810252e-01 6.989781827865230168e-01 6.668779572856849969e-01 2.311313337548280000e-01 1.266828249034110121e-01 6.821523453410239801e-01 5.836570611858959978e-01 1.561680412607970025e-01 1.968282674240739993e-01 6.442392221349240167e-01 6.230314052820089543e-01 4.012920106080399840e-01 5.448649901113330474e-01 6.400283652134549639e-01 6.355801216054980385e-01 4.482183182904940222e-01 2.470723778023559969e-01 3.284062957540930250e-01 3.388030915315070057e-01 3.208117045035550063e-01 3.836029552846960122e-01 2.450693173750370102e-01 4.039349102347080112e-01 5.079473547541329959e-01 5.196055836547189832e-01 5.264925852948909579e-01 6.029570079652689651e-01 5.683220362533789594e-01 5.817925414206399637e-01 6.524425697296909465e-01 6.355323379386700333e-01 7.063064127823950322e-01 6.460842877888920421e-01 6.887226216674640078e-01 6.286689512768069976e-01 7.170580966081300245e-01 6.823998212464740254e-01 7.759309736938090341e-01 5.382222133298060207e-01 7.131218764005400335e-01 5.731962328659739869e-01 4.517056647968630267e-01 4.697095678406150165e-01 5.372408135655050154e-01 5.118307199775410377e-01 7.154213187027209653e-01 6.326307739534690056e-01 6.362253475569810135e-01 6.222448706948390251e-01 5.489768294184950159e-01 5.656183854950900258e-01 3.078953750783099963e-01 4.113726557323950095e-01 6.713192667544729542e-01 6.812164160239420063e-01 4.654474635275859806e-01 4.483559586519579865e-01 6.561973489050320074e-01 6.608582103782330019e-01 6.813972142941100429e-01 5.847368786477690206e-01 7.346428353388190224e-01 7.339600688795999694e-01 7.232587795596699953e-01 7.510392766659069741e-01 6.523274566753459736e-01 6.037464710707729498e-01 7.574402248330710519e-01 7.962612301767320044e-01 6.774554685164370094e-01 7.302070794825410438e-01 6.750311739110059772e-01
5.328515997374210222e-01 5.320426992072949668e-01 5.260574827303630130e-01 7.294381521717060446e-01 2.478984980650839887e-01 4.990732564036399754e-01 5.901378046453620296e-01 7.385227066312749500e-01 2.356342915615980138e-01 3.069945570850770022e-01 5.953448833756660452e-01 6.564792426846519646e-01 6.926238038968279831e-01 1.000000000000000000e+00 6.847514938572739629e-01 6.598932913794529620e-01 4.430716454020610096e-01 4.737416933902450222e-01 4.939899928609289836e-01 5.072379877822189576e-01 1.735960037862810112e-01 9.194473006233870593e-02 4.573109904510960222e-01 4.826397914709240067e-01 1.250398511241659905e-01 1.906639223797700067e-01 5.320670491358689969e-01 5.187569527895059540e-01 2.248276648673619982e-01 3.784046141902480120e-01 4.875748449806620033e-01 5.634495565518879978e-01 2.841340251274089845e-01 2.909783737220529853e-01 2.820678540139500146e-01 3.347993279096779795e-01 2.095472089604419885e-01 3.399940865139590152e-01 3.010872087404889985e-01 3.850546523558819878e-01 2.918643198036829922e-01 3.072853814281000240e-01 3.066116104463200154e-01 4.287358891381169990e-01 3.622911979855539810e-01 3.719694757767870175e-01 5.052278069872130351e-01 4.811165231664489839e-01 5.405605562945360321e-01 5.257193649837910154e-01 5.551467551012819746e-01 4.949365038848119736e-01 5.255737816390260164e-01 5.770026673274110118e-01 7.093469587432570389e-01 7.187584556961370552e-01 5.635023119419380055e-01 5.653662534556349595e-01 3.148448330822010144e-01 6.633819695617050316e-01 3.942646504774379723e-01 5.091963871303100131e-01 5.649309139208820163e-01 5.084449655438040283e-01 5.373037673074909648e-01 5.739450759825680537e-01 5.159880301757839849e-01 4.796057608352610191e-01 2.791364624308370068e-01 4.040336200812750245e-01 4.980379691061890268e-01 6.065978024946180325e-01 4.708374899292189775e-01 4.838343831908680226e-01 6.132287775513890482e-01 6.587796690693169532e-01 4.591536546958179810e-01 4.536286884342830006e-01 5.989161447636960345e-01 7.002410519256879740e-01 6.457225200431599976e-01 7.144766196521500357e-01 6.108813759455989922e-01 4.728790109114709983e-01 6.138149104288069813e-01 6.431508607412490530e-01 6.118335833469169538e-01 5.425115165952919538e-01 5.381738798872850449e-01
5.107889141904190522e-01 4.797876141742080103e-01 6.027664804944300458e-01 6.473811997031659882e-01 3.458430603797549852e-01 6.352510651579380552e-01 6.266533686510320500e-01 6.333625281588579625e-01 4.969055667831310252e-01 5.081977737699160391e-01 6.184660396006860239e-01 4.618754256905560074e-01 6.391174953195879471e-01 6.847514938572739629e-01 1.000000000000000000e+00 6.358022968353890247e-01 3.821731399791810091e-01 4.213556469914510050e-01 4.483186660247610034e-01 4.317583225609070152e-01 2.648045294342509792e-01 6.894058443764189414e-02 6.592512230383350547e-01 5.995867945451519576e-01 3.036273780656360000e-01 2.374191120106290132e-01 4.179592615726249738e-01 4.876785813876730047e-01 2.831724767891949934e-01 3.813697193173259947e-01 5.292165862654170105e-01 5.370118786910409447e-01 4.139949335370189942e-01 1.844889221115869893e-01 2.788779172786050031e-01 2.726007205791110000e-01 2.984760424412050139e-01 3.157756522808790045e-01 2.395221532415749977e-01 2.123675750334459988e-01 3.799895069943090009e-01 3.572381268373779895e-01 4.131110544895679748e-01 5.156601140397240046e-01 4.517577796102000276e-01 4.640170130860999942e-01 5.751112761167590515e-01 5.733416276448619620e-01 5.817354260054400372e-01 6.102981444381989640e-01 5.132996287526090384e-01 4.498041677163709950e-01 4.927810408204469916e-01 5.515026714560210541e-01 6.132052577894739898e-01 4.519454048462580031e-01 5.814353762232089551e-01 4.094178887399410049e-01 5.867232481822980406e-01 6.721345135987110142e-01 4.611883637071360065e-01 5.283393663695159503e-01 6.009470998551390553e-01 4.762177224973769829e-01 4.417950842625860131e-01 4.973525262713610062e-01 4.933300630609239734e-01 4.180694834223470102e-01 1.803676292122979863e-01 3.238574241408859744e-01 5.235126227557940215e-01 5.392277933678220059e-01 4.844084086893259977e-01 4.878033407770290264e-01 5.869762466709049775e-01 6.530183646880729498e-01 5.631801654790939970e-01 5.738540628695749657e-01 7.179830257283119632e-01 6.934704873399709646e-01 6.890628308224909793e-01 6.213499737767740339e-01 5.906866823467999961e-01 5.128040220217700007e-01 6.273859020477969839e-01 6.726823675306160544e-01 5.395987840917100264e-01 5.692682862273099609e-01 5.299606152528569813e-01
5.587347475978470257e-01 5.870167745629140121e-01 6.040836760473190514e-01 7.417248286517600375e-01 3.377580292071650225e-01 3.059030968542589823e-01 5.307283000882480062e-01 6.651125088872790192e-01 -4.736283770428920126e-02 4.015871108161629677e-02 6.094909921492229765e-01 5.869976759543840128e-01 6.491598297829309638e-01 6.598932913794529620e-01 6.358022968353890247e-01 1.000000000000000000e+00 4.811359211877199726e-01 4.733283513963130185e-01 5.547500738497700423e-01 5.374363557771579814e-01 3.692861454959640022e-01 2.397629494609599954e-01 6.125932015598809510e-01 7.195219341578440453e-01 4.269950613546270035e-01 5.008490113631930418e-01 5.208674347688699857e-01 4.823845264995110238e-01 5.406147549339319625e-01 6.411967337059349958e-01 6.223722340793419461e-01 5.849187913030490238e-01 4.861461081504360182e-01 3.479353799415529913e-01 4.312845915953070208e-01 3.786205205845999955e-01 4.065040873596469928e-01 4.871297301710750260e-01 2.335073589054489918e-01 4.213520314817120194e-01 3.480014100255959808e-01 4.237300894778039950e-01 3.737535789107099826e-01 4.300857261567839762e-01 4.723371420373160268e-01 4.958937002649910220e-01 4.377660253427669845e-01 4.031554203420120164e-01 5.581213951334480505e-01 4.947306081473289985e-01 6.129371791348400267e-01 5.181585982110530342e-01 4.803751331436790228e-01 4.772775021002609863e-01 5.352793779171629573e-01 3.823802663607829833e-01 5.316658434361289931e-01 3.868741881363870205e-01 4.084140230999069865e-01 5.371222339840030502e-01 5.008972848385669918e-01 5.528873505298740332e-01 6.772346423223809531e-01 5.790777435019529573e-01 6.385747131925929576e-01 6.878605049224689738e-01 4.776218618456209986e-01 5.766760878278679447e-01 4.455294286657229819e-01 5.021793608765460215e-01 5.950233805567589629e-01 5.870445603551309732e-01 4.834711278506669818e-01 4.586167529645249763e-01 5.430103849223210100e-01 6.025423381689869462e-01 6.036344014631930266e-01 7.134347530921110181e-01 6.917865070305949660e-01 7.084090828663099915e-01 6.939499349759919999e-01 6.822795656550809662e-01 6.491924621307210153e-01 5.117700063438229696e-01 6.531187642348900146e-01 6.566895142164469457e-01 6.037133092376839594e-01 5.848988838876010288e-01 6.151758279421100095e-01
8.430620521583600535e-01 8.748069722794840075e-01 5.806765244818079541e-01 5.261692362146169755e-01 2.638180691836510272e-01 3.327112021699609734e-01 5.902397322670459578e-01 6.440125347008499590e-01 -6.661754322580100418e-02 -1.468736162569539948e-02 5.640469043110569736e-01 7.303956749809670246e-01 5.867905542544320507e-01 4.430716454020610096e-01 3.821731399791810091e-01 4.811359211877199726e-01 1.000000000000000000e+00 7.968016299804779878e-01 8.111530749866590062e-01 8.785947272808699582e-01 3.530159671839039892e-01 4.634436378268429885e-02 4.981553614495080051e-01 5.164958995035869860e-01 2.323101813305570029e-01 4.102928813430289923e-01 7.745354207724229889e-01 7.794856299408150502e-01 5.568177158705189811e-01 5.887870108311870077e-01 7.709975319371290547e-01 7.121051332275469825e-01 5.520687449608999708e-01 5.016476433708050298e-01 5.182102212156599608e-01 3.834487874976100219e-01 4.167391187204679825e-01 3.858478513944940125e-01 3.549418000675479967e-01 5.408371935411170339e-01 5.838970839788160117e-01 6.192866096087740191e-01 6.047278164392869693e-01 6.719605529482830519e-01 7.066171364391889975e-01 6.454261372758559601e-01 5.741016563213160451e-01 5.097340391213009969e-01 6.582209722336710422e-01 6.454643099804689976e-01 8.826305978299769928e-01 8.168548147647040070e-01 6.476110039524060058e-01 6.448367991493320073e-01 6.269008027417579676e-01 2.268561626189420088e-01 7.376163013716919847e-01 6.732094631540660457e-01 1.608951939975599987e-01 2.770691984630049842e-01 6.138223169623809872e-01 5.776987855991230214e-01 7.228098860839650142e-01 7.454177305146909571e-01 6.385973513412930291e-01 5.410803039050919860e-01 6.097820003011620305e-01 6.930380494709960093e-01 4.993013967624729821e-01 3.837049486082440009e-01 7.589644367518340040e-01 7.191525832529319651e-01 6.879997257692880286e-01 6.402816391514569716e-01 7.931646095367940186e-01 6.931547419205540406e-01 5.708905270264199583e-01 5.219957821294529676e-01 6.451315303441660376e-01 7.187225787777230535e-01 5.698079365303410082e-01 6.689060487819780132e-01 5.292342002219020403e-01 4.748060220581399871e-01 7.261901699093979978e-01 6.403156893874010214e-01 5.970699187650290174e-01 6.098010024462240386e-01 6.058134842732549874e-01
