1.000000000000000000e+00 9.534187765018790062e-01 8.980597629915599844e-01 8.886464986912060438e-01 4.763144009719290084e-01 6.973042188834289723e-01 8.716223878587779916e-01 8.626064050272419514e-01 7.550208095221280225e-01 7.652928289491219838e-01 7.778789733415200081e-01 8.257582345309399940e-01 8.088353078773169447e-01 8.450143408293220304e-01 7.558321043676879958e-01 6.760603269320779596e-01 7.911763157445319550e-01 7.588515911145039539e-01 8.855897719918960354e-01 9.039216963819599604e-01 1.198753902016409939e-01 4.296432343279499855e-01 7.497087178214389969e-01 7.340486533173019579e-01 5.445877134472829617e-01 5.975308454793609725e-01 7.938948550261369919e-01 6.859076408625329746e-01 6.334566353574430098e-01 6.297781425929700472e-01 8.854751668347640159e-01 8.572403487484080431e-01 5.968160766188209676e-01 6.142931637386199739e-01 7.834214234889930184e-01 6.183857345017970131e-01 6.639769269222830506e-01 7.028040804378870021e-01 5.251084939247799843e-01 7.208235061262370236e-01 8.415555434151289482e-01 8.273994829318219724e-01 8.736447752467819683e-01 8.215649654894520149e-01 8.398315983712100197e-01 8.942691931000690264e-01 8.144494424638279995e-01 7.951866346556869525e-01 8.299951699709420261e-01 8.431475306378629631e-01 9.519681978749570117e-01 9.277927125657019491e-01 8.415007896661630404e-01 8.540819174934930480e-01 8.341275169584919658e-01 7.683121464795009681e-01 8.342473080128399721e-01 7.426785396729169708e-01 4.567941323207920234e-01 5.059415331654759651e-01 8.148595597308040395e-01 8.476533039480700360e-01 8.322005920576189819e-01 8.294736929368630163e-01 7.894650767276000236e-01 7.626035260552129769e-01 7.720835525304210467e-01 7.769194470003160102e-01 6.346820217749550297e-01 5.652188810712740485e-01 7.888688490755649818e-01 7.228525786477499881e-01 5.246828690540560336e-01 6.289768928994899921e-01 8.412128578809899837e-01 8.574537619175289782e-01 8.252579018098219477e-01 7.596254804668569616e-01 8.943141988555830535e-01 8.824515725048159842e-01 9.015766353813789991e-01 8.928010514083439819e-01 8.219315107803050191e-01 7.930119015338920052e-01 9.051123346281230164e-01 9.268045429457170137e-01 8.558326341727700015e-01 8.676405817759680339e-01 8.571832402686320185e-01
9.534187765018790062e-01 1.000000000000000000e+00 8.661896160516230347e-01 8.550856821756960269e-01 4.015289274298859956e-01 6.840463706588889581e-01 8.100482020107500070e-01 8.101944998008030474e-01 6.674646325376150102e-01 7.064169780771719642e-01 6.998407343996070340e-01 7.912875951340679892e-01 7.294652167820919741e-01 8.141681922155780127e-01 6.993288310745270353e-01 6.462796420833669675e-01 8.108126703859259710e-01 7.828510949576500400e-01 8.722010990741160263e-01 9.170021070079980019e-01 1.580839836958020106e-01 4.326016136937400058e-01 7.151330199467279547e-01 6.948513724285559912e-01 5.311368090394770203e-01 5.696592316968700498e-01 7.992480466083330404e-01 6.923451144708759886e-01 6.315096569275540084e-01 6.457638966076379994e-01 8.941366958708739654e-01 8.639216384011020322e-01 5.862129289468099858e-01 6.065402038170859544e-01 8.091164210797360257e-01 6.347364365063270508e-01 6.872708314443339850e-01 7.300630982142229941e-01 6.116823111641189747e-01 7.705592208218360328e-01 8.128706231754889711e-01 8.334295631948509531e-01 8.657088419594469730e-01 8.325641847283540287e-01 8.241319606003709719e-01 8.862439247232920536e-01 8.294324604643720233e-01 8.115461267001260470e-01 8.344176248108500227e-01 8.726435247953839847e-01 9.458420383092519534e-01 9.392391911359260215e-01 8.176469298064920066e-01 8.038122878989919506e-01 7.491618914409949870e-01 6.860199231852950330e-01 8.224039781171960106e-01 7.355569432559609933e-01 4.098073036823169923e-01 4.404541945385889723e-01 7.937275785735139477e-01 8.207056026556389661e-01 8.443064276870460017e-01 8.507291245569420512e-01 7.565275644450080161e-01 7.480409132959889851e-01 7.637859791341510274e-01 7.966666313020179802e-01 6.135712956157679532e-01 5.573339375936899875e-01 7.477998013587070503e-01 6.886826802021980276e-01 5.422364118947450295e-01 6.363166333240299899e-01 8.372796368565289526e-01 8.623786339384540423e-01 8.257138409972449855e-01 7.834109065685229689e-01 8.638837320148829990e-01 8.737666685338110195e-01 8.548157015082740173e-01 8.777346740414340154e-01 7.850454463891319845e-01 7.671098375010489967e-01 8.982061687102870229e-01 9.114819804066649489e-01 8.417739905852790194e-01 8.420097913541759738e-01 8.342313074803560102e-01
8.980597629915599844e-01 8.661896160516230347e-01 1.000000000000000000e+00 9.489475500589079626e-01 5.593005212662379710e-01 8.159498179186019939e-01 9.276999767150120313e-01 9.070160203086440331e-01 8.088923348916019496e-01 8.263235135009650012e-01 6.822044763479030438e-01 7.526974294820909517e-01 7.824285684366499849e-01 7.744372616699369827e-01 8.206867429354109955e-01 7.119025289604460349e-01 7.031803992152080296e-01 6.745680675042849961e-01 8.463486685453649461e-01 8.925140885378669564e-01 1.291371707737430097e-01 4.571416819216719829e-01 8.695398005199419522e-01 8.178819340618139755e-01 6.212499330623689753e-01 7.140270534182070472e-01 7.679067398579410009e-01 6.351898368774669956e-01 7.679647675380809613e-01 7.809112306699249606e-01 9.053548064833549791e-01 8.943966830209170160e-01 6.862221554832730330e-01 7.368001617521849900e-01 7.324888507874000032e-01 6.562873274458359552e-01 6.165826718795029970e-01 7.077361611337099623e-01 5.229892213837009640e-01 6.736296329855480103e-01 8.765150613184530259e-01 7.963953224140839504e-01 8.615207819232839626e-01 7.940965444247100047e-01 8.400814857682989967e-01 8.700303550618699866e-01 7.734620983486030221e-01 7.331121990597859739e-01 7.882377208829800530e-01 7.881528959478589780e-01 8.676171390089919555e-01 8.373312696192449778e-01 8.618858203243680016e-01 8.338925613291330308e-01 8.528485493024270392e-01 7.728573076127609465e-01 8.310758161914220121e-01 7.836208181449260124e-01 5.466990960333719674e-01 6.122856421089459822e-01 8.919277901785509499e-01 9.011350078557039955e-01 8.416932469399960315e-01 8.376835597141210066e-01 8.414600082113049551e-01 8.464890285794309799e-01 7.549063636435170421e-01 7.667603435580010451e-01 6.517347931937840233e-01 5.050134204515539516e-01 8.114392816896820460e-01 7.667493302681129830e-01 4.739660416589520087e-01 6.020574154789709587e-01 7.980142308053409517e-01 8.347711705089819745e-01 8.237401801384179878e-01 7.922544081349069955e-01 8.894262717278560437e-01 8.859023223736249841e-01 8.713893106122769794e-01 8.480959543164909853e-01 9.117975993717170047e-01 9.034102851519379973e-01 9.032692265591409919e-01 9.086500773602449454e-01 8.273325477736089839e-01 8.645210395750140275e-01 8.095623575634970370e-01
8.886464986912060438e-01 8.550856821756960269e-01 9.489475500589079626e-01 1.000000000000000000e+00 5.166022922176389809e-01 7.761016212133410308e-01 9.388315903436400545e-01 9.633144038971800382e-01 8.044928333932129805e-01 8.488352097712069666e-01 6.633497527685779938e-01 7.892992861814009942e-01 7.931617731764170065e-01 7.783397803100059464e-01 7.886950311349010256e-01 7.451110137002070477e-01 6.561105117660139818e-01 6.293908501164460212e-01 8.135543131976179509e-01 8.729998305429990113e-01 7.183238375944560328e-02 4.361274147441089877e-01 8.486536604325169986e-01 8.406975777100810232e-01 5.610504935098069579e-01 6.518876495487450073e-01 7.450855069598220082e-01 6.108441995813129743e-01 6.976002133233210056e-01 7.654005993254939799e-01 8.775761770640140291e-01 9.062455544995760004e-01 6.948450030922620480e-01 7.127149201231780529e-01 6.798658305393010526e-01 5.900980335053319648e-01 6.162146612109420385e-01 6.966219556417929670e-01 4.775481598733610222e-01 6.613901660738079613e-01 8.021917907154809679e-01 7.586745790096409703e-01 8.418193410451949577e-01 7.580598024872480245e-01 7.944063960884040210e-01 8.512986969033720097e-01 7.476759925140560314e-01 7.202979590785869579e-01 7.630769357175359868e-01 7.846370938560109920e-01 8.498594762965889782e-01 8.260437793581280053e-01 8.256349673551479640e-01 8.539523128088359893e-01 8.753872045294019966e-01 8.416693102365380152e-01 8.216615505524399454e-01 8.117615487602529711e-01 5.748085759877019640e-01 6.836163020941470325e-01 8.584757264849830483e-01 8.962939136488200509e-01 8.076931842241650283e-01 7.818204935113249876e-01 7.883483178777910272e-01 7.980540797225129657e-01 7.328019604449409474e-01 7.377142581867369708e-01 6.679912739344190387e-01 5.218633229477800395e-01 7.634344744777209479e-01 7.038221804939890358e-01 4.468341842618390181e-01 5.361590196592690427e-01 7.657236761330790120e-01 7.918904689429879795e-01 8.283428447299430175e-01 7.766967209401289818e-01 8.776045898014549485e-01 8.952818408995150135e-01 8.730683333111119993e-01 8.442322136564980317e-01 8.840277374523399789e-01 8.476517790459410229e-01 8.639610953871580401e-01 8.752754228966560524e-01 7.853013504696739755e-01 8.090649220430440325e-01 7.826863034805620067e-01
4.763144009719290084e-01 4.015289274298859956e-01 5.593005212662379710e-01 5.166022922176389809e-01 1.000000000000000000e+00 5.090155187352239929e-01 5.680227278860749962e-01 5.148899397901010033e-01 5.715582551704480041e-01 5.338743652970200371e-01 3.160866347428599732e-01 3.295117903838870044e-01 4.303840506372449970e-01 3.600835653934090219e-01 4.858941744541250274e-01 3.902115432195730205e-01 4.183209686926719906e-01 3.841751636562840133e-01 3.743246482928380137e-01 3.971993834116330224e-01 1.492991768333669922e-01 2.740802635635610218e-01 4.662807476473960211e-01 4.416096375475669911e-01 5.452412727924860203e-01 5.419286218279349976e-01 4.173038751671799829e-01 3.415341316610749911e-01 5.276128264508409549e-01 4.065349164429580275e-01 4.804088253152860033e-01 4.699269855915009786e-01 4.776503308421760075e-01 3.950480047441209952e-01 4.131686432481819771e-01 3.835045847444280009e-01 2.224096238894960054e-01 2.689961314331870135e-01 2.309259010654970135e-01 3.421047651007509960e-01 5.269549305940059991e-01 4.238228111777350149e-01 4.687908469000670042e-01 5.066992343307500368e-01 5.117486993608240109e-01 4.752573397886399875e-01 5.102168168183659480e-01 4.802403501257709872e-01 4.059787342792919862e-01 4.265733585381280002e-01 4.900916897710420050e-01 4.262533995222370087e-01 5.770115013453009922e-01 5.023105363295009562e-01 5.290963601698059904e-01 4.254320251563230015e-01 5.074444989917079596e-01 4.178582807073820127e-01 2.787385719995110200e-01 3.198896617274610277e-01 5.417748087597999973e-01 5.315158801809080069e-01 4.959204598376830142e-01 4.775912944032499885e-01 4.722572395378820120e-01 5.307811782742980489e-01 3.307619678648089923e-01 3.450131653096820128e-01 2.135788001719809981e-01 3.784732138411049940e-01 4.906949814341770022e-01 4.195611376390320224e-01 3.406269518611340086e-01 4.058628566900919776e-01 4.927454642454949796e-01 5.111190327338609452e-01 4.058939996572870079e-01 4.064696555851090021e-01 4.902904203729849808e-01 4.893564531445939725e-01 4.994155618031649868e-01 4.666526108653630267e-01 6.052295769277420412e-01 5.691841837256179648e-01 5.382748568060630179e-01 5.442585883868450436e-01 5.865985909940270027e-01 6.018534892808180548e-01 4.829870835567600107e-01
6.973042188834289723e-01 6.840463706588889581e-01 8.159498179186019939e-01 7.761016212133410308e-01 5.090155187352239929e-01 1.000000000000000000e+00 7.320583810803710234e-01 7.384480825918979807e-01 7.476176541843869705e-01 8.075250327375690373e-01 4.900434058198570031e-01 5.843160338894960448e-01 5.912220256308560185e-01 5.938985325097599910e-01 6.507716695165609577e-01 5.410770963173390236e-01 5.673724019684870390e-01 4.796426061006759944e-01 6.526959154074369884e-01 6.711595439218119852e-01 2.300035156229429945e-01 4.870332308751770256e-01 7.301621305891049518e-01 6.911391951940959455e-01 6.681357341302930353e-01 7.391626409304350442e-01 5.863379811327009694e-01 4.661620616016839969e-01 6.492696368838749565e-01 6.702863933120869477e-01 7.236666534986729848e-01 7.263702648307780452e-01 5.699385517859340000e-01 6.695633684143189601e-01 6.089847921081229520e-01 5.768318416484390365e-01 4.588868834465349988e-01 5.716991088025790146e-01 4.089574128857479951e-01 5.318824653069149644e-01 7.384068576698400443e-01 6.111476304460570219e-01 6.449017261445240123e-01 6.606180000750979664e-01 6.851830801356110223e-01 6.544559233630690143e-01 6.568427713087540143e-01 6.179395865239669661e-01 6.399051314879979913e-01 5.794106417922370023e-01 6.954996841244229788e-01 6.765832505333280178e-01 7.193630099110099874e-01 7.288298872892180480e-01 6.766710638125450483e-01 6.437898422905560247e-01 6.549065301650599524e-01 6.287880024338869944e-01 4.593197785044069725e-01 5.143494811869590011e-01 7.521993394538289968e-01 7.686071511953540547e-01 7.406343369406179766e-01 7.259781862566430100e-01 7.534945461502839947e-01 7.335280407507499545e-01 5.472814259161290495e-01 5.526864552673129705e-01 5.066944897462030140e-01 3.310064722829039741e-01 6.966187976869160359e-01 6.554116312254439913e-01 4.517211290665619772e-01 5.546449536107369571e-01 6.734973515166680080e-01 7.121114961041189462e-01 6.186268388804679885e-01 5.940777571191440121e-01 7.081441850626110091e-01 7.273245808062379636e-01 6.902506250369510044e-01 7.250712333209560212e-01 8.255783323675359719e-01 8.153240248393129885e-01 7.189854137702530457e-01 7.224029682882600056e-01 6.771606894515469488e-01 7.533154055331140464e-01 6.132986631037420366e-01
8.716223878587779916e-01 8.100482020107500070e-01 9.276999767150120313e-01 9.388315903436400545e-01 5.680227278860749962e-01 7.320583810803710234e-01 1.000000000000000000e+00 9.587967150675189565e-01 8.597443838173189912e-01 8.166531143195899789e-01 7.157044638351449661e-01 7.905048672088970108e-01 8.849835734761259953e-01 7.915015265101480457e-01 8.371287880504989509e-01 7.915865150988360410e-01 5.663679231402120040e-01 5.413166917471160522e-01 7.648816333293979586e-01 8.065298957343810526e-01 3.315363374497760224e-02 4.000502038801519999e-01 8.593809623943640119e-01 8.541826911127650135e-01 5.579935452233080184e-01 6.110318415679220072e-01 6.844031497748930271e-01 5.424632609036900144e-01 6.566546875506850123e-01 6.986253235046250287e-01 8.362209494760239892e-01 8.437021245942849523e-01 6.979316462030610291e-01 6.867650959487340279e-01 6.404756812561780421e-01 5.113986180174909801e-01 6.216581990162800553e-01 6.778713135133630496e-01 4.277278871775540003e-01 6.229170246249160492e-01 7.905101675427600449e-01 7.706581720069569652e-01 8.216752667440080371e-01 6.980228935457040151e-01 7.805837740871449659e-01 8.395943200957649566e-01 6.979706963987779567e-01 6.675088898790869640e-01 7.731542379097989803e-01 7.688219131858979871e-01 8.095588108665969784e-01 7.734447956769540111e-01 7.974663653496909532e-01 8.080186074078880010e-01 9.318350980632680303e-01 8.499690977629850153e-01 8.219345862299489713e-01 7.581754573782789608e-01 6.493122695398519939e-01 7.094987601711150171e-01 8.353484582263069891e-01 8.532949760769570346e-01 7.275975880757790115e-01 7.082403705648330217e-01 7.427021281566229538e-01 7.372315300315259723e-01 7.205606831109020449e-01 7.238503762915630135e-01 6.220233827445410535e-01 5.263047327147369892e-01 7.322847527691469516e-01 6.561687895069669985e-01 4.301680028735669903e-01 4.540905576711439795e-01 6.969942914337530215e-01 7.271825323121110518e-01 7.758179637410279605e-01 7.321410681625180050e-01 8.755931931409359770e-01 8.738811320040680286e-01 8.864828751110459537e-01 8.245570910929179709e-01 8.466161492726860249e-01 8.086528211064789584e-01 8.230293695930099851e-01 8.580765594006829478e-01 7.554985661038500222e-01 7.753486668816219618e-01 7.848676399080389832e-01
8.626064050272419514e-01 8.101944998008030474e-01 9.070160203086440331e-01 9.633144038971800382e-01 5.148899397901010033e-01 7.384480825918979807e-01 9.587967150675189565e-01 1.000000000000000000e+00 8.300206752746920325e-01 8.570137945138369684e-01 6.921178800664969932e-01 8.179217200277409949e-01 8.437196224966440061e-01 8.065946485821210432e-01 7.849032426799590345e-01 7.900213259855709547e-01 5.914215125042230348e-01 5.582521271352549608e-01 7.678221321011829970e-01 8.140556179859560482e-01 2.690383682611589833e-02 4.086552707699929732e-01 8.357042835817890536e-01 8.713888666088259738e-01 5.278425504914050492e-01 6.225128900764770323e-01 7.053321857027969877e-01 5.768397898111929933e-01 6.619025039664719889e-01 7.367684544872320496e-01 8.450366846136010412e-01 8.804700833839990137e-01 7.048054929798840407e-01 7.012458019027270062e-01 6.223125065634670383e-01 4.922692898605829925e-01 6.067792219658669772e-01 6.673067552441469541e-01 4.271210393268149996e-01 6.246036097592190250e-01 7.529397490225320233e-01 7.396551696912100349e-01 8.159345931872219460e-01 6.985236259718939911e-01 7.440961618273940203e-01 8.218193717955939448e-01 6.939084333563849682e-01 6.703358934120769996e-01 7.345566860917599472e-01 7.480067539496280116e-01 8.044805075229020108e-01 7.815041399286609680e-01 7.708145819061139603e-01 8.334908347254880168e-01 9.121925748862560468e-01 9.049142826163779629e-01 8.221722358994989488e-01 8.058989431159889749e-01 6.062265143188609873e-01 7.408713384125620305e-01 8.153431363930849773e-01 8.644139247033200135e-01 7.304167171169430040e-01 6.933918708507780249e-01 7.361510916074529565e-01 7.344827554161059702e-01 7.003733987649030102e-01 7.135724494815079977e-01 6.527564509730680031e-01 5.251176710037189777e-01 7.428160734386789477e-01 6.566294466886379855e-01 3.975692624216800031e-01 4.691925935939390002e-01 7.266460742211849899e-01 7.392789847224050526e-01 7.924670612192390440e-01 7.441074838153529658e-01 8.751939219235710388e-01 8.863141008081689698e-01 8.738839230398139923e-01 8.390174401692920281e-01 8.427205084295620319e-01 7.831158499323289668e-01 8.041357283560740532e-01 8.413438587995990536e-01 7.368228075203809846e-01 7.509923579461199594e-01 7.502934435952179903e-01
7.550208095221280225e-01 6.674646325376150102e-01 8.088923348916019496e-01 8.044928333932129805e-01 5.715582551704480041e-01 7.476176541843869705e-01 8.597443838173189912e-01 8.300206752746920325e-01 1.000000000000000000e+00 8.553859543365069928e-01 6.031272770339409783e-01 6.809715765001850274e-01 8.003453656575629793e-01 6.774975976720030157e-01 7.904823213271769955e-01 7.204800916951800138e-01 5.225316300189459806e-01 4.783401867516010042e-01 6.553502582969790158e-01 6.894838994688320399e-01 1.097557514551100039e-01 4.080552149059810119e-01 8.103015411084959485e-01 8.015671561683750390e-01 5.775752192089219639e-01 6.404660102161869872e-01 5.707034057812769845e-01 4.458526796708380258e-01 6.109179579236599933e-01 6.049978302295979660e-01 7.016279325239299647e-01 7.205574391869420392e-01 5.915789556976229768e-01 6.263071237940900371e-01 5.570178551138219580e-01 5.252620064370939756e-01 4.646588493216640137e-01 5.499698913730589611e-01 3.204143362602229761e-01 4.904008585253780139e-01 7.159397852001160301e-01 6.095542570173629882e-01 6.613255174257289815e-01 6.064974754456009531e-01 6.727708259047959771e-01 6.632683032567819881e-01 5.930982511903599708e-01 5.500305814501410540e-01 6.338711118779220000e-01 5.673493409488939987e-01 6.958919646240570023e-01 6.751979121058889755e-01 7.099238680894720543e-01 7.121602256190660007e-01 8.614120224479420163e-01 7.860201246570890365e-01 7.081216895047509619e-01 6.287145736882130409e-01 5.832508988418290130e-01 6.837097871894579626e-01 7.401397381586469759e-01 7.256126539415379550e-01 6.852205439376719553e-01 6.302927933994000309e-01 7.420410047844200330e-01 7.249906936723350404e-01 5.875427517885040141e-01 5.659450157390080172e-01 5.029955883847280207e-01 3.745838769352289876e-01 7.191008872124180495e-01 6.669391061069169790e-01 3.984330421110049980e-01 4.807856786369080204e-01 6.559822108712100031e-01 6.616781207772099993e-01 6.811504611626829631e-01 6.275278933020349559e-01 7.684115327421330299e-01 7.359874072683789681e-01 7.765287971249279497e-01 7.299392456046660538e-01 8.015348074115630217e-01 7.879447220616719871e-01 6.795211683803330516e-01 7.378449156136079878e-01 6.561520792072790265e-01 7.281597173809920553e-01 6.734507062786290188e-01
7.652928289491219838e-01 7.064169780771719642e-01 8.263235135009650012e-01 8.488352097712069666e-01 5.338743652970200371e-01 8.075250327375690373e-01 8.166531143195899789e-01 8.570137945138369684e-01 8.553859543365069928e-01 1.000000000000000000e+00 5.452455304030749961e-01 6.661763231446420352e-01 7.078803647804200461e-01 6.676708850222109470e-01 7.088616882541319830e-01 6.378880727874579604e-01 5.654646673704859516e-01 5.058604459583160295e-01 6.818239088475800402e-01 7.077441849887300407e-01 1.484851572287859967e-01 4.784981454690729885e-01 7.444831186021579894e-01 7.721993811026079957e-01 5.956703918997350300e-01 6.731787226989970341e-01 6.140570658007260541e-01 5.098522669777829641e-01 5.895933647793589749e-01 6.300904427204260250e-01 7.472875937581120454e-01 7.599637810719640507e-01 5.618168923815890503e-01 6.260800697815820381e-01 5.924328890516570301e-01 5.681740123938250342e-01 4.262832662407829987e-01 5.101848474763790442e-01 3.586982488200710084e-01 4.976950035297100228e-01 7.282531697828550366e-01 6.125113812251989920e-01 7.091277568572329493e-01 6.832362379821940168e-01 6.813465058595199464e-01 6.855545002265119869e-01 6.524997821986330271e-01 6.379220851828140137e-01 6.368651014150910061e-01 5.942795506655269566e-01 7.422949994992550371e-01 6.999393928501039808e-01 7.497236125634380022e-01 7.915394460203170057e-01 8.114978733190080229e-01 8.054985741432509894e-01 7.220563673625169931e-01 6.786024793883940198e-01 4.682185667108529903e-01 6.323228137143279692e-01 7.557800494943129888e-01 7.926702698408529812e-01 7.453209857651440506e-01 6.878034565752659812e-01 7.874910497733019765e-01 7.679236044969309782e-01 5.695146848743289913e-01 5.979674653532179862e-01 5.249717375207729742e-01 3.973940861266260227e-01 7.362735852158239780e-01 6.568199329545939547e-01 3.622154432529339774e-01 5.228619223835989649e-01 7.282610544426569854e-01 7.247302254626589724e-01 6.840875995814319488e-01 5.850688301732599461e-01 7.836206208141029972e-01 7.534475000218390228e-01 7.486379646308409797e-01 7.618138516690869944e-01 8.647673455840499956e-01 8.223641557509839828e-01 7.347551266001549619e-01 7.664985945487270413e-01 7.027540397630359648e-01 7.693421180046859931e-01 6.620566946409179865e-01
7.778789733415200081e-01 6.998407343996070340e-01 6.822044763479030438e-01 6.633497527685779938e-01 3.160866347428599732e-01 4.900434058198570031e-01 7.157044638351449661e-01 6.921178800664969932e-01 6.031272770339409783e-01 5.452455304030749961e-01 1.000000000000000000e+00 7.482126191543759797e-01 8.119340046471259509e-01 7.665652420876799544e-01 6.276931904091539449e-01 6.353030047605789932e-01 5.661789461518420552e-01 5.376288888530349475e-01 7.492319834803879974e-01 6.895927066014859719e-01 6.870286733308560156e-02 2.851178708472549839e-01 5.730436750469709573e-01 5.935769245484550094e-01 3.441236675810059875e-01 4.259223741565489885e-01 6.677281247328280545e-01 5.789614443733469562e-01 5.322803764074089949e-01 4.919342081897910002e-01 6.664131059461869677e-01 6.398696142445049473e-01 3.766012820006159889e-01 3.902031022678439931e-01 6.055836689797370331e-01 3.006207159683780272e-01 5.477935140865719532e-01 6.038808807282030067e-01 4.220018567096819884e-01 6.295094156124080298e-01 5.726544789101889465e-01 6.640074012160539496e-01 6.447923651432549974e-01 5.021678193002210300e-01 5.659256490231679981e-01 6.543083154997300088e-01 5.213342417269070106e-01 4.923701733481419818e-01 6.403002765477560088e-01 6.334849054997250262e-01 6.678271038376739632e-01 6.903535274776410047e-01 5.181238690183419537e-01 6.408266463309100214e-01 6.850505408145960429e-01 6.799789564094750327e-01 6.790405377014080424e-01 5.549238296575780272e-01 3.845692080542629787e-01 4.179557622492030000e-01 5.257306998449490232e-01 5.804630476375299830e-01 4.786966237943819924e-01 5.008985760060999937e-01 5.358817206380730447e-01 5.237888206759340193e-01 7.001556150218209984e-01 6.774193083020310091e-01 6.190996415902569883e-01 4.532872591609899970e-01 6.141141765044469958e-01 5.154949364056440331e-01 3.682962806762170027e-01 4.185137844075749736e-01 5.653433901038209530e-01 5.649129327366559927e-01 7.065950090078120249e-01 6.662445594750620037e-01 7.022580249903509486e-01 6.526336352641060046e-01 7.261289655227519679e-01 7.219332193036329670e-01 5.183197397477290469e-01 4.782640897515800238e-01 6.703264160182209608e-01 6.965026013923549808e-01 6.048664275020469994e-01 5.990412408680829692e-01 6.927965211784049560e-01
8.257582345309399940e-01 7.912875951340679892e-01 7.526974294820909517e-01 7.892992861814009942e-01 3.295117903838870044e-01 5.843160338894960448e-01 7.905048672088970108e-01 8.179217200277409949e-01 6.809715765001850274e-01 6.661763231446420352e-01 7.482126191543759797e-01 1.000000000000000000e+00 7.859341988651039612e-01 9.282972071049659935e-01 6.777209626211120330e-01 7.289563891716890343e-01 5.767554570430589722e-01 5.733037807278880127e-01 7.311042992078420344e-01 7.766994065116780144e-01 1.572174170468640039e-02 3.218282059537320161e-01 6.473166046481030333e-01 7.213313373750750435e-01 4.074665912584299887e-01 4.316430428364069760e-01 7.564980972151039706e-01 6.999034221555440194e-01 5.782040435831740099e-01 5.745460655934659933e-01 7.460681743822930034e-01 7.276668498707069554e-01 4.972658216291849786e-01 4.906526212719710123e-01 6.009547911355890282e-01 4.027807793808250159e-01 6.290056529857630530e-01 6.924967510676649507e-01 4.685376491109080055e-01 6.821516593620380320e-01 6.721371744285790095e-01 7.179512367968560183e-01 7.092199743912359633e-01 6.046058552149180532e-01 6.791826950081619740e-01 7.500754451878339779e-01 6.199070746997670245e-01 5.991688083645949625e-01 7.147278978306760289e-01 7.227990556685840451e-01 7.543203366979039926e-01 7.689826628967399991e-01 6.391609791783999794e-01 7.551243591174030545e-01 7.424729635982849629e-01 7.526687942494489914e-01 8.049947603026500476e-01 7.552122321862270171e-01 4.250190631912990069e-01 4.925177788787499789e-01 6.731064041910069795e-01 7.005843474049000541e-01 5.978661787901989877e-01 5.907003059296519476e-01 6.103291555641410238e-01 5.771641904479279939e-01 6.790418402083999716e-01 6.604232024105209931e-01 6.087773245756310514e-01 4.698522873389360255e-01 7.047993064832980270e-01 6.018579283411269465e-01 3.357912391606179825e-01 3.789099021004129764e-01 6.486578513144060087e-01 6.761008362391549564e-01 7.680103722960349710e-01 7.211339254918499586e-01 7.899881244053700291e-01 7.772268899023270228e-01 8.177420175735240493e-01 8.096755909800309459e-01 6.473537435418930119e-01 5.786556631524369942e-01 7.265682880810959698e-01 7.216414136039439597e-01 6.744912945791790015e-01 6.682195891547759725e-01 7.035312404531810504e-01
8.088353078773169447e-01 7.294652167820919741e-01 7.824285684366499849e-01 7.931617731764170065e-01 4.303840506372449970e-01 5.912220256308560185e-01 8.849835734761259953e-01 8.437196224966440061e-01 8.003453656575629793e-01 7.078803647804200461e-01 8.119340046471259509e-01 7.859341988651039612e-01 1.000000000000000000e+00 7.924360442303489682e-01 8.492752962153129470e-01 8.363278037475470050e-01 5.047745083677740441e-01 4.709587734584430030e-01 7.448727448393039907e-01 7.386789882935900220e-01 4.989146412732830410e-03 3.512521266705859735e-01 8.063666057675800136e-01 8.186185111637479528e-01 4.772920865698300208e-01 5.086716732241379768e-01 6.030020933247339787e-01 4.819000089098590123e-01 5.501785366677459654e-01 5.796188441489159571e-01 7.094369196701150182e-01 7.124738053446579844e-01 5.735160083502039985e-01 5.957218584555440399e-01 5.861729402188710081e-01 4.028809965100110246e-01 5.790880114563640157e-01 6.201277129829619872e-01 3.655180077406219863e-01 5.660513555091060134e-01 6.494669504531610515e-01 6.479291123244269590e-01 6.905425161310070337e-01 5.275605978699140497e-01 6.373954307470880432e-01 7.043947384001280065e-01 5.141521458251789856e-01 4.820689876812480068e-01 6.601634191619699665e-01 6.501833536433040406e-01 7.001407233385560369e-01 7.095677773005789613e-01 6.061604885976029644e-01 6.681033328599760290e-01 8.516003360264120525e-01 8.118628323254789558e-01 7.296324482181389959e-01 6.255578368023879676e-01 6.764601991699950023e-01 6.923545882597730294e-01 6.707600922438310409e-01 6.809923437838090177e-01 6.000984316460920009e-01 5.861844952088040017e-01 6.744486213094059712e-01 6.713192816935179552e-01 6.752972263739179803e-01 6.976696725545550315e-01 6.169476567122349486e-01 4.971263587935649819e-01 6.610124480790630086e-01 6.009698801435050530e-01 3.521915381495239750e-01 3.687271971644709989e-01 5.927295434936930008e-01 6.197633460565390440e-01 7.612062418052339963e-01 7.111327130156850362e-01 8.169141068378640291e-01 7.484782895751800336e-01 8.443665999599210270e-01 7.495655885522189976e-01 6.837693437157960075e-01 6.533137272286460018e-01 6.888455327258860006e-01 7.270053022590420300e-01 5.942833910862269642e-01 6.362793620052810128e-01 6.642000887883510174e-01
8.450143408293220304e-01 8.141681922155780127e-01 7.744372616699369827e-01 7.783397803100059464e-01 3.600835653934090219e-01 5.938985325097599910e-01 7.915015265101480457e-01 8.065946485821210432e-01 6.774975976720030157e-01 6.676708850222109470e-01 7.665652420876799544e-01 9.282972071049659935e-01 7.924360442303489682e-01 1.000000000000000000e+00 6.813541360593250440e-01 7.108626667621520401e-01 6.125449713662020068e-01 6.355665090804719641e-01 7.273406824892849620e-01 7.797008183115770041e-01 2.456540777076459889e-02 3.772083063211240095e-01 6.504700534386800292e-01 7.011718117162579755e-01 4.025985345314129771e-01 4.315795055813900216e-01 8.076917091446550456e-01 7.371944234361990089e-01 5.919261547783100097e-01 5.884560758949900494e-01 7.577981653887010394e-01 7.289617804268060386e-01 4.648526800856960239e-01 4.800773666889969760e-01 6.554493924931209525e-01 4.481917299095650176e-01 6.574156293456280276e-01 6.867679724528850116e-01 5.370457302461679738e-01 7.206875168338799931e-01 6.988924129871270097e-01 7.599735506547780073e-01 7.518426806707749765e-01 6.391731664939449553e-01 7.044127320559649963e-01 7.782046205970160058e-01 6.771529610545580224e-01 6.447454643711409972e-01 7.487070986930669525e-01 7.529291615571229723e-01 7.785748119545340407e-01 7.846443634382219701e-01 6.585177649562989899e-01 7.580397529704629989e-01 7.109859897366780368e-01 7.077184835623110404e-01 8.162443755469319662e-01 7.778703798409479786e-01 3.702829391499199985e-01 4.032854026192250196e-01 6.593779637819620065e-01 6.924135209257400447e-01 5.935411687745180132e-01 6.170753502969590354e-01 6.643342504951440519e-01 6.333995195233680375e-01 7.465157517640369500e-01 7.566129278723200402e-01 6.547069002348809841e-01 5.407781958052699789e-01 6.849164848971940334e-01 6.351363031768789691e-01 3.832012873722360213e-01 4.414917509103959969e-01 6.960872582742739789e-01 7.207058132619460489e-01 7.626655995208240224e-01 7.329286495339250029e-01 7.851002739973740319e-01 7.931235182212860169e-01 8.319822902327369540e-01 8.141724292837799748e-01 6.691783217127590389e-01 6.009048687233480290e-01 7.801539841601119463e-01 7.678118170833040379e-01 7.313422538191900468e-01 7.089248224779279850e-01 7.278570539992640365e-01
7.558321043676879958e-01 6.993288310745270353e-01 8.206867429354109955e-01 7.886950311349010256e-01 4.858941744541250274e-01 6.507716695165609577e-01 8.371287880504989509e-01 7.849032426799590345e-01 7.904823213271769955e-01 7.088616882541319830e-01 6.276931904091539449e-01 6.777209626211120330e-01 8.492752962153129470e-01 6.813541360593250440e-01 1.000000000000000000e+00 8.460317947760069845e-01 5.205620721320719513e-01 5.002565135108559824e-01 7.668796597773670509e-01 7.725202537230969613e-01 5.106943810140549683e-02 4.140985147991960158e-01 8.815094511304250036e-01 8.223220458303209801e-01 5.544853802315129476e-01 6.100275108304490379e-01 5.501589471853459701e-01 4.357984507150760023e-01 6.228728503200330335e-01 6.726344616264190446e-01 7.249132098331230178e-01 7.242966192780639911e-01 6.665765460446629875e-01 6.806011973265460036e-01 5.818544781267850352e-01 4.930204789918199992e-01 5.410041475474329786e-01 5.754703404246970244e-01 4.380507467873079874e-01 5.296441009969380387e-01 7.141104512056349884e-01 6.378812565303010329e-01 6.757216605085609729e-01 5.493201112210119863e-01 6.723630436644499886e-01 6.802055978994500096e-01 5.222611720793030043e-01 4.534873179844809976e-01 6.119367231235509630e-01 5.905503931353219826e-01 6.517911210648309472e-01 6.589757409738079552e-01 6.304371081778019636e-01 6.049524397057119973e-01 7.804602208786980411e-01 7.021428710027509679e-01 6.676527401248489868e-01 5.681867410144270103e-01 6.837389414390729891e-01 6.924019051074079556e-01 7.159815613076560004e-01 6.838482749432850394e-01 6.941713828761719718e-01 6.555330300558970258e-01 7.339293728227700431e-01 7.372392265717060411e-01 6.927113001799649616e-01 6.844862160946889595e-01 6.069741754540920464e-01 4.630517904704969934e-01 7.153812772059540137e-01 6.672019297180750153e-01 3.881544235678779931e-01 4.007112887592430006e-01 5.829892442851419831e-01 6.308845198595589565e-01 7.720399524722679763e-01 7.482964832594870552e-01 7.801897763388170315e-01 7.037546203952279589e-01 7.618187330443390026e-01 6.728992990197080193e-01 7.471915099999919541e-01 7.611822930294409595e-01 7.035463577525969958e-01 7.293289717234600067e-01 6.047331201681449553e-01 6.521998944425480005e-01 6.724958012060769930e-01
6.760603269320779596e-01 6.462796420833669675e-01 7.119025289604460349e-01 7.451110137002070477e-01 3.902115432195730205e-01 5.410770963173390236e-01 7.915865150988360410e-01 7.900213259855709547e-01 7.204800916951800138e-01 6.378880727874579604e-01 6.353030047605789932e-01 7.289563891716890343e-01 8.363278037475470050e-01 7.108626667621520401e-01 8.460317947760069845e-01 1.000000000000000000e+00 4.426210947861999867e-01 4.460575365357200006e-01 6.766726312853400538e-01 7.434748916002229535e-01 7.779775760767849817e-03 3.096430665968860074e-01 8.126057127951259451e-01 8.488814482597150102e-01 4.569371590967650221e-01 4.826226577275800067e-01 5.536182292733380361e-01 4.383480694967369917e-01 5.702732134698540456e-01 7.017235870635010198e-01 6.998801024903149592e-01 7.039618002169349964e-01 6.693949656325079989e-01 6.324789027261159546e-01 4.903332291232210260e-01 2.766941963138290217e-01 5.596513139104299928e-01 6.035117588426219815e-01 4.257488320263749793e-01 4.966574251987619926e-01 5.696679498221030036e-01 6.028597114299020232e-01 6.436098721668590539e-01 4.503595631986980208e-01 5.586276826832849984e-01 6.607808087768599625e-01 4.359478037586509980e-01 3.869145187342959979e-01 5.614166199347470076e-01 6.157188889458079517e-01 5.614268847222180225e-01 5.935742241081960469e-01 4.874674778401689723e-01 5.273615621234249984e-01 7.517825230042239903e-01 7.364941323238110016e-01 6.588631288158840471e-01 6.095935017044049609e-01 6.958494498338679835e-01 7.249882291725480155e-01 6.402689140731759876e-01 6.185428094591419734e-01 5.571324228283039970e-01 4.981088403299789857e-01 5.707767414523090554e-01 5.853783179096919698e-01 6.587387908165629469e-01 6.724041685031479920e-01 6.170133733609559634e-01 4.588435126923020024e-01 6.266517869216360337e-01 5.622803345770529537e-01 3.270262639246749869e-01 3.122404813523910194e-01 5.100326403142080300e-01 5.529401748950020234e-01 7.475086142390889865e-01 7.631735079930670462e-01 7.695673216883629486e-01 7.035743183006799573e-01 7.004524843442480053e-01 6.603687503478600229e-01 6.057548147697799923e-01 5.582608959547139538e-01 6.067112915594049527e-01 6.292809671774020064e-01 4.937621713166490123e-01 5.261224662304330169e-01 6.354605130214330266e-01
7.911763157445319550e-01 8.108126703859259710e-01 7.031803992152080296e-01 6.561105117660139818e-01 4.183209686926719906e-01 5.673724019684870390e-01 5.663679231402120040e-01 5.914215125042230348e-01 5.225316300189459806e-01 5.654646673704859516e-01 5.661789461518420552e-01 5.767554570430589722e-01 5.047745083677740441e-01 6.125449713662020068e-01 5.205620721320719513e-01 4.426210947861999867e-01 1.000000000000000000e+00 8.899724258304320124e-01 7.384338995530179695e-01 7.513529142083850143e-01 2.108260049355890065e-01 4.992809122881279871e-01 5.379911051779580067e-01 4.774203710146739943e-01 5.180800627456180196e-01 6.026039022911270360e-01 8.277014756032420317e-01 7.354352984032519469e-01 6.550356915514540246e-01 5.556592187514329817e-01 7.584952142920899920e-01 7.356284238448369539e-01 4.465028531479480201e-01 5.143478606126790087e-01 7.496756118642430300e-01 6.283317841634430412e-01 4.917846604074819772e-01 5.817130866301379877e-01 5.654692980601010444e-01 6.615599214624889868e-01 7.371824282963089781e-01 6.806384461021669496e-01 7.579933927483250011e-01 7.846546763888450071e-01 7.393682066745930204e-01 7.260951579439079984e-01 7.235576788345999821e-01 6.961498195284250290e-01 6.584350315307240242e-01 6.810588932020850139e-01 8.220115378415520091e-01 8.194428809319580509e-01 6.782861624230179798e-01 6.468634513419549981e-01 5.234333503074140026e-01 5.027780410055729954e-01 6.448049357635420309e-01 6.355510298421269688e-01 2.057326364457079948e-01 2.981316866700440271e-01 6.699778202414500283e-01 7.021477037881690419e-01 7.518399728340310340e-01 7.683975281632410281e-01 6.560317280279910346e-01 6.886376829135969491e-01 6.635172447434940501e-01 6.566168499240809808e-01 5.125380461436740420e-01 4.496042909289509892e-01 7.238176800884309481e-01 6.862911033488809931e-01 6.390892548765529924e-01 8.234699159765499488e-01 8.765161233600019530e-01 8.574654075700529621e-01 7.321273653694060357e-01 6.738343259248370520e-01 7.248168134209119762e-01 7.023340767115640038e-01 6.520634673850139729e-01 7.039004729804060334e-01 6.536814439544349487e-01 6.293165792555439619e-01 7.948561407953740332e-01 7.664591335739090461e-01 7.683044845253129695e-01 7.564948023213550199e-01 7.328267453792389752e-01
