1.000000000000000000e+00 8.029210731892489905e-01 5.614594801264279900e-01 5.545251335429199901e-01 2.724344686584230235e-01 3.716070981969860076e-01 5.766995950654000280e-01 4.903161726638810003e-01 4.744780516605500154e-01 3.676524701086800184e-01 8.382241937660539488e-01 7.248800721777800549e-01 7.648409577294460471e-01 6.415207378904139723e-01 6.722565233070360025e-01 6.427917044142870129e-01 7.150409434800839570e-01 7.162581085284970284e-01 8.428574303761929842e-01 7.450278748955380115e-01 4.719265294489889961e-01 3.366319520495469897e-01 4.986071018457490234e-01 4.658490697946239822e-01 5.147512750759609679e-01 4.357980245987789769e-01 7.447586661748519798e-01 7.555702716639920435e-01 4.732306430973409750e-01 4.650725937448729752e-01 6.699259272563380385e-01 6.580212856433530488e-01 3.327512364230449937e-01 3.090578453914240020e-01 5.289662829147310230e-01 4.082574107852949830e-01 5.997908667046140119e-01 5.687714437944629831e-01 2.611092607425140044e-01 3.913539305767779752e-01 7.130862421061550105e-01 7.707858279856419914e-01 6.625940173034390313e-01 6.813300814644319692e-01 7.873866584828650428e-01 7.767564851271580029e-01 6.367600165466249518e-01 6.054974398728409923e-01 7.119032456199809733e-01 7.222722070402309846e-01 8.119953374036360527e-01 7.801310355874779834e-01 6.891509364855540332e-01 5.932330667570949734e-01 7.762809102246159831e-01 6.666094565004929695e-01 6.394654561065500342e-01 5.188894408536840475e-01 3.445869942568259847e-01 2.843676582276969955e-01 7.028595212174959528e-01 6.537466563307160472e-01 7.928050008363669576e-01 7.397637578405720227e-01 5.108281121565959593e-01 5.106266725379350335e-01 4.992375918765369902e-01 4.851552201466259873e-01 3.161196126505220194e-01 3.887870171076209802e-01 4.739127806386860264e-01 4.783327411289650111e-01 7.480938153922820355e-01 7.217789691476279579e-01 7.928045300415039742e-01 7.681569815426469994e-01 7.009011626980420351e-01 6.485250192708750250e-01 7.451911658974780250e-01 7.198374873257119555e-01 6.472601667584989560e-01 6.091932295841909761e-01 3.288375857074389841e-01 3.395206057161089808e-01 4.640594325566109735e-01 3.695077356014500047e-01 4.629173734055980205e-01 4.667279411696890201e-01 5.322306984099619553e-01
8.029210731892489905e-01 1.000000000000000000e+00 5.835752735587419471e-01 5.936397567606449543e-01 4.555315252936280035e-01 5.054890348952869594e-01 6.119662031015320469e-01 5.436391923126450143e-01 5.411275870718259551e-01 4.198374769573139931e-01 7.738747167836830254e-01 6.142884690647699708e-01 6.056328484023140168e-01 6.518295464735179845e-01 7.492784109618300104e-01 7.291572551064470220e-01 8.164033038599359804e-01 8.054499096312559558e-01 6.887052522609180549e-01 7.095553591358250145e-01 5.087414535831940032e-01 4.256494791737219785e-01 5.928672442128569697e-01 4.592540233256049986e-01 6.606760823241619729e-01 5.964665703088050108e-01 7.707870968378409682e-01 7.878224539078140243e-01 6.969984884051729779e-01 6.765046052420500278e-01 7.980823733450560509e-01 7.640580951403299625e-01 4.448903623937159879e-01 3.796898785083320238e-01 5.481230717675940056e-01 4.932879447582860233e-01 4.965925656593920268e-01 5.695650410485589843e-01 2.849136640192410086e-01 4.468637840613530199e-01 8.320482352356229905e-01 8.525282059911359900e-01 8.177110582199820232e-01 8.561376238574559538e-01 8.381584824635880393e-01 8.709685607572149602e-01 8.005646133534110032e-01 7.813400218845180101e-01 8.780401311024510491e-01 8.868586957378340463e-01 9.014160934612109877e-01 8.783162099378659660e-01 8.800590089927380344e-01 7.743189852204950263e-01 7.049219689981019998e-01 6.242577543041319954e-01 8.156523483845310452e-01 7.372902388786769512e-01 3.174896428225800205e-01 3.536106620726859884e-01 8.575073120881210320e-01 8.359610058537629840e-01 8.288188115622630026e-01 8.367215543834819469e-01 5.943778644123689503e-01 5.684250714846119656e-01 4.943646665763249959e-01 5.462326393477030528e-01 3.601898672371299792e-01 3.312113542308199876e-01 5.348770279490180357e-01 5.146233687064309947e-01 7.654562267659600350e-01 7.781901655087309910e-01 8.541499834435100080e-01 8.530929993802129907e-01 7.501310791049330406e-01 7.420824722411639707e-01 8.030244073997280241e-01 8.394716679222650191e-01 7.306875907341380261e-01 7.144443859798470520e-01 5.334195291153660534e-01 5.058345261950429883e-01 6.243366417001110502e-01 5.375521678838810491e-01 6.681222479252429958e-01 6.790665085530059875e-01 6.867728545526780026e-01
5.614594801264279900e-01 5.835752735587419471e-01 1.000000000000000000e+00 8.568950979011460412e-01 6.013663800350139699e-01 6.123180637647690494e-01 8.778801135019099755e-01 7.516985346333979745e-01 6.633164785881080494e-01 7.294770959052250259e-01 5.690281047513710000e-01 4.417844244467910020e-01 7.016602167171029913e-01 4.669350952224149975e-01 5.795456779960900251e-01 5.641112795485120346e-01 4.812548531414059805e-01 5.706526850356969938e-01 7.317395481706679972e-01 6.550223245622219803e-01 2.602978820190740006e-01 3.148428001516520025e-01 7.543237054526380492e-01 5.845031327683459788e-01 6.092503659071990540e-01 5.071474458810979469e-01 5.391605818281269835e-01 4.530409475063140179e-01 6.878248057787780256e-01 5.672291720695969985e-01 7.533214882041729954e-01 6.959330665915870462e-01 6.414974663919950082e-01 5.439847028050099897e-01 1.503976723733720100e-01 4.037198026973640164e-02 1.587548475725830133e-01 1.678948559097039883e-01 -1.532517484368750016e-01 -5.649391303084130194e-04 6.414749759311439981e-01 6.019431629635669800e-01 5.469110128439820251e-01 6.074898623592780433e-01 5.292137085786580153e-01 5.554921788722659848e-01 7.316701185828009546e-01 7.018975622100529499e-01 5.824964695053980179e-01 5.571663061210470058e-01 4.945323643693290139e-01 3.932486397972559944e-01 5.726830963077309544e-01 5.979404304252380342e-01 7.271234763115600463e-01 6.443021037061840151e-01 5.679369174373669615e-01 6.687433759796049815e-01 5.987130013037099685e-01 4.965386291495370030e-01 7.288079790898579491e-01 6.671077573379969872e-01 5.526135917768100203e-01 5.518444583777389889e-01 5.658325661146630381e-01 5.886024078396200343e-01 4.047250091794259985e-01 4.917167139025639955e-01 3.171112486005179809e-01 5.015046522157110553e-01 6.826454581705869717e-01 7.027308354517759481e-01 4.907557819621339856e-01 4.555487179258819741e-01 5.286966304772590108e-01 4.987922577520790268e-01 3.265548314362740068e-01 3.436055874186960124e-01 6.181634359533819678e-01 6.786864549011509817e-01 6.535346177387989508e-01 7.301543611756340368e-01 5.585522546931640520e-01 5.235255608076330169e-01 5.787811718581550302e-01 4.641810204721690258e-01 6.090898193833470531e-01 4.364994320281559981e-01 6.107506247549150391e-01
5.545251335429199901e-01 5.936397567606449543e-01 8.568950979011460412e-01 1.000000000000000000e+00 5.808826622490009806e-01 7.069937947488420527e-01 8.805034755102659760e-01 9.099553297115420269e-01 6.846267310755870250e-01 7.738730824655239982e-01 6.517550231460810251e-01 6.288455457801860327e-01 6.821160767013290105e-01 6.571284071245649949e-01 5.763747637657079537e-01 6.348721781703090539e-01 4.667197107136279999e-01 5.794524021427930327e-01 6.972892462274260517e-01 7.169456686991979577e-01 2.602877693060409725e-01 3.205085537320520039e-01 6.674266701988169626e-01 6.268608789381060475e-01 6.243766412033200375e-01 5.264892456657740416e-01 5.605641748969779625e-01 5.368555732361679489e-01 7.385036918486099777e-01 6.595966567904889555e-01 7.884951174641909866e-01 7.728847485298580011e-01 6.552404858176309466e-01 5.718629007863470504e-01 1.488246848401910127e-01 6.661086153793249753e-02 1.192514934699669960e-01 1.352235220314899899e-01 -1.957762768076599935e-01 7.515966196970629704e-03 6.696482752117499659e-01 5.959486098022880318e-01 5.156105403380040197e-01 6.051425790333130328e-01 5.070793671188750240e-01 5.289013030053609787e-01 7.689133687028320008e-01 6.984734303911439568e-01 5.716895479027419569e-01 5.862545397089420351e-01 4.871217662650300095e-01 3.396294349678359858e-01 6.585377172997030071e-01 7.521110916148470160e-01 7.605351538570079839e-01 7.887626115193500098e-01 5.989002054445290435e-01 7.576798870999440494e-01 4.878682612919260086e-01 5.271769259509040406e-01 7.455757476630660019e-01 7.169307957407849985e-01 5.117962077551510003e-01 5.054517868053970409e-01 6.207005251054600325e-01 6.135393988856919778e-01 4.480954397450889748e-01 4.844428138591270194e-01 3.275709507063649939e-01 4.653656769815789906e-01 7.911992397514330255e-01 8.127685349252949942e-01 4.833017448970480245e-01 5.063129108570779691e-01 5.226408884585489467e-01 4.779151368051480220e-01 3.097983107997089869e-01 3.111513448541760041e-01 4.891134017470529782e-01 6.835298648313560266e-01 7.025369726470149789e-01 8.234110775006400207e-01 6.431756231980370053e-01 5.532393743473870140e-01 6.401491419272730132e-01 5.358692734384989942e-01 6.969929704419499661e-01 5.179489968168210501e-01 6.978627884339050347e-01
2.724344686584230235e-01 4.555315252936280035e-01 6.013663800350139699e-01 5.808826622490009806e-01 1.000000000000000000e+00 4.742903608635339885e-01 5.635296089482529913e-01 4.586890167834239973e-01 6.576970728891410323e-01 5.607081713987209781e-01 4.421012466169360056e-01 2.286413357861629969e-01 4.638624074504710260e-01 3.648438365712389775e-01 4.899232917559590006e-01 3.707989322263040011e-01 4.277959948989459860e-01 4.088354588249020205e-01 4.309998237135729826e-01 4.933862311623519736e-01 2.941340058691639947e-01 3.660906384631429922e-01 6.396072566843870044e-01 4.614996273447780073e-01 5.460522123062070410e-01 4.992256374694190035e-01 4.142589802415300171e-01 4.087698347086620165e-01 7.070325134754049667e-01 5.231377768064270350e-01 5.810807149989579701e-01 5.498953255400319540e-01 4.741176688351619872e-01 4.410075441389399997e-01 1.020728536936409969e-01 1.022172003354849951e-01 6.939334446911829546e-02 6.143698674310910102e-02 -1.563590167188979863e-01 1.401162477661709871e-01 5.312224968013099513e-01 4.362733300273800019e-01 4.421974305255340076e-01 4.805547952001499867e-01 3.643667150654190112e-01 3.608799938288330122e-01 5.540459834599910094e-01 4.570158370610190035e-01 4.835967490946099789e-01 4.199737474200569975e-01 3.503675644601759731e-01 2.926348215697039956e-01 5.213353633496119466e-01 5.036807140692000084e-01 4.628490335134309852e-01 3.882157106250829770e-01 4.773881185617310230e-01 5.887462300272610083e-01 3.938183250347879749e-01 3.437795625245699815e-01 5.679653316158840282e-01 5.056365500727190154e-01 3.888117475735209938e-01 4.313760636744820021e-01 3.880964770566879829e-01 4.393609576888650170e-01 3.425215454347400046e-01 3.139053738207749911e-01 1.529570942459110017e-01 2.651692050781059851e-01 5.131185511373129726e-01 4.355020932737169725e-01 3.435997546194770047e-01 3.870721777621989879e-01 4.122260804292740000e-01 4.009262878866819979e-01 2.246790309327700019e-01 2.874549028121720085e-01 4.299338851426859898e-01 5.099523315362389786e-01 5.667919305157990140e-01 4.964021403697950197e-01 4.206350909190860188e-01 3.912011556989730132e-01 3.435646360042790004e-01 3.396677774629500157e-01 5.290147302761000203e-01 4.119153974694749754e-01 4.405730066509089826e-01
3.716070981969860076e-01 5.054890348952869594e-01 6.123180637647690494e-01 7.069937947488420527e-01 4.742903608635339885e-01 1.000000000000000000e+00 5.775331498527570551e-01 5.952415572566429613e-01 6.505454091209400547e-01 7.263329687500049703e-01 4.915698851017459847e-01 4.371474890737919727e-01 5.023317568353009577e-01 5.524194056798880093e-01 5.980015241485370225e-01 6.912139324591920486e-01 4.612405475407839739e-01 4.749096601352300051e-01 4.665677197829509737e-01 4.544326490151309739e-01 2.774791417483090106e-01 3.138286194982419786e-01 6.365713534050769784e-01 6.577347920540299597e-01 6.958848606497769484e-01 7.317793797516189969e-01 4.860202410199709888e-01 4.413630965640549797e-01 7.043351352804629872e-01 7.314328408886350275e-01 6.157598728427140511e-01 5.721883540125940470e-01 5.369004140055789742e-01 4.932536478401440272e-01 1.745250468097389873e-01 9.006763349804029761e-02 1.584402055960119904e-01 1.562956468429340107e-01 -1.328263204574000045e-01 -3.742222229804070127e-02 5.889504406149409510e-01 4.912705835559900147e-01 5.272255531752679802e-01 5.381899418173760052e-01 4.497346303558900082e-01 4.603771864801289859e-01 6.260032200460869944e-01 5.774233320178470130e-01 5.605944874800450339e-01 5.254504023578190353e-01 5.256796335339799509e-01 4.298907407159370253e-01 5.791942845729050049e-01 6.990604796510490049e-01 5.820375240611329604e-01 6.168832856391329722e-01 5.347801322627530052e-01 5.991766718655260338e-01 4.625227969188069888e-01 5.432401282407729459e-01 6.447434922616990249e-01 6.368597043047770079e-01 4.182544125144500025e-01 4.670693502975160061e-01 4.825206638569560225e-01 4.495117452421469872e-01 3.221958551966749851e-01 3.650562445788079757e-01 4.344177255309240038e-01 2.964152281533850020e-01 5.685398068668640059e-01 4.934249067260649824e-01 4.454103809620379995e-01 4.740067096919680090e-01 4.777220052143359985e-01 4.925625511525439926e-01 3.745140794483209912e-01 3.775149391884959904e-01 5.159635276830719652e-01 6.227235917817229849e-01 6.275036624104820548e-01 6.827247186510360111e-01 5.397796414332249881e-01 4.633990030324299791e-01 4.147594428115060072e-01 3.957826828285569976e-01 5.395359777600969853e-01 4.820250143914640018e-01 4.353579159444220248e-01
5.766995950654000280e-01 6.119662031015320469e-01 8.778801135019099755e-01 8.805034755102659760e-01 5.635296089482529913e-01 5.775331498527570551e-01 1.000000000000000000e+00 9.078101774867120000e-01 7.219339641894430004e-01 7.070778892563840401e-01 6.772886982037660264e-01 5.925789251854279849e-01 7.388759800108389841e-01 6.077701049679939960e-01 5.723114112918260554e-01 5.800175291484049866e-01 4.214641531913079775e-01 5.610949835838410227e-01 7.452895848087900399e-01 6.857908801863470405e-01 2.164301163828230012e-01 2.516699661229530038e-01 6.196901685749319766e-01 4.993831626423220205e-01 5.802112156541480159e-01 4.466129168774540248e-01 5.353100310560680031e-01 4.844355318201690186e-01 6.657398183231819644e-01 5.538623458067689631e-01 7.692815344330290461e-01 7.267267209776729908e-01 6.237653046415030378e-01 5.292113599449159711e-01 1.493173836134809862e-01 9.884503525986479411e-02 1.228839079204969986e-01 2.023049176684960093e-01 -1.929827644856419999e-01 -4.539361313114669699e-02 7.140805044146310010e-01 6.478632432317099621e-01 5.573889942229679484e-01 6.372343695265060282e-01 4.958369103828350055e-01 5.647119739819520534e-01 8.154480733479250176e-01 7.392009453650359996e-01 6.126494738952610319e-01 6.115685036022929788e-01 4.590482493756750104e-01 3.406801678829570190e-01 6.610041215139760284e-01 7.072293327841160382e-01 7.940536340143929950e-01 7.442013082012810532e-01 6.268156170635239555e-01 7.382010555266049767e-01 5.412867430306109728e-01 4.758091862385470106e-01 7.494801348019249909e-01 7.132750738819579883e-01 5.269380669031550335e-01 5.366200246486380054e-01 6.681276415829979776e-01 6.856248704980559827e-01 4.573054884204740267e-01 4.643095513453299739e-01 3.530779538945649776e-01 4.696271523113049740e-01 8.213834848251320153e-01 8.126854154263309926e-01 4.616461813326029895e-01 4.783409471562520276e-01 5.074325712083389561e-01 4.546167414045220179e-01 2.997342330635119900e-01 2.578998363334509825e-01 5.182423212619059472e-01 6.398747998023039951e-01 7.355823803172619746e-01 7.968891673928819586e-01 7.043823011313969928e-01 6.364202365916670212e-01 7.363897336613069999e-01 6.341021120231550290e-01 7.543565232635910389e-01 5.650923446909590364e-01 7.598939460840530291e-01
4.903161726638810003e-01 5.436391923126450143e-01 7.516985346333979745e-01 9.099553297115420269e-01 4.586890167834239973e-01 5.952415572566429613e-01 9.078101774867120000e-01 1.000000000000000000e+00 6.665095345584289843e-01 7.209935840503289839e-01 6.375147113789459974e-01 6.607287766368119541e-01 6.425037730182200368e-01 6.629018979127949684e-01 4.812050922817510124e-01 5.619095300323939668e-01 3.523915297743719921e-01 5.126444851561979821e-01 6.346195887971459726e-01 6.344060542963909644e-01 1.799227771721010061e-01 2.418650247195650027e-01 4.777898033954299795e-01 4.403679527121169834e-01 4.809678417555720009e-01 3.775096502190349868e-01 4.755109271319949982e-01 4.636989017661969914e-01 6.142669007847439966e-01 5.231702419902599654e-01 7.022512887684220217e-01 6.967158572368019609e-01 5.661692151969840436e-01 4.999055584076170233e-01 9.926300623931300082e-02 7.907729009051339686e-02 1.458916049322230013e-02 1.121844897014479953e-01 -2.312719337815219989e-01 -7.266920961576869842e-02 6.421532655918820165e-01 5.637533786684200132e-01 4.640204173679959854e-01 5.565844347905030132e-01 4.137112075327180061e-01 4.847172640308159974e-01 7.628851610237520342e-01 6.932023282842709744e-01 5.272996012117610043e-01 5.549936623710229888e-01 3.938093295734320098e-01 2.406780860463879901e-01 6.313517452883019576e-01 7.436038876365029804e-01 7.206385361220120078e-01 8.237832131293859605e-01 5.615789673392720394e-01 7.398596811909650128e-01 4.040468785803330021e-01 4.847602455002070210e-01 6.499700683259429512e-01 6.463567434789460053e-01 4.411622573674829906e-01 4.498738275301960021e-01 6.456319382538819873e-01 6.556856407053980318e-01 4.039485545210350081e-01 4.362937778393419785e-01 3.260511292300750097e-01 4.345888650956489796e-01 8.113171165540460361e-01 8.110848804889599917e-01 3.652392800393580163e-01 4.250084300570979856e-01 4.179894262597679822e-01 3.465613573629630073e-01 2.228710802039680083e-01 1.459299608130769921e-01 3.467086739299630183e-01 5.339548984263969844e-01 6.644464458115100225e-01 7.835679378020740105e-01 7.227960898524480315e-01 6.134010091546689969e-01 7.356552888681590074e-01 6.433279654316339524e-01 7.466245708421539451e-01 5.618821893592199634e-01 7.626989246500760489e-01
4.744780516605500154e-01 5.411275870718259551e-01 6.633164785881080494e-01 6.846267310755870250e-01 6.576970728891410323e-01 6.505454091209400547e-01 7.219339641894430004e-01 6.665095345584289843e-01 1.000000000000000000e+00 6.352207771136959558e-01 5.675550726471420004e-01 4.906981447290830189e-01 7.030289272663190481e-01 5.813827492492520399e-01 7.082815553266480491e-01 6.384756351778589911e-01 3.735128581530010039e-01 3.898165693265620013e-01 5.429554940522659523e-01 4.608405526291460275e-01 3.241800375380859967e-01 3.126534521248829912e-01 6.971364416951429943e-01 6.507535638492349950e-01 6.666979168718789595e-01 6.206368185503560175e-01 4.016927936253280040e-01 4.162205999965979952e-01 6.612512874784269856e-01 5.530774005889339540e-01 5.584311766274590028e-01 5.323224355954150333e-01 6.430015807838900255e-01 5.943154406476249818e-01 2.190981724949719878e-01 2.999051920013440231e-01 9.791027171635099946e-02 2.854180837152939798e-01 -9.331168315999520402e-02 9.356779315427489474e-02 6.091378911596160295e-01 4.959074256677820092e-01 5.291900701505559690e-01 5.332331292507930254e-01 3.896570378613550267e-01 4.500496274695299781e-01 7.358992340433030410e-01 5.809412511137780344e-01 6.198346854450089705e-01 5.821287658891219907e-01 4.601574738504399797e-01 4.175905725250370071e-01 6.716565415494140101e-01 6.929942145544959464e-01 6.865395302223690210e-01 6.537881340409720243e-01 4.537679272724969848e-01 5.318863136850839890e-01 5.749716108590210428e-01 5.056485875898439897e-01 6.849097946211739618e-01 6.252056184084170409e-01 4.553452573750930155e-01 5.469514521657180550e-01 6.307779573040429577e-01 5.823116497791620549e-01 5.245362087652170047e-01 4.511168407329059771e-01 4.078191493051550043e-01 1.853951820836770015e-01 6.532885614431590549e-01 5.240250023963579640e-01 3.961289058351030179e-01 4.261062901156140170e-01 4.099938738862449750e-01 4.031524936601029729e-01 3.044309067723660056e-01 3.064293871140780223e-01 5.700763743189120047e-01 5.732550675647000160e-01 7.573238376939870342e-01 7.441893846013259983e-01 7.179023910183149892e-01 7.146612587093600366e-01 5.638104984755419880e-01 6.043735819736819614e-01 6.702008535115639987e-01 6.457397115569919466e-01 5.489048792663500098e-01
3.676524701086800184e-01 4.198374769573139931e-01 7.294770959052250259e-01 7.738730824655239982e-01 5.607081713987209781e-01 7.263329687500049703e-01 7.070778892563840401e-01 7.209935840503289839e-01 6.352207771136959558e-01 1.000000000000000000e+00 5.304261200526819708e-01 5.133082410474399948e-01 6.173198545577489593e-01 5.188769450361759850e-01 4.815589648455509963e-01 5.391785975756300253e-01 3.739455884920709905e-01 5.199880626444890463e-01 5.666044539126809942e-01 5.670754191957110280e-01 2.162377841849540128e-01 2.309147112404310032e-01 5.528573800491970447e-01 5.462637851567709868e-01 5.713881438881970309e-01 5.082106509442619879e-01 4.944329653196690155e-01 4.223722750680949933e-01 6.002276326564469633e-01 4.900374429285839772e-01 6.359808630982329847e-01 5.980451736054409606e-01 5.059634365925339550e-01 4.018186838448449816e-01 1.155767359962659975e-03 -8.388261486991049898e-02 9.168661296683650042e-02 2.748075756644479881e-02 -2.989887413272980243e-01 -1.660140644862090065e-01 5.059174911077439774e-01 4.410619891100769907e-01 4.101735915968199864e-01 4.450205854556780194e-01 3.592282960415549842e-01 3.679703083425839849e-01 5.854654730456320122e-01 5.372578570166279821e-01 4.577525275095489787e-01 4.545871794820460221e-01 3.808494090816380018e-01 2.736552648621919936e-01 4.056069296854369899e-01 5.525720999759929919e-01 5.565303805665280379e-01 6.598554493407100541e-01 4.988197922462819789e-01 6.275818474311219974e-01 4.019591838840340103e-01 4.489360896542610169e-01 5.376731557301619446e-01 4.885656992252109809e-01 3.564829005033819942e-01 3.481771506652209802e-01 4.394875303322159921e-01 5.438034898951940033e-01 3.252240921179930244e-01 4.433144613533159806e-01 3.265269854115199766e-01 5.038765204710999868e-01 6.342401430421510389e-01 6.124777235396090536e-01 4.127035855962650213e-01 4.188222437127659958e-01 4.588225785707260029e-01 3.608634536751080257e-01 2.386939305682490020e-01 1.402994963823840091e-01 4.140911765344110207e-01 5.004504357297600015e-01 5.995687876858010190e-01 6.656290798250089624e-01 4.977578903940120258e-01 4.220376827450659785e-01 4.890145430773240043e-01 3.989019418845120013e-01 5.423428490025149484e-01 3.718961834011639822e-01 5.284546984043170248e-01
8.382241937660539488e-01 7.738747167836830254e-01 5.690281047513710000e-01 6.517550231460810251e-01 4.421012466169360056e-01 4.915698851017459847e-01 6.772886982037660264e-01 6.375147113789459974e-01 5.675550726471420004e-01 5.304261200526819708e-01 1.000000000000000000e+00 8.093114689581040189e-01 7.655948192140119568e-01 7.843910895965879870e-01 6.048487114283119803e-01 6.429924781932330191e-01 7.322567944859870170e-01 7.697225331586939889e-01 8.277006738063370506e-01 7.995611166225089494e-01 3.609863918428600216e-01 3.710946905527640061e-01 4.978282884911069961e-01 4.438882034856769798e-01 5.331031582210530306e-01 4.686978674271349843e-01 8.021432816149399736e-01 7.938834873734600395e-01 6.356418271530419606e-01 5.639857094466369514e-01 7.701770509920240482e-01 7.701379702563739826e-01 4.049186525629390188e-01 3.668631754053899852e-01 4.188658592372450085e-01 3.151481027458969963e-01 4.315009816588680214e-01 3.794958693260009897e-01 5.639753232911579733e-02 2.154365984242329890e-01 7.860264920569070002e-01 7.539424201866310460e-01 6.561085721476570543e-01 6.815521932103070224e-01 7.218370707801260444e-01 6.888193030414280216e-01 6.955521687890170446e-01 5.816833645578379786e-01 6.838799488467579568e-01 6.892588754695030406e-01 7.481944263568790499e-01 6.817788909945540210e-01 7.142144234214360399e-01 7.189386525577290410e-01 8.194193044527969816e-01 7.613187037708010196e-01 7.257069397627340379e-01 6.967373308116939779e-01 3.284201881704980064e-01 3.365044432964500176e-01 7.416655623345500548e-01 6.919389468426010437e-01 7.734177081174840040e-01 7.035667452010939682e-01 5.623911909468379822e-01 5.958033239922220226e-01 4.989861540189740041e-01 5.251110797851460399e-01 2.798438470446579784e-01 3.624034136644240234e-01 5.849502236896659824e-01 5.683841664476719790e-01 6.934850869011629504e-01 7.649521858793190132e-01 7.852944181746800423e-01 7.364047182317760010e-01 6.162501147479979569e-01 5.062596817909229552e-01 6.109851547951700157e-01 7.016672627305330368e-01 6.932892980341269773e-01 6.638074493931940268e-01 4.557657846289149828e-01 4.192312435873040144e-01 5.628027585807690025e-01 4.735538471071960021e-01 6.148387122820160311e-01 5.820442240537949674e-01 6.246016657720679932e-01
7.248800721777800549e-01 6.142884690647699708e-01 4.417844244467910020e-01 6.288455457801860327e-01 2.286413357861629969e-01 4.371474890737919727e-01 5.925789251854279849e-01 6.607287766368119541e-01 4.906981447290830189e-01 5.133082410474399948e-01 8.093114689581040189e-01 1.000000000000000000e+00 7.148311557482599499e-01 8.483074317630290295e-01 5.411621755501120345e-01 6.081650115439920512e-01 4.928451796760690007e-01 6.322098816148129519e-01 6.986696811553460007e-01 7.076834270784280179e-01 2.997170459943089837e-01 2.152507961330069886e-01 3.630166808643440213e-01 4.646049907161690085e-01 4.458450664719549872e-01 3.463118099552879858e-01 6.384396952137829651e-01 6.652345749377059914e-01 4.384135264871900084e-01 4.150572119886570266e-01 6.138428056397140509e-01 6.264061841959569499e-01 2.963898897840239743e-01 3.488021427732769797e-01 2.920247440161770069e-01 2.285768473449059923e-01 3.638111153590529723e-01 3.016887320952870155e-01 -2.139776232463319995e-04 1.631118008885809878e-01 5.992742293345170168e-01 5.579176655322839462e-01 4.458954425297990132e-01 5.044617624985090476e-01 5.350720105331939758e-01 5.113107051161900340e-01 5.996498291466959563e-01 5.093861804912620528e-01 5.660177438954450135e-01 6.039999892057940079e-01 5.729538002957409448e-01 4.980548177420699996e-01 5.659306066998559537e-01 6.599747023796199707e-01 7.273090446291400335e-01 7.537281823870699560e-01 5.646692111091330402e-01 5.609390409012759982e-01 2.904883831119869919e-01 3.914022848232039942e-01 5.693135454686589769e-01 5.563623706785719714e-01 5.855660980341780286e-01 5.200592340843229744e-01 4.888607327023459792e-01 5.040425915333279772e-01 4.904090736427609842e-01 5.165230646730849529e-01 2.901334642459880153e-01 4.026786678365649741e-01 5.525661110424030520e-01 5.467973549626480301e-01 6.058243220685229913e-01 6.695546885156129502e-01 6.324971246625790133e-01 5.357783213961180291e-01 4.869918940257519924e-01 3.530699260459980171e-01 4.457513414585099754e-01 5.425435080687239786e-01 6.399404374496250325e-01 6.493241808949179461e-01 3.919660526393550226e-01 3.495958418287760106e-01 4.691805304201709936e-01 3.865679965442410104e-01 4.945155370341020040e-01 4.303799054366380106e-01 5.390685992898359702e-01
7.648409577294460471e-01 6.056328484023140168e-01 7.016602167171029913e-01 6.821160767013290105e-01 4.638624074504710260e-01 5.023317568353009577e-01 7.388759800108389841e-01 6.425037730182200368e-01 7.030289272663190481e-01 6.173198545577489593e-01 7.655948192140119568e-01 7.148311557482599499e-01 1.000000000000000000e+00 6.965245993919589873e-01 6.535543353973269909e-01 6.307634813469910062e-01 4.755330769952920145e-01 5.535740355747530428e-01 7.781894757362369797e-01 6.522889528929199932e-01 3.419724643695399857e-01 2.456835418023139983e-01 6.718819466422329967e-01 6.377015386737869829e-01 5.741968044628820156e-01 4.542003168080119835e-01 5.441087469269699772e-01 5.500226987921279509e-01 5.533538555750000532e-01 4.651144862681779735e-01 6.073347733027579798e-01 5.798328199856860321e-01 4.609815156174090212e-01 4.487481771148990051e-01 2.350481393054230095e-01 2.156375499266809936e-01 3.008713925410350098e-01 3.510926047826439800e-01 -8.706786358289489436e-02 1.002654863399519980e-01 6.574788181707540424e-01 6.257310900126320519e-01 5.820384881266990051e-01 5.492955009088900109e-01 5.850140032912120036e-01 5.660225008228839672e-01 6.584756451150789447e-01 5.337561056510470303e-01 6.060532877511829453e-01 5.833821721250409542e-01 5.562983740768759899e-01 5.083207297978119543e-01 5.683585509088550092e-01 5.891548552770989877e-01 8.245629562005150071e-01 6.915478526970839646e-01 5.189876731156609635e-01 4.908538844807490142e-01 5.603505057602460315e-01 4.098774033699260078e-01 6.729561388082929696e-01 5.742729998436399974e-01 5.722914531583399578e-01 5.949247387847730328e-01 5.639619572667720071e-01 5.884158293493509939e-01 4.723411157665000082e-01 4.171254475339539747e-01 3.263709176876199991e-01 3.916019034355169848e-01 5.843270931940539592e-01 5.426470617238480232e-01 5.946620270914919626e-01 5.501259246266959613e-01 5.807588967105710154e-01 5.265781348356339819e-01 4.645346212329469759e-01 3.895957486565260197e-01 6.453192910365269652e-01 6.032808546278779493e-01 7.200642298453739931e-01 6.788918084969820521e-01 4.952051791798319780e-01 4.831308773696679770e-01 4.832946866546580234e-01 4.438744388034049915e-01 5.382298801588240034e-01 4.371026099547150046e-01 5.205754516633349649e-01
6.415207378904139723e-01 6.518295464735179845e-01 4.669350952224149975e-01 6.571284071245649949e-01 3.648438365712389775e-01 5.524194056798880093e-01 6.077701049679939960e-01 6.629018979127949684e-01 5.813827492492520399e-01 5.188769450361759850e-01 7.843910895965879870e-01 8.483074317630290295e-01 6.965245993919589873e-01 1.000000000000000000e+00 6.262700106715339832e-01 6.995995060183569647e-01 5.553412475093969514e-01 5.779982599893309647e-01 6.013002605546009516e-01 6.559307309005050213e-01 2.427975882177610123e-01 3.283786143509950239e-01 5.344939777723779484e-01 6.068921072047209764e-01 5.515211093877290249e-01 4.794916124473370123e-01 6.084324968297719627e-01 6.777934937529209725e-01 5.737256944079019982e-01 6.010879989075109675e-01 6.599284988707420085e-01 6.580722049772540494e-01 4.379963129643930086e-01 4.774763197444930052e-01 2.805088447648220185e-01 2.928375058121029939e-01 3.151713151353979780e-01 3.211430438649029995e-01 7.501355299646479853e-04 2.046613028967080028e-01 6.812668210084650289e-01 6.034787193048319898e-01 5.587636234547079805e-01 5.730729151410930422e-01 5.671122070841340124e-01 5.681486312923640369e-01 6.693485571249979671e-01 5.695346066986229916e-01 6.345577865520609651e-01 6.849785225219560125e-01 5.816272023052360129e-01 4.963481083242620162e-01 6.444450242309429644e-01 7.309168423493299649e-01 7.169599154161979682e-01 6.902434207095530239e-01 6.484570408949249520e-01 6.278295038669590156e-01 4.002102056195669944e-01 4.850440201198790158e-01 6.762047785182809800e-01 6.709050573432120412e-01 5.431443804746469706e-01 5.766390052162440050e-01 5.691189853379290398e-01 5.817372736039789771e-01 5.368666868160709704e-01 4.900114135104189916e-01 3.251212117970480042e-01 3.544718632330750019e-01 6.165136063309539782e-01 5.967079182261439962e-01 6.148962697703009850e-01 6.656977294136490197e-01 6.116720474376839967e-01 5.811322693153200269e-01 4.923111690767760229e-01 4.317309517463159829e-01 5.144115024166330263e-01 6.457985013187680368e-01 6.619298322267319623e-01 7.325705329733620541e-01 5.351381448223230253e-01 4.861731457231039943e-01 5.708113589316200498e-01 5.332182788830399645e-01 6.394705406371230527e-01 5.816126684998940144e-01 6.267971388869789662e-01
6.722565233070360025e-01 7.492784109618300104e-01 5.795456779960900251e-01 5.763747637657079537e-01 4.899232917559590006e-01 5.980015241485370225e-01 5.723114112918260554e-01 4.812050922817510124e-01 7.082815553266480491e-01 4.815589648455509963e-01 6.048487114283119803e-01 5.411621755501120345e-01 6.535543353973269909e-01 6.262700106715339832e-01 1.000000000000000000e+00 8.354710840055590282e-01 5.747508002202510458e-01 5.646489343779229619e-01 6.392840151966420192e-01 5.705470151250989774e-01 5.086874824882640089e-01 3.186345446546799964e-01 7.363345244882759655e-01 7.155317930844390384e-01 7.800237300185030032e-01 7.103619913986940482e-01 5.983531257235199519e-01 5.924419187680890486e-01 6.660822381976420070e-01 6.713681052996669507e-01 6.263683351342490546e-01 5.979286135511689970e-01 5.663370525877500228e-01 5.439869347428449853e-01 3.479809206182949977e-01 3.854159084402909996e-01 3.847820222906310206e-01 4.613653937823620210e-01 1.301070085976930024e-01 3.197879562356770178e-01 7.060461239021059709e-01 6.444325027809170159e-01 7.081515645340860088e-01 6.809915665401909957e-01 6.556774715693990396e-01 6.723523176156579462e-01 7.159947003574630431e-01 6.649599554602120266e-01 7.871180164487020514e-01 7.607320594445929895e-01 7.241457403507169932e-01 6.909684534527039679e-01 7.130111740962109534e-01 6.709031644157590346e-01 6.346418413759919996e-01 4.992211277897150024e-01 6.415671070384819652e-01 4.956528374892130162e-01 5.134499917405189739e-01 4.931376343401259743e-01 7.498491729786610493e-01 6.860248658021109724e-01 5.696598096728779925e-01 6.621724655303290463e-01 5.641916113517689846e-01 4.777595724666809929e-01 4.964999923543659821e-01 4.996728699386779882e-01 4.014576988939990154e-01 2.940544785969109731e-01 5.005891299562059693e-01 4.058758575053230122e-01 6.865769518219300149e-01 6.380871264355569839e-01 6.803691791139570011e-01 6.921123534821680412e-01 6.272492659512639568e-01 6.402599058809129717e-01 7.850696851321049552e-01 7.576153529970800493e-01 7.563549239140290315e-01 7.432003599922749615e-01 4.947957995451069957e-01 5.148059327883239833e-01 4.238309420051770138e-01 4.145474188438469931e-01 5.510369075451619914e-01 5.637810358305870295e-01 4.729218371534170129e-01
6.427917044142870129e-01 7.291572551064470220e-01 5.641112795485120346e-01 6.348721781703090539e-01 3.707989322263040011e-01 6.912139324591920486e-01 5.800175291484049866e-01 5.619095300323939668e-01 6.384756351778589911e-01 5.391785975756300253e-01 6.429924781932330191e-01 6.081650115439920512e-01 6.307634813469910062e-01 6.995995060183569647e-01 8.354710840055590282e-01 1.000000000000000000e+00 6.189646365860570487e-01 6.091965969772850098e-01 6.216875317436070247e-01 6.077637463480479729e-01 4.507796084790269830e-01 3.320391451723159748e-01 6.920441327322539582e-01 7.092343347067130432e-01 7.834982634330770468e-01 7.411664995338309581e-01 6.951346918369960548e-01 6.766800534171529824e-01 6.993880044340750057e-01 8.051049997580399520e-01 6.849737218475480116e-01 6.741858061638440480e-01 5.609677950890720188e-01 5.344679893458530451e-01 3.725825086337239966e-01 3.377315847139200078e-01 3.122831028895419747e-01 4.432426098948389903e-01 8.114132085462119615e-02 1.971799934962359946e-01 7.342200976203380192e-01 6.796188580019050240e-01 7.398489588723760058e-01 7.107210532887410226e-01 6.737569565791869941e-01 6.962727413793760034e-01 7.344263268213929718e-01 6.997338182759810232e-01 7.419152003355480307e-01 7.497023581386219604e-01 7.416359037763780027e-01 6.754161647321690332e-01 7.369827250608459446e-01 7.504748914032920437e-01 6.692744799386569632e-01 5.968641041992149843e-01 6.598106800280929551e-01 5.518001792716420439e-01 4.081940462680809789e-01 4.603151413122070212e-01 7.614235941811029473e-01 7.306661253040559467e-01 5.720695584439170478e-01 6.458742520676610255e-01 5.901538831061919899e-01 4.944554367767179937e-01 4.727284803174899852e-01 4.908668680366229942e-01 4.769240829176160101e-01 3.431012659028280232e-01 5.815259766751730286e-01 5.273075832273009800e-01 7.032929472190390108e-01 6.648037169606659802e-01 6.827074048700459974e-01 6.935582952432599591e-01 6.475819289877630114e-01 6.044135838245929815e-01 6.918803824621779786e-01 7.669497159049859514e-01 7.262956984752080292e-01 7.830552155916680190e-01 5.573848347273310244e-01 5.391671529585310152e-01 4.734956211945109961e-01 4.440723967288749963e-01 5.824656986009649762e-01 5.978525805163860118e-01 5.284883635893460330e-01
7.150409434800839570e-01 8.164033038599359804e-01 4.812548531414059805e-01 4.667197107136279999e-01 4.277959948989459860e-01 4.612405475407839739e-01 4.214641531913079775e-01 3.523915297743719921e-01 3.735128581530010039e-01 3.739455884920709905e-01 7.322567944859870170e-01 4.928451796760690007e-01 4.755330769952920145e-01 5.553412475093969514e-01 5.747508002202510458e-01 6.189646365860570487e-01 1.000000000000000000e+00 8.479817994847209661e-01 6.110401551821430521e-01 7.189390334727380205e-01 3.946621412680930141e-01 4.081857921401039757e-01 4.877920785850409779e-01 3.919797627431430009e-01 5.708172838881580002e-01 5.634508447280109911e-01 8.494883227154740313e-01 8.595550313282149801e-01 6.497035845622599615e-01 6.517237137256830515e-01 7.686735374535900167e-01 7.462047890471059652e-01 3.037163591960109765e-01 2.495900948620060067e-01 5.356007281472350279e-01 3.293839819264020030e-01 5.288474482694119905e-01 4.441029921533710123e-01 2.047156493805240007e-01 4.102336517522099935e-01 7.305872764263250385e-01 7.527536533622080084e-01 6.965975960546340051e-01 7.151974038837589642e-01 7.790329133249920268e-01 7.058955731240670328e-01 5.962933110306589679e-01 5.571518224687790344e-01 6.930488147397859677e-01 6.795415408198920426e-01 9.118416964337769937e-01 8.422406838268720053e-01 6.693317205330999720e-01 5.909749997992139736e-01 5.767953727255920038e-01 4.977003913816970271e-01 7.405444575552150299e-01 6.491222627890510521e-01 1.434154692552349897e-01 1.990671781469089963e-01 6.947446788548129470e-01 6.548387297845410515e-01 8.629913929933660244e-01 7.779656190398960280e-01 4.073639456325099939e-01 4.417684095356799734e-01 3.774474622071469776e-01 5.270067327110680155e-01 2.825986053260319819e-01 4.114056883679759746e-01 3.834835784219550181e-01 4.074863259188620246e-01 8.143598663825659667e-01 8.278807376363610526e-01 9.022008921940419812e-01 8.882517083857639495e-01 6.811670518871539848e-01 7.356318142554789663e-01 6.730824935663309860e-01 7.628260646573650217e-01 5.130670086008669584e-01 5.225933183714730479e-01 2.420710677280279999e-01 2.151383271457019963e-01 3.912387112189030236e-01 2.598704866165669758e-01 4.432099421389369964e-01 4.925195212846329995e-01 4.859794922692050045e-01
