1.000000000000000000e+00 8.940524928135199501e-01 6.052449045505630121e-01 4.834220301959359922e-01 4.242773043249409848e-01 6.097302594582180157e-01 7.117476809246729985e-01 6.742083097024480498e-01 5.700718416245289522e-01 5.710091832663189981e-01 6.356673209298999705e-01 7.806289806768600403e-01 7.064715123137119690e-01 6.932759304043929482e-01 5.981889482664619617e-01 7.052322740369609821e-01 6.392648575353799822e-01 5.850254099519079931e-01 7.707158880703219861e-01 7.675133793559999473e-01 7.342067637021179594e-02 3.525756091514400253e-02 3.475744145696190168e-01 2.749009082005879900e-01 2.548466977895990082e-01 1.942954577670719940e-01 4.864156980898409754e-01 4.851718613045499784e-01 2.076938188710890087e-01 2.844199120773510114e-01 7.503224711969179728e-01 7.126234894300540468e-01 5.113469837992230538e-01 2.068911584573429885e-01 5.761850068470919517e-01 4.567859039062899806e-01 1.903348320929789950e-01 3.327604277915339748e-01 1.838244911240760060e-01 2.440077725818599885e-01 6.932536752053940488e-01 7.209525049466809499e-01 5.711669143286579597e-01 6.149283045819550209e-01 5.824505211185879716e-01 7.354433774147619562e-01 5.775313868527720551e-01 6.954902070517630097e-01 5.516112434786220042e-01 6.423491121494749878e-01 8.902700939159819971e-01 8.914326215703030076e-01 7.683336687083730521e-01 5.692357131565020101e-01 7.837002243713360183e-01 6.047397872079139924e-01 7.148935735280279591e-01 7.347116806931489608e-01 4.629095155395490102e-01 3.729622166364129909e-01 7.872970213136479822e-01 6.559595302524540150e-01 8.201649422995680450e-01 7.533137654262860305e-01 6.148030050330159924e-01 6.789826969792379652e-01 5.801757432531540193e-01 5.262300757504989601e-01 2.497598194205850053e-01 3.239661384857089876e-01 7.612571532786629458e-01 6.640623603014389476e-01 4.383573307056820023e-01 2.896174841360300012e-01 7.487623329956040186e-01 7.908209443768320357e-01 5.221567305384520186e-01 6.563822953612209465e-01 7.822615171287029545e-01 8.022694043134279696e-01 6.563342490970559551e-01 7.811698876042030282e-01 8.757134753948490058e-01 7.798768329660880072e-01 7.450055691278020253e-01 8.291864042170079552e-01 7.415295890714580507e-01 7.854181806541820077e-01 7.595743948091969733e-01
8.940524928135199501e-01 1.000000000000000000e+00 4.950543138743819793e-01 3.706573392056100036e-01 3.850456195753069744e-01 5.533415624755709805e-01 5.892921008359619517e-01 5.903769794752290467e-01 5.335823805946340315e-01 4.985701846947500071e-01 5.628820528132829626e-01 7.553420556284129450e-01 6.250252179875449565e-01 6.314538310374060437e-01 5.911750221442030329e-01 6.487151022876600504e-01 6.502573535021159978e-01 6.166783598212169926e-01 7.009112782575319667e-01 7.622517885169519669e-01 1.911479835032499908e-01 1.717965360212999892e-01 3.410614822596519935e-01 2.770686002017510030e-01 2.757836831977449887e-01 2.843920805815630115e-01 5.422049109215779650e-01 5.849554491230809505e-01 2.773267273438440039e-01 3.466025468591569791e-01 7.000387710140190123e-01 6.900849324171489663e-01 5.181835324272560106e-01 2.004072536511080083e-01 5.802958976020310411e-01 4.693856928490069969e-01 1.865212491967130071e-01 3.754585584894000183e-01 2.294281220105829910e-01 3.008610405873339833e-01 7.149881125338080068e-01 7.321844213249789624e-01 6.362660446074349663e-01 6.877183964621960133e-01 6.565219681421009534e-01 7.556168665215220459e-01 6.323440996786969803e-01 7.618761357692109826e-01 5.186308602551760183e-01 6.685085638288700283e-01 8.914103824263539533e-01 9.286207026035340206e-01 6.793698517181420149e-01 5.542794473123989762e-01 6.907806272741560116e-01 5.323393050667389881e-01 6.030041715908019961e-01 6.460965085435650401e-01 4.198136097997809957e-01 2.774718293261829727e-01 7.520848438489180499e-01 6.529633117998110414e-01 8.249298285432169475e-01 8.062137899890510218e-01 6.049686368908889778e-01 6.469441064369000349e-01 5.554507404376349822e-01 5.215420883539889640e-01 2.256022054610810068e-01 2.990949973808029738e-01 7.657441406629279523e-01 7.126686349653029717e-01 4.965066333835619905e-01 3.647219034436759988e-01 7.606212215151310074e-01 8.018419404525219951e-01 5.947901836105200513e-01 6.077466153990009889e-01 7.476647812084870059e-01 7.784230105309980496e-01 6.148141524705980077e-01 7.632523876736440060e-01 8.212343890463660312e-01 7.091502158155630342e-01 7.700733680232569878e-01 8.058405063157589865e-01 6.932794726133599816e-01 6.692580624385829902e-01 7.289505441332190250e-01
6.052449045505630121e-01 4.950543138743819793e-01 1.000000000000000000e+00 6.905629903872619879e-01 4.521176935963679977e-01 3.852052807144509816e-01 8.533514464025909740e-01 6.606350074992529686e-01 5.503470148615630109e-01 4.122427385405080247e-01 4.480193322939869938e-01 4.048027026332119971e-01 5.868765136656569625e-01 5.333322687008249519e-01 5.829526932037579767e-01 4.698598932194260058e-01 2.241111248966060066e-01 1.622030423035649982e-01 6.474106050479569996e-01 3.918182996090380232e-01 1.935486620915350120e-01 -1.327841601430949925e-02 6.723081818436480450e-01 5.234723875504879720e-01 4.053094779827500216e-01 2.452540294519700015e-01 2.172948772465130018e-01 1.480068979662109985e-01 3.485932298338049740e-01 3.365713085584789988e-01 5.626003554760640180e-01 4.335965248924730231e-01 4.514278913224429868e-01 2.701326612969000007e-01 3.627413580387570113e-01 2.526049542894640010e-01 1.079741653834279946e-01 9.592971061239830011e-02 1.186428685364520064e-01 7.535017813627689631e-02 3.175220789454329950e-01 3.192680335836139971e-01 1.285380771485979956e-01 1.988573544239360114e-01 1.766060608317500114e-01 2.843693450175839854e-01 2.199295572691190026e-01 3.213050846162580076e-01 3.344425662846010061e-01 2.316677395007989970e-01 4.542759229330670112e-01 4.620924495777060104e-01 5.505239832612329742e-01 3.485399164595819888e-01 7.065891053325189519e-01 4.968780353853819998e-01 4.541805413983079909e-01 3.159902628038970263e-01 6.015819662360980535e-01 3.882084404128059996e-01 4.522129733670169904e-01 2.915957061673850048e-01 4.687233021685570100e-01 4.157170060540790191e-01 4.213640355210069854e-01 5.195988383835949964e-01 2.887839068479520210e-01 1.847784986233710069e-01 1.461200849234420007e-01 2.102926875566450138e-01 5.298372268880280345e-01 4.165205506632460031e-01 3.336966897813560262e-01 2.135461045820759990e-02 3.139489399958469984e-01 3.711555058634080084e-01 3.672210988689800226e-01 5.154531336427119470e-01 5.517368213634650242e-01 4.992711968945119927e-01 3.594080683542599797e-01 4.944021965579579736e-01 5.822042615066900240e-01 6.517886772347070146e-01 2.605104967831349816e-01 4.192971593973660038e-01 4.378077631638019884e-01 5.900524825062970491e-01 3.141010663423159932e-01
4.834220301959359922e-01 3.706573392056100036e-01 6.905629903872619879e-01 1.000000000000000000e+00 3.228055579943109876e-01 3.910345522737059820e-01 6.352454025133750237e-01 8.184877349837910154e-01 3.256680969186310226e-01 3.752641210543720129e-01 2.766933625611729952e-01 4.204279557292390224e-01 2.991335787925549772e-01 5.521275121504060079e-01 3.621983692000709798e-01 4.327797200623039742e-01 1.663021688355889871e-01 1.717433318294180056e-01 4.602296167229479873e-01 3.850311691088200150e-01 2.179690277515229924e-01 5.370154385382570200e-02 5.550262685227389525e-01 7.012993167856710341e-01 3.160049550073700253e-01 2.510344914885759837e-01 2.265399756824119926e-01 2.174707873648679957e-01 3.452175327248159786e-01 4.457255183425690159e-01 5.050033241528270045e-01 5.600462510876039746e-01 4.287059068173260101e-01 4.125861608662100277e-01 3.045395667960790198e-01 3.003024928483539746e-01 3.873165464173219941e-02 4.123012709530989722e-02 7.702736825296380152e-02 1.418685041638519939e-01 2.904950998935920126e-01 3.426572128650129945e-01 1.127225415332619995e-01 1.029573540841010049e-01 1.855205965371120036e-01 2.477413335238869974e-01 1.268856190116650073e-01 2.367597780829049925e-01 2.339748551677389987e-01 1.719595373877249866e-01 3.879977283530000043e-01 3.624198092253699821e-01 4.058203926572410136e-01 3.804867073201539940e-01 5.873626009840710038e-01 6.817484613571499485e-01 3.911945106008610229e-01 4.401698773002860055e-01 4.294384693956900256e-01 5.555574208745559517e-01 4.120073291563610129e-01 3.941743793596900192e-01 3.266633183439779931e-01 2.490693488559720115e-01 3.759104583793739796e-01 4.534009734346879927e-01 3.462101930270150008e-01 3.492051215924840135e-01 8.288297528756520538e-02 1.848334325574970127e-01 5.179762345054590433e-01 4.537969289130689976e-01 2.940037242847899912e-01 -7.335000902480839913e-02 2.893208720233459985e-01 3.379295638883340058e-01 3.682766471543469922e-01 5.435784570836450502e-01 4.784525843535339940e-01 4.801074302530199955e-01 2.753126379377690003e-01 4.120996651608049843e-01 5.099167929789669707e-01 4.329412230125510019e-01 2.052737838121490022e-01 3.383946284088479861e-01 4.029264675289589981e-01 4.654257712418070070e-01 3.359052127451749858e-01
4.242773043249409848e-01 3.850456195753069744e-01 4.521176935963679977e-01 3.228055579943109876e-01 1.000000000000000000e+00 4.127120462827850167e-01 4.538239635433670149e-01 3.409077963289730007e-01 6.226139976824810462e-01 4.537614305339099929e-01 3.154800026618440056e-01 1.997126761808210027e-01 3.784376617313729985e-01 3.434089891559239938e-01 4.692184949919889769e-01 4.230613622291560239e-01 2.077655938484709863e-01 2.077819217083209935e-01 3.550894745542320097e-01 2.824648970800530123e-01 1.455611423652050096e-01 -1.299832211657189936e-02 4.363802640498249952e-01 3.751137873611399831e-01 4.744618019285379851e-01 2.956462007034820205e-01 9.777559960588229349e-02 9.686389522384419859e-02 3.564474663859790171e-01 4.106788151363359729e-01 3.890467327680789955e-01 4.051402273897830031e-01 4.051258361999129920e-01 2.338275436232790105e-01 1.539068162059260003e-01 2.257081954978940042e-01 5.163316640935489837e-02 -4.311541721329219777e-03 -5.673694917834889995e-02 -3.157299176058479817e-02 2.965253672881920100e-01 3.110333892498309827e-01 1.539048986004930009e-01 1.680392890199300104e-01 2.014852757950900131e-01 2.512440445927650035e-01 1.262101749113569982e-01 2.513789916415379855e-01 1.898830712625330097e-01 1.518751573734480054e-01 3.190242836943659732e-01 3.271056427313139836e-01 2.968819838660580190e-01 5.876331693252809935e-02 4.062920409453599779e-01 2.572265042197420248e-01 3.378100657756800129e-01 2.206080614612120072e-01 3.792874666274599904e-01 3.296689658462659822e-01 3.724808049645569885e-01 2.978479002492149808e-01 3.320297397029710051e-01 2.685910109784659938e-01 2.465221284202719909e-01 3.197389552335559992e-01 1.444208904729329945e-01 1.127109566426190007e-01 3.534585513297779959e-03 -5.942256214488399885e-02 2.500869558534399850e-01 1.905298538086240001e-01 1.642967360683509903e-01 -1.955217576516489909e-03 2.682228217038870044e-01 2.686683417663029982e-01 2.614866238427859813e-01 4.251330199306220248e-01 3.828383271975440150e-01 4.221986877494400270e-01 3.347792768080600223e-01 2.752159734166430005e-01 3.799723185970479977e-01 4.096175212920030173e-01 1.808214049264119938e-01 2.537639432392149730e-01 2.443001488228629947e-01 3.655456425787900199e-01 2.604661430032639835e-01
6.097302594582180157e-01 5.533415624755709805e-01 3.852052807144509816e-01 3.910345522737059820e-01 4.127120462827850167e-01 1.000000000000000000e+00 5.243928581725040283e-01 5.518078509815129706e-01 4.648927373793420026e-01 6.286713740340670320e-01 4.702394901480430045e-01 6.457978805110210496e-01 5.464265171516939912e-01 6.019287464218759931e-01 5.957602581816180409e-01 6.612160857549089776e-01 3.036587591060549984e-01 3.478244519879790109e-01 4.320142669438200023e-01 4.007417016687500055e-01 -2.935665212970530163e-03 -1.406310184158079957e-01 2.105981183749109920e-01 2.007475507264719905e-01 1.379123887380279967e-01 1.935370386267259990e-01 2.673523382957659900e-01 2.839027179940959988e-01 2.273354671926710036e-01 3.464202129609260106e-01 5.845512379420430005e-01 5.960532867550639713e-01 4.634445033419219984e-01 2.040093514671799946e-01 4.813868934321829940e-01 2.652747545560090181e-01 1.971810942575150105e-01 2.762817907134270112e-01 7.689129468504130038e-02 2.181854655657740061e-01 5.230008205790730447e-01 5.720469583599849805e-01 4.286167230243599913e-01 3.859308309104479973e-01 4.469494386733989799e-01 5.497408828335289543e-01 3.177650596394699933e-01 4.403031453987160115e-01 3.951444734287519744e-01 4.191117740688790061e-01 5.078103748828419750e-01 5.631831373373950012e-01 5.855305269101169774e-01 3.947164644103020037e-01 5.784547189916989796e-01 6.081740798952129934e-01 4.449462874040600036e-01 4.941194115938090103e-01 3.680171276317990015e-01 4.389358444568680073e-01 6.115599715372630474e-01 5.697902872209309466e-01 5.642914354771959573e-01 4.235095867504239942e-01 4.197583635300199956e-01 4.024101939012940110e-01 3.073838169140630239e-01 3.801607925043409830e-01 2.389958944217449865e-01 3.151473734495370271e-01 5.321398226570379641e-01 4.016058970831810071e-01 2.050998187459520117e-01 2.510022063412920001e-02 4.914288041890469971e-01 5.239003203320770075e-01 2.828618799650109983e-01 5.865153655447049585e-01 5.399291813418259922e-01 6.399537937856479841e-01 6.500932106078030071e-01 5.800623277358210039e-01 6.400995342240990427e-01 5.974050664832799562e-01 5.382550676753590224e-01 5.759492088587500058e-01 6.339680599163439734e-01 5.343216426558150545e-01 6.228860883642619584e-01
7.117476809246729985e-01 5.892921008359619517e-01 8.533514464025909740e-01 6.352454025133750237e-01 4.538239635433670149e-01 5.243928581725040283e-01 1.000000000000000000e+00 7.467677665694999467e-01 5.481269151590449917e-01 4.948877079476339813e-01 5.044790081817169813e-01 5.922089628709640285e-01 7.290996732102650313e-01 6.353798003213430023e-01 5.752142769552089918e-01 5.136496260855729634e-01 2.755939351291969985e-01 2.017046299780199947e-01 6.267465993234290211e-01 4.186898756323250148e-01 1.001366223364270058e-01 -9.826200757012309994e-02 4.657372119321500081e-01 3.979595060427459918e-01 2.816720647932139943e-01 1.945070970870780014e-01 2.434253552551430000e-01 1.834620831636339933e-01 2.244291237241790027e-01 2.798990451543200142e-01 5.353006496377259449e-01 4.758204841819220210e-01 3.959580256675909737e-01 2.140540254015549926e-01 3.988232871873479968e-01 2.296107550442519907e-01 3.804331321642739905e-02 1.089091011985870022e-01 1.708991008593949840e-02 1.084778540200460051e-01 3.551468787492130241e-01 3.575727412503060254e-01 2.136591232277300079e-01 2.844504397317589861e-01 2.587324812215360259e-01 3.647725249078099807e-01 3.294914791456209913e-01 4.487602258769740060e-01 3.999082030131729804e-01 3.670913124308969877e-01 5.127498950769460162e-01 5.264215230254070121e-01 7.038161933783330104e-01 4.838253946658440108e-01 8.405604789907129559e-01 6.353975598681810277e-01 5.534105875953250209e-01 4.537452722479730083e-01 4.954928062137070044e-01 4.389672233895259845e-01 5.178667472913349723e-01 3.878731548027499754e-01 5.704260192644059480e-01 5.250072767009370533e-01 3.967100961025489814e-01 4.865432776717060204e-01 3.763665536974359904e-01 3.090127603066319950e-01 9.968268314049680279e-02 3.409451095540840249e-01 5.264461578972340350e-01 4.078776299212160117e-01 2.941296702692179910e-01 4.462856187140659681e-02 4.117949861428439884e-01 4.831696789168110073e-01 2.906206621593209749e-01 4.558719009927900134e-01 5.930123017887980463e-01 6.047908559780510451e-01 5.258475600177040521e-01 6.081380344827890250e-01 6.482208174606159945e-01 6.774813871259030007e-01 3.662379910724070098e-01 4.898416831408040073e-01 5.091177346235179479e-01 6.386554532806040241e-01 4.111933132592229811e-01
6.742083097024480498e-01 5.903769794752290467e-01 6.606350074992529686e-01 8.184877349837910154e-01 3.409077963289730007e-01 5.518078509815129706e-01 7.467677665694999467e-01 1.000000000000000000e+00 4.049455140887530114e-01 4.756610550130679904e-01 3.995909739887389955e-01 6.564508761101059964e-01 5.118014197855770275e-01 7.511191942069640470e-01 4.248577495675670002e-01 4.999238974717529760e-01 3.361135415576210206e-01 3.681877944891829846e-01 6.153589747412530064e-01 5.693799807616709563e-01 2.441475324509480016e-01 -4.414752228833460079e-02 3.801524382051529871e-01 4.970837795431499728e-01 1.670761358116739925e-01 1.553913195174879969e-01 3.727607455055990116e-01 4.394100274157369812e-01 2.726906233260449897e-01 4.148586698181019883e-01 6.232243694775440046e-01 6.976591465605650466e-01 3.984773465828160277e-01 2.366872400292119871e-01 3.501641264381200047e-01 2.756204682830449837e-01 -6.254509115830420019e-03 8.767155880071519913e-02 8.027992607369939526e-02 2.065794172703249998e-01 4.574591052671300173e-01 4.930107779773890142e-01 3.364773315323170144e-01 3.751797541231610134e-01 3.696946345998999850e-01 4.370325459386409928e-01 3.448427964165780013e-01 4.283872283311980222e-01 3.925088727254940069e-01 4.003356031093889822e-01 6.114977017562279737e-01 5.899332335831080076e-01 5.275761467098519786e-01 4.993874142723669918e-01 7.501016589135419688e-01 8.144586936097899521e-01 6.423544085258400260e-01 7.154649790066319737e-01 3.111695412164600105e-01 4.359188066492910019e-01 4.812348323145420048e-01 4.900576471136959822e-01 4.970854425648150166e-01 4.745971707041209964e-01 4.561240853189419964e-01 5.349360306979450419e-01 4.702040438226979813e-01 5.265295813303609851e-01 1.551384682216100097e-01 3.000793600717249765e-01 6.151933782666020312e-01 5.214121862528799944e-01 4.354992896536289959e-01 7.705603476424889575e-02 4.842680223349259960e-01 5.589705906964089754e-01 3.975562850914470259e-01 5.259595095760689620e-01 6.218276983565690363e-01 6.313434364854609848e-01 4.637716270138699803e-01 5.683660733050940328e-01 6.532683785356200312e-01 5.068004913412750279e-01 4.560802259811860271e-01 5.388680603583040352e-01 5.559932310600570471e-01 6.273259458348739992e-01 5.331623902311659613e-01
5.700718416245289522e-01 5.335823805946340315e-01 5.503470148615630109e-01 3.256680969186310226e-01 6.226139976824810462e-01 4.648927373793420026e-01 5.481269151590449917e-01 4.049455140887530114e-01 1.000000000000000000e+00 6.274268239074329845e-01 3.816399631466469988e-01 4.179254825694390107e-01 4.859752473235690040e-01 4.291268875659099979e-01 6.113908020163589807e-01 5.846360159021469771e-01 3.393805751802240200e-01 2.658767897391620116e-01 5.645122511575100255e-01 3.788464575400580236e-01 1.695700993991250127e-01 5.492654975588970312e-02 4.207812180654589840e-01 3.678437944303509788e-01 3.918986784437339943e-01 3.473271305424119881e-01 2.581220799966659762e-01 1.328481666667949979e-01 3.157528019266139796e-01 3.572880906832849868e-01 5.028710855970669469e-01 4.977122384663180132e-01 4.518815949097759743e-01 1.905688068248569955e-01 4.153868968685879848e-01 3.321728773044210214e-01 2.706998263831459917e-01 2.655575929960379833e-01 -2.107551519160430140e-02 6.887795732281490335e-02 5.240769102846200012e-01 4.967363350319249915e-01 3.793833826226880035e-01 4.113019258214590246e-01 4.087760936154409830e-01 4.906554804536439884e-01 3.775134703215899945e-01 4.960370061261399899e-01 4.607352934098100095e-01 3.835668102067900098e-01 4.778897578448529915e-01 4.428967359738030241e-01 4.701570329127620074e-01 2.963906898253910183e-01 5.664085881669209677e-01 3.728972504812679833e-01 4.278535972711510205e-01 2.977420530617220229e-01 4.448222433403969944e-01 3.564531332987920242e-01 5.260803968444199841e-01 4.340496932225370030e-01 4.749137265271949904e-01 4.651953213973369916e-01 4.599227669376749761e-01 4.969444303807120100e-01 1.932809789134070089e-01 1.738471686134230032e-01 1.142967285550779977e-01 1.663007031505270017e-01 4.411054239689020107e-01 4.353895402892610234e-01 2.142626962545869929e-01 1.300285975087970003e-01 3.977812175704850128e-01 4.554688418419929885e-01 4.062543589978849790e-01 5.791544159982889850e-01 5.361040214743220123e-01 5.649159088484999591e-01 5.179137067460559685e-01 4.833014093226939978e-01 5.732015677016220057e-01 5.583075890773540051e-01 4.582970576108170158e-01 5.535453539090250397e-01 4.804930512793090247e-01 4.906869474333560022e-01 4.850239701132170178e-01
5.710091832663189981e-01 4.985701846947500071e-01 4.122427385405080247e-01 3.752641210543720129e-01 4.537614305339099929e-01 6.286713740340670320e-01 4.948877079476339813e-01 4.756610550130679904e-01 6.274268239074329845e-01 1.000000000000000000e+00 4.357259101100239840e-01 5.847579777265140555e-01 5.598422352577520078e-01 5.747020017581030427e-01 5.361841520956920348e-01 7.182073131831719914e-01 3.557859003566740119e-01 2.925623283171510103e-01 4.086142820595949909e-01 3.860097843787200222e-01 3.271433617066159955e-02 -7.700919728712750378e-02 3.481008348263729957e-01 3.651642005618980225e-01 2.749329144850239937e-01 2.927820997796239944e-01 2.277857663394249887e-01 1.462386232389369933e-01 2.753147500666019987e-01 3.454176406108119823e-01 5.281061416248760132e-01 6.067140579831209468e-01 4.791025016060960207e-01 2.729958057182970133e-01 4.544966031357909886e-01 2.398204815656770073e-01 1.723721705567360096e-01 2.895445226282740148e-01 1.917590478624630126e-02 1.379773535701989962e-01 4.943411368187780042e-01 4.890942933103070156e-01 3.816583727772380197e-01 3.546447906580360021e-01 3.825607452260190167e-01 5.319516491523289536e-01 3.254068362965180095e-01 4.540543429432670197e-01 4.082470419939520090e-01 3.979397116338520002e-01 4.803396893147219848e-01 4.618878083660070133e-01 4.530218813585389914e-01 2.860194781877030135e-01 5.448458295660639772e-01 5.701896050225170320e-01 3.960086088093530132e-01 4.354452508471040040e-01 4.948121718517100032e-01 5.072609104796610424e-01 5.375130360930739926e-01 4.824609187394779952e-01 5.201362450720650177e-01 3.652248349279719752e-01 3.823245973942470122e-01 4.667214580017419734e-01 2.875536134969399749e-01 3.330007852776150079e-01 1.364347472385999960e-01 2.449380041243970074e-01 4.485187760733769791e-01 4.141869055032940117e-01 2.367209587430189888e-01 2.245603390391870124e-01 4.200907652687390081e-01 5.059969645383709524e-01 3.189032833142810275e-01 5.457898912963009552e-01 5.457586760163339878e-01 5.983445011144760128e-01 5.611831087467790136e-01 4.973009933024929996e-01 6.599176676202399561e-01 6.010475682936350372e-01 4.565646550552650007e-01 5.414833296235319615e-01 5.604132358847110362e-01 5.639115554052269719e-01 5.277189080167600244e-01
6.356673209298999705e-01 5.628820528132829626e-01 4.480193322939869938e-01 2.766933625611729952e-01 3.154800026618440056e-01 4.702394901480430045e-01 5.044790081817169813e-01 3.995909739887389955e-01 3.816399631466469988e-01 4.357259101100239840e-01 1.000000000000000000e+00 4.699181976620909751e-01 7.283372620585280011e-01 5.809268604578190498e-01 5.347538881485039974e-01 5.332489802565969494e-01 5.647659863210410247e-01 4.697392882820020099e-01 5.565221481569699868e-01 5.807344376055529889e-01 1.747943077845470067e-02 -4.466512562765429656e-02 3.029900478324130120e-01 1.489213878298550064e-01 1.135449683599149967e-01 4.675111914828959658e-02 3.535863524848409933e-01 3.798410702806089834e-01 1.921993130970250097e-01 1.597553493762380039e-01 5.294616196536540143e-01 4.552335217557529901e-01 2.686607106616010210e-01 5.860808455638889802e-02 2.682934190677629949e-01 1.517062567027820108e-01 5.884515468429699775e-02 5.224219939672999913e-02 1.158862228876330058e-01 1.189651157075039961e-01 3.604879078934030145e-01 4.018525969865709979e-01 3.627973074756890015e-01 3.712348814281620224e-01 3.212248851679589956e-01 4.304877918514660173e-01 4.007327847997960157e-01 4.156718871270360105e-01 2.777470112633009802e-01 3.364416512304190254e-01 5.808135983723140550e-01 6.078023133105909803e-01 4.351867706337340103e-01 2.243104400362619932e-01 5.235389077645979938e-01 3.469849797859019813e-01 5.813939994665200395e-01 4.827500299665740124e-01 3.269265159764350170e-01 1.083448724493420029e-01 4.545655745410430160e-01 3.114628411685280152e-01 5.608576598347659870e-01 4.754132717344479730e-01 2.398288391776449979e-01 3.625003279661199729e-01 2.543013001851650023e-01 2.320990713328540123e-01 1.062976767802970013e-01 1.521985035040470113e-01 3.978964821994129819e-01 3.549453308630480253e-01 3.789723105056529984e-01 2.785915838023270141e-01 5.283167317875560043e-01 6.179041093178280208e-01 3.407011688527830096e-01 4.410313658864519759e-01 5.604873905294760483e-01 5.285676829124480447e-01 4.851916982399929745e-01 5.494911673703930521e-01 5.666488550728180362e-01 6.269121027202150254e-01 4.884585441733190203e-01 5.091287985035169994e-01 4.773601009903710168e-01 4.861262491275000208e-01 5.300670868202219665e-01
7.806289806768600403e-01 7.553420556284129450e-01 4.048027026332119971e-01 4.204279557292390224e-01 1.997126761808210027e-01 6.457978805110210496e-01 5.922089628709640285e-01 6.564508761101059964e-01 4.179254825694390107e-01 5.847579777265140555e-01 4.699181976620909751e-01 1.000000000000000000e+00 6.471448210606529639e-01 6.888735472624359923e-01 4.980703532438719994e-01 6.527003970515570241e-01 5.383479766956590362e-01 6.192212461523529665e-01 6.435212613270570037e-01 6.705427840280360208e-01 1.909696442165779995e-02 -3.957874592508160011e-02 1.596482517455430072e-01 1.771166242198090046e-01 1.122641789427560044e-02 1.196467298840390020e-01 4.688245756835370259e-01 5.031564262153529477e-01 2.375639102798970115e-01 2.884969355969509985e-01 6.681189956823070375e-01 6.524975594986559546e-01 3.379171460227020085e-01 1.270151756739159865e-01 5.814711953667249800e-01 3.844653433811959786e-01 1.065780114999489991e-01 3.331492273437879903e-01 7.666879945037119448e-02 2.459871002164920051e-01 6.340990354243679628e-01 6.756507576859840380e-01 5.502179031772059803e-01 5.396386794310460422e-01 5.752328019368789791e-01 7.016149587335409610e-01 5.261362438607819492e-01 5.977087457903409451e-01 4.953636827810620202e-01 6.666704660618389955e-01 7.284962129268429676e-01 7.228476107306960330e-01 6.728582776568750035e-01 5.595490018365300022e-01 6.515982949075770359e-01 6.890877135944970533e-01 5.994857878886450386e-01 7.058272297334460266e-01 2.907436177197539884e-01 3.346603762537190274e-01 6.547619338352189677e-01 6.076469358814799993e-01 6.829242124417550519e-01 6.046533105209439540e-01 5.454954392188660073e-01 5.746687031646949828e-01 5.310061264009580118e-01 5.922506147399729803e-01 2.300220917790989916e-01 4.363207063747909786e-01 6.916043682863439734e-01 6.187875535493849721e-01 3.179793534381100129e-01 3.504813660926989760e-01 6.862591669008040185e-01 7.207852285660120151e-01 3.862865668996640078e-01 5.092685858205650007e-01 6.510482316228389799e-01 7.138719045573690414e-01 6.664274194281789576e-01 7.413248304110769960e-01 7.238235383749089813e-01 5.893925175989860321e-01 7.165063446275049541e-01 7.395580366726239863e-01 7.146374915409560158e-01 6.632171864533580319e-01 7.284366573665089772e-01
7.064715123137119690e-01 6.250252179875449565e-01 5.868765136656569625e-01 2.991335787925549772e-01 3.784376617313729985e-01 5.464265171516939912e-01 7.290996732102650313e-01 5.118014197855770275e-01 4.859752473235690040e-01 5.598422352577520078e-01 7.283372620585280011e-01 6.471448210606529639e-01 1.000000000000000000e+00 7.094388601509440395e-01 6.515057263818969657e-01 6.303993852867170178e-01 4.250272736346860092e-01 4.357902120707540239e-01 6.118505060200950529e-01 5.266136906508229742e-01 -6.886218946226929649e-02 -1.998278262156309992e-01 3.011399247960589998e-01 1.535060957298219897e-01 1.277697078855880020e-01 4.998917509911830065e-02 3.282786222511340224e-01 2.929060559295740274e-01 1.987158226738859890e-01 1.810054693947689974e-01 5.627047022638009821e-01 4.704547453753499808e-01 2.916293377916269747e-01 1.409544415063540002e-01 4.043175181133489837e-01 1.032970602728769949e-01 -2.406925992146639881e-02 1.434532698673590123e-01 -1.423712175626640035e-02 1.402661819099219886e-01 3.818628032697720109e-01 4.177991058631950194e-01 3.554103475236600196e-01 3.975401090122769876e-01 3.244526847470750042e-01 4.755169168934449964e-01 4.210800784305249733e-01 4.801929313400680188e-01 3.663123871752240190e-01 4.658174163448249860e-01 5.705811606407690251e-01 6.067309103266139703e-01 6.512426679691559750e-01 3.534800103073890143e-01 7.245780295731739651e-01 5.186943629832260205e-01 6.265683923317509896e-01 5.220986840109409499e-01 4.253892818991030222e-01 2.115805803637229865e-01 5.354775937249609541e-01 3.632123952067459749e-01 6.249081321706809744e-01 5.349998358451349967e-01 3.186461455481450211e-01 4.314694088025239904e-01 3.398661383117639878e-01 3.521033044980599880e-01 1.771602767235070097e-01 3.008038638520910135e-01 5.024295956519959638e-01 3.627035338356729977e-01 2.681177138761949852e-01 3.340765962183290250e-01 5.069964882174650134e-01 6.071286792750519856e-01 2.637296190164100107e-01 3.939007785934769967e-01 6.162829397714190138e-01 6.027468421581619884e-01 6.438924776511080195e-01 6.685928084941259453e-01 6.503851532401370150e-01 6.938794379720589767e-01 5.255255443441050334e-01 5.764491129059969854e-01 6.135365790760379801e-01 6.607651126976630263e-01 5.519429716961989918e-01
6.932759304043929482e-01 6.314538310374060437e-01 5.333322687008249519e-01 5.521275121504060079e-01 3.434089891559239938e-01 6.019287464218759931e-01 6.353798003213430023e-01 7.511191942069640470e-01 4.291268875659099979e-01 5.747020017581030427e-01 5.809268604578190498e-01 6.888735472624359923e-01 7.094388601509440395e-01 1.000000000000000000e+00 5.646471015847940311e-01 6.784767285100810064e-01 4.754735772020399764e-01 4.832717375711459984e-01 5.503828203642839867e-01 5.971785108631479932e-01 1.916017407622830071e-01 -7.967346122469240455e-02 3.255151356994639977e-01 3.879305973800110108e-01 1.347772282269990018e-01 2.108568246887040087e-01 4.157923984033179976e-01 4.975995422843160210e-01 2.363629311332179905e-01 4.099393565749069879e-01 6.702146532082410291e-01 6.780915868419490344e-01 4.392792469514170128e-01 2.884955955482280121e-01 3.819388164890660242e-01 2.594533952696039814e-01 -1.056172827799290066e-02 2.101950301798519993e-01 8.967899269197610046e-02 2.775627157384280008e-01 4.923247481017919980e-01 5.267332564333310208e-01 4.247677646621589864e-01 3.743642402764599808e-01 4.526992970108890124e-01 5.155797767457409586e-01 4.575654420097690078e-01 4.951020530093689920e-01 4.160395931136159908e-01 4.435087022289019854e-01 6.341280384509569990e-01 6.417341427581459978e-01 5.862819760989750328e-01 4.646988085953869807e-01 7.245516893467399688e-01 7.033118816358929770e-01 6.493368791674749563e-01 7.168509047338800233e-01 3.840349942468569977e-01 4.063171893744840224e-01 5.851451369045730377e-01 5.653637200771329807e-01 5.309054870541359827e-01 4.580012343579700218e-01 3.697527475525210217e-01 4.595952848112910272e-01 4.087527056471719766e-01 4.920736186079759933e-01 1.776182474375679887e-01 2.531147056739980195e-01 5.964651610141480376e-01 5.280776078014689512e-01 3.997043939671550139e-01 2.899967141994149733e-01 6.034030419523329636e-01 6.703388052479970494e-01 4.584807532235469774e-01 4.750507410868110014e-01 6.939840760204050163e-01 7.329533851126169841e-01 6.098887415992330086e-01 6.137253415841450455e-01 6.807303608878360057e-01 5.658157090498540098e-01 5.564342714192580530e-01 5.792400829501529458e-01 6.152012549036669498e-01 6.361870481070950323e-01 6.033139719222230246e-01
5.981889482664619617e-01 5.911750221442030329e-01 5.829526932037579767e-01 3.621983692000709798e-01 4.692184949919889769e-01 5.957602581816180409e-01 5.752142769552089918e-01 4.248577495675670002e-01 6.113908020163589807e-01 5.361841520956920348e-01 5.347538881485039974e-01 4.980703532438719994e-01 6.515057263818969657e-01 5.646471015847940311e-01 1.000000000000000000e+00 7.850229850942059828e-01 3.766273816765419724e-01 3.561970269368829878e-01 6.369471159388579995e-01 4.541359516182529865e-01 1.441437721267050109e-01 7.248938716069479316e-02 5.272115451237000538e-01 3.633354983113930015e-01 3.971796872698870051e-01 2.808129269050420040e-01 3.466313699900169798e-01 2.665395612568899897e-01 3.014492983187619934e-01 3.644487243239379892e-01 5.532639564832969592e-01 4.382215504909030002e-01 5.819607107830769843e-01 2.640030510139950159e-01 5.524180675183779643e-01 3.682822384495049728e-01 2.346824671680430019e-01 3.196354581767419933e-01 1.156586073597820064e-01 2.548726332549209883e-01 4.753708558255659855e-01 5.277000475300339666e-01 3.541735665695789903e-01 3.398138846333960128e-01 4.007996737593439995e-01 5.454096553259609736e-01 3.169110284829549928e-01 4.653909416274349953e-01 4.018971585690560011e-01 3.974050612029310092e-01 5.095210662178329963e-01 5.654917376049589661e-01 5.316851259968820020e-01 2.768297123064130116e-01 5.555309124504490548e-01 3.967511218245560189e-01 4.410031640882640103e-01 3.478253747391030215e-01 5.335895516452190401e-01 3.105352930060589767e-01 5.677486524703080351e-01 4.050024190665150181e-01 6.105987006086730506e-01 4.647765787877439769e-01 4.706972453582969895e-01 5.285162302771539977e-01 2.648601340722729902e-01 2.398268796269510117e-01 2.290663383219289917e-01 2.583966348406109836e-01 5.806915528394059889e-01 5.269225214253560052e-01 1.982650984893520041e-01 1.127490348028269973e-01 4.747971870347669765e-01 5.629286588272189862e-01 5.838631238085070230e-01 6.964348543555719528e-01 6.676053328759210537e-01 6.002220478092600287e-01 5.365584308510079614e-01 6.260531181195450046e-01 6.656594186244300104e-01 6.907983570729639977e-01 5.511644441120110427e-01 5.941795113285629482e-01 6.049399560123059905e-01 5.156266186461140322e-01 5.520772365065249598e-01
7.052322740369609821e-01 6.487151022876600504e-01 4.698598932194260058e-01 4.327797200623039742e-01 4.230613622291560239e-01 6.612160857549089776e-01 5.136496260855729634e-01 4.999238974717529760e-01 5.846360159021469771e-01 7.182073131831719914e-01 5.332489802565969494e-01 6.527003970515570241e-01 6.303993852867170178e-01 6.784767285100810064e-01 7.850229850942059828e-01 1.000000000000000000e+00 4.567385725990439904e-01 4.168774600340889869e-01 5.563354447697079763e-01 5.003765336599460545e-01 3.885592414512500231e-02 -2.025284250293120022e-02 4.455877157348380191e-01 4.015987615683960232e-01 3.414828093491250049e-01 3.494259341942950181e-01 3.400418022721150013e-01 3.583588596630860046e-01 2.494326404509520090e-01 3.698683862846799952e-01 6.559186304783739541e-01 6.486447241309130085e-01 5.659573089023940407e-01 3.674479983325250054e-01 5.875127292145829738e-01 3.718690127745459817e-01 2.409835567858860106e-01 3.830742025379350046e-01 1.847110586317450009e-01 2.748800742825129872e-01 5.559904166225929645e-01 6.122609444516029509e-01 4.069245214015290157e-01 3.462611902317019874e-01 4.375564234034040045e-01 6.272089218871710337e-01 3.493540972321810267e-01 5.034268675022820494e-01 4.327873386159690194e-01 4.370547516667189769e-01 5.990156501547569956e-01 6.397669148826919949e-01 5.860310119508219673e-01 3.644278946743489955e-01 5.950707827812570239e-01 5.769945584368519897e-01 5.095447484688809814e-01 5.702004275642420517e-01 5.749381408439460106e-01 5.069315359240079699e-01 6.728347683220340381e-01 5.762061633764380408e-01 6.486543399989379566e-01 4.776945168530570274e-01 4.601870984595299863e-01 5.573062565470410235e-01 3.847748687120470246e-01 4.116459099786040077e-01 1.742952085060349987e-01 2.559061051026860212e-01 5.892303358090630327e-01 5.683572910450760407e-01 2.717388814859499901e-01 1.998567098056309999e-01 5.855028048138739560e-01 6.573890660502860195e-01 5.174338999871299638e-01 7.011070425522319960e-01 6.965201679412099667e-01 7.101342415831689570e-01 6.235200278611350289e-01 6.751270854810339506e-01 7.440553463646369936e-01 6.800071605626869520e-01 5.991048945879059451e-01 6.431658999533830245e-01 7.039126855650740255e-01 6.224402997745089872e-01 6.600298534600009814e-01
6.392648575353799822e-01 6.502573535021159978e-01 2.241111248966060066e-01 1.663021688355889871e-01 2.077655938484709863e-01 3.036587591060549984e-01 2.755939351291969985e-01 3.361135415576210206e-01 3.393805751802240200e-01 3.557859003566740119e-01 5.647659863210410247e-01 5.383479766956590362e-01 4.250272736346860092e-01 4.754735772020399764e-01 3.766273816765419724e-01 4.567385725990439904e-01 1.000000000000000000e+00 6.185567861072139850e-01 5.702511419675889703e-01 7.131405180500709484e-01 7.592746428671739989e-02 6.905699960615969968e-02 2.645276783665470033e-01 2.033346854131949932e-01 1.156799024236119938e-01 1.118378774961630018e-01 6.170162636943280488e-01 5.950279395366540047e-01 3.130009798220920181e-01 3.245725190611040145e-01 5.990575919051209786e-01 5.780155724270169548e-01 3.872128106651219759e-01 1.045076564734829933e-01 4.067859363502899783e-01 3.790676606406899740e-01 1.041382712573949987e-01 3.179846916767620213e-01 2.335586908115289961e-01 1.786944015160779886e-01 5.461823874559400549e-01 5.617919299642369912e-01 5.583438379750550462e-01 5.593560966110470156e-01 5.048134567995079536e-01 5.977611398525339848e-01 4.673137893558679812e-01 4.984683257000189771e-01 3.864266077492409801e-01 4.702492713305009842e-01 7.389203028772699522e-01 6.722342628900720429e-01 3.025581382344830206e-01 1.933640395365469888e-01 3.476071425227100220e-01 2.393992925704910013e-01 5.087811758136280282e-01 5.787617843084199576e-01 2.636448749274600267e-01 8.215078078582689625e-02 5.022123026532749890e-01 4.356853133516819798e-01 5.536764661333609672e-01 5.313499100941939668e-01 4.376834600803439779e-01 5.348998092580059538e-01 4.977222021256419993e-01 4.563337539267630083e-01 9.836378896406609840e-02 2.097311826545320002e-01 5.300437111594530348e-01 5.692785827335360427e-01 5.735179779080570306e-01 5.784418536691160462e-01 7.995681690937830322e-01 7.482987742931139774e-01 4.549973330654190073e-01 3.833993839698390249e-01 5.595868477812829811e-01 5.891550803133820402e-01 3.547869471368190197e-01 4.966004725797509844e-01 5.435591472494659682e-01 4.324463763049590237e-01 6.425708768497150336e-01 5.928736203569140439e-01 5.200958580853880520e-01 5.289897773544299797e-01 6.126431824982899732e-01
