1.000000000000000000e+00 9.067053376716369684e-01 6.976352095934780229e-01 7.085920277212109930e-01 4.762051844335210005e-01 4.896375752691120020e-01 6.605119915796460184e-01 6.376068642192439517e-01 4.355199226407289737e-01 5.019688527713990212e-01 7.070846114070660215e-01 7.029965022064540436e-01 6.723598679064599626e-01 5.741111119217640057e-01 6.436801025146460242e-01 6.291350370320789587e-01 8.194711568104110500e-01 7.790813485438979891e-01 8.923520281787229447e-01 8.549247803515600541e-01 3.278635031953329726e-01 2.731051445709070102e-01 5.814233929540619794e-01 5.795839613543359858e-01 5.188755085572670511e-01 4.769787315213919743e-01 8.023164099136409488e-01 7.732517836157649649e-01 4.841299797299289942e-01 5.045287407001489699e-01 6.801839064788699485e-01 6.491892704579109719e-01 4.347492737019800213e-01 3.698742860704359869e-01 6.362235244987139993e-01 6.024725919641940042e-01 1.970703894302330006e-01 4.182142203430619931e-01 5.743591317578230493e-01 4.329455654793910035e-01 6.456753060144320155e-01 6.374418005640299922e-01 5.169403269892970387e-01 6.027638527845230465e-01 6.335553926169049666e-01 6.752503453690049673e-01 5.735456060392439825e-01 5.937383359443619835e-01 7.259671284676350034e-01 7.754823108913749818e-01 9.198753410265450015e-01 8.533022801481989772e-01 6.461252461536739489e-01 6.251801124174559687e-01 5.150138955228139581e-01 3.939253333323959883e-01 7.185826649144160250e-01 6.872239896097780409e-01 5.064229117880190145e-01 4.646088754073999794e-01 5.813309746552299817e-01 5.482181517413120542e-01 7.435741025552510264e-01 6.805606303074579477e-01 7.646871803331719564e-01 7.262864098820029923e-01 6.870501035814280399e-01 5.947241169064440003e-01 2.434271106257570039e-01 3.171118601684039806e-01 7.252190518881970194e-01 6.967973157527109773e-01 7.134601167657530496e-01 7.061139908866299608e-01 7.308225608995250200e-01 7.762603440838550251e-01 6.881309751539089747e-01 5.377431224947110122e-01 8.242828586130940272e-01 7.922831773068429451e-01 8.108080714804369871e-01 7.785280097707999447e-01 5.748495020923609644e-01 5.672011620619790140e-01 7.816087617068669946e-01 8.456278269161140448e-01 7.442155215699739479e-01 8.011418814634320151e-01 7.578490258578960415e-01
9.067053376716369684e-01 1.000000000000000000e+00 6.495022877771780001e-01 7.038473253869049762e-01 4.160982612580489959e-01 4.655007426805239934e-01 6.455723019866690393e-01 6.703480921633629963e-01 3.840586459458990021e-01 4.747965037492600238e-01 7.283763301712929961e-01 7.605202924744189907e-01 6.114833167929459856e-01 5.949551145936720076e-01 5.941365123521630265e-01 5.823806068946559833e-01 8.452863696959299622e-01 8.320637051345489699e-01 8.268316323268100065e-01 8.414964119677500465e-01 2.753669409416890090e-01 1.663629126175530104e-01 4.941568116494429730e-01 5.168921760907040364e-01 4.330136971148689784e-01 3.835374537448340004e-01 7.370069554340059614e-01 7.878201912146739483e-01 3.431393853450819820e-01 4.088376485081959832e-01 5.877790792328010383e-01 5.929172847906180044e-01 3.930313512811050014e-01 3.563949140171340235e-01 6.214460406482790189e-01 5.840128041447419927e-01 1.908787175306869976e-01 4.082527631423900072e-01 5.980097187004429493e-01 5.261091486183520072e-01 5.522529010594230403e-01 5.352023973059170103e-01 4.812213872528129932e-01 5.659459212814950124e-01 5.507376150908860346e-01 6.021459013903349700e-01 5.188769007191810223e-01 5.476237771137399957e-01 6.618247702139510302e-01 7.480886694969539619e-01 9.065892922189680014e-01 8.929077844693139587e-01 6.639788404474420425e-01 6.452243877383729842e-01 5.235202812493520153e-01 4.080135095580130211e-01 7.207288949142169887e-01 7.594792102324490202e-01 4.633266434478879869e-01 5.190532842242100431e-01 5.656622991549600243e-01 5.530053518715689620e-01 7.381091046201639916e-01 7.038128546239740269e-01 6.877542489475749754e-01 6.402942799322339784e-01 6.477258329855980490e-01 5.584285402355060324e-01 2.303427206807009964e-01 2.435833949014339916e-01 6.279164639463300501e-01 6.766683347025239659e-01 6.899705599567630410e-01 6.808040825919080552e-01 7.859061285231420113e-01 7.533623801293920508e-01 7.225313115937860298e-01 6.422045651030250379e-01 7.818150782401319665e-01 7.323391693737340002e-01 7.904145640538640105e-01 7.754268826215710009e-01 5.876145988324199543e-01 5.782824884140890243e-01 7.369740675679860020e-01 7.810718529716389469e-01 7.095567130814920409e-01 7.618894530902859952e-01 6.690594795850960397e-01
6.976352095934780229e-01 6.495022877771780001e-01 1.000000000000000000e+00 8.529888912263180467e-01 6.242102969078410224e-01 6.181831934100130432e-01 8.548690989039730015e-01 7.093789404368919804e-01 4.617600168725550236e-01 5.453630295379510162e-01 3.709114619511160171e-01 4.477088726279599973e-01 6.263688304358480119e-01 4.368263354334510074e-01 7.435031651726610180e-01 6.415477096353430220e-01 5.188188837639450268e-01 5.165658244475900274e-01 8.090657612463769688e-01 7.546307260301799991e-01 3.203751952020870153e-01 2.616069327457959948e-01 8.814714354137980212e-01 8.135664603008190277e-01 7.321831015288779998e-01 6.712616224224999817e-01 5.581320347557030548e-01 5.400970374017579623e-01 7.904383944034619747e-01 7.706558698410890251e-01 8.435964480380959696e-01 7.786926562510030347e-01 6.723503585948740202e-01 5.798369526085590531e-01 6.354832380618079535e-01 6.542405258706289750e-01 2.925961652757739784e-01 3.169988892847570017e-01 5.231319736765970285e-01 3.851485601898450017e-01 5.352085338725359742e-01 4.703029859991340045e-01 4.473953354396710269e-01 4.739975770973620106e-01 4.532897006403480145e-01 5.694228797854200552e-01 4.953047425797270087e-01 5.277208935707760062e-01 5.926960238790559554e-01 6.967955798735510076e-01 5.990469736346349938e-01 5.725778579942879531e-01 6.720388655817309820e-01 5.497879142509839445e-01 6.936344432265779680e-01 5.360372066587000273e-01 5.038843750476790229e-01 5.215150898832660031e-01 7.892063385937909681e-01 6.731495279420820488e-01 7.128694524906610264e-01 6.169807574963469543e-01 7.451221872621209830e-01 6.751376394187820207e-01 7.347603868574840158e-01 6.359342007876620517e-01 5.727254327295999703e-01 4.725792558581279890e-01 2.713218192260369865e-01 1.143814166215170042e-01 6.110869703776720119e-01 5.565154312253559610e-01 4.748558716090720000e-01 4.304233262177000197e-01 5.358224092918799641e-01 6.155434512462939489e-01 6.663658150280079573e-01 5.740638002035229892e-01 7.752959922024600381e-01 7.500043975509219640e-01 7.619657110017650226e-01 7.474760604596260016e-01 6.672653447250029846e-01 7.293432858978550204e-01 5.731380158719060480e-01 7.272279172730480301e-01 6.235542468198319588e-01 7.200744604561210016e-01 5.859401863408050248e-01
7.085920277212109930e-01 7.038473253869049762e-01 8.529888912263180467e-01 1.000000000000000000e+00 4.696271912046089958e-01 5.306914439739039979e-01 8.615672319552509784e-01 8.459545274481879984e-01 4.005367567716680011e-01 4.840194185930130066e-01 4.470234190277679875e-01 5.534131938145889773e-01 6.260857106251459525e-01 5.261271256050049638e-01 6.612992324181850012e-01 5.965367197256700171e-01 5.253864577154919724e-01 5.821475508306299673e-01 7.969047064592720275e-01 8.138663096495899474e-01 2.825767092189879759e-01 2.626175405031410115e-01 7.637274661656630048e-01 8.370004652341389573e-01 5.669551670512510411e-01 6.506575912206550294e-01 6.047516633048699575e-01 5.753307695631949548e-01 6.760130689402570336e-01 7.265444163198819805e-01 7.692927522121479900e-01 7.909054070421479565e-01 6.385591570200289668e-01 6.164838235426269852e-01 5.755033974422789633e-01 5.816033510033440379e-01 3.104652122675010117e-01 2.999710242442429897e-01 5.491104434328020201e-01 3.928772390007960191e-01 5.291478603901129674e-01 5.297890134666659590e-01 4.601980898589290159e-01 4.548287921650990273e-01 4.684948468903680219e-01 5.363631203167980033e-01 4.538204571637909912e-01 5.033827148365189741e-01 6.143012256079219968e-01 6.411829756830379479e-01 6.277325338033260538e-01 6.730719311219579559e-01 6.508594242652949724e-01 6.316625865844589516e-01 7.311535785909569762e-01 6.702962357403550175e-01 5.303950794981190375e-01 5.648816690824900455e-01 6.493278970715460341e-01 7.589882472451620066e-01 7.094770176775430093e-01 6.897790409192100514e-01 6.467359147626899896e-01 6.923281333349540212e-01 7.517098579398360236e-01 6.814688228518089863e-01 6.426400841498399741e-01 6.182272370937700323e-01 2.990324016387360118e-01 1.794202121760359869e-01 6.329162696091540363e-01 6.002283147155319520e-01 5.124608774167119796e-01 4.349621403737439773e-01 5.367041923285700289e-01 5.821284591951260134e-01 6.587604200863289572e-01 5.010275648910800239e-01 7.530356980405650269e-01 7.604889413953509480e-01 7.282024480863470428e-01 6.986160188845409458e-01 5.852125281118140121e-01 5.564224780507439627e-01 6.258071396356970073e-01 6.951256625828650115e-01 6.695062457419730384e-01 6.854191916255499839e-01 5.991732812109350492e-01
4.762051844335210005e-01 4.160982612580489959e-01 6.242102969078410224e-01 4.696271912046089958e-01 1.000000000000000000e+00 6.860996915268560148e-01 5.090561346579010049e-01 4.661167527978050118e-01 6.230458743863760418e-01 6.005250562488260169e-01 2.884439675478129850e-01 3.207447703413249807e-01 4.312456505278869923e-01 3.373038514842759961e-01 6.512502561986649452e-01 6.478495855048690411e-01 4.447182356634590272e-01 3.455457443177040178e-01 5.396579031139240312e-01 4.723958463346270009e-01 3.914965866615580103e-01 3.174923030242309818e-01 6.121358449796490131e-01 5.638656126070670238e-01 7.404960354152040347e-01 7.126576708402719840e-01 4.429792098666779920e-01 4.324590929669769879e-01 6.415312422155949879e-01 6.226854985063879910e-01 6.760706571675050292e-01 6.488830836251660017e-01 5.468462167491630055e-01 5.388052432670279446e-01 4.319385036659350030e-01 3.555019421006889724e-01 2.489720537247870069e-01 2.172620428300610085e-01 2.089867608907909902e-01 1.940247687613340100e-01 6.547396560162930257e-01 5.842732413303579619e-01 5.304203264788309724e-01 5.688706271786320157e-01 5.372862920318359770e-01 5.646986068223179833e-01 4.783833173522260007e-01 4.275878912822470013e-01 5.288050869858810232e-01 5.663708527398789716e-01 4.544797605711690114e-01 3.617049735177599867e-01 4.304976162928210170e-01 3.228460759687160064e-01 4.571906946288160078e-01 3.765672040314759772e-01 4.560274461282490255e-01 4.148035222838979963e-01 5.378144569971630151e-01 4.397361688649940037e-01 6.333125846729069641e-01 5.428314558699059988e-01 6.215899640728039799e-01 5.835802492325650181e-01 5.431239990073769563e-01 4.616763520959050182e-01 3.073392711546770184e-01 2.246958285909279873e-01 2.186921674637540003e-01 1.449090048343310011e-01 5.133673998602600319e-01 5.215893473929670288e-01 4.253863290333509961e-01 5.186152239359720362e-01 3.907664032235689811e-01 5.226868672437460228e-01 3.855062068850549917e-01 4.214838620576210060e-01 5.095685754520959954e-01 5.614164780607919791e-01 5.648663068228260142e-01 5.800384670997900116e-01 6.149772150253030034e-01 6.105453703046630487e-01 5.625198398647910381e-01 6.057909339400280313e-01 5.881144576580099592e-01 6.202795371225819920e-01 5.931839402068369571e-01
4.896375752691120020e-01 4.655007426805239934e-01 6.181831934100130432e-01 5.306914439739039979e-01 6.860996915268560148e-01 1.000000000000000000e+00 5.139469726350679446e-01 6.146984158973779477e-01 5.225689732842290214e-01 7.312345808213870368e-01 3.077757946179470183e-01 4.665096622817779815e-01 3.876441686652690177e-01 4.454633288047020190e-01 5.229564985149319778e-01 6.250218236306620545e-01 4.917907289766469958e-01 4.057183722680500204e-01 5.255488016895140113e-01 4.777408617688440051e-01 2.490506412121530067e-01 1.773443321416980079e-01 4.740393265335730022e-01 5.629385847815300270e-01 5.283474041519380382e-01 5.389980876688219569e-01 4.581186458656750227e-01 5.315380688158459765e-01 5.160838853506309887e-01 5.818204698037310330e-01 5.368234995436830248e-01 5.944543495096520358e-01 4.519192139518919960e-01 4.395610778761149806e-01 4.092521807054679828e-01 4.534608707652790227e-01 4.382655162051429798e-02 1.669415907376979868e-01 2.075970568303459884e-01 2.381146959583639866e-01 5.409878710422909576e-01 4.300931157148120132e-01 5.038953293586599935e-01 5.486541878847650544e-01 4.320124211667660252e-01 4.921359889218300254e-01 4.715471610641689959e-01 4.371535812836330193e-01 4.608171191064410199e-01 5.831544563721610119e-01 4.701563351624710174e-01 3.762459938608839760e-01 4.559907950633569906e-01 3.671201557969079876e-01 4.908244969416880044e-01 5.359035003825000087e-01 4.775589171904969787e-01 5.479840692288470150e-01 4.509654277060580196e-01 4.351218903690399764e-01 5.826646638184640459e-01 5.325715077582030554e-01 5.846702584799320368e-01 5.541719263390000316e-01 4.497988775794810046e-01 4.052887409308409961e-01 3.194829735034430129e-01 2.505638464808920274e-01 2.152204408785829970e-01 4.344441961563570015e-02 4.446452013664500269e-01 5.196651755072539958e-01 4.800698309620429760e-01 4.977249052014550146e-01 5.287275897958449988e-01 5.747767530435959893e-01 3.679663914322279794e-01 5.499866764379279793e-01 5.512857070209350452e-01 5.568755951880739463e-01 5.478202114080129581e-01 6.176633681110940133e-01 6.531575274071069748e-01 6.273847138631140075e-01 4.633184002807619883e-01 5.713433281331089519e-01 5.211589369651119519e-01 5.737905798514170153e-01 4.780446090596879860e-01
6.605119915796460184e-01 6.455723019866690393e-01 8.548690989039730015e-01 8.615672319552509784e-01 5.090561346579010049e-01 5.139469726350679446e-01 1.000000000000000000e+00 8.658988278537620431e-01 4.632365383249170132e-01 4.550980498434429866e-01 5.386612568852050531e-01 5.863018867726840222e-01 7.451781722479809966e-01 6.109043544296589578e-01 7.170618783053529510e-01 6.161969927966840510e-01 4.963851165158770229e-01 5.195296755731380056e-01 7.288476013639969553e-01 6.678639548190949959e-01 2.104223565096660087e-01 1.957708228385769966e-01 8.076961957257220437e-01 8.468760037092759596e-01 6.029765215575040305e-01 6.285571598905449475e-01 5.877044280397549780e-01 5.799018599828570375e-01 6.787135430365910382e-01 6.774513845516120236e-01 7.408330275460920378e-01 7.326856194371700326e-01 6.551883861402160170e-01 5.752573502357439805e-01 6.090863192832559614e-01 6.082961647239479852e-01 3.300930942343640040e-01 2.759887626539099803e-01 5.503572522191819694e-01 3.757901302885059969e-01 5.397896307018980044e-01 5.093579768705319699e-01 4.480049410579409752e-01 4.335872351212319842e-01 4.704007756295869869e-01 5.767077852011990302e-01 5.057213572406239477e-01 5.416152481233009741e-01 6.188931940355479888e-01 6.548667704987090055e-01 5.726701099804569761e-01 5.881954349640520219e-01 7.128035688389979807e-01 6.015655452495860533e-01 8.773270093713959605e-01 7.116488650367009949e-01 5.389569842177339698e-01 5.596481722343630283e-01 6.907919455133459952e-01 7.681739720527660520e-01 7.084785561375569474e-01 6.505754923968970482e-01 6.385622345867749683e-01 6.196025569631570251e-01 7.670875108234870288e-01 6.606606023293759566e-01 6.105595733833679706e-01 5.006368860294539980e-01 2.781190803139779733e-01 1.422524234439279944e-01 5.866432802684350412e-01 5.321806608767649660e-01 4.911401274471000056e-01 4.482808413198999808e-01 5.671197028495039705e-01 6.252766249450439906e-01 6.550422287733960180e-01 5.780707853629980519e-01 7.862790763768540137e-01 7.435975177857160334e-01 7.542892610845759460e-01 6.786753170161440307e-01 6.039434683631610401e-01 5.894535945282749489e-01 5.523358859836750012e-01 6.870487556208400015e-01 6.229425651580250411e-01 6.844290974886639844e-01 5.661565477233759802e-01
6.376068642192439517e-01 6.703480921633629963e-01 7.093789404368919804e-01 8.459545274481879984e-01 4.661167527978050118e-01 6.146984158973779477e-01 8.658988278537620431e-01 1.000000000000000000e+00 4.486416386369539988e-01 5.388234388870819513e-01 5.654386619369500266e-01 7.304009534985099750e-01 6.469507893184049951e-01 7.413815754214280185e-01 6.011439077613000004e-01 6.294961634786220284e-01 5.837475518914619910e-01 5.947083617339650186e-01 6.553578145454980186e-01 6.433462984067980228e-01 2.215624611356729889e-01 1.798044045875150099e-01 6.268347006586370007e-01 8.127925446081919469e-01 4.856512807867410242e-01 5.785584257845129974e-01 6.118483688600350190e-01 6.751193641935380185e-01 5.674909675162459477e-01 6.544674371647200006e-01 6.483017476280059643e-01 7.427514245776749569e-01 5.879066661250560433e-01 6.088819092538579891e-01 5.483570592351779682e-01 5.663974750345790454e-01 2.186368293312299926e-01 2.550299455909260105e-01 5.318451668540209454e-01 4.575432086066180126e-01 5.640857718561520517e-01 5.160263361716650454e-01 5.278997097113790060e-01 4.884319825946740190e-01 4.806081869261980000e-01 5.428209565733389530e-01 4.947741329868680094e-01 5.046040977102459468e-01 5.950767527435599780e-01 6.308635130805839708e-01 5.780683137892920209e-01 6.036895460229619870e-01 6.422990685800890054e-01 6.323557617127879560e-01 8.233946433664810494e-01 8.674853389772719803e-01 6.007220908822570316e-01 6.854142285989389682e-01 5.207414021480489819e-01 7.283419923154620390e-01 6.868095982270490119e-01 6.982454195508299710e-01 5.758626106008549739e-01 6.164078845637990245e-01 6.900858997081029678e-01 6.448677427293719733e-01 5.823487650772669610e-01 5.500424287462579720e-01 2.952682753016960260e-01 1.412229360973510095e-01 5.466992715974150485e-01 6.079659743228349456e-01 5.624228278708299777e-01 5.279645744280090369e-01 6.636315415822999775e-01 6.476351035022940295e-01 6.117182819957559525e-01 6.267044825082019877e-01 7.365181948510699517e-01 7.386084131080890014e-01 7.025013206111969666e-01 6.809101299774279470e-01 5.991749125023160261e-01 5.191181860897730038e-01 5.610713965155259553e-01 6.424963891009289885e-01 6.213878687237770482e-01 6.411502625168949976e-01 5.586424211327459810e-01
4.355199226407289737e-01 3.840586459458990021e-01 4.617600168725550236e-01 4.005367567716680011e-01 6.230458743863760418e-01 5.225689732842290214e-01 4.632365383249170132e-01 4.486416386369539988e-01 1.000000000000000000e+00 7.318906160145930428e-01 3.618538651966279884e-01 3.261010096936660108e-01 6.366263973436969703e-01 4.671104677778579739e-01 7.369678742926509818e-01 7.155474192335860018e-01 4.303740612008720157e-01 4.105468830090460153e-01 4.277875452753919783e-01 3.907483521231630008e-01 4.634524129386309865e-01 4.613752012290390225e-01 4.770283974996260001e-01 5.534705222926089574e-01 6.328769957031450399e-01 6.314908149852960229e-01 4.126841714684110207e-01 4.641182201370350202e-01 5.068750731606489479e-01 5.405342936168230361e-01 5.912138815524760060e-01 6.165452083069400402e-01 5.334525507130569721e-01 5.445325194329949658e-01 5.773634361462459674e-01 4.772486936828270188e-01 3.301947289432750066e-01 2.947503262125920065e-01 2.549654349233719808e-01 3.260030364221149779e-01 5.910403715536060032e-01 4.608128735163259937e-01 4.513541002761810028e-01 4.033682620601979907e-01 5.229264123402780351e-01 5.615031047762429894e-01 4.547968812923199877e-01 4.372346100379739808e-01 5.505164052967570498e-01 6.105419184282819822e-01 4.303045885146210003e-01 3.364953497526200210e-01 5.265274166430400360e-01 3.975611741621429829e-01 5.536679486471419720e-01 4.910298738444089928e-01 3.788432867122660253e-01 2.685777396434140263e-01 4.720064723929660033e-01 4.756292641691799994e-01 6.043056654135470218e-01 5.278415730524580463e-01 6.361261918669429694e-01 5.978235418340890339e-01 5.367619684662530144e-01 5.590656381967330502e-01 3.279074570550710166e-01 2.228990389233710123e-01 2.897772296437869932e-01 2.760988906400649867e-01 4.140625137606209760e-01 3.942746162669740206e-01 4.443129189483600028e-01 4.911449426509589822e-01 3.642337520916920091e-01 5.902901400568579815e-01 3.818543021358180023e-01 2.241333161630610082e-01 5.083615148042059939e-01 5.869870989884790058e-01 5.858424273120910186e-01 6.382023500474699462e-01 7.097578461037840070e-01 6.551833622683069791e-01 6.313935132639859615e-01 6.525388093980249993e-01 6.783614354163109983e-01 6.586440984975390212e-01 6.320149007348739856e-01
5.019688527713990212e-01 4.747965037492600238e-01 5.453630295379510162e-01 4.840194185930130066e-01 6.005250562488260169e-01 7.312345808213870368e-01 4.550980498434429866e-01 5.388234388870819513e-01 7.318906160145930428e-01 1.000000000000000000e+00 3.428555715673449744e-01 4.097956588277880119e-01 5.516796676985480374e-01 4.791234415530559732e-01 6.188403594792759588e-01 6.987187425223150283e-01 4.911133601431250106e-01 4.060415126253920093e-01 5.045056575589700332e-01 4.801280898713159995e-01 2.961058465880220258e-01 3.279637764560279778e-01 4.201294311288720218e-01 5.424607584171490249e-01 5.657812191040759719e-01 5.346351225826809772e-01 3.884130896020370205e-01 5.126137712027289961e-01 4.129539975095690152e-01 4.950115957793689847e-01 5.670939868036900533e-01 6.150297211293529465e-01 5.175969953251939870e-01 6.036609014834569686e-01 4.460715630956719746e-01 5.461302016502720402e-01 1.671053383352870125e-01 2.845975388869420031e-01 2.285388521030430053e-01 3.789079879193589795e-01 5.501646060786730130e-01 3.880789154233100224e-01 5.140937492595689662e-01 4.955922682290210268e-01 4.756744163578219831e-01 5.087179577154600230e-01 4.393991856172410060e-01 4.543138775449789835e-01 4.907699630404510072e-01 6.154727550770390243e-01 5.120726323435590421e-01 4.445458128702359790e-01 5.987726474184380532e-01 4.777658488336279929e-01 5.347898780393589568e-01 5.406821814768719703e-01 4.401724848916280242e-01 4.442526214468259793e-01 4.777023936556850092e-01 5.055032229990460424e-01 6.327102211609949567e-01 5.701840146348069460e-01 7.115907489844199851e-01 6.788061738364320474e-01 4.658323807671529981e-01 4.787996029046079904e-01 2.458264534658050060e-01 1.764472255138979928e-01 1.475013468857639953e-01 1.537246513285610017e-01 4.111780876633149839e-01 4.471865245662249855e-01 5.352152969011050310e-01 5.076421398956569853e-01 4.783736615037770257e-01 6.079790886038990427e-01 3.036511154431770221e-01 4.060766104389860187e-01 5.365734637251770023e-01 6.016874883722059808e-01 6.268723697155640373e-01 7.012387654908349699e-01 7.607777454810480400e-01 7.072142001340080419e-01 5.586487487626999870e-01 6.311614831285560223e-01 6.210411452601339866e-01 6.360787104254640445e-01 5.268447195335229649e-01
7.070846114070660215e-01 7.283763301712929961e-01 3.709114619511160171e-01 4.470234190277679875e-01 2.884439675478129850e-01 3.077757946179470183e-01 5.386612568852050531e-01 5.654386619369500266e-01 3.618538651966279884e-01 3.428555715673449744e-01 1.000000000000000000e+00 8.250828947130459667e-01 6.244557016230659618e-01 6.691861998894209629e-01 4.325077110368599764e-01 5.304604615024399727e-01 7.547543768584550339e-01 6.774138057625269660e-01 6.099964071561809753e-01 5.988213184911369558e-01 1.339391288314669970e-01 -5.230405168541519753e-03 2.471791308724650138e-01 3.104527371502630029e-01 1.991141754873770042e-01 1.631570976437959897e-01 7.590419354004780406e-01 7.572262655567360001e-01 1.828060157358090132e-01 2.055009798231380025e-01 3.866136476431999980e-01 3.979074168807509859e-01 1.952317363979980125e-01 1.752054188881209951e-01 4.801404620826280056e-01 3.406651006683369953e-01 1.579829364393419977e-01 2.812288079437729738e-01 4.610215517508480243e-01 4.055899231959779749e-01 5.619233264231350278e-01 5.087701130020210183e-01 4.262144302696990183e-01 4.513138493424400099e-01 5.128175705870979817e-01 4.867658820838879907e-01 3.840623696004519805e-01 4.068649434600499770e-01 5.592253577838649514e-01 5.846654442678840269e-01 7.765469243020649559e-01 7.446006126926589808e-01 5.084430626394730313e-01 4.138702171677480224e-01 4.835743316499119815e-01 3.552939146454380248e-01 7.847520892349459931e-01 7.140400060426289608e-01 1.581722322855169949e-01 3.268970859449419897e-01 4.069325545599860039e-01 3.937176738016500144e-01 5.816924865870659600e-01 5.261182309007720326e-01 5.322065834169219523e-01 5.358218873822470085e-01 5.671484556251950027e-01 4.809070725675629876e-01 2.528678698510969935e-01 2.963579218138320259e-01 5.928519789497079806e-01 5.796844318366589643e-01 5.941056770396060394e-01 6.056460900494550215e-01 6.611937791102020512e-01 6.605680209553399518e-01 5.838922412516109883e-01 5.556242075325460439e-01 6.245465653877649848e-01 5.429749034700029897e-01 6.337054244188550234e-01 5.929902131731710213e-01 4.348378153168239724e-01 3.658027250183810142e-01 6.598988852944629446e-01 6.685029931714879803e-01 6.061191702505910328e-01 6.520743863336370127e-01 6.202435302909550252e-01
7.029965022064540436e-01 7.605202924744189907e-01 4.477088726279599973e-01 5.534131938145889773e-01 3.207447703413249807e-01 4.665096622817779815e-01 5.863018867726840222e-01 7.304009534985099750e-01 3.261010096936660108e-01 4.097956588277880119e-01 8.250828947130459667e-01 1.000000000000000000e+00 5.260112894287629626e-01 7.810847956203930131e-01 3.688382314734969802e-01 5.444710922753369653e-01 7.391087741068970152e-01 7.004531918616859754e-01 6.476912586025530549e-01 6.432323771759920206e-01 1.630952873099769940e-01 3.757977894755600012e-02 2.624172232993969844e-01 3.997504221569159744e-01 2.747356800068759819e-01 2.689124327050689822e-01 7.325287429959269625e-01 7.922619178538700124e-01 2.405950894071690049e-01 3.017416743973410087e-01 4.444265583084689997e-01 5.077506563057919697e-01 2.885194267104669863e-01 2.725661468631709883e-01 4.361931384722880223e-01 4.251315722764910099e-01 1.043585244825240010e-01 3.049765137386949987e-01 4.625298816546730141e-01 4.280329669412790139e-01 6.049207411014110303e-01 5.526298327200549476e-01 5.409232308498900244e-01 5.597650511552559882e-01 5.308634733045809462e-01 5.523774488515930114e-01 5.006616758012589763e-01 5.201991220538549898e-01 6.114074239635820529e-01 6.427297683909429793e-01 7.240135436749719489e-01 7.519825186693109842e-01 5.777130412015669680e-01 5.698220187596719777e-01 5.226267567159470495e-01 5.194949367078239844e-01 7.625034181127540167e-01 7.915162686268969461e-01 1.928754305373960032e-01 4.158406749385539780e-01 5.120660474603540013e-01 5.465344162485740176e-01 5.662563398805660064e-01 5.759561144915059661e-01 5.643828010374769555e-01 5.282766383002559518e-01 5.736525791484440306e-01 5.272342760524270089e-01 2.362638759319539983e-01 1.647895452907459923e-01 5.926325443270330506e-01 6.574630057368949787e-01 6.370026858610540188e-01 6.300866406528889963e-01 7.550817608365579803e-01 6.820814213734249787e-01 5.376294926565530208e-01 6.147801914622940123e-01 6.498741621912109689e-01 6.159591604580040292e-01 6.599981987861269772e-01 6.114453596668559809e-01 4.682521063545069806e-01 3.973209077725319838e-01 6.187082257528500051e-01 6.476892086366220491e-01 6.091191120193349962e-01 6.494492371205520254e-01 6.063117230364779564e-01
6.723598679064599626e-01 6.114833167929459856e-01 6.263688304358480119e-01 6.260857106251459525e-01 4.312456505278869923e-01 3.876441686652690177e-01 7.451781722479809966e-01 6.469507893184049951e-01 6.366263973436969703e-01 5.516796676985480374e-01 6.244557016230659618e-01 5.260112894287629626e-01 1.000000000000000000e+00 7.648471358342560089e-01 8.123658477382880161e-01 7.886291602857500305e-01 5.132097087691930293e-01 5.073097083121319573e-01 6.183321461877829828e-01 5.796153230493860109e-01 3.238433786881280141e-01 2.587100108283170163e-01 6.606193103297549607e-01 6.999686403169880222e-01 5.541506183709129507e-01 4.927163232180469810e-01 5.252437650171459804e-01 5.610165076017590291e-01 4.869372296155520252e-01 4.866708657566219953e-01 6.038467931137859734e-01 5.653178634403079883e-01 5.375153576853040072e-01 4.786006685715170073e-01 7.019134142843850288e-01 6.460727705255130404e-01 3.460274466511429892e-01 3.616215324723819902e-01 5.283182547238269855e-01 4.898639280709299881e-01 5.432399018352580544e-01 4.761487331322770133e-01 4.074897876969980071e-01 4.096937417201840237e-01 5.365759067800860427e-01 5.960055302582529801e-01 5.564475353120390544e-01 5.874910766243820470e-01 6.421831513060860530e-01 6.983891213512539720e-01 5.625558273103280493e-01 5.371350759996039725e-01 6.977781310218720279e-01 6.235256220927970494e-01 7.261277001262620434e-01 5.868130245563909497e-01 4.742796283626070086e-01 3.897428718910480039e-01 6.175401738041299549e-01 5.752081117318990078e-01 5.696626986119609493e-01 5.045935674234719448e-01 6.732768508313099476e-01 6.214699084653639849e-01 7.143514999999960313e-01 7.058696024860500184e-01 5.247415868180409504e-01 3.790683329976810012e-01 3.090883383777480176e-01 3.262071865287439754e-01 4.951471248730079933e-01 4.512764125095650170e-01 4.665420520962699769e-01 5.171234542018260383e-01 5.339043727433769870e-01 7.110447474050529681e-01 6.246229212334379888e-01 4.333530687785679958e-01 8.169930674988199470e-01 7.907633546026600069e-01 7.638541705774000157e-01 7.326742712441349781e-01 6.498603314837999578e-01 6.053846766201019802e-01 6.249652359781130428e-01 6.981353929584299678e-01 6.778859032984539956e-01 6.996109359439519615e-01 6.090109770845999471e-01
5.741111119217640057e-01 5.949551145936720076e-01 4.368263354334510074e-01 5.261271256050049638e-01 3.373038514842759961e-01 4.454633288047020190e-01 6.109043544296589578e-01 7.413815754214280185e-01 4.671104677778579739e-01 4.791234415530559732e-01 6.691861998894209629e-01 7.810847956203930131e-01 7.648471358342560089e-01 1.000000000000000000e+00 4.957473501046870124e-01 7.521419612039049740e-01 5.847644328543869507e-01 5.654659152205899764e-01 5.215306992357600091e-01 5.137108107461979545e-01 2.783207376478630257e-01 1.138357685913749945e-01 3.734590234572500167e-01 5.809276621402710283e-01 3.586969336853840229e-01 3.444600102454560275e-01 5.848193418442170222e-01 6.929379947100100523e-01 3.162487354010680152e-01 3.850093243390099729e-01 4.434110566953600174e-01 5.052735583202100367e-01 3.409131339366849867e-01 3.661591511593759729e-01 5.300516716542600371e-01 5.319256314783480377e-01 2.135901840664340134e-01 2.676420852084749891e-01 4.930509083904959788e-01 5.151800745171930540e-01 5.698790736535149781e-01 5.092306971183829800e-01 4.524252829220800076e-01 4.505419207320400243e-01 5.001492833268960103e-01 5.662319098115270455e-01 5.325956086111790500e-01 5.479504068864360367e-01 5.949389436573310208e-01 6.356115663130750271e-01 5.304752860086450195e-01 5.377338875646010541e-01 5.661749483568759844e-01 5.667392036910979813e-01 5.902224857238490552e-01 6.444260534421559772e-01 5.926286680193579848e-01 5.937260831330489763e-01 3.147737379395669777e-01 4.724702081502740181e-01 4.948727961987730017e-01 5.212717179605189655e-01 5.458739376489509798e-01 5.580228586506940092e-01 6.088257793419260544e-01 6.120984577181529662e-01 4.994766512951789861e-01 4.316106389290790268e-01 2.821113299361999727e-01 2.331643009737829897e-01 4.651155525754679942e-01 5.545110875815419949e-01 5.345180162471380170e-01 5.648965151267110185e-01 6.477130136857870424e-01 6.750891354891069840e-01 5.045551414830109493e-01 5.247577596526969979e-01 6.932642257681660425e-01 6.963296533765469531e-01 6.323049730981320504e-01 6.109101822689360084e-01 5.425352566386849595e-01 4.475451726001040131e-01 5.541931787635080431e-01 5.909369661734460433e-01 5.902346637208619740e-01 6.019120566795640448e-01 5.639204457319120234e-01
6.436801025146460242e-01 5.941365123521630265e-01 7.435031651726610180e-01 6.612992324181850012e-01 6.512502561986649452e-01 5.229564985149319778e-01 7.170618783053529510e-01 6.011439077613000004e-01 7.369678742926509818e-01 6.188403594792759588e-01 4.325077110368599764e-01 3.688382314734969802e-01 8.123658477382880161e-01 4.957473501046870124e-01 1.000000000000000000e+00 7.640712098812469932e-01 5.031699272546950041e-01 4.940570268441760171e-01 6.387046558101889815e-01 5.898258782734430161e-01 3.944345066628219820e-01 3.847603203807319905e-01 8.173899864557599981e-01 7.677571370357689773e-01 7.601173285530949952e-01 6.959998913482770000e-01 4.710526036634349878e-01 4.788326779131300004e-01 6.395559691041770023e-01 6.534763002972040491e-01 7.300920269453600175e-01 6.761197762977440018e-01 6.853589167133670168e-01 6.216163536373290333e-01 7.479254014552989549e-01 6.454131283415720510e-01 3.952702952615970156e-01 3.972925380334150214e-01 4.611837743923529742e-01 4.302240463858990061e-01 5.504401771938409738e-01 4.767446065323879822e-01 4.508179166203220012e-01 4.708485489203300123e-01 5.375728273994769824e-01 6.149502045613609580e-01 5.775286079215420365e-01 5.895782306185840538e-01 6.389684916046649565e-01 7.046119117506739471e-01 5.222962913678309560e-01 4.700364341928999767e-01 6.783450913227849766e-01 6.107851163962220165e-01 7.327298118881959699e-01 5.578856445515789630e-01 3.886039537737169813e-01 3.350016394638550277e-01 8.021251588747779770e-01 6.318413307232859655e-01 6.645386076541669462e-01 5.679989534249939576e-01 7.100520904759489715e-01 6.612162790217449571e-01 6.666567881836450438e-01 6.402752150274479970e-01 4.996157547491800188e-01 3.535405561118170059e-01 3.191111692940600264e-01 3.063995713370950003e-01 5.068509827033329529e-01 4.564177552268959825e-01 4.359144298149369989e-01 4.742254299510370030e-01 5.064522765519250402e-01 6.926214427532979556e-01 7.193512263102720405e-01 4.969907912311419818e-01 7.845319247078379465e-01 7.841876841442220192e-01 7.667547012521389593e-01 7.664339091752160327e-01 7.130496836393980242e-01 6.978686188088299991e-01 6.140881736009989877e-01 7.024995756953400505e-01 6.797928896515299524e-01 6.953001750470919617e-01 5.958027764347280097e-01
6.291350370320789587e-01 5.823806068946559833e-01 6.415477096353430220e-01 5.965367197256700171e-01 6.478495855048690411e-01 6.250218236306620545e-01 6.161969927966840510e-01 6.294961634786220284e-01 7.155474192335860018e-01 6.987187425223150283e-01 5.304604615024399727e-01 5.444710922753369653e-01 7.886291602857500305e-01 7.521419612039049740e-01 7.640712098812469932e-01 1.000000000000000000e+00 5.948921312923830529e-01 5.517283014854790224e-01 6.430014317625429854e-01 5.971818442787739656e-01 3.911818413043650078e-01 2.674759967965100182e-01 6.018098577098599522e-01 6.756240068647899610e-01 6.428241260270159962e-01 5.676328582123919553e-01 6.196266078508699815e-01 6.809770488371229558e-01 5.918940691652500030e-01 6.210316677817859787e-01 6.796148508633800267e-01 6.711641701583479502e-01 5.095269857073160269e-01 4.998539956272939899e-01 6.951304170823959794e-01 6.656183200371770248e-01 3.312663191079989744e-01 3.434708937159359765e-01 4.522850424400500224e-01 4.989648515327789746e-01 6.353487250893610216e-01 5.658914371064439619e-01 4.948473957944239943e-01 5.485241692609800213e-01 5.607448357007740469e-01 6.425608393081450043e-01 5.769590476405670465e-01 5.808527856836970260e-01 6.686128309179369955e-01 7.281870171496930277e-01 5.762552611074830411e-01 5.158123349285269610e-01 5.551927030303770438e-01 4.835715635072689866e-01 5.674126651956029610e-01 5.414969412766860168e-01 5.642902286827440328e-01 5.169824975152980118e-01 5.495783923140400429e-01 4.980132229729180016e-01 5.991663895928910355e-01 5.439670351294040307e-01 7.058887277319449982e-01 6.737025680612249712e-01 6.550019735684899924e-01 6.467869986266070459e-01 4.613107706485189974e-01 3.663272346969310145e-01 3.311400029890300134e-01 3.212672203640870028e-01 5.898343156616909777e-01 6.007373728819640490e-01 5.401980628980660448e-01 6.024404505390820175e-01 5.850819083169499502e-01 7.266214396778539752e-01 6.196897179498049857e-01 5.703592151476970518e-01 7.573058028478150128e-01 7.748727269019100028e-01 7.542305774984320310e-01 7.555435526212359587e-01 6.671190774575650462e-01 6.275959488295950184e-01 6.397993437606670497e-01 6.976787301702549460e-01 6.621518676869569964e-01 6.977642615531409742e-01 6.297633250377600023e-01
8.194711568104110500e-01 8.452863696959299622e-01 5.188188837639450268e-01 5.253864577154919724e-01 4.447182356634590272e-01 4.917907289766469958e-01 4.963851165158770229e-01 5.837475518914619910e-01 4.303740612008720157e-01 4.911133601431250106e-01 7.547543768584550339e-01 7.391087741068970152e-01 5.132097087691930293e-01 5.847644328543869507e-01 5.031699272546950041e-01 5.948921312923830529e-01 1.000000000000000000e+00 8.947015011814100083e-01 7.283471953132569787e-01 7.207494239209040199e-01 2.489607818818360130e-01 1.328365146016740050e-01 3.562308261775850027e-01 4.175100628950569881e-01 3.665739888333129914e-01 3.189297569031609991e-01 8.307709605185159552e-01 8.764549067276899974e-01 3.102647265933469733e-01 3.955303716248639856e-01 5.271634137602749792e-01 5.504824436364099682e-01 3.079316304413050043e-01 2.966109854557519854e-01 5.731723992683780411e-01 4.755061107113069951e-01 2.087941960448830014e-01 3.734570993884300250e-01 5.445171120521139496e-01 5.202432611437880494e-01 6.203758800457149780e-01 5.650619365548400497e-01 4.842697923361459766e-01 5.644945435722640292e-01 5.517951224840970115e-01 5.866836099227720203e-01 4.373665990336980114e-01 4.235968791290509738e-01 6.080166304522459653e-01 7.076244641729979579e-01 8.952601932407490137e-01 7.915591075414230016e-01 4.664507433433069949e-01 4.107224120960830116e-01 4.073731461891330063e-01 3.580241141481180223e-01 8.141450972343790005e-01 7.980383327495710333e-01 3.482906970578160122e-01 3.508711180001740093e-01 4.836073515098129882e-01 4.683022875774739968e-01 6.505565877322779800e-01 5.916366067223790548e-01 5.918830204506529968e-01 6.018934015358510248e-01 5.884545366707729652e-01 5.458008950938100234e-01 2.775528235875719951e-01 4.074842119609309865e-01 6.520736805216890142e-01 7.135729896538790529e-01 7.800872139630490310e-01 8.208423502902230107e-01 8.196921303105070278e-01 8.093996060262379499e-01 6.532693627161050287e-01 6.423108638408570048e-01 6.543064987909960051e-01 6.169027631268489964e-01 6.722656206972700277e-01 6.992516820112030240e-01 5.763228588968379862e-01 5.430336510639709457e-01 7.726346391855849483e-01 7.996427261250490526e-01 6.891646196020150272e-01 7.408341536107230230e-01 7.266837087999770128e-01
