1.000000000000000000e+00 8.265380365335670554e-01 5.610852667649209868e-01 4.561571715303859853e-01 3.290759262549620145e-01 2.453427943502249908e-01 6.463191238255879822e-01 6.336669388907399947e-01 2.538035367091859840e-01 2.677693004342520111e-01 6.320330056024120458e-01 5.782642713776919852e-01 5.999489902756599546e-01 5.209037808599870090e-01 2.957762047248539972e-01 3.018402173122030074e-01 5.492530356276970060e-01 5.202742042788900401e-01 7.479580284445309646e-01 7.094741958364180201e-01 2.377282712463180125e-01 1.386036076171550113e-01 3.730035737694379905e-01 3.065006274437699907e-01 2.546125010981220016e-01 2.237112569855579935e-01 5.156251015067739862e-01 5.073187898972320031e-01 3.712384707360339986e-01 3.768575877978689870e-01 5.781797843623289745e-01 5.521900814807020330e-01 9.747934851586489979e-02 1.810988741311529981e-01 2.736307642890670189e-01 3.448537825203790153e-01 2.176338807490089955e-01 3.481098577406209760e-01 4.691329806108259781e-01 3.848990490149060140e-01 7.198029646113940361e-01 6.772324305379510134e-01 5.542293339920160156e-01 6.570880038667460399e-01 5.993071970089199896e-01 5.800297704035900503e-01 5.776590558691230282e-01 5.515107020557099560e-01 4.719982781278280193e-01 5.954015256143330159e-01 7.115580382011199578e-01 6.769366843005090173e-01 5.253994401631989497e-01 5.770695517744579561e-01 5.789187219247210470e-01 4.869801487068989854e-01 5.533355224444269638e-01 5.359788117892499981e-01 2.095465703500569987e-01 2.858631529838129848e-01 4.589182944702059896e-01 4.044656862632919903e-01 7.037493069897250431e-01 6.562767188191870327e-01 6.174050193623249472e-01 5.555501913512179701e-01 5.537372830361090292e-01 5.043707865467520479e-01 4.628858681930980157e-01 3.143523068866079795e-01 4.197153522862400177e-01 3.762357813399410111e-01 4.773536522974429763e-01 4.722156784886950009e-01 6.240434790163349454e-01 5.599708630548959620e-01 3.837629932570639779e-01 3.919522072026059845e-01 5.636247789973629629e-01 5.354959703378660008e-01 6.504485958129999634e-01 5.943782046993719703e-01 4.970652181348559906e-01 4.279772059272459739e-01 7.243214773387589567e-01 7.393244469772130012e-01 5.935011541831890503e-01 5.757188362197139808e-01 5.693819498559620218e-01
8.265380365335670554e-01 1.000000000000000000e+00 5.492422946874859768e-01 5.939292557512280135e-01 3.297902157389450140e-01 2.530591207188039871e-01 5.894222839036690198e-01 6.220741532554829867e-01 1.676648123714500060e-01 2.398652745049789925e-01 5.135816446149910064e-01 5.286763882394529546e-01 4.237635561948889795e-01 4.463356998399929942e-01 2.145707742305300036e-01 2.414626584745719895e-01 5.591192628933300268e-01 6.114834893292580009e-01 7.137577508338359689e-01 7.954425220806069508e-01 1.687648415845739991e-01 2.046453488526779885e-01 3.510719139308269843e-01 3.116684868288749910e-01 2.347078623447919898e-01 2.105986164392439908e-01 4.528603616920079955e-01 5.059234074907199563e-01 3.118327936260040234e-01 3.526304299915850038e-01 5.085617813604610404e-01 5.351180687784510281e-01 7.473159264986960204e-02 1.951157372943169988e-01 1.803754025869719890e-01 3.008279383116539973e-01 1.843807959601669877e-01 3.079549587578719883e-01 3.677913953278180159e-01 3.644213545965709899e-01 6.145268995428859737e-01 5.543040020467510098e-01 5.093995849105229512e-01 5.952899787335279580e-01 4.927330418322660166e-01 5.002873679879540347e-01 4.958609959379680077e-01 5.265554041393020190e-01 3.871532276816250229e-01 5.338553976397030221e-01 7.393005486327529630e-01 7.569568880434039970e-01 4.313474947938110149e-01 4.853293427601049759e-01 4.867665506689209942e-01 4.332758435820919796e-01 4.580691905385990137e-01 5.840925795286729949e-01 1.844730912301059955e-01 2.173585712621629862e-01 4.239613826790620266e-01 3.288150730160350199e-01 7.647577981247849488e-01 6.825934660510579732e-01 6.382293835230310464e-01 6.012176855529679509e-01 6.182274159782560341e-01 5.482304935982680316e-01 4.555867027782610212e-01 2.953668336090949920e-01 3.614734970128600233e-01 3.803248850867900210e-01 4.542996473272989943e-01 4.126228288075339812e-01 5.190984719214120080e-01 5.637164783537129686e-01 4.705875326743669818e-01 4.542295478994670122e-01 4.744227086099980228e-01 5.194300429657680018e-01 5.613510982623209911e-01 6.151619738675759841e-01 5.582170762037940159e-01 5.104881540233879855e-01 6.995583123338140474e-01 7.329045748714170250e-01 5.330841542569150215e-01 4.826007788822129774e-01 5.507341258994720157e-01
5.610852667649209868e-01 5.492422946874859768e-01 1.000000000000000000e+00 7.618319527510970524e-01 6.536973280283689958e-01 5.201197914519259946e-01 7.824022582796219538e-01 5.653915043907800086e-01 5.136373134819429698e-01 5.435238656749510344e-01 3.286893534957440188e-01 3.308281805649779805e-01 5.203431364645050294e-01 5.273096709487460343e-01 6.830534355574729988e-01 6.515587181963099495e-01 2.109300797220300117e-01 1.016700910768130045e-01 5.460387048947540345e-01 4.785567344212049989e-01 3.910428394659750118e-01 3.940883916654169816e-01 8.401719140026789878e-01 7.689941074912409746e-01 6.399888989855440080e-01 7.026499179859679867e-01 3.118091184380339942e-01 1.577420523182830048e-01 6.398823552432939543e-01 6.227266290661549464e-01 7.802048548002770145e-01 6.939355291169999607e-01 5.694688636706339846e-01 5.519429476049250161e-01 2.191233099109800020e-01 3.690578185373959985e-01 3.952591456546150073e-01 2.134301737936450116e-01 3.976558306193179737e-01 1.636807767835559979e-01 5.075862236170669561e-01 3.606371891703399890e-01 3.165374102736199791e-01 3.861592744967670132e-01 4.132777440846809869e-01 3.712453443893120042e-01 4.519762613550579733e-01 4.220623370436220045e-01 5.722369897634099756e-01 5.488116154572120209e-01 2.846554253446190175e-01 2.748695543606399783e-01 2.598175228808999870e-01 1.777657202582449969e-01 4.916684170662070086e-01 3.553057941803799968e-01 3.809628710348070268e-01 2.385653217434099971e-01 7.056777421510489479e-01 5.202023088651019922e-01 6.841910759864440195e-01 6.203095782229129940e-01 5.259550365853029597e-01 5.031714949105670076e-01 6.737679149802430212e-01 7.030679002888100548e-01 4.892388112866399852e-01 4.820020842051819798e-01 3.696459360277830064e-01 4.187481546639770236e-01 6.155644281993359890e-01 4.446059872387480016e-01 3.229026737169140016e-01 1.239794218432180017e-01 3.448207079851379753e-01 5.471656133272480016e-01 6.442245952865499614e-01 6.488863383495450110e-01 6.315176055828379820e-01 6.836794471378400129e-01 6.156285168560190479e-01 5.904267321897039844e-01 5.541684985774599781e-01 4.832123207600769743e-01 5.447308437529749803e-01 6.066302868045030383e-01 5.641171798164760220e-01 5.979382489053950422e-01 5.482389599384459578e-01
4.561571715303859853e-01 5.939292557512280135e-01 7.618319527510970524e-01 1.000000000000000000e+00 5.877650415294229935e-01 4.970011459248470098e-01 6.733803458545100096e-01 7.675961419416159615e-01 3.510927660832349750e-01 5.325670312824519748e-01 2.264380394273479979e-01 4.644649287944839777e-01 2.599065787815629802e-01 5.629305676569890116e-01 4.762419963262810030e-01 5.946807034259250502e-01 2.203314907191440131e-01 1.837847000868579883e-01 5.128883778014680095e-01 5.486506957398039619e-01 2.652827675036449895e-01 2.938886278013470021e-01 6.351721237881160498e-01 7.389890920490640447e-01 4.201901711559670183e-01 5.474440836257510323e-01 1.437628344631889932e-01 2.574761228730639839e-01 4.417355118780930123e-01 5.528035165977870369e-01 6.323625332775809627e-01 6.903851128566099726e-01 3.826617309439769854e-01 5.239947523493150294e-01 2.721324676648939796e-03 2.432125273754590089e-01 1.479747285780040056e-01 2.849810210351569895e-01 2.470740739115269979e-01 1.809271542459300053e-01 4.772943603746139796e-01 2.683869377604919948e-01 3.243053179800550190e-01 4.045128073446420114e-01 3.976482417429240135e-01 3.111270302461309756e-01 4.390901681636880105e-01 4.507156828891539790e-01 3.733047778169800157e-01 4.610510489199319828e-01 2.449828808480780107e-01 3.315078635544759789e-01 1.854468388244820132e-01 1.804572572598769908e-01 3.695212951680019731e-01 5.216631668338970185e-01 3.793640974240560237e-01 4.408405548453219747e-01 5.283638206816899663e-01 5.052720541889670347e-01 5.261536353965780011e-01 4.975938389124390238e-01 5.940430448443919653e-01 5.114282553907799622e-01 6.483004007848589545e-01 6.350590915236800083e-01 4.902591088562380239e-01 3.745149921333659759e-01 2.030896035483109874e-01 2.810176274660889928e-01 4.532788034248350084e-01 4.679024123156110271e-01 2.673864368432770089e-01 1.967275391083549985e-01 3.313762553350260154e-01 5.946369933321590251e-01 6.623006799355150021e-01 6.113126525266290301e-01 6.055915934680129453e-01 6.976238619784329575e-01 5.331538818617830300e-01 6.865316649055619447e-01 6.231148628140209533e-01 4.293405461481700214e-01 4.534239361090739995e-01 4.886177155908140168e-01 5.436092004982050474e-01 4.167519709216029877e-01 4.904656636607310216e-01
3.290759262549620145e-01 3.297902157389450140e-01 6.536973280283689958e-01 5.877650415294229935e-01 1.000000000000000000e+00 4.754439359227500272e-01 5.301656465213310243e-01 4.304910751392180268e-01 5.295131051812670409e-01 4.580857263328679818e-01 2.842422812206180094e-01 2.449690598813709930e-01 3.422891120422190125e-01 3.471952711584119777e-01 4.842689709480160198e-01 4.133194425551949824e-01 2.123340693865160000e-01 1.296764699975370139e-01 3.943874962014429775e-01 3.566708913053299734e-01 2.488651655488300085e-01 1.172170744442700002e-01 5.811881660723650089e-01 5.287302728096150428e-01 5.407684664032840205e-01 5.184428428014750123e-01 2.331902310362309882e-01 1.684823484960830120e-01 4.121303571017500000e-01 4.497085334878490048e-01 5.542879671480599457e-01 4.943425154843509861e-01 4.026909952400190007e-01 3.829520176013869737e-01 7.339978302021990531e-02 3.909278121552840074e-02 5.087419510282559926e-02 9.876142895445359782e-02 1.843923092018329990e-01 -1.564481525101900014e-02 3.386312700261209785e-01 1.821725324091360010e-01 2.268215928660929914e-01 2.728563801547069789e-01 3.281698707780459912e-01 2.233035291984629966e-01 2.960627905703739904e-01 3.294787121378739969e-01 3.967225570802300205e-01 3.701111518404520129e-01 1.327608518609389998e-01 1.414813791652740071e-01 9.036939554222560289e-02 1.171184649837530081e-02 3.211021608368169744e-01 2.090656191546300113e-01 3.778775542991770209e-01 1.963433249822079951e-01 4.644889015755169770e-01 2.981718276869340101e-01 4.486099138818570031e-01 3.964030194080570002e-01 4.679694411097650164e-01 3.859100122876379935e-01 5.234638539939010515e-01 4.951350429424239974e-01 4.017910871696400155e-01 1.800514696720529884e-01 1.878641888500640067e-01 1.363935556057699894e-01 4.587269392071089968e-01 3.915803049315729756e-01 2.701095677255739846e-01 1.526605208409959891e-01 2.729968026328100095e-01 5.230280718919340099e-01 5.630900000815080020e-01 3.964986725585130101e-01 5.801518147507139789e-01 5.069412792844689708e-01 4.982120719231080130e-01 4.481070825706309768e-01 4.127411670312209901e-01 3.443183565522909828e-01 3.680545839258649865e-01 3.993042079511159859e-01 4.222239887032819827e-01 3.852766078992149734e-01 4.523598656218559833e-01
2.453427943502249908e-01 2.530591207188039871e-01 5.201197914519259946e-01 4.970011459248470098e-01 4.754439359227500272e-01 1.000000000000000000e+00 3.981137945028179748e-01 4.005652027297050277e-01 4.714904069207460080e-01 5.184154617290990252e-01 1.808717809592939874e-01 3.493349730792469909e-01 2.087851217845390073e-01 3.665717692554730234e-01 2.921882811452489737e-01 4.667960812649880054e-01 1.607787660034399879e-01 1.029766146044849978e-01 3.001900051755430066e-01 2.761079412527079890e-01 3.883974138714659796e-01 2.528884793286850230e-01 3.801427274157109792e-01 5.000203535043610259e-01 5.165567481542590045e-01 5.157849645787779824e-01 1.897111385861620092e-01 1.662480674442979867e-01 4.273940665278009865e-01 4.296317170428650134e-01 4.286094209879819927e-01 4.596109760779230058e-01 1.409519055107560093e-01 2.861622857117370189e-01 -7.472859885628929666e-03 4.763309907715169988e-02 1.042512776070129987e-01 4.542859849555729718e-02 1.803245417513019977e-01 -1.988982880033720105e-02 2.659995215217350051e-01 1.258430886628119916e-01 1.484640038875119916e-01 1.207507524392500003e-01 2.753666195256569971e-01 1.743409905906309898e-01 2.080713698935360012e-01 1.769603316941610049e-01 3.527283314757260202e-01 2.562260374021119724e-01 2.096648711989430036e-01 2.331100648386409957e-01 1.853784142601500040e-01 1.845172439423780064e-01 2.428570677292090085e-01 3.352928268230899733e-01 3.220945884253429981e-01 2.662702258672660083e-01 2.634248841840839961e-01 3.121532664219670017e-01 3.246778560891440124e-01 3.339030525279380046e-01 3.135019431600190032e-01 4.013989331718360032e-01 4.646407947456839826e-01 4.619758205090420122e-01 3.653590821579310033e-01 2.886082370446820256e-01 2.284695436364430066e-01 1.783539118359930009e-01 3.592798178690160271e-01 3.924438775548340086e-01 2.680560256140039899e-01 1.856974006509500008e-01 2.399234772962650086e-01 3.584716892734889915e-01 3.798685574491589834e-01 2.416336411701550113e-01 3.788775215680770247e-01 4.211395344807850050e-01 2.415488405772630021e-01 3.850137407965200098e-01 3.353519013851860020e-01 2.157581628764849990e-01 3.373767085930129972e-01 2.824917913953690074e-01 3.768147903673810251e-01 2.857814897676900223e-01 2.960461725560060153e-01
6.463191238255879822e-01 5.894222839036690198e-01 7.824022582796219538e-01 6.733803458545100096e-01 5.301656465213310243e-01 3.981137945028179748e-01 1.000000000000000000e+00 7.266145205090519532e-01 4.706012514096810095e-01 5.387507019736670344e-01 5.716057245337130555e-01 5.858484611983180157e-01 6.563526489273689979e-01 6.686410053521150143e-01 5.049853186368029601e-01 5.471361344634969592e-01 2.251622134452080093e-01 1.858360266385800097e-01 4.648585811920549760e-01 4.195707867135989866e-01 2.686634923179089807e-01 1.874742301699539870e-01 5.882957729538680347e-01 5.734942926978150446e-01 4.052279819126859972e-01 4.284796120918579754e-01 3.151622758467190200e-01 2.839822909937410045e-01 3.677815145919949846e-01 4.233757289788340206e-01 7.141310918071930303e-01 6.709293732405070543e-01 3.462070031543529880e-01 4.019014409709649738e-01 1.322312335664229954e-01 3.166795186602279766e-01 2.867191687681510115e-01 2.853023152507290217e-01 4.518489103714000144e-01 2.101544847488439893e-01 5.512408937646370299e-01 4.337594784218999910e-01 3.945251488598089940e-01 5.084443645545599910e-01 4.884621088164279867e-01 4.228688513621750023e-01 5.782251900512990206e-01 5.543389476606720434e-01 5.027152660482540059e-01 5.793576005938879669e-01 3.254364459565630141e-01 3.199412081272999808e-01 4.774786271233670276e-01 3.877846339124599861e-01 7.929820413794249623e-01 6.107583068657700398e-01 4.879095492148470270e-01 4.383746298661129748e-01 5.846210651053590501e-01 5.236932977122550348e-01 6.969616650845770200e-01 5.860477866322649776e-01 6.132433476329069988e-01 5.696779147593590276e-01 5.247156444126519492e-01 5.748915203047250122e-01 4.351921298112479963e-01 3.983264012523979880e-01 3.385027734568349933e-01 2.869588163193739772e-01 5.120863544111330379e-01 3.626481559434189816e-01 3.310807501568739930e-01 2.550562944693349765e-01 3.854702221090989811e-01 5.299968873094890176e-01 4.490752625133240250e-01 4.843258692761450157e-01 5.990480906467720024e-01 6.690508508479240390e-01 6.755191477378329479e-01 6.701658574466029528e-01 5.457783998604359699e-01 4.151095589136830077e-01 5.303378398009239714e-01 6.160194496178660328e-01 5.211298779389099689e-01 5.834632258168860330e-01 4.909545658473979945e-01
6.336669388907399947e-01 6.220741532554829867e-01 5.653915043907800086e-01 7.675961419416159615e-01 4.304910751392180268e-01 4.005652027297050277e-01 7.266145205090519532e-01 1.000000000000000000e+00 3.465727921712750126e-01 6.054813347438060545e-01 4.964355030516879874e-01 7.265150761702370286e-01 4.266134439857149907e-01 7.543141427233489571e-01 2.828728525768570146e-01 5.540639339631580063e-01 3.494016528535209831e-01 2.880247882869529930e-01 5.425694775138080184e-01 5.912390454681429874e-01 2.473325118313260129e-01 1.406691271519170117e-01 3.820200076419750235e-01 5.405758423728439510e-01 2.268999186569060078e-01 3.030060668698930093e-01 3.091407678939909753e-01 4.699797177661890202e-01 3.123178059809880169e-01 4.668593328256009922e-01 5.652370437146240212e-01 7.088958560136580100e-01 8.909165278879720151e-02 2.347194966527610116e-01 -3.152131220564609836e-03 2.134880070798859941e-01 1.277975140454319924e-01 2.543866307622250078e-01 2.818937741637960182e-01 2.114598697210769984e-01 5.217571391513240453e-01 3.862833684237250154e-01 3.742292333631019874e-01 4.771828870849310067e-01 4.817745033666889776e-01 4.250363869040290066e-01 4.451298257404819880e-01 4.398961462719260251e-01 3.026884438561370239e-01 4.883558931856690211e-01 3.860840208170350230e-01 4.495137319955109789e-01 3.725167031345970048e-01 4.424688828117380179e-01 5.651155643007059748e-01 7.892552932249949915e-01 5.230798094144210042e-01 6.915803037383070340e-01 2.526302823506320072e-01 4.789693867861309906e-01 4.062226977945930240e-01 4.317048669606010081e-01 5.812913133881030259e-01 5.730838739884199784e-01 5.601413443834909467e-01 5.635892497616119545e-01 4.662135290887959860e-01 3.052595552694030157e-01 2.541965992327879786e-01 2.068603071382119907e-01 3.727595759424929822e-01 5.007258633192579467e-01 3.225362439500379930e-01 4.042709522868009886e-01 5.250573990378220035e-01 5.985308479878850285e-01 3.844994598969829758e-01 4.283208434513670060e-01 5.110604514356329453e-01 6.213384240352729515e-01 5.257607611361490019e-01 6.379904506373520467e-01 4.953178607624170171e-01 2.313606453827879994e-01 5.016592006224950273e-01 4.864574704214290057e-01 4.833866247243009950e-01 3.451514523614069851e-01 4.858784136768939943e-01
2.538035367091859840e-01 1.676648123714500060e-01 5.136373134819429698e-01 3.510927660832349750e-01 5.295131051812670409e-01 4.714904069207460080e-01 4.706012514096810095e-01 3.465727921712750126e-01 1.000000000000000000e+00 6.710634190037819691e-01 3.137061262949740192e-01 2.214198907978220110e-01 4.720562268479899792e-01 3.847656263854620229e-01 5.909325011821819906e-01 5.443274873596549712e-01 1.041551496420300010e-01 -2.843664531860330170e-03 2.567297627153939943e-01 1.659602920818709915e-01 4.114960770181440020e-01 1.836066883210830114e-01 4.977909602807210065e-01 4.957057968321980090e-01 5.661313583401480498e-01 5.136521580192969783e-01 3.215252294121500043e-01 2.484727660055429943e-01 4.671351697862359820e-01 4.894163637766290043e-01 3.763870872319809990e-01 3.686119260694910027e-01 2.765086064120479969e-01 2.468391022947770130e-01 9.450502600946900089e-02 7.770129538029070526e-02 1.764118375815049988e-01 -2.327574040119110010e-01 2.591895760606470200e-01 -9.752255880121700818e-03 2.157758549066549902e-01 1.313546823122550000e-01 1.416554999449400054e-01 1.977785101795649925e-01 9.326710994305480174e-02 1.117875727608250019e-01 1.205724834573039944e-01 1.173933641066149947e-01 2.330343731418960118e-01 2.382168049169400004e-01 8.840418179053639858e-02 3.527609886478910023e-02 4.476465391967650309e-02 2.169267042287750108e-02 3.060339153850499816e-01 2.796464020064080014e-01 2.978581971009690021e-01 1.002165606849540064e-01 3.050804909980149859e-01 2.506181190161079764e-01 2.927551449305810238e-01 3.135872080961740194e-01 3.615841681984099942e-01 2.822242071536020247e-01 3.952324677525049790e-01 4.165866887001820063e-01 2.125682049612259983e-01 1.428043667672879991e-01 2.128909955826809863e-01 1.830404746781399972e-01 3.381690779540810210e-01 3.081801462800670133e-01 1.844070344401969874e-01 1.352807460785560023e-01 3.084008329673160187e-01 4.171577711135500133e-01 2.685803361232370068e-01 2.229804445889800035e-01 4.356563595425569924e-01 3.785609581686379954e-01 4.293464500594860178e-01 3.026975894479679852e-01 3.038661663240049826e-01 2.376406923018609951e-01 2.741941961179000242e-01 3.334437348157819891e-01 2.764741450162560010e-01 3.380980291273569804e-01 3.894506620442110267e-01
2.677693004342520111e-01 2.398652745049789925e-01 5.435238656749510344e-01 5.325670312824519748e-01 4.580857263328679818e-01 5.184154617290990252e-01 5.387507019736670344e-01 6.054813347438060545e-01 6.710634190037819691e-01 1.000000000000000000e+00 2.151310084221429997e-01 4.268471458295640120e-01 3.772694915098990243e-01 5.517806342352959970e-01 3.562754626583580220e-01 5.613832531874679566e-01 3.597964053290080011e-02 -4.261864837702920156e-02 1.800020287050619894e-01 1.889534277974949938e-01 3.612013073756539794e-01 2.711222057998299850e-01 4.470438730626359880e-01 6.236724882909400192e-01 4.586072909727679781e-01 4.975427534403319973e-01 1.118019288959000018e-01 1.641217954855800076e-01 2.415448952985120024e-01 3.914888509728010058e-01 4.011491413293989949e-01 5.277077925806850089e-01 2.453866929075090020e-01 2.884184635931399954e-01 -6.167268434494430508e-04 7.545756329826640296e-02 2.261757881568079998e-01 -1.171523212584419937e-01 2.056636251380540015e-01 4.306102669812000155e-02 2.676005318246669762e-01 1.273275114693069865e-01 1.539351880073140111e-01 2.059884611573450097e-01 2.064753130326129893e-01 1.508914352268669878e-01 2.931001811567520154e-01 2.578500299486850000e-01 2.660667838091250181e-01 3.790198187158519971e-01 6.371869462410889584e-02 8.576847370502170553e-02 1.831005944339129943e-01 1.683123926454730135e-01 3.578632268291360163e-01 4.731993993307109792e-01 2.287526420701730123e-01 2.417398710642109927e-01 3.453289628707449932e-01 5.023553369545239455e-01 3.693029043939399791e-01 4.265010651003149911e-01 2.741208823338959766e-01 3.406419862789690223e-01 4.061474162751699812e-01 4.689776527098030168e-01 2.674753637235809944e-01 1.007716049448480061e-01 1.556334566576479950e-01 8.057829400079440096e-02 3.624597909462810019e-01 3.502445667469930024e-01 1.249569547708860029e-01 1.776529558219719918e-01 3.321682818032800077e-01 4.326290238932710142e-01 2.838902761021390164e-01 2.506439749413150175e-01 4.014010323388579882e-01 4.938314495985809960e-01 3.859318534155010139e-01 5.117461491848299682e-01 4.540256980336990211e-01 2.578345701916079924e-01 2.310677728189360070e-01 2.729436789902400240e-01 3.097696167235630127e-01 2.741239595309880039e-01 3.120138203559609802e-01
6.320330056024120458e-01 5.135816446149910064e-01 3.286893534957440188e-01 2.264380394273479979e-01 2.842422812206180094e-01 1.808717809592939874e-01 5.716057245337130555e-01 4.964355030516879874e-01 3.137061262949740192e-01 2.151310084221429997e-01 1.000000000000000000e+00 6.094626113743659701e-01 7.510865660218319917e-01 6.091060708413520430e-01 2.620369999413270090e-01 3.185180113401300250e-01 4.646104913501090117e-01 3.673407463089419789e-01 5.189059412792189629e-01 4.549168744988130175e-01 1.165897764968529954e-01 -2.778589874250200070e-02 1.497180013974900026e-01 6.262628199432999920e-02 1.192822093475729983e-01 6.528982793403549645e-02 5.429186899903489794e-01 5.160486798215639936e-01 2.336370231562329980e-01 1.714233888520139970e-01 3.972347070142139835e-01 3.560907281727839768e-01 -8.821957490623609510e-02 -1.085035618264680035e-01 4.087755331905570250e-02 1.306839090957470084e-01 3.492798571970340271e-02 6.396960833627769738e-02 2.565126403402629984e-01 1.627651180833900035e-01 3.395112856469920115e-01 3.465111335544939775e-01 2.489563961977369899e-01 3.150500410871109880e-01 3.632986724895380104e-01 2.845446731530479889e-01 3.209790420431339886e-01 2.725899247793570068e-01 2.470875587987060029e-01 2.160043354009300032e-01 4.720054403115679920e-01 4.121509380172579950e-01 4.231618848263319910e-01 4.337022652218360252e-01 7.146099445799080074e-01 4.445884489780840276e-01 6.643347763338179890e-01 5.976233296413480112e-01 3.314464653184529680e-02 -1.562996410320369872e-02 2.297090042556259870e-01 1.012656987081879956e-01 5.222085280530740503e-01 4.609255967756989980e-01 3.342612719676499866e-01 3.736340511574939849e-01 3.281623535758920185e-01 2.595266763030389945e-01 3.278974854943860207e-01 2.175984871973090096e-01 2.703778029317630005e-01 1.560736520326679866e-01 3.699208899450289745e-01 2.596079919694960214e-01 4.052639665659890089e-01 3.352303851615670016e-01 1.690719396688329934e-01 1.959338598353020100e-01 3.916966292329269739e-01 2.891155774899409892e-01 4.527671081667449804e-01 3.558913613348930194e-01 2.511736154007460087e-01 1.844645435816849866e-01 4.806650161772679786e-01 4.459691874789030175e-01 3.717289482082249963e-01 3.806751937715430190e-01 3.585493951463840090e-01
5.782642713776919852e-01 5.286763882394529546e-01 3.308281805649779805e-01 4.644649287944839777e-01 2.449690598813709930e-01 3.493349730792469909e-01 5.858484611983180157e-01 7.265150761702370286e-01 2.214198907978220110e-01 4.268471458295640120e-01 6.094626113743659701e-01 1.000000000000000000e+00 4.695827311790710112e-01 8.057650705448829997e-01 1.741225857749719996e-01 4.588771855708829728e-01 4.222894039874000027e-01 4.028004884095610083e-01 4.842383357619969853e-01 5.329976557321669528e-01 1.707049170294230034e-01 8.398622563862870316e-02 1.471281268649770047e-01 2.701803784883010096e-01 1.329380370710819999e-02 1.443742634995079932e-01 4.451077290150299848e-01 5.982003061871039584e-01 1.934214898098320090e-01 3.035984046289230132e-01 4.350367349115240034e-01 5.556858478789520328e-01 -4.056010064303310070e-02 1.296801117469079945e-01 -1.292203473031399985e-01 1.418436045126449940e-01 5.311243753768590120e-02 2.559238409759629906e-01 2.719862840746989918e-01 2.894242394047539801e-01 4.644934132546369998e-01 3.800394738190009947e-01 3.393299156249299786e-01 4.273169352826520218e-01 4.585560520393069939e-01 3.855833704764530245e-01 4.994698311163989768e-01 4.599702933863459853e-01 2.802151630249140046e-01 4.048029057460100222e-01 4.095220905037479930e-01 4.253607455774979784e-01 4.382015742002889902e-01 5.324171419756820178e-01 6.072172361224750237e-01 7.606950835504190378e-01 5.665707069647429872e-01 7.358856371431250487e-01 8.961858783756869451e-02 2.717049228680289974e-01 3.444550412348340029e-01 3.298562676572869834e-01 5.491432416213529732e-01 4.349964887157150017e-01 3.869392050859800092e-01 4.311634426776320139e-01 4.497694408038199754e-01 3.219145514975870204e-01 3.150952960232720201e-01 1.852655694204810022e-01 3.444339210120119787e-01 4.658922403352009911e-01 4.055247074768210114e-01 4.215049932948309874e-01 5.651907112085829965e-01 5.267064945005239807e-01 1.982831170070719906e-01 3.612665140490429749e-01 4.930979177620959941e-01 5.862166542411899606e-01 4.008897456338990084e-01 5.506225145207419569e-01 3.481791736508549895e-01 1.166378310852199951e-01 4.180756183303229734e-01 3.993912113576710277e-01 4.768431748581160035e-01 3.396582968961929794e-01 3.211962209883080233e-01
5.999489902756599546e-01 4.237635561948889795e-01 5.203431364645050294e-01 2.599065787815629802e-01 3.422891120422190125e-01 2.087851217845390073e-01 6.563526489273689979e-01 4.266134439857149907e-01 4.720562268479899792e-01 3.772694915098990243e-01 7.510865660218319917e-01 4.695827311790710112e-01 1.000000000000000000e+00 6.322834562998249641e-01 5.057799295269510553e-01 4.311796332671209986e-01 2.482109271991929933e-01 9.434446953680250547e-02 4.050609357436579794e-01 2.786187619813649818e-01 2.727020398007329871e-01 1.285367157680359917e-01 4.038446007395560255e-01 3.145840469605190037e-01 3.216770641923850094e-01 2.636384474156899804e-01 4.180216608484110252e-01 2.974403219124819864e-01 3.021818552120860146e-01 2.986903977742019767e-01 5.371168735485789547e-01 4.459419762185369840e-01 1.673114231513420092e-01 5.101339768584250284e-02 2.329025263551159908e-01 2.110361814641389944e-01 3.134872192011070036e-01 4.292432846385280110e-02 4.554343467088859954e-01 2.620463733883410251e-01 3.705735084316800210e-01 3.902417054034649779e-01 2.435282201585259876e-01 3.496942996502500067e-01 2.779661819606539797e-01 2.830922312841839816e-01 4.357598252345620260e-01 3.656794363326220099e-01 4.529063506676889728e-01 3.895868108804489971e-01 2.833043602867389987e-01 2.254378466153039995e-01 4.361736279506219782e-01 3.944304358066029748e-01 7.777250057933170480e-01 3.447618336406659822e-01 5.446103434517940434e-01 3.349431024109679744e-01 3.491777498509520128e-01 2.735522787441579950e-01 4.369616316035719872e-01 3.334067387816370132e-01 4.444915626307680001e-01 4.454942037551790079e-01 3.791724874189699723e-01 4.563047982181869799e-01 3.136384994388419778e-01 2.909350913710689879e-01 3.329972080568749937e-01 2.497161130033359877e-01 4.504751809542349994e-01 2.458578033635089866e-01 2.481398654656460090e-01 1.654090439896770126e-01 3.249999929344489780e-01 3.096554296639130177e-01 2.632095995587909742e-01 2.761496382286650064e-01 5.095716909752650015e-01 4.378347821110969984e-01 6.045174523503490382e-01 4.209430783331429837e-01 3.211865609073760175e-01 2.711593580512530188e-01 4.059032731489120027e-01 5.019442187048599457e-01 3.927485927659690179e-01 5.132962657131769912e-01 3.241021797516300262e-01
5.209037808599870090e-01 4.463356998399929942e-01 5.273096709487460343e-01 5.629305676569890116e-01 3.471952711584119777e-01 3.665717692554730234e-01 6.686410053521150143e-01 7.543141427233489571e-01 3.847656263854620229e-01 5.517806342352959970e-01 6.091060708413520430e-01 8.057650705448829997e-01 6.322834562998249641e-01 1.000000000000000000e+00 4.441945721395459956e-01 6.971423264866239977e-01 2.411508581557849917e-01 1.171480535833910042e-01 4.256814927844150276e-01 4.475279726989950246e-01 2.405028869269900116e-01 1.551114079194660100e-01 3.927586195462199892e-01 5.012175596935419808e-01 2.158748906559959935e-01 3.435039517018890209e-01 4.113930466733149993e-01 4.467231532222180057e-01 3.332674169898700023e-01 4.580806904228340026e-01 5.549965552217499543e-01 6.425576034306580420e-01 1.071004130085169981e-01 1.693136530478870083e-01 -3.201563128062529656e-02 2.648098659801390031e-01 2.319265888517489937e-01 1.743170827260719924e-01 3.594501733212949746e-01 2.452471998224730054e-01 4.134166897060599921e-01 3.326972846994999955e-01 2.199948429106010073e-01 3.786823399568339799e-01 4.129322493522140092e-01 3.343712088213490197e-01 5.000536916814599664e-01 4.358587154981299894e-01 4.041741727585799748e-01 4.686712401700039998e-01 2.102149120371160085e-01 2.298657443314550131e-01 3.985151050057499922e-01 4.074696405468730132e-01 6.776912029045479846e-01 6.532204920324390374e-01 5.570194325919479716e-01 5.973180181646029485e-01 3.195969813433209850e-01 3.709959646734730110e-01 3.972423088061530216e-01 3.922976077850540144e-01 4.767598166648079894e-01 4.181880124474149918e-01 4.504936333100250101e-01 5.326040896977499717e-01 4.201916718269079754e-01 3.440693265364819786e-01 2.934819595563840089e-01 3.451695346159420197e-01 4.858008683705919983e-01 4.753614046996029741e-01 3.142354382494180198e-01 2.770478021693130177e-01 4.646133601442580252e-01 4.931883759333769990e-01 3.653362823536919768e-01 4.945072442708369764e-01 5.355309452650589552e-01 6.279838622461000330e-01 5.136194651577460357e-01 5.590618875411369482e-01 3.368466748624879825e-01 8.555308949104649396e-02 4.189920345141039948e-01 3.915251389554310069e-01 4.328142775483340143e-01 3.687552075705810006e-01 3.670308678816580072e-01
2.957762047248539972e-01 2.145707742305300036e-01 6.830534355574729988e-01 4.762419963262810030e-01 4.842689709480160198e-01 2.921882811452489737e-01 5.049853186368029601e-01 2.828728525768570146e-01 5.909325011821819906e-01 3.562754626583580220e-01 2.620369999413270090e-01 1.741225857749719996e-01 5.057799295269510553e-01 4.441945721395459956e-01 1.000000000000000000e+00 7.216719886005620310e-01 -2.174557804165639860e-02 -1.335520471623470040e-01 2.953460890071509803e-01 1.822195662781020131e-01 2.885860937509450164e-01 2.216397805989490100e-01 7.850416392536759824e-01 6.098029895519270216e-01 6.047542959710680011e-01 6.338641605311570171e-01 3.023276561515489957e-01 7.217480972596260203e-02 5.752018273402329518e-01 4.658979888178519935e-01 4.842324057209529964e-01 3.604138454106000089e-01 5.157374012582980338e-01 3.901524502390280036e-01 1.622505511628619945e-01 2.712202515036100103e-01 3.275453857677489977e-01 -8.468455435482820370e-02 3.364877759286620251e-01 1.384747123835269877e-01 2.883029755872639766e-01 2.071240107020589916e-01 1.672178311551439922e-01 2.542947281848719765e-01 2.249970219899520008e-01 1.818416873945480072e-01 3.028257278043630096e-01 2.800650496721959759e-01 4.580949940616970140e-01 3.434694603208029995e-01 -7.216944443048070590e-02 -7.854624901699129580e-02 -2.413591812168859943e-02 -7.471582953930749893e-02 3.159284083998920023e-01 1.264027766245439943e-01 2.990143297868410044e-01 -2.935132191978390148e-02 6.306955542362759903e-01 2.830270908867589807e-01 4.462227140760610111e-01 3.795231777892639768e-01 3.070838464051530159e-01 1.148990454291050067e-01 4.513821213206429817e-01 4.960737388919460034e-01 2.231102134026629880e-01 2.608429562958919923e-01 2.381393526684970063e-01 3.967831820694239786e-01 4.256289764232250028e-01 2.701538989781749889e-01 3.173699654087149685e-02 -1.049734671881019932e-01 1.581388607433419913e-01 3.425135607465230048e-01 5.526040813556359899e-01 5.643178466426770346e-01 5.943094736372780407e-01 5.407760244969469499e-01 4.916325291031969913e-01 2.975885650705950014e-01 2.915083223637959797e-01 2.785042747248600015e-01 2.993370058370060094e-01 3.287677719505069929e-01 3.403680985657330238e-01 4.543845814309340203e-01 3.468501496106090043e-01
3.018402173122030074e-01 2.414626584745719895e-01 6.515587181963099495e-01 5.946807034259250502e-01 4.133194425551949824e-01 4.667960812649880054e-01 5.471361344634969592e-01 5.540639339631580063e-01 5.443274873596549712e-01 5.613832531874679566e-01 3.185180113401300250e-01 4.588771855708829728e-01 4.311796332671209986e-01 6.971423264866239977e-01 7.216719886005620310e-01 1.000000000000000000e+00 9.483485165673130601e-02 -8.738192685754510303e-02 3.401334203594050254e-01 2.833508660458660122e-01 3.276570919931209858e-01 2.844839117009799745e-01 6.857181267063530150e-01 7.029101621468289984e-01 5.009196575235489446e-01 6.569809546471649941e-01 3.426783745812689852e-01 2.385506520166159883e-01 5.828166068189919446e-01 6.052798974616100391e-01 5.585361331670249951e-01 5.529484983376640184e-01 4.075757511371890240e-01 3.847463640880899871e-01 -1.547453062632670080e-02 2.535609674886359910e-01 3.336446334684389781e-01 -5.041211003167969662e-02 2.788077731505499979e-01 8.648064617714819324e-02 2.936573244803140081e-01 1.993004878331569862e-01 1.586194238220419994e-01 2.156125552434020043e-01 2.680511580276619954e-01 2.251385649338359940e-01 2.816591334302580019e-01 2.523472184116880013e-01 3.782800303610289738e-01 3.294874280624680019e-01 -2.499808566959610054e-02 -2.306190758130379978e-02 1.568592336677599938e-02 2.739324727683300001e-02 3.630569884157159866e-01 4.549926221874059928e-01 3.855843721857900031e-01 2.637909037965520120e-01 5.351801399735699460e-01 3.818793790400240029e-01 3.841255150893440051e-01 3.809229468873089886e-01 3.314099381236019770e-01 1.768434191680159917e-01 5.043514678907790039e-01 5.464238901715140484e-01 2.962930681063800087e-01 2.713776826856940105e-01 2.023270292261480086e-01 3.550797995398919937e-01 4.612775857418600078e-01 4.101998553708359752e-01 1.711349357638800028e-01 4.307687465066820272e-03 3.267318678041910007e-01 4.806114435696040021e-01 4.932391801272519860e-01 6.160732685562350097e-01 5.673416073576740271e-01 6.353874309220409744e-01 4.225092463036350110e-01 3.840934675630809925e-01 2.960903042354179893e-01 1.323739824918749863e-01 3.138397320856169959e-01 3.050482169215030237e-01 3.687802391990350204e-01 3.459829843751299761e-01 3.448135113376870065e-01
5.492530356276970060e-01 5.591192628933300268e-01 2.109300797220300117e-01 2.203314907191440131e-01 2.123340693865160000e-01 1.607787660034399879e-01 2.251622134452080093e-01 3.494016528535209831e-01 1.041551496420300010e-01 3.597964053290080011e-02 4.646104913501090117e-01 4.222894039874000027e-01 2.482109271991929933e-01 2.411508581557849917e-01 -2.174557804165639860e-02 9.483485165673130601e-02 1.000000000000000000e+00 7.877049572756970042e-01 5.876198904996740024e-01 6.724805311884930470e-01 4.430154376681359751e-02 1.598372423785680008e-01 4.900048434998250475e-04 1.198230364629489925e-02 -1.768991363537649950e-02 -5.754839095246030295e-02 6.146402018697609826e-01 6.940295337611219750e-01 2.498036266400590066e-01 2.249136705117479873e-01 2.836481705552220123e-01 4.056112750051980020e-01 -1.853316658510200110e-01 -6.804436689942849892e-02 1.857442563275640141e-02 1.162454940739000020e-01 -1.232372321110569990e-01 1.172820529917209947e-01 1.715609770012009871e-01 4.342877011614140054e-02 3.050500436051160058e-01 3.211579332973439893e-01 2.633063842327860171e-01 2.188722151647130021e-01 2.439991822168779967e-01 2.141695283993569898e-01 6.218601119966510327e-02 7.995151987187290588e-02 9.135496961878140400e-04 7.429044063907580542e-02 7.533256037615010392e-01 6.807461522678429633e-01 1.693908283909049961e-01 2.821643703773750178e-01 2.048236930363399877e-01 2.749331729255050094e-01 5.929212548225809565e-01 6.295731443903509472e-01 -2.046700937665069941e-01 -1.364259665824699985e-01 -4.051083671015139748e-02 -9.779677874462260057e-02 5.622396725515239613e-01 4.856059953761849846e-01 4.540333036793610111e-01 4.360603097685489815e-01 5.290989603409660402e-01 4.036122918199809839e-01 3.959985658440680067e-01 1.848026798942790094e-01 2.158531515107189880e-01 2.572108696887370205e-01 6.064833307796160256e-01 4.787139035423370048e-01 6.444537584286069709e-01 5.240109358489339897e-01 1.057762123563559947e-01 2.059797296245509945e-01 1.948490586759749899e-01 1.791861569165600077e-01 2.258369735626269970e-01 2.758846504975919767e-01 2.268573608879490000e-01 2.120269357047810110e-01 5.022415884260500452e-01 3.953488478414829976e-01 3.534657133021190112e-01 2.052190948457099928e-01 4.550025871692839896e-01
