1.000000000000000000e+00 9.083202171322479757e-01 7.670542487769670403e-01 7.564198082668519563e-01 4.410914079308360103e-01 4.423648602326269996e-01 7.711514300755170082e-01 7.298604629614989792e-01 5.440050774862890126e-01 5.303650401707280526e-01 7.499761231953719909e-01 7.835452650505899674e-01 7.543430295774800065e-01 7.785284223460060549e-01 6.236146622978040455e-01 6.917508879547840106e-01 7.629222664529500264e-01 7.799015791716320534e-01 8.766120359204040424e-01 8.591062513145210078e-01 3.526494005400849785e-01 4.143799626404079950e-01 6.219412662489050003e-01 6.331065493258389854e-01 5.082968414045270222e-01 4.920220395430600080e-01 5.750134576763029637e-01 5.524619000566139970e-01 5.410323437871430441e-01 5.530510104660489867e-01 7.132266324839460214e-01 6.683764384846130335e-01 4.498341324391579854e-01 1.727404978871009966e-01 5.506489812748720514e-01 5.349732781123529568e-01 6.135204169694880028e-01 6.710217156266899963e-01 4.658677817731359805e-01 3.822338805754110225e-01 6.577575728224499541e-01 6.439065373065100406e-01 6.341029637852989564e-01 6.510022932799699458e-01 7.530095208999040279e-01 7.728722283364809487e-01 7.673756551447989960e-01 6.678018898689289662e-01 8.416116706346490339e-01 7.804988344358909647e-01 8.722014913937630176e-01 8.581925328659060215e-01 8.240693194333910121e-01 7.294244142726129532e-01 7.244238729023939616e-01 4.416922393362729959e-01 8.022460739371920502e-01 7.558115474910479525e-01 4.242735628414899818e-01 3.358832289267060234e-01 6.364969126102300034e-01 5.876462373403510409e-01 8.431809876050659902e-01 8.219093774403920527e-01 7.611085442064250417e-01 6.424003755504209545e-01 6.507338256083720074e-01 6.559973053976899671e-01 9.923412945207810143e-02 2.828942648985720010e-01 5.846366911080750350e-01 5.997709304371340311e-01 5.165389410716579865e-01 7.185570854679369512e-01 8.368963177486430371e-01 8.582143445948520188e-01 8.195731730143039906e-01 8.416675225834400198e-01 8.312041388490439831e-01 7.885133956646750431e-01 7.885857739715790293e-01 7.519166554537299874e-01 6.667976463291870326e-01 6.509714975554340421e-01 7.633966939657409467e-01 7.710865803012060260e-01 6.775067826935520232e-01 7.035444814140240366e-01 6.724653007799290538e-01
9.083202171322479757e-01 1.000000000000000000e+00 7.365987548029779841e-01 7.750185125520500096e-01 3.208812136652109959e-01 4.026152363294570047e-01 7.043861422035869735e-01 7.537951789475599851e-01 4.385130899734320242e-01 4.558480955300610038e-01 6.904403391135509604e-01 7.600333781724240012e-01 6.975242299678480196e-01 7.405858954225079671e-01 5.136331057531540178e-01 6.095826253309849507e-01 8.371998479789709569e-01 8.715306505212869759e-01 8.696489157598730202e-01 8.731356389438740262e-01 2.603850860079670038e-01 3.496041313393660199e-01 5.913914398161840280e-01 6.447921623208240360e-01 4.259994579014420024e-01 5.011460482069589606e-01 5.779551711245239920e-01 5.471820500101649554e-01 5.675344626134890547e-01 5.552532448331489734e-01 7.725199976603980279e-01 7.418666773176649798e-01 4.593766063434759905e-01 2.367295527884930029e-01 5.067837115325040109e-01 5.400914461042900516e-01 6.424220819909519653e-01 6.993134976606130149e-01 3.909152428604130147e-01 3.629425524548490212e-01 6.793389190404860445e-01 6.753781831545510039e-01 6.710255392665630536e-01 7.055617574538309844e-01 7.489263775133619960e-01 7.749416346182169679e-01 7.407832785608540194e-01 6.650313193449459703e-01 8.266867865546639882e-01 7.696815000556720410e-01 9.295144087407429812e-01 9.186562091789960416e-01 7.725158302281810441e-01 7.393391103752470217e-01 7.072253734643330070e-01 4.605111187115680238e-01 7.834521187660320463e-01 7.445017379187990336e-01 4.166325447554509731e-01 4.024263061756320203e-01 6.483247365897919501e-01 6.364487033531940341e-01 8.642498416535210337e-01 8.814313959139310484e-01 7.317024100012330390e-01 6.243152355930799979e-01 6.127437337908669956e-01 6.576355615518559850e-01 2.118890271759949970e-02 3.218044412054940073e-01 5.688047970429099820e-01 6.298302370818600338e-01 5.961388779926809489e-01 7.543410436967109556e-01 8.370108611708699797e-01 8.488709322609649943e-01 7.737515896268070126e-01 8.651294484918830019e-01 7.669936392146089466e-01 7.615738165605430154e-01 7.714330739791610547e-01 7.414061281685520033e-01 6.470370149181839947e-01 6.163555791347169466e-01 7.752719957914060434e-01 7.510187020855639828e-01 6.089641394411210440e-01 6.404480626092650120e-01 6.237800173600479559e-01
7.670542487769670403e-01 7.365987548029779841e-01 1.000000000000000000e+00 8.983268138782880552e-01 4.701454668561390049e-01 4.933241553504970067e-01 9.284418786989849792e-01 8.130204930963149668e-01 5.638533802890209889e-01 5.409598681200550319e-01 7.163869360780840134e-01 6.262152576516759606e-01 6.845458589304399544e-01 6.438491332233829967e-01 5.537904791809730165e-01 6.902032085823710528e-01 7.223885237257929859e-01 6.250923540551189816e-01 8.059336996704670186e-01 7.086935869904940066e-01 3.609213957988909871e-01 5.243048300781539828e-01 7.790134574084019992e-01 7.810025244308289594e-01 6.087269190881029468e-01 5.788368665088059473e-01 5.157809613889670075e-01 4.253938130613539870e-01 7.124437943144800167e-01 7.291028610043900349e-01 8.258709548229840047e-01 7.670529001946969627e-01 6.507545602449119615e-01 4.320754249673109948e-01 4.871572788389120223e-01 4.881251001094289999e-01 6.129861702367980225e-01 6.473575144512819790e-01 4.154721026749850221e-01 3.199099682345519780e-01 6.203078210306139928e-01 5.856626235102070366e-01 5.663751311787770248e-01 6.015321790155959691e-01 6.476665764950410020e-01 6.710773329732150350e-01 7.105060386410989581e-01 6.329112664347810169e-01 7.257339473807999930e-01 7.025571745896109777e-01 6.635517060234850106e-01 6.766222590673569570e-01 7.736959434366940114e-01 7.048774157401219709e-01 6.291980366055249796e-01 4.615407837629270094e-01 6.252320618262460217e-01 6.288297220290459677e-01 6.640944413638210087e-01 5.266672601530479891e-01 8.180135113666240354e-01 7.808102851219409501e-01 6.637544445367810075e-01 7.041324617942299469e-01 7.675846001324579948e-01 7.467989808683660469e-01 5.738564234584220269e-01 5.521958724308869693e-01 1.923909321790220062e-01 2.786029692341620012e-01 5.267740058388760138e-01 5.480229189342320506e-01 4.620947396009519870e-01 6.393556418255079699e-01 7.426601408451960484e-01 7.182835139177079498e-01 8.152112885552870170e-01 8.061959424787830120e-01 7.533812713531780059e-01 7.869959150064480546e-01 7.491242730793270521e-01 7.312201836460120452e-01 7.835225918955619484e-01 7.670711429930480163e-01 7.436243822422540228e-01 7.683095724841439988e-01 6.687625073895540062e-01 7.221228361375989779e-01 7.528574043584209674e-01
7.564198082668519563e-01 7.750185125520500096e-01 8.983268138782880552e-01 1.000000000000000000e+00 4.578106449702940006e-01 5.099327210132199584e-01 8.810048244196619915e-01 8.963974529114420164e-01 6.011758653092319493e-01 6.472978763212240416e-01 7.001354044585339498e-01 6.253975697551720225e-01 6.940619751993419850e-01 6.770109475467379623e-01 6.046212119723149980e-01 7.281108491184560272e-01 7.015657496177469810e-01 6.314369112380080473e-01 7.946199760667259637e-01 6.850214328663689622e-01 3.750051172890659923e-01 4.609408760002640104e-01 7.968775194398349804e-01 8.435239578449349462e-01 6.142584588950590341e-01 6.045396864456390462e-01 4.710783938071460009e-01 4.265279588129800015e-01 6.883835560457930436e-01 7.392979859566239931e-01 8.121248415776389784e-01 8.194338752845500284e-01 6.219470735000689476e-01 4.920209642621770074e-01 5.213766253514460214e-01 4.845863623871939918e-01 6.189978334090859846e-01 6.563072035864160325e-01 4.189965656276160022e-01 2.642489869660870072e-01 6.468304591768500034e-01 5.914298809145409619e-01 6.130392904021989553e-01 6.444983849081310501e-01 7.044372735075760117e-01 7.108436269954290232e-01 7.555492428505170555e-01 6.742235568153369663e-01 7.802841709426600048e-01 7.378684356386390197e-01 6.757538534229200478e-01 6.776101396268949806e-01 7.624116230165239871e-01 7.731060869718200390e-01 6.626749521078559857e-01 6.258557423546440290e-01 6.041527822944969817e-01 6.135768762738349480e-01 7.007292977385080057e-01 6.831346231101970146e-01 8.181968834867300311e-01 8.385305519343350111e-01 6.483759625050899977e-01 7.076417143565489898e-01 7.468774092036629675e-01 6.909900497295140553e-01 5.481545113359620469e-01 5.050696861303000107e-01 1.472663899316520031e-01 3.261828122857109991e-01 5.507367363781280334e-01 6.021332557525660434e-01 5.159692498257240079e-01 6.840444451931979586e-01 7.856649644544799749e-01 7.433213368873640148e-01 8.405336745989070435e-01 8.385769855929690042e-01 7.885604147799269992e-01 8.638888433092020147e-01 7.801212337357159576e-01 8.144257519419609848e-01 8.510873706361760105e-01 7.631274654111579459e-01 7.625269788150820238e-01 7.686775270384129666e-01 7.216149577383179636e-01 7.515074815612720061e-01 7.252360283530879803e-01
4.410914079308360103e-01 3.208812136652109959e-01 4.701454668561390049e-01 4.578106449702940006e-01 1.000000000000000000e+00 4.605789364084050264e-01 4.759521297656750249e-01 4.211262026658240121e-01 5.757816552420359502e-01 5.242892110558909913e-01 3.844629012974559723e-01 3.309942700313199815e-01 3.782234709191130140e-01 3.953935364563689880e-01 5.123574540531300459e-01 5.778019252120679683e-01 3.042178818919670236e-01 3.386246379519070038e-01 4.577831024238149804e-01 3.822776347812890108e-01 5.388314959140370064e-01 3.599778502847579831e-01 4.342223630795419842e-01 3.718528263802929890e-01 4.928589408900320157e-01 3.233811607106339969e-01 2.751236694969860230e-01 3.318550394616189836e-01 3.578590738789449999e-01 4.409313588160390096e-01 4.436078055544089849e-01 4.235435908455300047e-01 3.546984786451780058e-01 2.166032237344940048e-01 3.862680074879379921e-01 3.463536916377339958e-01 1.941220137436749926e-01 2.755840732906589818e-01 2.826946110500879739e-01 5.596344480248330311e-02 3.685364255696150226e-01 3.552745333608989808e-01 4.021716201359150089e-01 4.054548000552560261e-01 3.723920134292230122e-01 3.840399024514909998e-01 4.651787196620549847e-01 4.272629426913500117e-01 4.092684435494349793e-01 3.984896696522060022e-01 2.175718549514630007e-01 2.731579775388530140e-01 4.359429517919419794e-01 3.858241393468950231e-01 3.037265383252830131e-01 3.124796810051799767e-01 2.823517265048269831e-01 3.043027138391870001e-01 4.107871890318359753e-01 2.908373163251449789e-01 5.078056206620380486e-01 4.092357543006709952e-01 3.246712505795649739e-01 3.393996120824239737e-01 4.840442600557789965e-01 4.301022662265199803e-01 3.078493885224329873e-01 2.674600041502400161e-01 1.648715962396899992e-01 1.432677099032970136e-01 3.972183128187590229e-01 4.707424164644929965e-01 1.692684375399479968e-01 4.562145742882849908e-01 3.837769986216439944e-01 3.929886025337610000e-01 5.187514425458560341e-01 3.810828939079379807e-01 4.843635813337909823e-01 4.251478445150360108e-01 4.480289968189100080e-01 4.508818455157839744e-01 5.184150095641040235e-01 5.075604381875169491e-01 4.060805033231160155e-01 4.732469541834519733e-01 5.820460878783679792e-01 4.891942808752620109e-01 4.640521070443279772e-01
4.423648602326269996e-01 4.026152363294570047e-01 4.933241553504970067e-01 5.099327210132199584e-01 4.605789364084050264e-01 1.000000000000000000e+00 5.459735692254450434e-01 5.954184907172179742e-01 4.389233338894990011e-01 5.745126132802670371e-01 4.995474895212880240e-01 4.569971844755790213e-01 4.470920028737560004e-01 4.407950438116879921e-01 4.083830626948710130e-01 5.887663377799550180e-01 5.084394689613179752e-01 3.994556727629620108e-01 5.158176615687739552e-01 4.353703916506639904e-01 2.591557201651439879e-01 4.752895324917720266e-01 4.198829759909920023e-01 4.977824519591220187e-01 3.997654123531509951e-01 4.239327459189479730e-01 4.581731765017499902e-01 4.276517157478439968e-01 5.196039460316800307e-01 5.475270418072559764e-01 5.050148849301100418e-01 5.546817685661009634e-01 1.602608354200439900e-01 1.021267203713610017e-01 3.484118487112030094e-01 2.727646537092989765e-01 3.757467683407970105e-01 3.777366195131229842e-01 3.516746435101399948e-01 1.927965176031530004e-01 4.432437931199780246e-01 4.106285264623130149e-01 4.490500265790409729e-01 4.561599697969809797e-01 4.992110109797209816e-01 4.545999656253589816e-01 4.535664548605859991e-01 3.165253170596309951e-01 4.958086306229719797e-01 4.484060743458280207e-01 3.551753522277740216e-01 3.467120927651379803e-01 4.546412798554559931e-01 4.901760468825669959e-01 5.203133450593540044e-01 5.332852295877059667e-01 4.379543604413759783e-01 5.324751669272810295e-01 2.214553841126279954e-01 3.031176285423169969e-01 5.086049577090669960e-01 4.852814746658399847e-01 3.437656334014490001e-01 3.524483617417230041e-01 4.229902728727290007e-01 4.153688067584300203e-01 4.300674372945029744e-01 5.080276073390990188e-01 7.906749306489910256e-02 2.566348075258430006e-01 3.726295331397579957e-01 4.180802427378629837e-01 2.441059336846209959e-01 4.292644611149630252e-01 4.612405125830280062e-01 4.873257563481779853e-01 5.242394063617920041e-01 4.996780631582289911e-01 4.640610995754930190e-01 4.074206880287720156e-01 3.729284754556019821e-01 4.523639742136659758e-01 4.530751973052770110e-01 3.504112444759480138e-01 4.527996189621940060e-01 4.763012376580250118e-01 4.732771562860549897e-01 4.918797274612500270e-01 4.868877250925470190e-01
7.711514300755170082e-01 7.043861422035869735e-01 9.284418786989849792e-01 8.810048244196619915e-01 4.759521297656750249e-01 5.459735692254450434e-01 1.000000000000000000e+00 8.729760748696070438e-01 6.063563089728589706e-01 6.192909264900899879e-01 7.695167479827960122e-01 6.747192109924540215e-01 7.514826591417159696e-01 7.068702168995439905e-01 5.473418823549910384e-01 7.044348548323650094e-01 6.683912446695929876e-01 5.889149692549090487e-01 7.883354227505620093e-01 6.441992653985749717e-01 2.966802645037019959e-01 4.265201515716379732e-01 7.487699708579089730e-01 7.497620137975870014e-01 5.653274394868149644e-01 5.095492855359430306e-01 4.461536424603769757e-01 3.650802545737840132e-01 6.479979634906110064e-01 6.812636409823450423e-01 8.124852309283989715e-01 7.514578627156539570e-01 5.465395139762849741e-01 3.976771081384750106e-01 4.032582104591839745e-01 4.112574335245530177e-01 5.611998053404340103e-01 5.881549765406669517e-01 4.197452477510710267e-01 2.438263314186840114e-01 6.208265776654859902e-01 5.802908241104139941e-01 5.475323295318660355e-01 5.977165837180310470e-01 6.287724886158629900e-01 6.379733430165209773e-01 7.255239443997070214e-01 6.194185560050620154e-01 7.237303529153770176e-01 6.811715883554779749e-01 5.979373555760589820e-01 6.045217959564049837e-01 8.208890449437360459e-01 7.377280617370599591e-01 7.226274088781570182e-01 5.863719690403730311e-01 6.209392130963640177e-01 6.589089070660399949e-01 6.444585958396830128e-01 5.301521820077099711e-01 7.926811571291749736e-01 7.538319781601250380e-01 5.894977544751700549e-01 6.208713574037649785e-01 7.353378196169260139e-01 6.897312679873049968e-01 5.548269044098890213e-01 5.226931584612469761e-01 1.848908866065079870e-01 3.236927349655460140e-01 5.175065923639310395e-01 5.484154141892889633e-01 4.593077375512680249e-01 6.187468619479019605e-01 7.321256502097720498e-01 7.066808538545380491e-01 8.062329903664240405e-01 7.809006640907969476e-01 7.943548426338019608e-01 8.095918026133249734e-01 7.699407776058679875e-01 7.506051714340590264e-01 8.102312936306790281e-01 7.880427695134759603e-01 7.328481355054790036e-01 7.715420908944969902e-01 6.820971249140499459e-01 7.675868447763140034e-01 7.196087259237480271e-01
7.298604629614989792e-01 7.537951789475599851e-01 8.130204930963149668e-01 8.963974529114420164e-01 4.211262026658240121e-01 5.954184907172179742e-01 8.729760748696070438e-01 1.000000000000000000e+00 5.157094776144709458e-01 6.685335733426129856e-01 7.318807504517399476e-01 6.956941664902219769e-01 7.349239165896079840e-01 7.705815948887839717e-01 4.873640361079100147e-01 6.959691446048660302e-01 7.080037944302860486e-01 6.363682964060779490e-01 7.515338854982970274e-01 6.336547137646939554e-01 2.513760930148850048e-01 3.768204733347100266e-01 7.001355856285560453e-01 8.073899398728610066e-01 4.731399505972709862e-01 5.197123195736820245e-01 5.000796772118220046e-01 4.363855654179800148e-01 6.544063580533500124e-01 7.010912668198659992e-01 8.208650145112470486e-01 8.328899750159319826e-01 4.324119961258690026e-01 3.252031072253300237e-01 4.057739325416970244e-01 3.803489035832299803e-01 5.658192604613160315e-01 5.996500913050569759e-01 3.283615085029539804e-01 2.613924829268819972e-01 6.904770980150849446e-01 6.491201828073289715e-01 6.229620619868290188e-01 6.673597578956670384e-01 6.970033771476450424e-01 6.774258875472509711e-01 7.391112674247809489e-01 6.200945360438480103e-01 7.592223233144540506e-01 6.660204647552989687e-01 6.346565974536060306e-01 6.221980834282759831e-01 7.660740969476279583e-01 7.879044209895600392e-01 7.645585506957659483e-01 8.055502566415529975e-01 6.264802368010979894e-01 6.866037952498970087e-01 5.614298915209250396e-01 6.574449817283209985e-01 7.428208042312689496e-01 7.821703251769650533e-01 5.692038005831590031e-01 6.286270659510410086e-01 7.112524369205770469e-01 6.500360318599139875e-01 5.572011372468960166e-01 5.696966916419790028e-01 1.081888303636899945e-01 4.537486655991719853e-01 5.533146682879299671e-01 6.219119699736590512e-01 5.648203128102530224e-01 6.822390399123710036e-01 7.801187447489139615e-01 7.454500735847530146e-01 7.669283436645230045e-01 8.148253037504850083e-01 7.717048725702759793e-01 8.199118670103670015e-01 7.343615309426290150e-01 7.629848724729410003e-01 8.125996208522709985e-01 6.705662897798649880e-01 7.273402365677049675e-01 7.203840067331319652e-01 6.157642664620519568e-01 6.803803105142950391e-01 6.570096429966599816e-01
5.440050774862890126e-01 4.385130899734320242e-01 5.638533802890209889e-01 6.011758653092319493e-01 5.757816552420359502e-01 4.389233338894990011e-01 6.063563089728589706e-01 5.157094776144709458e-01 1.000000000000000000e+00 7.930362041414830143e-01 5.739527490887870176e-01 4.795861223686500030e-01 5.196014398639889897e-01 5.208750536643500517e-01 7.199339801070040457e-01 7.701974026025559805e-01 3.879216562482170061e-01 3.137004755555080071e-01 4.843518811695849968e-01 3.523479836711679858e-01 4.976110807028770178e-01 4.236169959644430216e-01 6.475791154517219761e-01 5.362769788140899774e-01 6.206789589569989829e-01 4.137555626808859799e-01 2.602682513804570053e-01 2.888189474575990068e-01 4.294294148138300127e-01 4.561333992008220206e-01 4.597535717985880011e-01 4.308943266140080053e-01 5.212253357263290088e-01 4.393661626509929863e-01 5.186024770378280246e-01 3.515541919903050205e-01 4.073277958434369794e-01 3.840804671431209960e-01 3.504405830210939876e-01 2.871962029259999844e-03 4.503878608050900234e-01 3.927436391377630009e-01 5.331021611187050091e-01 5.289141413686130333e-01 4.590626719540120138e-01 4.972581730077110240e-01 6.655050912384660178e-01 6.196320563806659854e-01 5.344645379571779653e-01 5.731533614912179830e-01 3.846426916818739827e-01 3.972747564057709790e-01 6.622004518188290279e-01 5.687503031178480217e-01 4.216199529697660098e-01 3.651305514535930219e-01 3.442195077052530028e-01 3.187083657251890134e-01 6.130710461764400376e-01 3.952804542908689989e-01 6.327443649175009677e-01 5.458406956789659814e-01 3.487890436311830156e-01 3.875989071753899728e-01 4.310454105157490168e-01 3.962136417977810132e-01 2.515276162940149884e-01 3.087140830867989849e-01 1.226837140424829990e-02 1.085808383388830040e-01 4.749554104602040083e-01 4.739864317362320056e-01 1.820187639092049892e-01 4.388799948579230059e-01 4.579796910553760036e-01 3.950140963284869966e-01 6.742661676597789810e-01 5.597125590167969511e-01 6.147144875261409958e-01 6.305572602301829921e-01 6.407377918822509955e-01 7.324162667566800344e-01 6.626981511710290373e-01 7.348509440394149772e-01 5.119366319855469527e-01 6.188089122921189844e-01 6.957845447447600362e-01 6.903668700713450068e-01 5.623292308652280136e-01
5.303650401707280526e-01 4.558480955300610038e-01 5.409598681200550319e-01 6.472978763212240416e-01 5.242892110558909913e-01 5.745126132802670371e-01 6.192909264900899879e-01 6.685335733426129856e-01 7.930362041414830143e-01 1.000000000000000000e+00 6.323885025473410249e-01 5.129382976498170210e-01 5.846326926699270121e-01 5.672007190288970158e-01 6.691779539004859556e-01 8.225617393188440207e-01 4.314124206963009800e-01 3.762358875462660235e-01 4.952807369585189856e-01 4.077846374934789853e-01 4.937616349484160172e-01 4.903109979946809749e-01 6.477381690438259731e-01 6.355638310629549981e-01 5.805694395728050461e-01 4.270479794159470210e-01 2.703778880784240002e-01 2.942577099163580234e-01 4.225447532741239964e-01 5.200256343594009678e-01 4.975181097945899911e-01 4.742294148107860097e-01 3.431918388834970246e-01 2.724347556969550221e-01 4.847448485841440169e-01 4.298691290224079808e-01 4.285669212724240174e-01 3.861824000644260013e-01 3.539332601506640086e-01 1.701018121017369988e-01 4.409546488656870267e-01 3.956546956011289806e-01 4.715475237852380097e-01 4.828414115453649735e-01 4.675221210718710219e-01 4.603969913162420102e-01 5.991655736361860551e-01 4.782638211055990074e-01 5.402645426976889764e-01 5.292473709799609960e-01 3.794491523706249869e-01 3.835612445276689875e-01 5.687394648921300089e-01 5.469142188711030306e-01 5.331853896459739506e-01 5.926467048825370121e-01 3.950335512415870109e-01 4.153846068975199923e-01 5.696253261525729972e-01 4.860280209031310195e-01 5.368628325602600171e-01 5.155665904509260100e-01 3.090180277769249972e-01 3.408713809374300241e-01 4.369318770684850195e-01 4.342032120149689756e-01 3.949660151632690130e-01 3.605022043033099810e-01 1.654628879886340109e-01 2.241340172361989957e-01 4.645311846829159874e-01 4.884057791225079881e-01 2.302780500323410029e-01 4.584730568238700177e-01 4.928252241054030258e-01 4.617070680223639978e-01 6.183780329754640093e-01 5.565679865586740105e-01 6.140214240792849498e-01 6.383393127741170403e-01 5.391624775301560035e-01 6.568702802880099778e-01 6.854114183017899764e-01 5.998322667087290228e-01 5.367142130797120103e-01 5.935954928580240431e-01 6.190127131208149613e-01 5.998360003411880026e-01 5.792639940410440058e-01
7.499761231953719909e-01 6.904403391135509604e-01 7.163869360780840134e-01 7.001354044585339498e-01 3.844629012974559723e-01 4.995474895212880240e-01 7.695167479827960122e-01 7.318807504517399476e-01 5.739527490887870176e-01 6.323885025473410249e-01 1.000000000000000000e+00 7.561826548725819608e-01 8.106283432767660280e-01 7.643066770387200171e-01 6.457037101149160074e-01 7.579718395090999650e-01 7.230709573627700504e-01 6.217786140273819928e-01 7.625351621886410358e-01 6.509883879152269515e-01 3.067390522031709921e-01 3.708868193238509803e-01 7.786205299504990185e-01 7.541885375922029455e-01 5.015722562639820525e-01 3.941788975518660254e-01 5.815865065636820486e-01 4.592973205438000139e-01 5.779511944897349762e-01 6.515220030696099451e-01 7.173785545609140391e-01 6.563936586677010521e-01 4.213943472516379907e-01 2.157399090163190092e-01 3.659258588032819892e-01 3.955020044785029776e-01 5.493619035293569874e-01 5.579047683807819569e-01 3.877315772060819787e-01 2.746919759503799741e-01 5.858911371915299648e-01 5.781309690179530225e-01 5.550422336579150517e-01 5.842981424462300177e-01 5.894547843241390028e-01 6.189694660700909568e-01 6.426973876939799935e-01 5.658661775598869959e-01 6.864052397913510406e-01 6.947369667114819958e-01 6.130445266145320149e-01 5.897650541549780412e-01 7.064093831440699800e-01 6.136487567000969978e-01 7.197432593231439801e-01 5.179848722640739700e-01 6.458564378777760240e-01 6.201318786657630255e-01 5.370585047388779509e-01 3.443641046185320076e-01 6.410800792142969939e-01 5.658410028819750304e-01 5.426510182502649604e-01 5.288524376780919800e-01 6.675023802062040046e-01 6.291708238077680093e-01 5.680580801881499609e-01 5.351586669153020059e-01 1.650913262611480026e-01 3.319528752656030202e-01 5.254829949785909671e-01 5.404260044609560110e-01 4.655173066785159852e-01 5.730154332590999822e-01 7.032350918238560178e-01 6.454889412442460506e-01 7.397425070601399977e-01 7.108967690432389519e-01 7.365724413815200045e-01 6.867213485817279528e-01 6.688502940083570492e-01 6.790685520698610533e-01 7.033341839675909535e-01 6.717657450977689848e-01 6.802213800398749788e-01 7.417534985740009690e-01 5.870818396244720239e-01 6.765339779384279550e-01 6.595070468949549847e-01
7.835452650505899674e-01 7.600333781724240012e-01 6.262152576516759606e-01 6.253975697551720225e-01 3.309942700313199815e-01 4.569971844755790213e-01 6.747192109924540215e-01 6.956941664902219769e-01 4.795861223686500030e-01 5.129382976498170210e-01 7.561826548725819608e-01 1.000000000000000000e+00 7.430346715510329769e-01 8.589518612928369601e-01 5.102629768412979550e-01 6.510344027594290317e-01 7.377110966650709534e-01 7.464299907418250335e-01 7.556641781714530381e-01 7.283294460273369575e-01 1.988344969134439866e-01 3.246450663263690251e-01 5.444822833219330471e-01 5.662017097864600057e-01 3.482991699651700190e-01 3.381725020720189878e-01 5.852221367487360215e-01 6.045315534318329576e-01 5.210780998209170178e-01 5.426570160816119870e-01 7.148184428207059460e-01 6.906261895603710288e-01 3.128590478063950076e-01 1.983918643017099914e-01 3.893386949754820137e-01 3.884390797286210173e-01 5.939455580540450308e-01 6.753072422185369961e-01 3.582696866200170138e-01 2.844009299478790220e-01 6.068746840840849588e-01 5.950663469820669516e-01 5.602105439594500247e-01 6.069257100022720230e-01 6.748774481035969552e-01 7.083224397311600473e-01 7.404000191204930248e-01 6.635093618195160303e-01 7.931116920461169784e-01 7.745967672029300255e-01 7.029913817846870083e-01 7.077844058305160502e-01 7.583835960108390450e-01 7.607807016589970273e-01 7.241437837563220459e-01 5.065724429041309484e-01 7.652093719037880160e-01 7.291482179928649998e-01 2.616332500943919781e-01 2.236170078337169909e-01 5.927452314064910466e-01 5.624101578061050377e-01 5.868083692847629873e-01 5.882963162025669490e-01 6.136331200783570194e-01 5.783584532258789768e-01 6.298729412454729948e-01 5.925633304102400079e-01 7.191771062257769354e-02 3.254338783316669814e-01 5.478380352511810214e-01 5.641240266177309781e-01 5.352250730874319462e-01 6.598146964524850278e-01 7.484916475131510039e-01 7.001691525349450496e-01 7.231923852297790223e-01 7.190578983799199575e-01 7.044227621361119906e-01 6.976980518149300536e-01 6.884952395573900041e-01 7.460688680925720018e-01 6.314976044017619472e-01 5.597546895194169814e-01 7.689430004376009986e-01 7.416444764189940031e-01 6.224413091900470318e-01 6.652355864722689915e-01 6.278553839603939757e-01
7.543430295774800065e-01 6.975242299678480196e-01 6.845458589304399544e-01 6.940619751993419850e-01 3.782234709191130140e-01 4.470920028737560004e-01 7.514826591417159696e-01 7.349239165896079840e-01 5.196014398639889897e-01 5.846326926699270121e-01 8.106283432767660280e-01 7.430346715510329769e-01 1.000000000000000000e+00 8.046776293162219984e-01 6.288805256260500132e-01 7.343764671696979551e-01 6.460812248537880498e-01 5.914146960538919640e-01 6.741198753330289728e-01 5.901488244014160278e-01 3.130149779333720184e-01 4.354771468273649915e-01 6.353016128586660427e-01 6.286328844005010241e-01 4.860949057114630212e-01 5.344923304895909943e-01 5.464656563050349636e-01 4.106415738812220217e-01 5.333093098066109539e-01 5.580058219707439982e-01 6.956306311114700547e-01 6.476513150879810166e-01 4.370790064890979765e-01 2.957358994778889749e-01 4.567025800512959921e-01 4.557928638062879734e-01 6.241780516574360060e-01 6.098509952923260036e-01 4.443704727790470099e-01 3.882024026646960224e-01 5.980872061509330262e-01 5.633124955100180520e-01 5.699343846249850243e-01 5.882305257326659875e-01 5.770143969295039588e-01 5.835592355316659985e-01 6.037677144985189592e-01 5.113946821389130371e-01 6.839163542492150416e-01 5.850667851793740493e-01 6.027620706499520198e-01 5.615220032554799623e-01 7.774775212188019813e-01 6.425064435606160362e-01 7.929294494505370050e-01 5.611756622054220323e-01 6.119740097303090209e-01 5.863551138545120001e-01 4.421409665696510172e-01 4.368669603144220148e-01 5.947603545188769880e-01 5.687445827351299554e-01 5.192364228780520508e-01 5.134479086017600391e-01 6.140985049091629566e-01 5.853083310444839871e-01 5.610077537202680098e-01 5.906093580870399595e-01 1.421170834353950030e-01 4.014314612273359728e-01 5.309171311501980073e-01 5.401177621866030121e-01 5.249453361480199698e-01 5.078802146107159743e-01 6.980580961904679915e-01 6.546363742343039860e-01 7.244686935916410109e-01 7.243391038197819487e-01 7.072562800727539845e-01 6.885399901791909860e-01 7.856533909291859574e-01 6.897566600656029889e-01 6.487381081666689919e-01 6.141035479933759644e-01 6.459074485250020370e-01 6.770868098528369794e-01 5.415642110937329834e-01 6.409206344817089951e-01 6.145776911880149740e-01
7.785284223460060549e-01 7.405858954225079671e-01 6.438491332233829967e-01 6.770109475467379623e-01 3.953935364563689880e-01 4.407950438116879921e-01 7.068702168995439905e-01 7.705815948887839717e-01 5.208750536643500517e-01 5.672007190288970158e-01 7.643066770387200171e-01 8.589518612928369601e-01 8.046776293162219984e-01 1.000000000000000000e+00 6.037046788762819860e-01 7.318654521575089777e-01 7.273915687587779733e-01 7.030074943951399868e-01 7.503055600178669682e-01 6.951929316074619836e-01 2.914370456308200130e-01 3.550379661762629868e-01 6.099319865638950233e-01 6.466620288195009669e-01 4.553737044992999805e-01 4.498475448706140134e-01 6.364353344921029887e-01 5.981266875159260143e-01 5.865076147660599482e-01 6.065390841434280533e-01 7.520259420596160371e-01 7.530068497507249603e-01 3.765786871338039909e-01 2.825695488923150034e-01 4.325773021195830070e-01 4.025939086720319859e-01 5.886382280387439936e-01 6.291209236845669572e-01 3.148317833801290155e-01 3.219773142245129782e-01 7.119994445377310077e-01 6.794109536587139564e-01 6.218990776067470083e-01 6.761904693635729657e-01 7.284768076733939557e-01 6.912588758460419536e-01 7.524655263273219985e-01 6.592384303347770258e-01 7.784656500562480153e-01 7.035964669369270119e-01 6.523259271211530042e-01 6.314594637951119749e-01 7.918608747080899679e-01 7.374175710354360369e-01 7.877554001837689945e-01 6.171964388754590525e-01 7.240045006533469829e-01 6.749628622178029946e-01 3.657359573432930056e-01 3.675417189357539915e-01 6.393262187970969457e-01 6.102508910757099558e-01 5.617145382898880435e-01 5.782742523913619870e-01 6.749946873037020456e-01 6.668056439630489773e-01 6.545923208017000450e-01 6.375536155343569655e-01 1.198207968274809937e-01 4.557331823222570133e-01 6.625712504204880338e-01 6.529676097618489772e-01 6.051560624900760299e-01 6.536121502131829741e-01 7.716287999172429801e-01 7.085698886637810112e-01 7.366819979669250174e-01 7.444279781423499553e-01 7.361549467872660069e-01 7.019815037807369817e-01 7.621694983261070311e-01 7.509592244896829971e-01 6.863599353318949881e-01 6.083724696211260108e-01 7.323784374209799664e-01 7.393610494495940211e-01 6.540570107900739449e-01 7.008368344888129542e-01 6.382999196841180334e-01
6.236146622978040455e-01 5.136331057531540178e-01 5.537904791809730165e-01 6.046212119723149980e-01 5.123574540531300459e-01 4.083830626948710130e-01 5.473418823549910384e-01 4.873640361079100147e-01 7.199339801070040457e-01 6.691779539004859556e-01 6.457037101149160074e-01 5.102629768412979550e-01 6.288805256260500132e-01 6.037046788762819860e-01 1.000000000000000000e+00 8.517234229853090088e-01 4.795429411197250080e-01 4.634950844384390090e-01 5.894999200725440369e-01 5.357053634191529801e-01 6.577918127746860133e-01 5.784583251530009962e-01 7.000215260887090452e-01 6.097947102087299953e-01 6.988196033239489902e-01 6.093843945409580520e-01 5.177331200550560064e-01 5.193359938556360023e-01 5.183822830277340366e-01 5.456357914205739457e-01 4.620118655533719809e-01 4.320336780130930032e-01 4.941780760108899773e-01 3.998412585982870082e-01 6.765051150974610294e-01 5.340190991097859552e-01 4.897051886769600015e-01 5.168633951548360361e-01 5.132000158898759601e-01 2.350144194104820117e-01 5.031263148402910224e-01 4.700255982738469895e-01 5.364041696447110485e-01 5.113681607914479788e-01 6.239380959746579913e-01 6.200069209120030456e-01 5.363679801540479630e-01 4.947415527661370160e-01 6.311964791529359742e-01 5.639557925063719557e-01 4.766698752544279993e-01 4.801594037465080067e-01 5.289411964946689748e-01 4.578162798381810172e-01 4.161759442063340253e-01 2.762367161149529848e-01 4.131570930630710237e-01 3.629428167120509752e-01 5.714041369560739492e-01 3.152259447032310091e-01 5.534630450507590504e-01 4.849773832633400006e-01 4.847238921296139758e-01 5.081454141425050253e-01 5.580172399332230526e-01 5.282089850540659937e-01 5.064088063986159627e-01 4.846005028716139917e-01 1.746066279369180019e-01 1.994144563790160030e-01 5.035913259485289561e-01 5.008442715026749648e-01 3.081948262274269990e-01 4.491363720244530011e-01 6.107012551760340191e-01 5.671653340305310431e-01 7.941429807808679797e-01 6.474686329671169860e-01 7.000171036812370406e-01 6.545530830359139740e-01 6.258731886880930517e-01 6.365685202544090204e-01 5.111905827178759854e-01 5.672187462074409492e-01 5.083555447782459602e-01 5.450327393230880446e-01 6.544824553219049657e-01 6.058362299495250181e-01 5.690535226548160130e-01
6.917508879547840106e-01 6.095826253309849507e-01 6.902032085823710528e-01 7.281108491184560272e-01 5.778019252120679683e-01 5.887663377799550180e-01 7.044348548323650094e-01 6.959691446048660302e-01 7.701974026025559805e-01 8.225617393188440207e-01 7.579718395090999650e-01 6.510344027594290317e-01 7.343764671696979551e-01 7.318654521575089777e-01 8.517234229853090088e-01 1.000000000000000000e+00 6.101437333543849872e-01 5.290254016855809871e-01 6.737969788910329605e-01 5.928011940118720347e-01 5.536623555771450489e-01 5.909907726411010032e-01 7.500121419446480475e-01 7.192695922754289706e-01 6.820426371098610163e-01 5.993355195819299874e-01 5.075242891771090115e-01 4.991063681783700079e-01 5.959334591767629918e-01 6.642056439294540260e-01 6.178378086981940465e-01 5.981747510968019599e-01 4.924256022315069981e-01 3.851693564583300033e-01 5.968597611473720477e-01 5.112827662045029697e-01 5.636122237614280550e-01 5.432948274145269485e-01 4.473129747895009944e-01 2.176059365032040060e-01 5.971852642266539668e-01 5.565904648949659972e-01 6.219247167727609549e-01 6.257390788973690166e-01 6.588861840890359867e-01 6.612059488543270414e-01 6.940337609329469970e-01 6.054022563042510408e-01 6.918740655472289669e-01 6.511498031230440464e-01 5.404101142787519629e-01 5.408517298896310388e-01 6.822753728974859655e-01 6.286508983730280109e-01 5.915553042844899911e-01 5.156448342770459936e-01 5.279441351398319604e-01 5.132730243209320253e-01 5.705470306004190029e-01 4.343535280338450266e-01 6.698170786377799502e-01 6.066591239272659530e-01 4.959917006803989947e-01 5.280209324632360035e-01 6.134697007081869602e-01 6.130545978258460371e-01 5.660125004845899532e-01 5.185659846984249643e-01 1.873876386466460098e-01 3.039712024690919834e-01 5.727329806467660323e-01 5.734383981432850108e-01 3.873754337682530080e-01 5.369716408344920033e-01 6.658993861457990215e-01 6.125366824838229807e-01 8.034629230949960066e-01 7.245388934207650511e-01 7.327434990633879819e-01 7.312213840583680069e-01 7.090158701806370534e-01 7.541144009794289449e-01 7.106345743857069852e-01 6.748116171697500221e-01 6.261019346104219618e-01 6.921696581619170008e-01 7.139889076873390250e-01 7.081524945619449563e-01 6.859012523454179888e-01
7.629222664529500264e-01 8.371998479789709569e-01 7.223885237257929859e-01 7.015657496177469810e-01 3.042178818919670236e-01 5.084394689613179752e-01 6.683912446695929876e-01 7.080037944302860486e-01 3.879216562482170061e-01 4.314124206963009800e-01 7.230709573627700504e-01 7.377110966650709534e-01 6.460812248537880498e-01 7.273915687587779733e-01 4.795429411197250080e-01 6.101437333543849872e-01 1.000000000000000000e+00 8.910130265993549958e-01 8.469616232523089483e-01 8.290970671593329566e-01 2.490289507496959986e-01 4.129424475611240264e-01 5.845346032106779610e-01 6.739787155972449817e-01 4.669414066217910109e-01 4.879207917130150007e-01 7.774412758304219961e-01 6.831041247214439949e-01 6.813838104249989591e-01 6.813586952836470090e-01 8.432899937420359482e-01 8.084224698956670174e-01 4.045665065894040180e-01 2.072492089693609985e-01 4.675681341771880106e-01 5.255935742156759849e-01 6.989880322967519932e-01 7.144171004113639700e-01 3.871288433915269778e-01 4.196801257194520129e-01 6.683460382105990139e-01 6.830115644590269985e-01 6.546673603440750222e-01 6.855417579225639990e-01 7.090937699014290274e-01 7.271268270201729500e-01 6.516488606433049613e-01 5.791644367024599838e-01 7.622304763695469942e-01 7.334788425836720194e-01 8.181218296116580246e-01 7.941781867179670273e-01 6.872122713548910466e-01 6.418464204798549622e-01 7.377069189366789459e-01 4.864030595546369740e-01 8.241206632993229864e-01 8.209926611755630210e-01 3.810658066871959737e-01 3.493662829534819880e-01 6.846232289786019498e-01 6.540949112109829544e-01 7.280593634166679928e-01 7.606779089505080194e-01 6.841989388569910124e-01 7.337913443325999596e-01 6.594067789988670159e-01 7.318406474748530011e-01 1.457225455020469962e-01 3.733771971810639911e-01 6.208873438038809978e-01 6.535420179444719757e-01 6.504893518568589661e-01 7.760675618323630287e-01 8.276743377761269782e-01 8.164241035173730454e-01 7.317725753244519460e-01 8.097495808815610152e-01 7.046153095647159637e-01 6.721130338621930100e-01 6.903366089935719652e-01 6.587769804856440370e-01 6.095330926927899906e-01 5.414646611808799914e-01 7.584548443555989561e-01 7.437921696603010391e-01 5.683525478871289671e-01 6.367952393759710450e-01 6.775422282454820477e-01
