1.000000000000000000e+00 7.214863817620610353e-01 5.245492057472860292e-01 5.139080331038919924e-01 3.822689189834119761e-01 3.166465443190130125e-01 4.662651453409840108e-01 4.688939113995519992e-01 3.002969529994939935e-01 2.563143223762650025e-01 5.577856725602700072e-01 4.865851322639460075e-01 4.072878683928349841e-01 3.308885383393129764e-01 3.996653268316049945e-01 3.279575304104220268e-01 5.794115828248189715e-01 6.532465919508360086e-01 7.492551081524090328e-01 7.214010857297999957e-01 3.840356913953740237e-01 5.872436879060900089e-02 3.688429474000650132e-01 3.301028425265650212e-01 1.807269339038150013e-01 1.393571281427239961e-01 5.977859475795830324e-01 4.568098261703800178e-01 4.620892467089879885e-01 4.149976080456779792e-01 6.678578403070409841e-01 6.477858683975860066e-01 2.790725428670169928e-01 2.939631538690800072e-01 4.594382818464010088e-01 3.545625687189770114e-01 3.382184442366880095e-01 4.728202515555919860e-01 4.767883421408979916e-01 2.497533222586489909e-01 5.130878429885189496e-01 4.649578490910589723e-01 4.549230734404299814e-01 4.685514977882920262e-01 5.995653493752719498e-01 6.143420048728790439e-01 5.705343405123409761e-01 5.222613275869280036e-01 6.486138676583069751e-01 5.260823379636829777e-01 8.754718309441259505e-01 8.480017165597130147e-01 6.284367215066889445e-01 5.432613478810219831e-01 4.887007325648299871e-01 3.777616803793180100e-01 4.854863755530430258e-01 4.886045925358080133e-01 3.112037950978490120e-01 2.372667062038870123e-01 5.199922651438360077e-01 4.175921355620230146e-01 7.525157381506329957e-01 6.566242827415780248e-01 4.198215327576290123e-01 4.691460441950859872e-01 5.187838737450659599e-01 3.750652192329119727e-01 2.993901191019500141e-01 2.528807651925200073e-01 6.630531569222339883e-01 5.221939187504730517e-01 4.570901773058769768e-01 4.327388968465170072e-01 5.912654277334540298e-01 5.219350240786200246e-01 6.501978193042350362e-01 5.242219616094799806e-01 6.366109569055690143e-01 6.276675273131929744e-01 5.264990751211050535e-01 5.799880167902969896e-01 5.825857000824410381e-01 6.021266829738910475e-01 8.141760881128919936e-01 7.963782462346770119e-01 7.168835170715239791e-01 7.441957282656710415e-01 7.521108064889949762e-01
7.214863817620610353e-01 1.000000000000000000e+00 3.191245805069949926e-01 3.205624439195999820e-01 1.689271523926149932e-01 4.831984284548750119e-03 2.240713312441660054e-01 3.060556347148050138e-01 -1.114482602668009914e-02 -6.355220320837670633e-02 2.512134540862729915e-01 3.868164856658850015e-01 1.795158753783289984e-01 2.260796250876080105e-01 1.961840355239720113e-01 2.188602302419559997e-01 5.888610564419870519e-01 6.210459309142719597e-01 4.966008888480279992e-01 5.734073687742690106e-01 4.067238478839220184e-01 5.343498230430340085e-02 2.253046543462119966e-01 2.410113060961429909e-01 2.482448391719810077e-01 1.456567210470519902e-01 4.136676108186779777e-01 5.017025239914749690e-01 4.300480233909769745e-01 3.890860698192549760e-01 5.554001152436149891e-01 5.619013189719219703e-01 3.511405344945289775e-01 2.938745324107899792e-01 5.037643097843249596e-01 4.826523828682039996e-01 4.855070292550269784e-01 6.045334818607539518e-01 3.848705709819910115e-01 4.256615390124859899e-01 5.231586566027159879e-01 5.435116161856740069e-01 5.002293840776109723e-01 5.215667029251409570e-01 5.815562907781299806e-01 5.193161688568069811e-01 6.093189453265399624e-01 6.146416978050229796e-01 6.139381036621469612e-01 5.082238685084150553e-01 6.398185325824340408e-01 7.086625489837310443e-01 3.897453663649769751e-01 4.756481542707869936e-01 2.955037339439259836e-01 3.113910587624120208e-01 1.490273592215599907e-01 3.002211654691859799e-01 2.779741291635630107e-01 2.264476178285919905e-01 4.620777510294020174e-01 4.316967991384960124e-01 6.197328892558570113e-01 6.961081692336430482e-01 4.213965162979489976e-01 4.623154192399990259e-01 5.458245685771370148e-01 4.974823176395650193e-01 2.428569998437359878e-01 4.559933265424520044e-01 5.023625062620939996e-01 5.678761895694719453e-01 5.022825555389389685e-01 5.360167570050839991e-01 5.815294933846899550e-01 5.166988967821940504e-01 6.190499173981049985e-01 6.116038387724920256e-01 4.361929764198870241e-01 5.087571747631639552e-01 3.464431589325189798e-01 4.305035570111129806e-01 4.056273909202690042e-01 3.630835244087839975e-01 6.990097788513189858e-01 4.966687681756790096e-01 5.377297786800829815e-01 4.753475282401530277e-01 6.218781571754650184e-01
5.245492057472860292e-01 3.191245805069949926e-01 1.000000000000000000e+00 6.456261617509220230e-01 4.613800561103760245e-01 4.402077432577869986e-01 8.286955542758559501e-01 4.975180537058099817e-01 4.348265418568140195e-01 2.970341185666879880e-01 4.513413803295450166e-01 1.543388526232369884e-01 4.961573296758869933e-01 3.723177292393550220e-01 4.427152573470720109e-01 2.208877363714200071e-01 2.194801781406489904e-01 2.064344708624299973e-01 5.847339922666280332e-01 3.713345407100290263e-01 1.969420451380380077e-01 3.420160427531859781e-02 6.645335795222979680e-01 5.058573296301780431e-01 2.837654731509440253e-01 3.127553615969150269e-01 2.824992489399750228e-01 1.879920624338739937e-02 6.854203840764090394e-01 4.995130050455440229e-01 5.622521303404389714e-01 4.921279676462980146e-01 3.619406842781000000e-01 3.705767395006340226e-01 2.937325511676239786e-01 2.795738825868659960e-01 2.013471892050660017e-01 2.605876597978180054e-01 1.842474259672330084e-01 4.440882250704220047e-02 5.139324793851089979e-01 3.908800294433090183e-01 3.325917444037069792e-01 3.568988668312940149e-01 3.671968219820360146e-01 4.139997871686250108e-01 2.318029884761499959e-01 1.807304783439150075e-01 3.150868992612769759e-01 3.030570766736230270e-01 4.262576233102670087e-01 3.351892862137629825e-01 5.831691808714429825e-01 3.743327396319470202e-01 5.514898662652030215e-01 4.458310040173579791e-01 3.992720879012809920e-01 1.078951522873689978e-01 5.145240992755369946e-01 4.297954133168009894e-01 5.490863310131479658e-01 3.913032442932879995e-01 5.114231460031990473e-01 4.385763124713499828e-01 3.751092791554440087e-01 4.943911102919770206e-01 3.001447503514699799e-01 2.195631259233929988e-01 2.419907244212390063e-01 6.618330786740360405e-02 5.981420749560789618e-01 3.541364809971089822e-01 2.336190195221549970e-01 1.764329964069729917e-01 1.440409758254750094e-01 1.541337540873199963e-01 3.368352082063320041e-01 1.933295833688999932e-01 5.467993184309569710e-01 3.407669340248740131e-01 5.052840168148879929e-01 4.295333946924230206e-01 5.518841302247440295e-01 6.601643781139909795e-01 4.182993226240089846e-01 5.865634405723739730e-01 3.944572015271510246e-01 5.835127586928989807e-01 3.922128788785420039e-01
5.139080331038919924e-01 3.205624439195999820e-01 6.456261617509220230e-01 1.000000000000000000e+00 4.633214000308619740e-01 6.391731783015479618e-01 6.842440999106239596e-01 8.668346159201519852e-01 4.886506467339239990e-01 5.730047658727149829e-01 3.161808175780930208e-01 5.023829496226069891e-01 4.617472449048459771e-01 5.853144131947339845e-01 5.291000644985479617e-01 5.452869840925860245e-01 2.731335480370020163e-01 3.061298001425259985e-01 3.962828328550230261e-01 4.607757611970160205e-01 3.063297656390129853e-01 2.168078346140069890e-01 5.752494473306629663e-01 7.298765772393519535e-01 3.094172658562209799e-01 4.205977022037620250e-01 2.367153373221050072e-01 8.511085914594500312e-02 5.618610603992699737e-01 6.992080421616160280e-01 6.263094947243229571e-01 6.525880416470100087e-01 5.186631732664179761e-01 5.959165943652220410e-01 3.383660251142370234e-01 2.674734887625550006e-01 2.920796317689500210e-01 3.819980439715209841e-01 2.889909974567900219e-01 -5.929143189017230253e-03 4.972737057067520006e-01 3.993084536513840099e-01 3.534270259774969780e-01 3.738958965301439896e-01 4.472924801867579903e-01 4.838259360062869829e-01 4.008717448340389788e-01 3.645411885002389774e-01 4.642968579204430069e-01 3.012671123508590121e-01 4.423954764639029813e-01 4.196871275998459994e-01 6.673450618310300397e-01 5.837689694276639862e-01 5.429225857447850245e-01 7.431378645108750458e-01 2.111699277369880057e-01 3.000816977908479788e-01 5.415851223383929547e-01 6.715018481973600295e-01 5.489200186267000348e-01 5.212637460291029701e-01 5.888176406452360068e-01 5.218129081153699556e-01 2.602969282354820058e-01 4.520331674018749912e-01 2.177318549275109871e-01 1.935670319360459912e-01 2.533667990713899809e-01 8.455180127088139652e-02 5.056806275648499938e-01 4.308741340244299778e-01 2.877455792133220003e-01 3.016314232709669807e-01 3.238063920874479917e-01 3.304175549467610051e-01 3.497610239382509811e-01 4.151718802474489989e-01 5.974575147292140453e-01 5.998420195952439693e-01 6.605855782949749955e-01 7.203617250334020117e-01 8.157036512828760300e-01 7.209783635792009759e-01 5.467196604974829954e-01 5.799627050564269970e-01 6.278856240377139741e-01 5.770226546401699963e-01 4.821011237280840023e-01
3.822689189834119761e-01 1.689271523926149932e-01 4.613800561103760245e-01 4.633214000308619740e-01 1.000000000000000000e+00 6.370375878688290250e-01 5.355843629718559651e-01 4.520592081970880027e-01 6.875441117076630526e-01 5.204046719726069803e-01 4.197117512716420085e-01 3.907394815173669822e-01 4.439118406884769996e-01 4.012201936004590186e-01 6.542405753076859787e-01 5.272103539539849670e-01 1.702999533118010056e-01 2.247714226757490108e-01 3.466547483262190088e-01 2.839391146702480162e-01 1.607854661130579954e-01 1.533441143118250138e-01 4.001197495899719847e-01 3.087487737643059837e-01 3.565275950733070021e-01 3.710207810337899925e-01 3.791242273475809998e-01 1.485555496407990062e-01 4.080757254753210050e-01 3.150230964217179963e-01 4.123464782409980156e-01 4.164671572550769918e-01 2.439869471533250012e-01 2.930699072583670128e-01 2.246915121353089961e-01 1.497262332440749966e-01 1.458186227559480075e-01 2.643844331312210083e-01 1.996523408343280070e-01 -4.686631876917839862e-02 2.994011619794619827e-01 2.433328876865950008e-01 2.536920952236180193e-01 2.446078192249440120e-01 3.176676766426819731e-01 3.102194046079659873e-01 2.600211339551610212e-01 2.762204628637550119e-01 3.661834192862429838e-01 2.155877534516379979e-01 3.274984624418250112e-01 3.017251377192700090e-01 4.475473720839779901e-01 2.764790095239390011e-01 5.101889441791740420e-01 4.127561450636019758e-01 3.162007771112659849e-01 3.242310842423610229e-01 3.162711003465130122e-01 3.484206590229410039e-01 3.313428430364679933e-01 2.702472266854569760e-01 2.749303993682030156e-01 2.474072332627209880e-01 1.741331038864709913e-01 2.064186907378749991e-01 1.123697093365390032e-01 4.928210930918550114e-02 3.336993830213609846e-01 -1.557963813203450121e-01 4.335605614330240165e-01 2.196268925203269939e-01 1.739696604755409937e-01 1.068738406949369946e-01 1.690806474316879915e-01 2.771778261587740100e-01 3.472994585574499804e-01 2.390862909962490068e-01 3.900330632656169860e-01 4.133232058749499727e-01 4.705473232101080039e-01 4.786687654463739894e-01 4.839370455083359945e-01 4.737768959514189748e-01 4.169717480435879975e-01 4.259045710840529964e-01 4.091887798472200188e-01 4.140910001414980224e-01 3.594356032879060248e-01
3.166465443190130125e-01 4.831984284548750119e-03 4.402077432577869986e-01 6.391731783015479618e-01 6.370375878688290250e-01 1.000000000000000000e+00 5.901691472846930520e-01 6.886799135829260177e-01 7.504088266663070383e-01 8.177667557579070268e-01 3.205587931726689987e-01 4.623092388774109884e-01 4.396346420064770055e-01 5.313284346261150093e-01 6.807055989748810321e-01 7.299801561239890324e-01 4.031716232632560210e-02 1.110385214923230029e-01 2.296759372159999923e-01 2.492746679584340042e-01 1.921411026840340042e-01 2.265883495575050088e-01 3.956859136684929834e-01 4.866169056456959852e-01 3.429377598501670010e-01 5.105227480057930034e-01 3.386307617340449938e-01 1.185242929809929985e-01 4.419696101394710031e-01 4.846273533175800008e-01 3.233516165485290084e-01 3.673082924522300119e-01 2.217601100472109954e-01 3.338334797708980006e-01 2.102486491240209976e-01 1.567746855360999947e-01 8.263923260620860411e-02 2.456467791299180026e-01 2.811859251035240259e-01 -9.981011091558829318e-02 2.036178741396360015e-01 1.251644240561239907e-01 1.320180540353740051e-01 1.166055560405469954e-01 2.824698859925590111e-01 2.667520664590730117e-01 2.500871770704710118e-01 1.920586657084009941e-01 3.747032595125869836e-01 1.804973811015440077e-01 2.437018524365159866e-01 2.292965666020790050e-01 4.955534014119840069e-01 3.731022452245679744e-01 5.397474872475509500e-01 5.604657046326589898e-01 2.232846290718110138e-01 2.798795537941500267e-01 2.814999959227679760e-01 3.928608019430179787e-01 2.362202694917630019e-01 2.406428459968210087e-01 3.162357179473179736e-01 1.620588057722049946e-01 1.682884876130129881e-01 2.494375390509550039e-01 4.499137443890410121e-02 1.096750716937009915e-02 3.021942637578199919e-01 -1.505044937524039894e-01 3.405508501509409980e-01 2.167948206264659894e-01 9.632904949485350532e-02 6.813500240290229493e-02 1.405233683617979901e-01 1.636023556058190109e-01 2.149350357113899990e-01 1.314623812137749870e-01 3.324718213738380168e-01 3.831243493311419779e-01 5.447816144232240365e-01 5.833617106786199713e-01 6.370299430902559568e-01 5.975489851032900201e-01 3.864706943699859898e-01 4.328249410739209990e-01 4.394551380603249902e-01 4.634248021572069942e-01 3.718588973439559964e-01
4.662651453409840108e-01 2.240713312441660054e-01 8.286955542758559501e-01 6.842440999106239596e-01 5.355843629718559651e-01 5.901691472846930520e-01 1.000000000000000000e+00 7.107061064641230219e-01 5.884341923811560182e-01 4.964868028968070224e-01 5.917417445832400258e-01 3.519010302119799927e-01 7.094872615877929611e-01 5.087977039323130501e-01 6.202220740466160009e-01 4.430758428340210164e-01 -1.411903025149719923e-02 4.431679414758089852e-02 4.401747547290860152e-01 2.603004744087800137e-01 7.415992628920040075e-02 6.101797445299240140e-03 6.181681431357199941e-01 5.152933867697919723e-01 2.507703283161140106e-01 2.207766728041460069e-01 1.738070823035559875e-01 -8.756088885377240338e-02 4.606355783170800189e-01 3.913122084314650251e-01 3.743689540649500214e-01 3.176611924689399791e-01 2.585812615245379753e-01 3.152995745819680007e-01 1.609231495769309905e-01 1.544379447195529942e-01 2.316587844403500129e-01 1.966988719126160079e-01 2.152155957585150103e-01 -8.652057642268179416e-02 3.950804737828130242e-01 2.586065604332509760e-01 2.324193306258280078e-01 2.678364963840579871e-01 3.241195941527009738e-01 3.430166461836279823e-01 2.674927749430430213e-01 2.293170666944840119e-01 3.345820798585260047e-01 2.334666272432679990e-01 2.577044699822699791e-01 2.268828585817370125e-01 6.787820938552650007e-01 4.219125906499919809e-01 7.218827920351620353e-01 6.134827893859530201e-01 2.507266032168479764e-01 8.417157754968919436e-02 5.097455769412370108e-01 4.782371260599659890e-01 4.064272326769809984e-01 2.688375763313490263e-01 3.417832670946029938e-01 2.304866702504060061e-01 3.475717850847420132e-01 3.687066562204550091e-01 1.930680723738280036e-01 1.307455438955240079e-01 2.115357385362290066e-01 -1.168136659908679958e-02 4.146750911762570047e-01 1.806818841346460036e-01 2.010083945509370112e-02 3.239340986246509735e-02 -3.596328627133579814e-02 -6.722377787034219780e-03 2.466970940934659906e-01 1.214087440065299978e-01 5.572202971321550402e-01 3.519955500448099794e-01 6.231128636158490552e-01 5.350509280672139933e-01 6.180056481642429711e-01 7.302657046457310397e-01 3.659660037762639817e-01 4.986376841379400182e-01 3.457750284259529794e-01 4.953453050267530022e-01 2.997023792498459960e-01
4.688939113995519992e-01 3.060556347148050138e-01 4.975180537058099817e-01 8.668346159201519852e-01 4.520592081970880027e-01 6.886799135829260177e-01 7.107061064641230219e-01 1.000000000000000000e+00 5.550429285169939941e-01 6.658965278655459841e-01 4.256476206372000193e-01 7.158031055564489931e-01 5.542775224233139619e-01 6.597162341795279605e-01 5.643616124304290382e-01 6.442002663809860419e-01 1.035768885555349988e-01 2.366628148024219891e-01 3.569906322879469740e-01 4.332710024340180044e-01 1.906747924782629944e-01 1.464543607744719922e-01 4.383060664028359810e-01 5.981917451680239806e-01 1.672208092210369923e-01 2.447826285635349985e-01 2.704763684938569779e-01 1.769004317895520040e-01 3.885690599932959954e-01 5.210317561704129741e-01 4.104122255987650014e-01 4.937928511347929872e-01 2.841291710497290124e-01 3.698561111644469990e-01 1.986359787348279948e-01 1.539178089485719880e-01 1.943849740796269876e-01 2.776594156862919882e-01 3.212828064170140108e-01 -5.822211520252430078e-02 3.977844642446760060e-01 2.874798492977920228e-01 3.210972018256200156e-01 3.328789664567800011e-01 4.381590378165090005e-01 4.080731738534980058e-01 4.528712965613769792e-01 3.964041273745270155e-01 4.548913849510500262e-01 2.642675899601579781e-01 3.100746208771220092e-01 3.787541117099429977e-01 6.147362088874169794e-01 6.112598471981069981e-01 6.108731321299990524e-01 8.520747131357550019e-01 1.456505174652950041e-01 3.860480666435029962e-01 3.640840297708530238e-01 4.997230170304889918e-01 3.198197836105229896e-01 3.075203527957470206e-01 4.361152994051810117e-01 3.772192994823450052e-01 2.858791012844040247e-01 3.699569457418320217e-01 1.750987389698570040e-01 1.752979139161389976e-01 2.852708425688930127e-01 5.052205063887749842e-02 3.250801135086049953e-01 3.074604154956450119e-01 1.446333587542550092e-01 2.414027325962510018e-01 2.314739657939590134e-01 2.637888294849690118e-01 2.789500122609360200e-01 2.976889656712269905e-01 4.725904594697670213e-01 5.154930774125899839e-01 5.741606765247370125e-01 6.791477084135290054e-01 7.451736855620060274e-01 6.563624458839799614e-01 5.074037882993810422e-01 4.434155825886900160e-01 5.500866150968799495e-01 4.888379491018309819e-01 4.280810055881030252e-01
3.002969529994939935e-01 -1.114482602668009914e-02 4.348265418568140195e-01 4.886506467339239990e-01 6.875441117076630526e-01 7.504088266663070383e-01 5.884341923811560182e-01 5.550429285169939941e-01 1.000000000000000000e+00 7.399652127034830329e-01 5.340695382896359922e-01 4.454849428343080064e-01 5.625445260508600276e-01 4.965629188692720075e-01 7.476745321185039872e-01 6.333078751323729660e-01 7.088025780585619981e-03 9.096889299616449376e-02 3.096861147055139929e-01 2.286329353996300051e-01 -4.581013632908970123e-02 9.622237852468659702e-02 4.112715645371630147e-01 3.656131308945659852e-01 1.495322966893299910e-01 2.011639425865260067e-01 2.922684943299169724e-01 6.535682114905980167e-02 2.584952378071009860e-01 2.643181930795440171e-01 1.863659725864889871e-01 1.986369240687010096e-01 3.667076057620580198e-02 1.725610325238939868e-01 4.858812228260769861e-02 3.619172608228989757e-02 -2.779649929732220040e-02 8.239106376898870654e-02 2.823597003365300173e-01 -1.702830635341880117e-01 1.968673131428700096e-01 1.049532741079190062e-01 1.392701104843409865e-01 1.257608392958859955e-01 2.584759336289220166e-01 2.553550640039289887e-01 2.205345445509530045e-01 1.801800686245260130e-01 2.670409189528289984e-01 1.646596840985730115e-01 2.061304231314300128e-01 1.903298199183189876e-01 4.121312959041870116e-01 2.068322995493570016e-01 5.151464984764879684e-01 4.799892560604159808e-01 2.306318673467989966e-01 2.118785098629830110e-01 2.222313574590910057e-01 2.861486092070659737e-01 1.003731030509070060e-01 5.258005646000350058e-02 2.179905129884439907e-01 7.602918301383200517e-02 1.200339379280439961e-01 5.170278998747179777e-02 -3.362843162281690251e-02 -1.197275918132249956e-01 1.979926890233369985e-01 -3.097833025211719771e-01 2.389383731571780023e-01 1.666734976030430013e-02 6.527417428392280618e-02 -4.512442784607990226e-02 9.050819605466499732e-03 5.971029418263189975e-02 1.209176573514929992e-01 4.186427022186699903e-02 3.241524468653599889e-01 2.594838000352039931e-01 5.164597061783110510e-01 5.247043229850140156e-01 5.486374945037509887e-01 5.821518750219980554e-01 3.246011372313469812e-01 4.542181818215970113e-01 3.420652505085329809e-01 3.850250193434209822e-01 2.958210015297410012e-01
2.563143223762650025e-01 -6.355220320837670633e-02 2.970341185666879880e-01 5.730047658727149829e-01 5.204046719726069803e-01 8.177667557579070268e-01 4.964868028968070224e-01 6.658965278655459841e-01 7.399652127034830329e-01 1.000000000000000000e+00 3.746745906075150123e-01 4.449033073291380203e-01 5.113667795361279689e-01 4.866453861014179982e-01 6.203396726342930156e-01 6.806543066164409961e-01 -8.585461915521909460e-02 1.242707657478910044e-02 1.808098481659470014e-01 1.558938255553470043e-01 5.580141272217999798e-02 7.424183472129379513e-02 3.724901934532839909e-01 4.070941699589429863e-01 1.992743963632060133e-01 2.819418794769399939e-01 1.532158474282009908e-01 -1.542780584231590079e-03 1.931723739873910106e-01 3.206956656258470040e-01 1.231771594760539962e-01 1.643445432627000102e-01 1.058269724291800024e-01 2.324156581044609926e-01 7.915412737052969494e-02 1.518283564206139927e-02 -1.175212480052570049e-02 4.878226136412140007e-02 2.550459594216609727e-01 -1.004866158625550010e-01 1.393315656022990068e-01 4.226305685440440163e-02 6.841365205754519618e-02 7.833466884152949505e-02 2.404955242603510068e-01 2.350503418878039930e-01 2.322753743331200105e-01 1.985318328390059950e-01 2.832994109009330241e-01 1.555448402721689993e-01 1.569552200133960129e-01 1.485570366359129924e-01 3.894222247179009999e-01 3.069523309357560237e-01 3.936009547800299879e-01 5.196598142258630482e-01 1.033199980439449966e-01 1.938320953460080098e-01 2.456995431373469874e-01 3.228362617620039732e-01 9.055970673561619666e-02 8.970943733374349416e-02 2.512204132791769906e-01 1.027896431896690027e-01 1.118356934643549988e-01 6.385116944075240608e-02 -1.104734448910059952e-01 -1.181721755026880066e-01 1.663519359286939892e-01 -2.214075419669339906e-01 1.396360076035819964e-01 -2.229183380596489947e-02 -4.198572537530260301e-02 -6.044840789558830058e-02 2.002850955164749841e-03 9.389888807555089520e-03 7.032726026992669466e-02 4.286212671825000153e-02 3.228637441439209943e-01 2.504547670284150152e-01 5.077359848171619783e-01 5.480953007848250458e-01 5.977029955997920085e-01 5.811450577407409890e-01 3.156971671957810033e-01 4.084686167013130143e-01 3.642902831501069749e-01 3.428164414471490118e-01 2.969232313371880094e-01
5.577856725602700072e-01 2.512134540862729915e-01 4.513413803295450166e-01 3.161808175780930208e-01 4.197117512716420085e-01 3.205587931726689987e-01 5.917417445832400258e-01 4.256476206372000193e-01 5.340695382896359922e-01 3.746745906075150123e-01 1.000000000000000000e+00 5.459188805242479736e-01 7.571991278061750430e-01 5.055012144729560397e-01 5.125334136170429655e-01 3.642346522181679758e-01 9.815873090847129778e-02 1.889243682674550118e-01 6.292205393580539985e-01 4.373436122197449927e-01 2.558817221134949971e-02 -3.416272527228889772e-02 3.879300662220089846e-01 2.935785256460329840e-01 -1.464218168923560048e-01 -2.242719733147169880e-01 4.159934366006740047e-01 2.035548807054509968e-01 1.714546015489629982e-01 1.439137141156079935e-01 1.624363097267390033e-01 1.669770368794299964e-01 -1.594250058282180027e-01 -1.212628655701459973e-01 4.110015407652300307e-02 8.722909491266130078e-02 3.241191430194050038e-02 1.868997242100929948e-02 3.011372713427549752e-01 4.500780054478180012e-03 2.728004200750239749e-01 1.812887499781140055e-01 1.909109403144449990e-01 2.639412910837289905e-01 3.466853852516679768e-01 3.284029358301739920e-01 2.862585271020079980e-01 2.199184705799260009e-01 2.778561323603689903e-01 2.130460444776549889e-01 3.113819252674480120e-01 3.058112820721580194e-01 3.407846279811769796e-01 1.684199962396870087e-01 4.981533211305820275e-01 2.793866007452029954e-01 5.088631932648739475e-01 2.518447938289359866e-01 4.641049932156229851e-02 9.322058115910879239e-03 2.080176177492210066e-02 -1.161675721942699996e-01 2.526274732140070256e-01 1.337745582914059983e-01 3.454148076258630184e-01 2.150477097237059876e-01 1.756985006045770070e-01 5.753736178074789903e-02 1.779476502911790103e-01 -5.476267681191900050e-02 3.380229484218870151e-01 5.116127031153069882e-02 9.214514175821129915e-02 -2.587661801586569905e-03 2.096346870603029919e-02 9.471925847604679982e-02 3.229175511652340180e-01 1.099684112597970054e-01 4.588790144843810093e-01 2.840888158010930198e-01 3.639530662830259833e-01 3.740703204997399833e-01 4.280356995148399957e-01 5.393127111752119562e-01 3.991298226932130100e-01 4.704634925122250233e-01 3.413030111319280135e-01 4.365414080722769818e-01 3.279810648087659875e-01
4.865851322639460075e-01 3.868164856658850015e-01 1.543388526232369884e-01 5.023829496226069891e-01 3.907394815173669822e-01 4.623092388774109884e-01 3.519010302119799927e-01 7.158031055564489931e-01 4.454849428343080064e-01 4.449033073291380203e-01 5.459188805242479736e-01 1.000000000000000000e+00 4.389942057551389776e-01 6.930324864427339637e-01 4.899012265972930158e-01 6.555816300281299691e-01 2.563902239393749949e-01 4.319902198490659928e-01 3.697115643319839884e-01 5.305043348227630462e-01 1.790315947313300127e-01 1.300947774120879974e-01 1.755603515417289984e-01 4.068802347625309901e-01 -5.188879764342539669e-02 -4.959476642115299982e-02 5.640045781666920277e-01 5.596598431306819554e-01 2.385075638215000127e-01 3.820818897643269985e-01 3.310533195619739799e-01 4.717113998276160070e-01 4.958872286864800250e-02 1.449608513999290083e-01 1.500905679431240036e-01 1.029007004411569975e-01 7.495997315098990033e-02 2.827964140876960131e-01 4.198469929655280208e-01 8.418616018391750222e-02 2.792046908000839767e-01 2.412479335564720051e-01 3.137449973874599785e-01 2.930997841308299878e-01 4.381140823297740017e-01 3.331579733121109999e-01 4.756294858692760030e-01 3.932654799095889886e-01 4.402124367243099856e-01 2.108766142304900060e-01 3.273251269876930047e-01 4.507276352455290014e-01 3.224182160563530131e-01 4.374241640444029855e-01 4.631607095305039778e-01 6.122774429522660489e-01 3.043257488345210149e-01 5.925508333869460298e-01 -6.991489283865810235e-03 1.462955238703740057e-01 7.693257374138899596e-02 1.042984503588190032e-01 2.904337239578270169e-01 2.839019182309109879e-01 2.483820250363089899e-01 2.263141082354959976e-01 2.391974961068439876e-01 1.914894522583170111e-01 2.517612265493059942e-01 1.153657500107260064e-01 2.965818979182480164e-01 3.138368869959500262e-01 2.888245309218400170e-01 3.676004081065630258e-01 3.613266099120959751e-01 4.769924897087809978e-01 3.886159784085190250e-01 3.578880160458550175e-01 2.786984126228370107e-01 5.428974760939689892e-01 3.236625320065609768e-01 5.189056804250119503e-01 5.570109648994949758e-01 4.045398622375270259e-01 5.556619097383970196e-01 3.301469979453460213e-01 5.521860173225290325e-01 4.052188105533620077e-01 4.457868457032729825e-01
4.072878683928349841e-01 1.795158753783289984e-01 4.961573296758869933e-01 4.617472449048459771e-01 4.439118406884769996e-01 4.396346420064770055e-01 7.094872615877929611e-01 5.542775224233139619e-01 5.625445260508600276e-01 5.113667795361279689e-01 7.571991278061750430e-01 4.389942057551389776e-01 1.000000000000000000e+00 6.810868392487919865e-01 6.725030935505039720e-01 4.900221375233420051e-01 -1.150205727360830016e-01 1.162193910053080023e-02 4.400332139381860075e-01 2.148219689406629940e-01 -4.184947735518389916e-02 -8.080878924872890445e-02 6.990266000431779592e-01 5.228839209298370427e-01 7.281363039210740629e-02 -1.797583360282650061e-02 9.108675926445490567e-02 -1.040394849219599960e-01 2.946021898104190240e-01 3.313652563724630018e-01 1.804917374162380017e-01 7.447225778963349752e-02 1.149689554365520006e-01 8.184972225310760408e-02 5.904879064228169688e-02 3.881488575902210247e-02 3.192226357599060177e-02 -7.219352631446250557e-02 2.502962041864379983e-01 -7.348289875254129799e-02 2.222427937777330109e-01 9.710594495456380260e-02 9.190422392403560514e-02 1.799996796840770130e-01 2.135768341858400032e-01 1.949021086423360083e-01 1.664298955849239925e-01 1.691840056290770111e-01 1.890077101731260090e-01 5.503747839333120173e-02 1.558506248167889907e-01 1.025110618219099989e-01 3.498526892442079816e-01 1.192411256076120057e-01 4.129506978272229900e-01 4.329081953722089815e-01 1.489745326671439996e-01 -5.619218230166919681e-02 4.297807722303609856e-01 3.111415299405799750e-01 4.875548331259030310e-02 -9.144197089771489984e-02 2.487869268565429948e-01 1.159285447500700006e-01 2.639756763375840087e-01 1.627522432245440132e-01 -5.947149249026909695e-02 -1.193724282586979962e-01 2.471457348002119997e-02 -1.958348951542989991e-01 2.147359842222270054e-01 -3.571075080496480258e-02 -8.280164986750569722e-02 -9.677715992263609401e-02 -1.155367655824079964e-01 -3.229442852504960104e-02 2.240078586217849888e-01 1.307143780933739952e-01 6.469877398541760138e-01 2.640722940353070203e-01 5.488283780712920334e-01 4.642119380388670113e-01 5.374531399425940270e-01 6.563961207182790192e-01 2.711058396589430264e-01 3.660195143894620085e-01 2.318246101002950088e-01 2.721667907316380197e-01 2.305887128592480073e-01
3.308885383393129764e-01 2.260796250876080105e-01 3.723177292393550220e-01 5.853144131947339845e-01 4.012201936004590186e-01 5.313284346261150093e-01 5.087977039323130501e-01 6.597162341795279605e-01 4.965629188692720075e-01 4.866453861014179982e-01 5.055012144729560397e-01 6.930324864427339637e-01 6.810868392487919865e-01 1.000000000000000000e+00 6.236245352758690297e-01 6.851654765605880160e-01 2.141275651016459960e-02 1.422517167381980030e-01 3.185251008417510077e-01 3.657608095105659984e-01 1.258184952699659964e-01 -1.081536292772800056e-02 6.435742683851169987e-01 7.835617106042029878e-01 1.274492987818769962e-01 1.025653990690150036e-01 2.899929389442469918e-01 1.811007509030189977e-01 4.669562308090630109e-01 6.092356753903499511e-01 3.780178803378950181e-01 3.825630792741789854e-01 2.469890778564080014e-01 2.517625720945180223e-01 7.976673701401329475e-02 3.456351964430350119e-03 -2.524281393668029866e-02 1.237125116871650027e-01 2.342403529786070138e-01 -7.332998999974389698e-02 2.274928101395370106e-01 1.542134931098179951e-01 1.710554719056660011e-01 1.740534188612170019e-01 2.420856467805070078e-01 1.664943204326130022e-01 2.197566534351569900e-01 1.603183852228559914e-01 2.696167391980879846e-01 4.198023969867600153e-02 1.795811346848950052e-01 1.566333134937979987e-01 2.659224947284249962e-01 2.036778614180460023e-01 4.113605632967409775e-01 5.793103210360519562e-01 2.318450770126329885e-01 1.886043670886909940e-01 3.484270940255759785e-01 4.341967428670330253e-01 9.668466789751950508e-02 7.188865671990829487e-02 2.297060575856889886e-01 2.023406685260200066e-01 8.922554928999500146e-02 1.730529546632370019e-01 3.388339650824170185e-02 9.565664443109949538e-03 1.474123499371089996e-01 -2.774599523846379978e-02 3.079016922333249751e-01 1.653402579809049866e-01 6.503867260774319481e-02 1.579269593226109991e-01 4.607771514237850308e-02 1.903065141612259870e-01 2.553169132344190184e-01 3.022030706829940128e-01 5.087981978629749769e-01 4.777276177347499764e-01 4.377230548820170153e-01 5.577386471010470359e-01 6.012965522111739514e-01 5.043561284422809488e-01 3.232141544844679970e-01 2.479668789762740078e-01 3.224903096134870140e-01 2.210820465548269942e-01 2.895457349199990205e-01
3.996653268316049945e-01 1.961840355239720113e-01 4.427152573470720109e-01 5.291000644985479617e-01 6.542405753076859787e-01 6.807055989748810321e-01 6.202220740466160009e-01 5.643616124304290382e-01 7.476745321185039872e-01 6.203396726342930156e-01 5.125334136170429655e-01 4.899012265972930158e-01 6.725030935505039720e-01 6.236245352758690297e-01 1.000000000000000000e+00 7.716067033388299690e-01 8.756998409926899929e-02 2.181399793833420087e-01 2.426806371454630074e-01 2.205611727518229925e-01 5.199758714098270257e-02 1.044185281908159915e-02 5.794973336263790076e-01 5.437087830201730032e-01 4.843027380323899900e-01 3.955553853834020139e-01 2.789590558733640036e-01 9.691912431569260633e-02 4.738968601013630044e-01 4.958454808064329811e-01 4.075039322040799883e-01 3.399998391503569750e-01 3.584597776981029993e-01 3.564968164744780066e-01 2.323263882107199918e-01 1.300391509556479974e-01 2.398928258816609982e-01 2.793073918272510059e-01 3.298466194899229986e-01 2.250345224885740014e-02 3.193808501798690025e-01 2.404119681375400108e-01 2.200399775685870085e-01 2.273693212414880094e-01 3.151838214083380052e-01 3.124437029346500139e-01 2.705040858744359733e-01 2.466745242371090052e-01 4.313704370210340033e-01 1.734651722227210091e-01 2.912131023749520153e-01 2.729041530514049740e-01 4.494003914999640248e-01 2.113860225227620071e-01 5.383424776312959459e-01 5.386215545357080359e-01 2.571380583084629801e-01 2.181608914548379963e-01 4.863332154858470147e-01 5.077079847042440530e-01 2.873618797129249836e-01 2.202548808071959907e-01 2.472419904376290112e-01 1.486385436774139979e-01 5.269725424380759804e-02 9.190451050137120326e-02 -1.133276226565109977e-02 -8.273119573858030151e-02 1.949177239128359884e-01 -1.515977720557639963e-01 3.576082951201450255e-01 1.547832027654889864e-01 1.101682671816349990e-01 7.203332087946830165e-02 6.370734899409140339e-02 1.628331320479000088e-01 3.397927579739610238e-01 2.880381058260230165e-01 5.041372150012030096e-01 4.189320477945310262e-01 6.936554188287270550e-01 5.697892316781000277e-01 6.328006671947989936e-01 6.426032946161489567e-01 4.287650417576919781e-01 4.602723687440780087e-01 4.301345148922440242e-01 3.985353586719119767e-01 4.007263037895559821e-01
3.279575304104220268e-01 2.188602302419559997e-01 2.208877363714200071e-01 5.452869840925860245e-01 5.272103539539849670e-01 7.299801561239890324e-01 4.430758428340210164e-01 6.442002663809860419e-01 6.333078751323729660e-01 6.806543066164409961e-01 3.642346522181679758e-01 6.555816300281299691e-01 4.900221375233420051e-01 6.851654765605880160e-01 7.716067033388299690e-01 1.000000000000000000e+00 3.778857262906860220e-02 1.447668712301259930e-01 9.637604558707439650e-02 1.869814491203400098e-01 1.884215862939719877e-01 1.583647268642290051e-01 4.248333700148470005e-01 5.600204877771860490e-01 3.925269219855839764e-01 3.478529649756459952e-01 3.325280255756000169e-01 2.478252980153120011e-01 3.774325779773859968e-01 5.580218992347869555e-01 2.802209083269089906e-01 3.310521575586630183e-01 2.707664354582470234e-01 2.798849091876389750e-01 1.805403796020839946e-01 1.222875512085109945e-01 1.522852884060769962e-01 3.339409118829799739e-01 3.299222343613330000e-01 6.475815660837920540e-02 1.783340664483100135e-01 1.508214590544549871e-01 1.540107230722400078e-01 1.345179480168650077e-01 2.802974037259770013e-01 1.978464743264189973e-01 3.290033295177369754e-01 2.956674278794290123e-01 4.449934528364890007e-01 1.466744162147579911e-01 2.022651029337869943e-01 2.480110573769379878e-01 3.748924142915749935e-01 3.549295501132470054e-01 4.898802994956820145e-01 5.910026990237110533e-01 1.063500372029790031e-01 2.763342448634020232e-01 2.911869176975689921e-01 4.222363237194100005e-01 1.282700441924549961e-01 1.679192549242060073e-01 1.675924676219280041e-01 1.453658106628550051e-01 1.004558058110080060e-01 1.786073727882639961e-01 7.182220480789369699e-02 6.394414798569060532e-02 2.210348972746140062e-01 -2.839809229411149882e-02 3.048144494607180066e-01 2.350373531633649926e-01 1.343775604049879946e-01 1.241341526306130039e-01 9.683229733308830467e-02 1.836966762283260002e-01 2.938924532769079945e-01 3.058190434547899961e-01 3.344867752217239865e-01 4.349350203176199914e-01 5.790896160324859876e-01 6.274681564020869740e-01 6.162444399995949951e-01 5.237989432564069681e-01 4.178285169045359848e-01 3.429528056137999825e-01 3.879858996445860186e-01 3.003710286489770231e-01 3.888134908323619965e-01
5.794115828248189715e-01 5.888610564419870519e-01 2.194801781406489904e-01 2.731335480370020163e-01 1.702999533118010056e-01 4.031716232632560210e-02 -1.411903025149719923e-02 1.035768885555349988e-01 7.088025780585619981e-03 -8.585461915521909460e-02 9.815873090847129778e-02 2.563902239393749949e-01 -1.150205727360830016e-01 2.141275651016459960e-02 8.756998409926899929e-02 3.778857262906860220e-02 1.000000000000000000e+00 8.909213592476340482e-01 3.996657227044509986e-01 5.678242156141729557e-01 4.034567330281390030e-01 1.398440383318189928e-01 4.538896076030159848e-02 9.277709099486859678e-02 1.517133580750389954e-01 1.952655058872030114e-01 6.362553414526730400e-01 5.930154584964799636e-01 4.057322744358560218e-01 3.694459688583189849e-01 6.086654850877010192e-01 6.275854464164020152e-01 2.720039869106640196e-01 2.721899224744879775e-01 4.575310237026409821e-01 4.077921062774270133e-01 3.366265564793630150e-01 4.803828495307109758e-01 3.107345698265630007e-01 2.985692901655719877e-01 4.045945079651320220e-01 4.256636224154179970e-01 3.970270746767229908e-01 3.568383304696259861e-01 4.101212215185339738e-01 4.936034196438349730e-01 3.545570243369819963e-01 2.557910356297660170e-01 4.649059829649930253e-01 3.419240187121109775e-01 7.481591427130660499e-01 6.775304073904070412e-01 2.137934173543399874e-01 2.068081615845530075e-01 6.163034864115919664e-02 5.768064416189819937e-02 4.522124076327569964e-01 4.937030740109359939e-01 1.076141273390719966e-01 9.942394996982589772e-02 4.303038651249149749e-01 4.167408417677970212e-01 5.334244491597099902e-01 5.301559159183979464e-01 2.430887798081509954e-01 3.040241808107609911e-01 5.019638075219720053e-01 4.248659805919630106e-01 2.308424548177490099e-01 3.775287885902740004e-01 4.734814201652460253e-01 5.272832846033159715e-01 8.219978901325359910e-01 7.560070594833210311e-01 8.058860079272740506e-01 6.846931915863679885e-01 6.036731311619709661e-01 4.942486463801299967e-01 2.703385146674829875e-01 4.603989548070889781e-01 2.286346565139449893e-01 1.897480789554739922e-01 3.322455401762129945e-01 3.089163069294810215e-01 6.308337286228810070e-01 5.188560694113639737e-01 5.547414602390069449e-01 5.171720141548340477e-01 5.779470183697279495e-01
