1.000000000000000000e+00 8.793613471973780182e-01 6.688097576729770122e-01 4.715392833443969867e-01 4.087710588775410325e-02 3.214759688380450231e-01 5.749798249773719894e-01 5.603860004416150176e-01 1.516303715321639933e-01 6.505390181431240648e-02 7.354504921629679837e-01 7.731419500334799633e-01 6.389439098845890452e-01 6.688740276764619797e-01 4.449613177699339728e-01 3.468342305308390050e-01 6.285150325176980246e-01 7.157711663343310216e-01 7.756023404503979979e-01 8.061433412279519484e-01 3.561674882117499830e-01 1.153442291078899951e-01 3.886899431813570227e-01 4.262930699299660176e-01 1.239642683353539970e-01 1.856722283521350103e-01 7.080372193371190503e-01 4.646078372094000208e-01 5.735447670244510077e-01 5.115110461150550458e-01 6.133296008920400277e-01 6.769608580702279887e-01 1.716423104629659913e-01 2.049210455743309955e-01 1.192271311095050024e-01 3.649570996099379960e-01 9.482021073641640208e-02 3.892298924018620099e-01 2.367047573953600104e-01 2.802060944649780172e-01 5.611515155156560075e-01 6.212809812711179713e-01 5.128709531151419698e-01 5.891228321747810082e-01 7.388831843834590130e-01 5.674644836476550047e-01 6.654256661777709914e-01 5.919164444660389712e-01 6.515092415833999562e-01 6.007360977405949987e-01 8.853127655157410070e-01 8.560073162674060043e-01 6.873215352218290386e-01 5.924382234838160288e-01 6.251909222810869693e-01 4.597586569982829996e-01 7.059467254079999643e-01 7.186756224472810040e-01 1.056816786922000068e-01 9.758677455211230145e-02 5.458776874274779978e-01 4.197881856121010169e-01 8.249000910132879838e-01 7.718028835969640289e-01 4.697476617827969769e-01 4.493837079190349804e-01 5.295774451713159969e-01 5.077358010556689560e-01 2.710865223270689794e-01 3.437111697699830049e-01 5.516136230941399710e-01 6.383770292396160340e-01 1.075146614373339998e-01 2.536115401160720095e-01 6.578122989572660062e-01 2.977201800986830071e-01 1.768999478071550113e-01 1.139380515030959939e-01 5.365259344209339920e-01 5.032577810541950525e-01 5.800301780375769489e-01 5.415051750642130290e-01 5.217849336264159810e-01 5.146135095064030551e-01 6.241176190501489529e-01 6.340767861029089625e-01 5.839685272721000242e-01 3.734893330160130032e-01 6.786813029182480195e-01
8.793613471973780182e-01 1.000000000000000000e+00 5.326029552790110255e-01 4.751814739813339794e-01 8.205328723160119908e-02 3.530945162980709817e-01 4.141010927016809950e-01 5.320022124183020340e-01 1.210342400729010059e-01 7.655543493724920046e-02 6.338631020445409936e-01 7.660266253016430049e-01 4.706212572451580201e-01 6.693327628768309667e-01 3.187494335699059822e-01 3.434359824760749857e-01 7.373585182976459818e-01 7.590502507004129873e-01 7.619818444730680485e-01 8.745623170600530516e-01 4.289698986439409722e-01 1.822708240044730033e-01 3.864055234169019859e-01 4.435801738984569975e-01 9.471472378412069959e-02 1.497356393720090106e-01 7.211892228856420228e-01 5.629416810172790386e-01 5.641226191145449764e-01 5.292457384643799445e-01 6.189327536089029858e-01 7.040512319062129931e-01 1.716313451663100120e-01 2.344422812113949872e-01 1.448054153174390124e-01 4.234506893807620242e-01 1.763156962722829957e-01 3.726439912687570244e-01 3.527010850753000137e-01 3.183720227689860183e-01 5.759421632405029579e-01 6.044882297382030423e-01 4.867673045696340184e-01 5.601385142032909714e-01 7.449848354602000011e-01 5.317074849142180426e-01 5.878386861209260461e-01 5.194089507581499676e-01 6.318595025252800035e-01 5.612230479955280238e-01 9.156187533185830008e-01 9.000648408002730472e-01 5.628735592061919757e-01 5.280005164908240234e-01 4.119655061728659806e-01 4.206929979279239729e-01 6.528386204667520065e-01 7.272991794289409562e-01 1.838580191838230099e-02 7.206710452578170278e-02 4.631680188202029758e-01 3.826504958963299896e-01 8.586893059982330101e-01 8.111960069996330125e-01 4.587272154561979898e-01 4.505220612713489725e-01 5.656382430656770044e-01 5.902068360478069931e-01 2.870844158308989980e-01 3.791317394751649861e-01 4.887420413264850216e-01 6.308769718966259488e-01 6.282166978427390636e-02 3.151434861820129885e-01 6.887504252358710444e-01 3.493005120746430214e-01 2.893037762315199823e-01 2.216822984476690128e-01 4.759411051959109851e-01 5.229786274672419966e-01 5.617895318796970461e-01 5.085158003590890541e-01 4.532895990186069923e-01 3.621358864360220142e-01 5.748493601652250318e-01 5.424855640052820283e-01 5.221163693119510452e-01 2.517291801246119842e-01 6.514741330071259773e-01
6.688097576729770122e-01 5.326029552790110255e-01 1.000000000000000000e+00 7.347996455246960101e-01 2.447556342126140094e-01 4.400950752113579889e-01 8.752366955134359694e-01 6.389612731237910292e-01 3.378735408195390200e-01 3.017712775279550175e-01 4.214299094949719993e-01 4.461930330415589951e-01 4.494880335543490202e-01 3.444250199071319796e-01 4.882375826091729931e-01 4.219573319888049734e-01 3.290608421041479881e-01 4.719592664657790149e-01 7.134741374356099453e-01 6.143875406521589477e-01 3.392767626081270027e-01 2.385809222572780053e-01 6.966810846121550549e-01 6.817360218455289500e-01 4.718708040858169972e-01 5.136892002826699555e-01 4.600861226785349922e-01 4.396780687230880114e-01 6.278065012751680163e-01 5.858320307755869871e-01 6.805416111184210415e-01 6.465688294037980066e-01 4.798698022313460099e-01 4.698815561865499757e-01 2.759117948414199772e-01 4.027999843569159966e-01 1.979400594611150088e-01 1.348669979203359903e-01 1.249380957060760022e-01 2.754171539676609770e-01 5.925409031755609623e-01 6.122580278831190048e-01 5.949834825978169706e-01 5.092241076651889964e-01 5.218592626597290396e-01 5.687950307173930131e-01 6.185900531743030450e-01 5.501093082291760306e-01 5.801079957297640144e-01 6.046479697179749646e-01 5.964631733685259452e-01 6.025949327755120155e-01 6.314779972675670372e-01 5.164840596022709507e-01 5.797736290497309541e-01 5.362084850881819742e-01 4.989819756563719788e-01 5.047134036119970135e-01 3.234600217888899953e-01 3.854740327390420163e-01 7.246606632581660268e-01 5.893400647343870480e-01 5.907200592438700548e-01 5.174960813016969974e-01 5.531221584738380548e-01 5.893421753704579658e-01 4.940215798667100255e-01 4.697338615002359941e-01 2.927936069050420254e-01 3.267402578352859854e-01 6.481182390922749503e-01 5.580807289835449936e-01 1.406541216456269894e-01 1.166313863749730007e-01 5.197402958368909642e-01 4.764940348630269940e-01 3.248667135605209921e-01 2.830146384810839910e-01 7.369291392769670157e-01 6.820193739006089606e-01 6.954728510549920140e-01 6.352763793875479958e-01 6.200419624739790248e-01 7.255725045425910347e-01 4.700743732210839743e-01 5.358518797149119939e-01 6.019641804459390233e-01 4.467349946541099848e-01 5.531969453563370109e-01
4.715392833443969867e-01 4.751814739813339794e-01 7.347996455246960101e-01 1.000000000000000000e+00 3.510099898323180145e-01 5.499124231545430286e-01 7.173512362809959519e-01 8.120721892631419525e-01 3.780318838687840022e-01 5.315366549247859673e-01 1.721033046092199925e-01 3.723027670022650004e-01 2.409873278416700126e-01 2.863858498729719981e-01 3.923700193467219988e-01 5.900791016223290164e-01 3.139264020253070275e-01 3.512739339396589999e-01 6.230516873152149859e-01 6.219595740861020294e-01 3.891249888939279922e-01 3.366802848338359966e-01 6.767554937756290467e-01 8.238692175806300311e-01 5.548228041601900307e-01 6.269865988872620477e-01 2.588728661814849730e-01 3.942433492952819862e-01 6.095217795812639672e-01 6.825183005708289619e-01 6.362087416164140530e-01 6.833212488942069784e-01 5.402577760003089979e-01 6.462436928339659881e-01 3.486364299842290015e-01 4.524809479128050205e-01 1.757810886943790007e-01 7.843230610617719922e-02 2.105508315266990116e-01 4.320337459171679773e-01 6.080340052748099966e-01 5.451450680573159957e-01 5.725827952269679777e-01 4.710726584216309853e-01 4.343511071798910050e-01 5.638760235722429792e-01 4.927708906959000212e-01 4.660196433552289963e-01 4.983918588100110236e-01 5.223275396856089658e-01 4.980455565656630168e-01 5.332640264633500271e-01 4.072545172353290166e-01 4.873049990515749830e-01 2.732802102277500089e-01 7.063729178909019524e-01 3.510745844024050211e-01 4.258803315125879729e-01 2.347972991429669865e-01 6.177912598380319587e-01 6.592646532062480524e-01 6.601667802051399692e-01 5.381186114222239469e-01 4.485653734638559986e-01 6.053608728904570357e-01 5.279339973566710142e-01 4.534268803413599724e-01 4.073676413612640212e-01 2.693905004073289811e-01 2.823463934395840091e-01 5.358121821776690163e-01 5.721241694376859588e-01 6.293642089988570054e-02 5.874438809792319888e-02 3.809800812148960159e-01 5.144781502538560147e-01 3.418525959676300130e-01 3.995910385550289767e-01 6.306817453083990443e-01 7.716638631106640389e-01 6.153904005384339682e-01 6.864281167494720171e-01 7.451528140422539748e-01 5.942898065061219537e-01 3.669178494971940263e-01 3.924640878074420192e-01 4.947997311494189976e-01 3.272573550571180045e-01 4.766257499477690174e-01
4.087710588775410325e-02 8.205328723160119908e-02 2.447556342126140094e-01 3.510099898323180145e-01 1.000000000000000000e+00 4.271350451570489759e-01 2.987320959131989917e-01 2.397492298273770084e-01 5.944879781055949497e-01 5.496105251024679950e-01 -5.636387577389730119e-02 2.495985111925390007e-03 8.015766780157160265e-02 4.166760190841879707e-02 4.407135713582590042e-01 4.222175511457270103e-01 1.613402746347299965e-01 1.913081914078809953e-01 2.570945373409599943e-01 2.194364974114620115e-01 1.171573150250840023e-01 3.576352513114249843e-01 4.543431915862219950e-01 3.916713803686610040e-01 4.770005397980570105e-01 3.360583653068009991e-01 1.909322820610759863e-01 2.105277195251110123e-01 3.038333605608979915e-01 1.910253918552390073e-01 1.231343922990520007e-01 7.655361600161740554e-02 2.980774925786269791e-01 3.111908036009560230e-01 2.737525895498820194e-01 1.509109582051779974e-01 1.367748387312990033e-01 3.367091920028039698e-02 2.723273652500680098e-01 1.009009483377569932e-01 2.596234642823420091e-01 2.015087457602910137e-01 1.955963404648559945e-01 1.351971901481310023e-01 5.022805357776249924e-02 1.204559863996030045e-01 1.590225891010000059e-01 1.565496281949119994e-01 9.525541735164920476e-02 6.861874806853719699e-02 2.594011020559469985e-02 3.490479854784510338e-02 1.714647474345880052e-01 1.039264539123779946e-01 1.092963690325979981e-01 2.208069744976260129e-01 8.863484923106179636e-02 7.545860263547610192e-02 3.785561299923589917e-01 3.639949625091489782e-01 2.165265156160799953e-01 1.628778252080559930e-01 8.688827751869110383e-02 -5.666266149835850335e-02 1.166121496296420035e-01 1.346880164245649880e-01 1.254121813938539887e-01 9.863072585255950979e-04 1.672528762841599959e-01 -5.666400368617500322e-02 1.571871708158819880e-01 1.021385458334569951e-01 -1.433330483947160006e-01 -1.813458212200360076e-01 7.883764612616879497e-02 2.453893490046089865e-01 1.616001851921499977e-01 2.774090376600569785e-01 3.404131902414669897e-01 2.381729223289930086e-01 2.001587192347359934e-01 1.479171374233790026e-01 2.271833250416140093e-01 2.453745263106170138e-01 -9.236735842884080672e-02 -6.239461914375409729e-02 7.983511983407340362e-02 -6.580328949252079590e-03 6.420284206481689793e-02
3.214759688380450231e-01 3.530945162980709817e-01 4.400950752113579889e-01 5.499124231545430286e-01 4.271350451570489759e-01 1.000000000000000000e+00 4.079547307546460000e-01 3.921585277313869855e-01 2.971809008424690091e-01 3.728280275586169923e-01 2.515799316043649814e-01 2.844820803852540214e-01 1.894746355298199958e-01 2.072274234355540035e-01 2.325482093333650080e-01 4.631057858157309748e-01 4.033460940614759793e-01 3.858079919842620220e-01 3.978573908479369758e-01 4.718453833435660161e-01 3.537713911273259737e-01 2.239714983209900034e-01 4.997759109318449799e-01 5.626046043115100481e-01 4.721710477354230107e-01 4.871313550205830234e-01 2.403619859349200027e-01 3.147966210076870164e-01 4.831514367159219780e-01 4.664607074740290127e-01 5.477607247956010061e-01 5.350492864276049643e-01 4.668454770480520155e-01 5.535200977081350393e-01 3.776779737245120061e-01 4.592343039020230222e-01 -5.234504408472179758e-03 9.972272201784390666e-02 1.016166088212349938e-01 3.123644882886280061e-01 3.406383820001839813e-01 3.188328083556239978e-01 3.431510978205750129e-01 2.869381813556139971e-01 2.957368526227089900e-01 4.172605419480059918e-01 3.019729477250809868e-01 2.668367411294439995e-01 2.392187236090249913e-01 2.465323319534520052e-01 4.098840889644829732e-01 3.818098614247980027e-01 2.129466891873899870e-01 1.832075085751150023e-01 1.358167657317609911e-01 4.441286817570200274e-01 3.551895343415870099e-01 3.954727235187889822e-01 1.929453828849989894e-01 3.943355321780679934e-01 5.162229187784039830e-01 5.034466327599680380e-01 4.070438504599239726e-01 3.217163843189250194e-01 3.647276281977500090e-01 3.331643558732089727e-01 1.664097128374799894e-01 1.961654194113099936e-01 2.283938638499299900e-01 1.081730616653590049e-01 3.304732747296140194e-01 3.449735709756859836e-01 -9.180684849097819900e-02 -5.860420645152210339e-02 3.003708806969220269e-01 3.366475764320249753e-01 2.193250290494029864e-01 1.743290503562180127e-01 4.566146392099900142e-01 4.676926730714339731e-01 3.050876399994340016e-01 3.565704991417509850e-01 4.308866182652379972e-01 4.149433766268439960e-01 2.918832472959499991e-01 3.004566884631900137e-01 4.515360967932030012e-01 2.594620041478289951e-01 3.519803874454570103e-01
5.749798249773719894e-01 4.141010927016809950e-01 8.752366955134359694e-01 7.173512362809959519e-01 2.987320959131989917e-01 4.079547307546460000e-01 1.000000000000000000e+00 6.780396224501179514e-01 4.128869338358069907e-01 3.873164793017109808e-01 3.600103422237629913e-01 3.657606436533549776e-01 5.731219987051140441e-01 3.323025218584410023e-01 5.845982500892520362e-01 4.496296648263590212e-01 2.624220183043339816e-01 3.682512606846710113e-01 5.594121472699009612e-01 4.951623307942720209e-01 3.152979796955209801e-01 1.396498976458790120e-01 6.876792659901560523e-01 6.718670264798559666e-01 4.958244269800640147e-01 5.163433683375290295e-01 3.494355846710490154e-01 3.107790231448420148e-01 5.777546824732769926e-01 4.857818201238949807e-01 6.013477369931200522e-01 5.555478118867339665e-01 4.802584420408140264e-01 4.514503384073250136e-01 2.048721198534340093e-01 3.067094712009840185e-01 1.309462277933400032e-01 1.129278117847720003e-01 3.309967842627579981e-02 2.329660000009249887e-01 4.710233901230659881e-01 4.718134958482769759e-01 4.577225585948350162e-01 3.692191317010339868e-01 3.825834477834250125e-01 4.334370787368559963e-01 4.814588272553270154e-01 4.020738437509119856e-01 4.007926105198730271e-01 4.256716329513430264e-01 4.663763325642710234e-01 4.706044565861399742e-01 6.180299995296549831e-01 3.927094658921430059e-01 6.848856767812829816e-01 5.993998696790160396e-01 4.386120227118520121e-01 4.322488040474409821e-01 4.173175987204950088e-01 5.329231635107329890e-01 6.405450604209600440e-01 5.439709985471220532e-01 4.674150420180679943e-01 4.022480683784809830e-01 5.476710152182999725e-01 5.112532759383839887e-01 4.021136722957540099e-01 3.555438720452689938e-01 1.914632808230410099e-01 2.268456644054830107e-01 5.163822618279529930e-01 4.754032692204719912e-01 9.253347737078250479e-02 -1.397290287497979927e-02 3.747922526005050270e-01 3.852957234765529981e-01 2.740017131978579878e-01 1.672976103577470119e-01 6.875252986362839769e-01 6.031245386065140490e-01 6.180557903946199971e-01 5.743475301485719831e-01 5.746184374975700226e-01 6.559276463519320144e-01 3.439656258688409962e-01 4.243805851505960125e-01 4.693597639014889800e-01 3.403931557443770073e-01 4.222842051263809848e-01
5.603860004416150176e-01 5.320022124183020340e-01 6.389612731237910292e-01 8.120721892631419525e-01 2.397492298273770084e-01 3.921585277313869855e-01 6.780396224501179514e-01 1.000000000000000000e+00 3.312193189884790057e-01 5.262565849534009965e-01 2.442873435938099913e-01 5.407305657937010457e-01 4.133028470509069741e-01 5.826398448954009934e-01 3.913788596130229891e-01 5.377740513437400116e-01 3.241155751908499916e-01 4.352832046975779745e-01 5.404057221757849749e-01 6.326749607692550015e-01 3.164719369127190207e-01 1.389281259892229947e-01 4.751954044945330136e-01 6.825544743095709466e-01 2.658535866701119965e-01 4.438084434697949776e-01 3.757867237893700030e-01 3.164401621644700180e-01 5.178147926875890095e-01 5.692827331457229745e-01 4.606900337333029727e-01 5.888516352557829903e-01 2.270755340159920088e-01 4.521534224650299860e-01 9.669632457975539663e-02 2.749736503482170247e-01 1.617488538423459965e-01 2.625889845423550195e-01 4.604896643342470258e-02 3.514713655449249741e-01 5.098906578925359590e-01 4.518977172550239785e-01 4.489512611301649803e-01 4.827574128223720007e-01 4.784938165412679911e-01 4.896549835612810098e-01 4.855331629434609941e-01 4.954639081014510227e-01 5.081446442470349822e-01 4.852402900614610215e-01 5.111493953754430164e-01 5.199574332777640029e-01 4.939783504635569811e-01 5.575048605442940453e-01 4.444849112887390152e-01 8.276982657734549553e-01 4.065989439161559749e-01 5.538815060068510432e-01 2.536028924289380204e-01 5.869572780943720369e-01 4.884232882591290070e-01 4.925310662453600274e-01 5.316590114253929578e-01 4.558612569668650250e-01 5.744946067229770303e-01 5.243769085334779589e-01 4.489934457025769876e-01 4.153660948868410085e-01 2.073568619402940127e-01 2.071135191792470021e-01 4.043962005014830052e-01 5.013625379838969609e-01 4.668728259063480157e-02 6.256828815096569796e-02 4.340956919258249780e-01 3.427817577258669979e-01 1.486132843796010017e-01 2.037094422259830007e-01 4.917513971740499756e-01 5.824990856175790155e-01 5.456129350248499765e-01 6.230843090845119558e-01 8.106951139753849622e-01 5.929761357474889749e-01 4.496863402439030266e-01 4.574991033729070011e-01 5.129495786237340260e-01 2.848027642170010143e-01 4.796821931024239927e-01
1.516303715321639933e-01 1.210342400729010059e-01 3.378735408195390200e-01 3.780318838687840022e-01 5.944879781055949497e-01 2.971809008424690091e-01 4.128869338358069907e-01 3.312193189884790057e-01 1.000000000000000000e+00 6.054829227125649860e-01 -7.174593647578890454e-02 -1.042828661314919910e-03 1.508233204434299979e-01 7.287279189146469993e-02 5.839183948301049920e-01 4.890779617426220249e-01 1.313547797506779968e-01 2.165490426605050089e-01 2.889933846648100046e-01 2.486022230926629994e-01 1.744743250596720030e-01 2.870915317948359857e-01 3.827227160291680197e-01 2.873241792311420073e-01 5.428278308110959793e-01 4.673834300074899972e-01 2.296007326000520099e-01 3.502992819886719955e-01 1.804032988144819993e-01 1.132195201913430010e-01 7.737987496073399363e-02 4.234713618029369714e-02 2.772974727207849766e-01 2.235554967128990100e-01 3.360831210718450146e-01 1.876803073008229961e-01 1.142915426822640051e-01 -1.269466529407750066e-01 1.742176559654879942e-01 -4.944238839279849716e-03 4.273163658747820004e-01 3.772716571235150140e-01 3.805898527251749819e-01 2.426296344559739915e-01 1.403001305347970074e-01 2.628153243770329772e-01 2.449245314476239943e-01 1.826560774040059953e-01 1.192928336696140040e-01 1.280586894795300024e-01 1.439697045422949906e-01 9.945154306938100430e-02 2.153982708850969985e-01 1.398843613696550137e-01 1.582672579021729975e-01 2.154275095341690038e-01 6.287973149849729326e-02 8.463786587941279915e-02 2.445198214809040094e-01 3.082172302860650137e-01 2.241356277762630023e-01 1.555282551257650137e-01 1.851357233482819886e-01 3.077234505513450069e-02 1.435702415906809915e-01 1.876118541990779987e-01 2.114168558366860129e-01 7.465054532235669560e-02 2.262354159233760098e-01 1.693975713368950017e-02 2.191335715789450023e-01 1.370858803524349911e-01 5.360213695938770284e-02 -8.861737130610329582e-02 2.163234519894380037e-01 4.953276548511180155e-01 2.452574566705809922e-01 2.784888523380120162e-01 3.681262546749640152e-01 3.458051820883349947e-01 2.070046340076990010e-01 1.707503622062589987e-01 1.851592332342369973e-01 2.908551197438080105e-01 -1.011367085996009996e-01 -7.628713933465089414e-02 2.211555107310370083e-01 7.410778364690090436e-02 1.465372409898360040e-01
6.505390181431240648e-02 7.655543493724920046e-02 3.017712775279550175e-01 5.315366549247859673e-01 5.496105251024679950e-01 3.728280275586169923e-01 3.873164793017109808e-01 5.262565849534009965e-01 6.054829227125649860e-01 1.000000000000000000e+00 -9.948649711148380148e-02 9.810481969138329719e-03 2.883044775868370130e-02 1.326584419166469964e-01 4.952252692152340208e-01 6.303638532962539953e-01 3.136130681414799753e-02 7.357138198954160657e-02 2.732839077387990145e-01 2.624363929906060044e-01 2.178732600597420022e-01 3.269178032086320074e-01 4.355006899789409802e-01 4.886947190653079809e-01 4.639482576562050098e-01 4.598682836491460035e-01 1.587937356269540079e-01 3.110995632835910074e-01 2.345216666698370089e-01 2.672741950163849967e-01 7.090778105009830357e-02 9.487290007825989469e-02 2.749257257085970241e-01 3.217195971667780041e-01 2.736179829623779924e-01 1.761987281591499976e-01 1.751901423454680154e-02 -1.399374602933000089e-01 1.260743595732629896e-01 9.461044115800559817e-02 4.222432032649119926e-01 3.272889950610580190e-01 2.491126530252469884e-01 2.111233379721779990e-01 1.460530287246389891e-01 2.988484478773409947e-01 1.664658791854249920e-01 1.810678436831260063e-01 1.271769343748619940e-01 8.358055602815160634e-02 9.736788296592459313e-02 5.870643285922089866e-02 8.622435248805900010e-02 1.737669403920719946e-01 3.847588765433829910e-02 4.634597008222769987e-01 8.992751555713990666e-03 2.400987777400730161e-02 2.857112720704840236e-01 4.386376350762989929e-01 1.818691595631510005e-01 1.330774682329629865e-01 1.384410888096730130e-01 -8.355314562088090452e-04 2.456582921789390028e-01 2.812977264878839812e-01 1.460549499717959943e-01 5.338373359592910039e-02 2.857752046757069952e-01 1.005641946196629971e-01 2.147655988967890062e-01 1.607677969502639970e-01 -1.265919628530630114e-01 -1.001743222003129985e-01 7.529441396243019557e-02 4.006211333889619919e-01 2.330613647876690064e-01 2.438040795810199890e-01 3.824243466852709772e-01 3.301275923844009808e-01 1.684876478365920083e-01 2.017739296297899887e-01 4.638076037563759746e-01 3.717760716623589867e-01 -8.092875425978639974e-04 7.254190571878840277e-04 2.800525475131609987e-01 1.463776823232829927e-01 2.028595911073690083e-01
7.354504921629679837e-01 6.338631020445409936e-01 4.214299094949719993e-01 1.721033046092199925e-01 -5.636387577389730119e-02 2.515799316043649814e-01 3.600103422237629913e-01 2.442873435938099913e-01 -7.174593647578890454e-02 -9.948649711148380148e-02 1.000000000000000000e+00 6.344715828812059755e-01 6.875502998617469830e-01 6.106465228750229679e-01 3.237860149631380247e-01 8.691668087358049577e-02 5.378263186143309449e-01 5.042127950036969786e-01 5.309352058706310329e-01 5.589475084805819449e-01 2.352865004375800095e-01 -4.028470894232429739e-02 2.371034300225799973e-01 2.793515355160769986e-01 -6.684276970451459576e-02 1.574549045265059843e-02 4.992737722842899850e-01 3.105421991201550158e-01 4.652804639354760075e-01 3.851581384702990052e-01 5.514398570285019563e-01 5.483514581310070524e-01 6.211865731213669917e-02 1.375346801910360128e-01 1.481645593483429946e-02 1.440425571008639993e-01 -2.359029579809230059e-01 2.624312263164160219e-01 5.945835407881989998e-02 1.462886044576419964e-01 2.228200611253650099e-01 2.746099679002990124e-01 1.447982526441869977e-01 2.225371804777130091e-01 4.801425920388139867e-01 3.371210323653979768e-01 3.502108606975140037e-01 3.487979523313570196e-01 3.865975988684570153e-01 2.858469958657099963e-01 6.187041104058319529e-01 6.031859651946489542e-01 4.827588713040499857e-01 3.474061260936490148e-01 5.332482176098249926e-01 3.303644087554710174e-01 6.594813360420069825e-01 6.042806064331920357e-01 -5.154164491267720222e-02 -1.750339425862829923e-01 3.829023642567550012e-01 2.773411553368960170e-01 5.848258451892740517e-01 6.156136524413340361e-01 3.300800218504549854e-01 3.712949845756869927e-01 3.351345571458260175e-01 2.995794800500730104e-01 3.683532327546420321e-02 9.143963062739310366e-02 4.457248354778209909e-01 5.154375925007790293e-01 -1.457713599674449918e-02 2.226553487658010089e-01 4.470038413554919821e-01 6.757295059767859380e-02 -2.964577705625179999e-02 -2.575332011095560203e-01 3.339351131875060164e-01 1.603004168328039936e-01 2.771687420136579871e-01 2.624487747930859816e-01 3.343942946524789961e-01 3.922648266546289730e-01 5.957883242404860002e-01 5.952257080948000212e-01 5.370062080591579967e-01 4.173235643432369746e-01 5.637509655811040465e-01
7.731419500334799633e-01 7.660266253016430049e-01 4.461930330415589951e-01 3.723027670022650004e-01 2.495985111925390007e-03 2.844820803852540214e-01 3.657606436533549776e-01 5.407305657937010457e-01 -1.042828661314919910e-03 9.810481969138329719e-03 6.344715828812059755e-01 1.000000000000000000e+00 5.545530055796290547e-01 8.528330955234599831e-01 1.709593561377419912e-01 1.501176509618800115e-01 6.059328860265109640e-01 6.727914685505299586e-01 5.169169253651210161e-01 6.863549404902949957e-01 2.449808445350329933e-01 4.276057254375249805e-02 1.571286311995329921e-01 3.270557917909229784e-01 -7.903965585668290550e-02 7.296277081721899704e-02 5.753227337064560354e-01 5.060723997318159473e-01 4.375695225909669861e-01 4.049140340881949851e-01 5.310718916317539451e-01 6.318139382457660380e-01 5.877133333897480161e-02 1.498550607586350003e-01 -9.672345449141289686e-02 2.346607637900829935e-01 -4.708895038978749836e-02 4.140217733774769759e-01 9.820585752629509835e-02 1.369734383478020123e-01 3.747038618601870041e-01 4.574464692539150223e-01 4.001119792538809783e-01 5.099020594354449765e-01 6.539184072228300115e-01 5.200193703705440207e-01 5.647133304509659446e-01 5.851137873509659748e-01 6.102643772119700216e-01 6.066682273558210436e-01 7.492347318450389704e-01 7.203663068307429862e-01 5.604937269635970054e-01 6.501647418391880429e-01 5.017848223707469524e-01 5.261879916174190264e-01 6.373161531718160022e-01 7.611712640889789494e-01 -3.800351845757549835e-02 6.780264831628489419e-02 4.301199364051689900e-01 3.952709464312100240e-01 6.764669345010420054e-01 6.666858495447459676e-01 4.252537826331450055e-01 3.767594426434949795e-01 4.592985290208440041e-01 4.851293443934739935e-01 1.705948430968869944e-01 2.211534414533889992e-01 3.815897935249999984e-01 4.879582012863369900e-01 1.888694899831590002e-01 3.587329191679859974e-01 6.352144330120299553e-01 2.094868837995290112e-01 -6.228284132490580216e-02 -1.732394108280679856e-02 3.343705503846060023e-01 3.800396290052949766e-01 4.737742614267850261e-01 5.489968205391549949e-01 6.116629413203920063e-01 4.823320502815849897e-01 7.107824232626860361e-01 6.954814730220949537e-01 6.377047466816190280e-01 4.363328511997729975e-01 6.625912552022570345e-01
6.389439098845890452e-01 4.706212572451580201e-01 4.494880335543490202e-01 2.409873278416700126e-01 8.015766780157160265e-02 1.894746355298199958e-01 5.731219987051140441e-01 4.133028470509069741e-01 1.508233204434299979e-01 2.883044775868370130e-02 6.875502998617469830e-01 5.545530055796290547e-01 1.000000000000000000e+00 5.944433130407650312e-01 5.175610361494900058e-01 1.861050316161710072e-01 4.500235176882779742e-01 4.630117223847899921e-01 3.024203040314529800e-01 3.619346979168620027e-01 7.076026163897410071e-02 -1.171910523462989934e-01 3.327503587014399855e-01 3.222817845432049966e-01 2.858869410672140038e-02 1.473366424244240136e-01 3.725092956809999967e-01 5.828166274777830252e-02 3.965035321880909791e-01 2.940906051194490112e-01 4.229882024726360212e-01 3.579573535872829781e-01 1.596184896790210084e-01 1.271525626033239986e-01 -1.316507882940430030e-01 -2.561086597739830120e-02 -1.222519831949809982e-01 4.428182021671739910e-01 -8.253140324591790034e-02 5.277061262783130230e-02 6.896727402583480160e-02 1.348592216786229925e-01 7.955690319099610608e-02 1.362504784571179905e-01 3.154070980993780027e-01 2.022223299336330105e-01 3.209727369237149741e-01 3.163677705849839983e-01 2.797237108757040236e-01 2.527221112513770018e-01 4.629424430948749780e-01 4.794313794247540006e-01 6.380026229082970124e-01 3.338201325372739947e-01 8.228986579162820281e-01 4.669676060660999939e-01 5.520148759386579451e-01 5.077129327760210309e-01 3.546617854503030243e-01 2.043037013698630056e-01 3.112520672418829792e-01 1.960320589781689993e-01 4.746886309051330244e-01 4.925826849516179995e-01 4.397550665438870188e-01 2.801563671453500270e-01 2.433990232590889924e-01 1.826826151776529961e-01 1.276172717464530044e-02 -4.777983622086429821e-02 2.766793949247710049e-01 3.046728096167730104e-01 -2.586582224114149925e-02 1.574631573851889912e-02 3.678494846193289813e-01 -7.620027858957099942e-02 -1.383723233370360017e-01 -2.648290287855670222e-01 3.589061819009479737e-01 7.422513220143840684e-02 4.303487417969379947e-01 3.479529613474149907e-01 4.099453588774940038e-01 5.211854256956529596e-01 5.010307007579120064e-01 5.407336741263849555e-01 3.632775158279589744e-01 3.020199641847610139e-01 4.036704306853119983e-01
6.688740276764619797e-01 6.693327628768309667e-01 3.444250199071319796e-01 2.863858498729719981e-01 4.166760190841879707e-02 2.072274234355540035e-01 3.323025218584410023e-01 5.826398448954009934e-01 7.287279189146469993e-02 1.326584419166469964e-01 6.106465228750229679e-01 8.528330955234599831e-01 5.944433130407650312e-01 1.000000000000000000e+00 2.354859299994739863e-01 1.682574684668849962e-01 5.412373609787769491e-01 6.277305026527839615e-01 3.946596025979299815e-01 6.170674062170720120e-01 2.747461276590649759e-01 4.015312553226989961e-02 1.141043687140379931e-01 2.648058987848809775e-01 -1.297515428737900101e-01 2.986192207149450037e-02 5.564217466173100313e-01 4.173529706632340130e-01 3.624757180625169939e-01 3.999937660656039951e-01 3.917383020061009913e-01 4.975145635560480062e-01 5.616509772923960076e-04 1.507665080117419898e-01 -1.488152889840050064e-01 8.652727846793589750e-02 -2.391140003916950030e-02 4.795405364667910120e-01 5.213130929033339689e-02 1.470489458487999890e-01 3.181012241264570273e-01 3.493884351329359927e-01 2.988553041872740179e-01 4.550896946509149776e-01 5.970661745745390325e-01 4.355211381604199850e-01 5.001840823091400212e-01 5.443398639621209734e-01 5.682990297812600122e-01 5.123654079798529715e-01 6.365464603281260070e-01 5.892881176507199781e-01 5.413002107344859759e-01 6.105038182095080534e-01 5.073698688626020470e-01 5.418315785271690110e-01 6.057510055074950550e-01 7.549802515480640297e-01 6.255373336619669822e-02 8.296389533889710066e-02 3.380902572896419822e-01 3.145575559198839910e-01 5.830113978947030207e-01 5.994305107256630016e-01 3.836919111091530166e-01 3.724848567680439926e-01 3.843410279515390160e-01 4.531632090349049791e-01 1.197051333754260011e-01 1.908508491515329974e-01 3.463484063707459870e-01 4.284620337333689966e-01 3.609206876676410158e-02 2.433857236695390058e-01 6.207482351069699700e-01 1.314774833807940135e-01 -7.944636712158470448e-02 -5.596016535865089986e-02 2.333661996553610118e-01 2.259883115388419961e-01 3.788309998612020002e-01 4.143840700319330050e-01 5.968276688525290252e-01 4.688531876729920000e-01 6.816749108426209958e-01 6.489188901854979763e-01 6.150964552703760413e-01 4.144657930437469773e-01 6.653435064781879626e-01
4.449613177699339728e-01 3.187494335699059822e-01 4.882375826091729931e-01 3.923700193467219988e-01 4.407135713582590042e-01 2.325482093333650080e-01 5.845982500892520362e-01 3.913788596130229891e-01 5.839183948301049920e-01 4.952252692152340208e-01 3.237860149631380247e-01 1.709593561377419912e-01 5.175610361494900058e-01 2.354859299994739863e-01 1.000000000000000000e+00 6.429544808481789664e-01 2.232269081483770068e-01 2.851245100103689811e-01 4.746490510060579759e-01 3.447783146860989856e-01 2.095344403978799952e-01 2.758147033963119776e-01 5.434075275523270188e-01 4.256085871955649913e-01 4.170195470423019857e-01 3.432932207080239828e-01 4.072029648004419911e-01 2.892785603822249918e-01 3.304405827203840129e-01 2.927884706815799820e-01 2.741729501635810085e-01 2.392600261824510133e-01 2.689774438887569952e-01 1.840624038428670117e-01 3.290796108563729949e-01 2.374763636761940133e-01 1.250056024128909926e-01 6.683045331306600167e-02 2.916353447096530216e-01 1.181155852597119971e-01 3.862954372040759976e-01 3.425228878432650115e-01 2.532073836314340243e-01 2.167293525096410101e-01 2.385453993890739866e-01 2.215349771096560005e-01 2.790145644626160215e-01 1.845432909668349997e-01 2.071400735475900090e-01 1.036645866277900035e-01 3.065313635639079770e-01 3.044281803000590259e-01 3.794037620228279950e-01 1.592952892802219911e-01 5.014667076317219641e-01 3.207980111784040078e-01 3.518336057970509745e-01 2.793799729039880275e-01 3.427204300980429830e-01 2.853975272030109811e-01 2.850977016181919788e-01 1.518868552368400071e-01 3.306222716481549972e-01 2.299562838794869946e-01 2.233569983495710121e-01 2.966749971215900117e-01 3.061726517035510131e-01 1.659137011620089863e-01 1.666763992898259994e-01 1.258630555939219964e-01 3.184863045764170231e-01 2.927258307996289943e-01 -5.513642468229310034e-02 -1.042352772955199985e-01 2.568686041279690246e-01 3.030606469520850110e-01 2.652033372933980115e-01 1.997737079588700060e-01 5.469320719898710381e-01 3.589252376133479916e-01 3.772038658197329752e-01 2.697587791348470265e-01 3.063744844927990263e-01 4.033794142475979894e-01 8.078719670645589934e-02 9.857042521980059757e-02 2.396349952225809987e-01 8.617891838116349679e-02 2.529234092980059967e-01
3.468342305308390050e-01 3.434359824760749857e-01 4.219573319888049734e-01 5.900791016223290164e-01 4.222175511457270103e-01 4.631057858157309748e-01 4.496296648263590212e-01 5.377740513437400116e-01 4.890779617426220249e-01 6.303638532962539953e-01 8.691668087358049577e-02 1.501176509618800115e-01 1.861050316161710072e-01 1.682574684668849962e-01 6.429544808481789664e-01 1.000000000000000000e+00 1.569615055644880131e-01 1.834466393173360133e-01 4.840566928832479854e-01 4.462049610529880139e-01 3.640989023171700145e-01 4.752227748095639859e-01 5.219666735359940191e-01 5.156328199228510378e-01 5.116779410911029835e-01 4.365704487803169775e-01 3.016565785939600008e-01 3.264592877551369954e-01 3.416555601834230238e-01 3.862841006510699948e-01 2.322029566465809991e-01 2.851942194397710240e-01 2.627994748190939922e-01 2.946652863832660008e-01 4.577205170608270035e-01 3.656721223794869857e-01 2.052144553972649887e-01 -1.172183096251149942e-01 3.613497982905670147e-01 4.473069921678520244e-01 5.118744129698500345e-01 3.921804613993459809e-01 2.475716227828269889e-01 2.585205232941389930e-01 2.364153238126920076e-01 3.709277970498749966e-01 2.976775025878989900e-01 2.420947211021680090e-01 1.930827083493069918e-01 2.072999470448969872e-01 3.136897540329610101e-01 3.308697147746930134e-01 2.331807041066299990e-01 2.226155714490820059e-01 1.445796931678099972e-01 4.052155084510030147e-01 2.328039423766229965e-01 2.444594539812030010e-01 1.754331949717239936e-01 3.386902929704250220e-01 1.963447640450139975e-01 1.362605033080500072e-01 3.086226642709760104e-01 1.783597478681560045e-01 3.248395044001550214e-01 3.297845851989250066e-01 2.389238543023149974e-01 2.573286861717399843e-01 3.334276047584079916e-01 2.244999574203349890e-01 2.519693403170389923e-01 3.068357143171729917e-01 -1.459008980645550013e-01 -1.663849744290319954e-01 1.496049057785419911e-01 3.804019193402929933e-01 4.093208223993369810e-01 4.195590186610180239e-01 4.978120582353169898e-01 5.335056817654380001e-01 3.853390949842629976e-01 3.859769006844879780e-01 3.902785048540829971e-01 3.217661951714910207e-01 -2.862702881859700149e-02 -3.808052385609359686e-02 1.650132688665449932e-01 -3.764468074884640136e-02 1.473291761888119999e-01
6.285150325176980246e-01 7.373585182976459818e-01 3.290608421041479881e-01 3.139264020253070275e-01 1.613402746347299965e-01 4.033460940614759793e-01 2.624220183043339816e-01 3.241155751908499916e-01 1.313547797506779968e-01 3.136130681414799753e-02 5.378263186143309449e-01 6.059328860265109640e-01 4.500235176882779742e-01 5.412373609787769491e-01 2.232269081483770068e-01 1.569615055644880131e-01 1.000000000000000000e+00 8.198144644545980464e-01 5.231393293053769877e-01 6.256213236952890000e-01 2.532497543038519927e-01 1.024371264655800015e-02 2.872090819986389820e-01 2.829288625072020058e-01 1.063401358732609936e-01 1.879502744550579918e-01 6.127274048058229949e-01 4.142046989125969803e-01 4.990350256956039843e-01 4.386269780471649948e-01 5.411231790568979960e-01 5.959574023413699573e-01 2.244617866125140082e-01 2.949705885962309870e-01 9.836204165678759381e-02 3.284772885197230208e-01 -5.522226625754270146e-02 5.200522662227280435e-01 1.806862647173919922e-01 1.686876189607960097e-01 3.077881277738400145e-01 3.500724435281289959e-01 3.874531415010940005e-01 3.924543474934439891e-01 5.462627713776699867e-01 3.018289768189790223e-01 3.247229876875299959e-01 2.529011738259990261e-01 3.842755807950909985e-01 3.314917327048190199e-01 7.400439901358040196e-01 6.992633301572029891e-01 3.636836556973370160e-01 2.689917295674559838e-01 3.659917625948809761e-01 3.526004394075080151e-01 5.794319289577749554e-01 6.330880712420740020e-01 7.216575000127789519e-02 1.165179412486700011e-01 4.003528570644669937e-01 3.929884519287270006e-01 7.127268867133239594e-01 6.923529119998560466e-01 3.628327973486910052e-01 2.547181466163460084e-01 4.525463068236870168e-01 4.389791548552859912e-01 2.532741206338600115e-01 1.423995498333880116e-01 3.378349581154739822e-01 4.703086892596899937e-01 7.180840620766690274e-02 2.335227992494439964e-01 7.377796529982499907e-01 2.361083943195460000e-01 -3.551448906742760148e-02 -1.799055717915560085e-02 2.734784970726820141e-01 2.457911554857200032e-01 3.205576859299280046e-01 2.824311482898089753e-01 2.901267680290779971e-01 2.148900954318800072e-01 5.715428093244749874e-01 5.149137914934850402e-01 5.058816606072149558e-01 2.599950431266619955e-01 5.593514235217510455e-01
