1.000000000000000000e+00 8.634844857080760105e-01 8.033343302893369842e-01 8.014661540500760406e-01 6.005395868266319992e-01 7.354179175768840171e-01 8.456750187212209724e-01 7.901612487002499519e-01 6.578759707037179494e-01 6.793298670589029697e-01 8.569886165198820072e-01 8.108704621508600052e-01 8.453954252654910517e-01 7.316644211466549752e-01 8.831698404086220089e-01 8.170919147338470134e-01 6.783767952754949926e-01 7.860169620384870326e-01 9.346433187367899631e-01 8.885628363302889854e-01 6.338141065369630178e-01 6.955555958682310136e-01 7.834880639177910222e-01 7.795782254277600076e-01 4.595910015364960133e-01 5.975871098711830198e-01 8.541748032843059502e-01 7.706954295407739686e-01 7.103530227561849486e-01 7.077284750239479783e-01 7.277912100078349766e-01 7.255406003256450465e-01 5.913511216825779737e-01 4.807005795077800014e-01 5.171570337711770549e-01 4.590599435516010129e-01 6.091102814842479507e-01 4.308534364376410131e-01 7.652542924093209686e-01 4.855972036357240063e-01 7.189792962296209788e-01 7.374531303073950106e-01 6.743386354502890478e-01 6.764548724437450256e-01 7.217190085058150517e-01 7.305364705836510097e-01 6.987089128759860213e-01 6.537156889642570246e-01 7.981599578680129703e-01 7.230458840891440531e-01 8.894539532673749749e-01 8.098646955874589937e-01 7.394277092169619925e-01 6.614556049592960063e-01 8.582149823540390354e-01 6.605617410427370162e-01 7.625374429034480483e-01 6.413571076848579855e-01 6.312189170604329824e-01 5.403768144748140045e-01 7.153818981928440346e-01 5.843259541582910277e-01 6.630757805370499636e-01 5.922033826552699498e-01 7.964727497278639712e-01 7.740116443275190106e-01 7.406366262981529669e-01 7.416501395035659527e-01 5.628681834737130352e-01 6.859040933776240356e-01 7.771124310902020049e-01 7.301260719654010245e-01 7.611223222456690030e-01 5.800320773548339748e-01 8.615813097202400517e-01 8.038038019357669484e-01 6.068205993752640026e-01 7.623650839975210092e-01 7.630132708003100062e-01 7.094714280894679481e-01 7.969720899517890311e-01 7.152564711479270088e-01 6.145595454386489909e-01 5.319727625022889761e-01 7.198337826233099923e-01 8.006665651069999612e-01 7.692975506291700460e-01 7.629324684840720350e-01 7.204249271890219575e-01
8.634844857080760105e-01 1.000000000000000000e+00 7.156564446153840242e-01 7.342513191927410032e-01 4.817014077861059840e-01 6.368326980731030540e-01 7.201603838299710514e-01 6.904296423797740001e-01 5.089929523410390289e-01 5.521136551422659577e-01 7.309659656794349480e-01 7.392500516287390244e-01 6.997538274644149459e-01 6.040444414835709486e-01 7.171782473057950469e-01 6.710464834457570138e-01 6.422825887488999852e-01 8.640894687762099569e-01 8.739448786450719764e-01 8.863079127401339852e-01 5.391188364425549828e-01 6.291963828553850391e-01 6.441197801685030200e-01 6.559257433141879590e-01 3.441203526779280097e-01 4.667807773601109766e-01 7.661407058169199535e-01 7.299323276609740452e-01 5.825341195335459465e-01 5.780317068402990310e-01 6.901086910418420262e-01 6.951362753954779539e-01 5.045300912699900442e-01 4.085405582422830251e-01 4.670606453807000236e-01 4.318967805213789757e-01 4.921301075945360148e-01 3.710989614019080118e-01 6.957423531124879990e-01 4.617956972779450053e-01 7.510055786061829997e-01 7.528907222379169761e-01 6.824078521952410270e-01 7.062916452070769902e-01 7.761578492006330210e-01 7.691756855035940532e-01 7.197621639727780352e-01 6.836157683998399515e-01 7.719826410000499850e-01 7.289995084662489466e-01 8.200504726018249535e-01 9.394305362149669714e-01 7.053820315350840531e-01 7.125396143589269871e-01 7.323043920077100255e-01 5.697385945961229714e-01 7.289362813906390404e-01 6.763812930865680251e-01 4.405194152904409743e-01 3.689053356198400135e-01 6.317240006876470026e-01 5.345418683419009831e-01 6.655535844071419627e-01 6.363732210858970006e-01 6.547749558664069935e-01 6.455020908428430459e-01 6.312581040547140532e-01 6.683674720132749547e-01 4.175069058557540069e-01 5.820427017313499762e-01 6.793423055988869752e-01 6.815563815616969556e-01 6.928673326091030482e-01 5.414759240785800287e-01 8.156604766375370463e-01 6.998924099783699893e-01 5.372223985850169692e-01 6.749839528197599803e-01 6.325915354422689818e-01 5.444821065748729483e-01 7.330482114014630346e-01 6.897595009871639871e-01 5.833473031421919641e-01 4.950057989157560234e-01 7.939762764924910288e-01 7.846980268193100017e-01 7.739164104698740276e-01 6.948074715788810085e-01 7.231961640665369728e-01
8.033343302893369842e-01 7.156564446153840242e-01 1.000000000000000000e+00 8.854479352150429472e-01 6.595623377518510244e-01 7.420306484509650025e-01 9.159684169176469659e-01 7.839299344237939948e-01 6.658221253656190219e-01 7.374940772483049578e-01 7.331526972885119564e-01 6.549426714753849854e-01 7.691992648490380002e-01 6.021438073274629765e-01 8.126898430104559923e-01 7.594257262884429593e-01 5.144780696442859957e-01 6.219716608124820079e-01 8.547418195696959708e-01 7.691037638990270153e-01 6.169875310714619809e-01 5.928078868831070380e-01 8.806971341769369577e-01 8.413555440056650347e-01 5.970415031942719608e-01 6.608999101421769717e-01 6.054354928445679906e-01 5.163666023348330025e-01 7.246313932018689785e-01 6.923791314310999701e-01 7.743297279027989699e-01 7.597762203817010063e-01 7.820903222331320181e-01 6.708232655261560096e-01 4.913753310305389865e-01 4.883782497642780163e-01 5.472252884128430139e-01 3.456422443881569939e-01 7.043315037455110117e-01 3.229258429018069809e-01 6.199342847687050462e-01 6.470277741802460403e-01 6.962111969877480266e-01 6.517117950651090119e-01 5.634958106769349939e-01 6.940114803790690123e-01 7.340926545357280286e-01 6.911413274252280470e-01 6.703620730163459829e-01 5.947723478687559906e-01 7.434715562375679987e-01 7.084700360920519469e-01 7.823523160968209877e-01 5.671091935622259994e-01 7.904145800743790362e-01 6.095225568486110079e-01 6.425407916375079909e-01 5.354897280727980435e-01 7.607924358679980514e-01 6.076728089504650487e-01 8.838898075484250549e-01 7.546864775581799689e-01 7.773023302705079907e-01 7.236182149254920537e-01 7.064236743328480284e-01 6.894706500926189863e-01 5.512495106672139489e-01 5.497434140185100127e-01 4.654758003082810069e-01 5.418364441045410151e-01 6.501037287932800446e-01 6.511265402209049924e-01 5.979113833804690081e-01 5.233428983859039763e-01 7.763101332820839806e-01 7.501717166421919547e-01 5.728744149803940422e-01 6.984381347171350063e-01 8.619073562598790206e-01 7.820483230579580169e-01 8.826062831618379789e-01 8.503927845762789817e-01 7.784992805240059655e-01 7.530523631173540178e-01 6.259789712747779733e-01 7.085724208671180246e-01 6.189880466021779881e-01 7.344100203075519806e-01 6.733394051185790374e-01
8.014661540500760406e-01 7.342513191927410032e-01 8.854479352150429472e-01 1.000000000000000000e+00 6.181007554995779918e-01 8.694372473100090426e-01 8.877949339792849948e-01 9.375919613602470282e-01 6.243013922201110510e-01 7.977098518649959891e-01 7.167794528086539607e-01 8.061691287621040036e-01 7.258186851853809518e-01 7.646788203165160169e-01 7.635754818867499516e-01 8.393382105323720088e-01 6.322397635715389930e-01 7.100647147742740195e-01 8.589187876815249645e-01 8.626809556281049840e-01 6.063898785793360169e-01 6.740741782656179959e-01 8.257524561064529811e-01 9.383283934901920365e-01 5.693079409040600058e-01 7.641872987285870389e-01 7.096282534056189695e-01 6.790933970488840510e-01 7.499853555575090036e-01 7.994798867026300382e-01 8.227441958207709627e-01 8.761631727645650125e-01 7.795422982412190116e-01 7.474595553053819952e-01 4.758753998702470178e-01 4.546141195604109786e-01 5.784454972940209494e-01 3.796720837277610117e-01 7.577807055748609910e-01 3.750273598907509776e-01 6.335130011261660421e-01 6.929293888907599452e-01 7.102889446740470181e-01 7.141027291955860390e-01 5.791907874281529978e-01 7.255205942566570476e-01 7.206842587163290181e-01 6.619477297366660462e-01 7.107820412648110375e-01 6.010933401842619705e-01 8.052437563353810335e-01 7.356006398077979958e-01 7.603082475706900434e-01 6.347031121193239533e-01 7.993146673918609668e-01 7.364673722193839644e-01 6.895494107124580108e-01 6.999343347886080036e-01 6.927573516627609784e-01 7.449445859523390334e-01 8.771793371256260130e-01 8.513868386840860447e-01 7.565351250444729558e-01 7.253708379320770172e-01 7.933742132970650340e-01 8.081054969938560317e-01 6.076804823782340215e-01 6.382876877661699533e-01 5.305821722633939919e-01 6.220036459415849706e-01 7.023466985777470084e-01 7.645610709798780213e-01 6.956607731440539455e-01 6.334281370116390253e-01 8.782368941843889942e-01 8.747258633386859605e-01 5.696254450426150306e-01 7.407486422849719476e-01 8.095418287791249501e-01 8.774523870879310516e-01 8.298775615264779582e-01 8.660672139644870482e-01 8.066435877803309618e-01 6.835038530769550480e-01 6.662590771250820332e-01 7.389810643915020183e-01 7.569150744584159929e-01 7.741984076083090471e-01 7.349590049551030235e-01
6.005395868266319992e-01 4.817014077861059840e-01 6.595623377518510244e-01 6.181007554995779918e-01 1.000000000000000000e+00 6.936735915654009821e-01 6.487971108726260372e-01 5.744639489646210517e-01 8.102184365746859518e-01 6.307679935218369893e-01 6.040995454282029886e-01 5.895740591177469625e-01 6.308107467492469755e-01 6.100051178973210364e-01 6.210089307153560112e-01 5.420983437842350483e-01 5.243179186495849908e-01 5.004483584362320325e-01 6.495588636749030087e-01 6.045402941166879707e-01 4.446251275438010131e-01 3.721731469174959783e-01 6.566860845712519934e-01 6.205579252936279655e-01 3.652021868889899769e-01 4.707075801658079928e-01 5.105922442670569605e-01 4.624523163860729813e-01 5.908655098258379645e-01 5.677720838189309616e-01 5.968938442120409471e-01 5.882524126896460093e-01 4.873103216293719897e-01 4.358267153931589810e-01 1.658427441312390060e-01 2.411677219398060124e-01 2.799473530066780014e-01 1.017851819626860027e-01 4.688735323099850194e-01 1.075738277306200058e-01 4.723367119925639956e-01 4.978205231318060253e-01 6.138233124791370177e-01 5.792648497990280365e-01 4.119793205598140107e-01 5.366143845559000480e-01 6.364751041888819794e-01 5.447716672652349601e-01 5.088023975417540479e-01 4.239804637186920244e-01 5.880059843735240266e-01 5.682282382667810383e-01 6.562309078865069534e-01 4.974805904265460210e-01 5.533287296023260415e-01 3.880904884072979844e-01 5.792833279370389610e-01 4.703813175010519987e-01 4.905915449189420241e-01 4.272911899265759983e-01 6.976786462696259461e-01 6.155242853593440033e-01 6.487291969737469799e-01 6.090434763454010136e-01 6.024368571377910486e-01 5.973380336823479464e-01 3.845754594211079902e-01 3.566578763039309763e-01 3.999655946710219956e-01 3.422856616629230131e-01 5.095110716919549754e-01 5.183027529315270554e-01 5.448655268685459463e-01 6.126251202906789484e-01 6.366725063463090084e-01 5.898417374656429457e-01 2.689468199204769761e-01 4.055171200209869986e-01 5.645727475140990270e-01 5.595307692319779758e-01 6.257384940043969612e-01 6.284116248374419511e-01 6.338695790539049524e-01 6.521492309747329852e-01 4.526256395931609888e-01 5.706611908975059988e-01 4.997511736991550046e-01 6.151430525632679558e-01 4.724449269334730084e-01
7.354179175768840171e-01 6.368326980731030540e-01 7.420306484509650025e-01 8.694372473100090426e-01 6.936735915654009821e-01 1.000000000000000000e+00 7.958890635276050229e-01 8.654142697161330000e-01 7.313701526718060508e-01 8.190053274739690359e-01 6.757897445892989685e-01 7.795353014839430106e-01 7.080517590725600163e-01 7.646258827616150278e-01 7.577314048651719869e-01 8.326953282222140373e-01 5.535032339890949560e-01 6.231504803613879817e-01 7.902955533466140547e-01 7.856337985986999728e-01 6.398195418037430082e-01 6.892252737767810000e-01 7.536386827925499743e-01 8.482064455381229662e-01 5.500323250306610179e-01 7.443548351353099779e-01 6.961112742817170407e-01 6.325105278738569758e-01 7.151681822365230090e-01 7.582327473794370221e-01 7.582673848663440408e-01 8.182757225112550215e-01 6.699499442691070339e-01 6.667653163243989489e-01 4.624948962145020159e-01 4.089783309151380220e-01 5.303028481871310262e-01 3.006827726803609768e-01 7.389158658671589608e-01 3.618303621282190075e-01 5.258646867198250030e-01 5.545320588586899468e-01 6.068401602645929760e-01 5.971662318688090165e-01 4.515910586382729797e-01 6.008971919969390285e-01 6.376313145826040252e-01 5.732149197162339505e-01 6.515131830479859998e-01 4.955676603343859843e-01 7.340547370525980497e-01 6.526366728904640091e-01 6.861093547387809854e-01 5.782420772089149619e-01 7.543251019578479655e-01 6.972040029892200286e-01 6.590619573890369454e-01 6.652512446899260246e-01 5.950388657177519969e-01 6.583140866582659623e-01 7.770777180012310437e-01 7.653215131999500098e-01 6.985636252145069891e-01 6.740680929008160405e-01 7.893820139952899551e-01 8.015378829747259459e-01 5.765321128434269804e-01 6.124915143417190011e-01 5.693405604113610519e-01 6.383479039228100449e-01 6.788671805011290417e-01 7.819241172095700021e-01 6.605877947550560236e-01 5.734512801203149879e-01 8.130769955848420327e-01 7.976366843989769473e-01 5.803610892487319761e-01 6.831558019095189671e-01 6.996653237551380133e-01 7.759368859188060519e-01 7.180901207466210412e-01 7.567415952443969918e-01 7.352867933100289966e-01 6.347025673665249723e-01 5.803212786657500066e-01 6.503747804209959460e-01 7.402013486573040257e-01 6.963797020434580043e-01 6.414878321572039521e-01
8.456750187212209724e-01 7.201603838299710514e-01 9.159684169176469659e-01 8.877949339792849948e-01 6.487971108726260372e-01 7.958890635276050229e-01 1.000000000000000000e+00 8.906681742463600227e-01 7.189716633542220237e-01 7.904006930567489819e-01 7.195627011301429787e-01 7.615546901213150477e-01 8.784967140751059889e-01 7.255549015425519777e-01 8.261649893998980199e-01 8.020538794900780033e-01 5.318321616296030063e-01 6.309843526223629651e-01 8.610574704023710169e-01 8.022587988245239998e-01 6.467009350152910230e-01 6.481767818257919700e-01 8.672921166764999690e-01 8.462734608518900359e-01 5.546255473233220323e-01 6.658783538253080225e-01 6.941955968839319535e-01 6.022104676950249535e-01 6.627052713453229771e-01 6.693636657083109620e-01 8.148192694599950547e-01 8.103838604162779680e-01 7.894951688721369987e-01 6.601531977243709770e-01 4.936872440361549930e-01 4.743869096431579946e-01 6.022476674965989707e-01 3.863182717923310250e-01 7.514427389574499516e-01 3.171761465147869830e-01 6.369435935255449710e-01 6.742262686055879861e-01 7.022460346989359836e-01 6.771838433570239735e-01 5.925365003618989768e-01 7.109230726368990227e-01 7.619545369613960339e-01 6.871740410651659969e-01 7.414874420760300122e-01 6.305116761777600498e-01 7.563693446281080091e-01 7.012314005690909458e-01 8.427623473308809565e-01 6.504493650682729999e-01 9.150113262446349927e-01 7.271966419258319991e-01 6.695615168145390150e-01 6.003954762800860490e-01 7.872423161842040384e-01 6.842089411550350553e-01 9.033268126303499734e-01 7.939030438194359940e-01 7.367410406894280284e-01 6.861396231742710183e-01 7.783172510529789978e-01 7.610105246079069685e-01 5.859203720239349877e-01 5.911781313326740506e-01 5.136063842445089955e-01 6.079197217611820303e-01 7.020699928909349685e-01 7.106917596337110066e-01 6.440717975392660222e-01 5.394160682430779730e-01 8.168270270408319877e-01 7.997459626131619981e-01 5.955399073403639942e-01 7.348652618394400093e-01 8.364713601170209456e-01 8.105222443275380551e-01 9.060145214609569564e-01 8.489435754757469477e-01 7.848558543770729479e-01 7.511047117341109747e-01 6.733944720982130150e-01 7.464016619377670247e-01 7.257411536088950177e-01 7.811777407705710052e-01 7.098780883891480098e-01
7.901612487002499519e-01 6.904296423797740001e-01 7.839299344237939948e-01 9.375919613602470282e-01 5.744639489646210517e-01 8.654142697161330000e-01 8.906681742463600227e-01 1.000000000000000000e+00 6.383379345159779783e-01 8.268569625311670279e-01 6.949196564038649937e-01 8.466191935204779861e-01 7.569779112542850408e-01 8.360973212666480414e-01 7.375929569295489596e-01 8.458716811730669916e-01 6.126630860079820273e-01 6.597132664612339603e-01 8.083573330475379848e-01 8.288670086483289623e-01 5.475851109907799996e-01 6.506405214550600169e-01 7.826683466801980238e-01 9.177226053091870339e-01 4.999357671372750000e-01 7.178598013222380336e-01 7.328885413753889466e-01 6.977230044567499512e-01 6.885489184225529469e-01 7.736411709930880454e-01 8.300265634818499993e-01 8.857379834816909714e-01 7.342783246596550351e-01 6.896091460472889567e-01 4.042188767572930108e-01 3.398746258510380036e-01 5.389757379495260237e-01 2.999762727040800048e-01 7.330288755845849602e-01 3.043097180959800085e-01 5.987991205101680370e-01 6.684641929826370399e-01 6.492990423671080036e-01 6.799857978175040119e-01 5.307602958236899982e-01 6.635241413398289545e-01 6.849115111323580418e-01 6.235569181151070506e-01 6.821218010834479983e-01 5.410867438601879575e-01 7.799155552501759736e-01 6.898669498520360044e-01 7.458253247195859581e-01 6.666201836456649987e-01 8.702644474267969832e-01 8.740346511349329495e-01 6.859884105992289927e-01 7.293232691080689944e-01 6.980694182566019590e-01 8.275390761527550154e-01 8.296255550458190298e-01 8.321691126588679488e-01 6.646377082719400198e-01 6.574514730741060076e-01 8.192245373451370050e-01 8.300680387202019617e-01 6.215832462269430536e-01 6.515202154597999895e-01 5.437206941364020052e-01 6.473997941764779718e-01 7.203458771866809718e-01 7.764068494973159762e-01 6.969674305511459611e-01 5.967611917037060065e-01 8.566727956666899679e-01 8.521703684325240280e-01 5.127003954795580354e-01 6.791372010579259655e-01 7.610169160063100513e-01 8.444069746859470538e-01 7.948560973819529529e-01 8.185725669214060085e-01 7.827648841694320181e-01 6.288702967835420043e-01 6.079085185001890101e-01 6.801080340088759835e-01 7.775033334381910022e-01 7.482234075090159475e-01 6.573022691446870347e-01
6.578759707037179494e-01 5.089929523410390289e-01 6.658221253656190219e-01 6.243013922201110510e-01 8.102184365746859518e-01 7.313701526718060508e-01 7.189716633542220237e-01 6.383379345159779783e-01 1.000000000000000000e+00 7.699228528716050013e-01 6.027197665856229847e-01 5.826531745718970257e-01 7.160854316687419452e-01 5.905160305033989587e-01 7.289993894026830512e-01 6.323077481243499776e-01 4.030270811383159790e-01 4.501993259515860157e-01 6.599279317843249615e-01 5.980796447354640444e-01 5.474009762916539623e-01 4.843023165710820255e-01 6.816588688881219937e-01 6.204961633765789797e-01 5.123134236639650396e-01 5.834197238638300087e-01 5.671247920357359584e-01 4.401728457671120198e-01 5.347313690531200203e-01 5.161310526635479734e-01 6.434767543092489994e-01 6.245295880786509990e-01 5.240242064992219895e-01 4.538480848738730145e-01 3.123214353117280129e-01 3.273531474062449931e-01 3.764326352701140022e-01 1.474459043427779892e-01 5.527954502499210498e-01 1.497909924214810007e-01 5.340932687479530427e-01 5.541962676554870182e-01 6.007070850630490400e-01 5.652404770129350053e-01 4.330461289216970266e-01 5.571564634298750152e-01 6.532519176402690197e-01 5.786085232298679992e-01 5.697458416327030317e-01 4.737676003660730162e-01 6.141185530749699861e-01 5.390003988534080026e-01 6.720940364622089991e-01 5.349428803762169560e-01 6.991090790187379778e-01 5.304432206869049704e-01 5.303955608233780206e-01 4.596171674647069882e-01 5.657944556841270067e-01 4.837586621832660194e-01 6.787613977228229567e-01 6.027060669730059939e-01 6.194277100094249811e-01 5.793827184591799906e-01 6.185697478492450108e-01 6.003506415966419762e-01 4.619092208450319981e-01 4.438262932265880090e-01 4.502964207146509801e-01 4.021417083582459751e-01 6.042558092646029833e-01 6.266894582610510467e-01 5.367524888623289581e-01 4.476929680632750208e-01 6.420138800379869837e-01 6.004114030588599826e-01 4.579597664839680227e-01 5.302467149078720077e-01 6.170488776436670042e-01 5.779085379123529709e-01 6.843108065055749645e-01 6.410910685254890273e-01 6.372773837979039957e-01 6.139400336859820451e-01 4.266736979107980110e-01 5.160243246333420242e-01 5.257955802480609453e-01 5.736429988652860246e-01 4.242839184384680218e-01
6.793298670589029697e-01 5.521136551422659577e-01 7.374940772483049578e-01 7.977098518649959891e-01 6.307679935218369893e-01 8.190053274739690359e-01 7.904006930567489819e-01 8.268569625311670279e-01 7.699228528716050013e-01 1.000000000000000000e+00 5.661080641277610459e-01 5.920140616319810034e-01 6.821531224806189897e-01 6.195785849048930372e-01 7.140504614221969693e-01 7.859678714594600102e-01 3.670471749380859738e-01 4.480062069810399894e-01 6.740881654160929548e-01 6.319577623453770387e-01 5.394615446420839566e-01 5.437324687579080384e-01 7.064566675394879924e-01 7.766292597895240180e-01 6.205025368944999675e-01 7.272590796889100151e-01 5.155302623260530348e-01 4.139864421605710110e-01 5.423265797107560404e-01 5.834114685999569616e-01 6.751785117417899995e-01 7.090688321997660193e-01 7.365019376561360298e-01 6.872011987128530119e-01 4.401656294734960229e-01 3.787213996462889809e-01 4.805496502402850090e-01 2.165240213697179894e-01 6.117870409955840083e-01 1.834805860439230052e-01 4.817842374017409779e-01 5.269334430828930271e-01 5.570492099178709910e-01 5.324022357374249559e-01 3.804436214829000074e-01 5.715617889146400454e-01 6.289430445044850160e-01 6.004716690130159629e-01 5.956797655336140140e-01 4.301012444987770134e-01 6.657679009940029591e-01 5.915276864048449879e-01 6.895813905105020458e-01 5.195102849758399532e-01 7.560536427253410352e-01 7.305058001552560132e-01 4.828669539334949912e-01 4.180739059261889823e-01 6.871746078702859473e-01 7.265404163544519900e-01 7.494389757443199462e-01 7.392780626577180048e-01 6.712094651222909603e-01 6.215453950649529880e-01 6.520163296945660214e-01 6.581477809350450014e-01 4.787330172520870009e-01 4.837751478246820058e-01 5.251120712295269666e-01 4.937099008110389931e-01 5.836465948814679727e-01 6.621480681975320248e-01 5.214601755685800422e-01 4.105963621921699946e-01 7.056675015556730379e-01 6.823196168686199714e-01 5.349344117426959588e-01 6.168889834689550433e-01 7.272290386293249753e-01 7.404689324817790297e-01 7.524795889485049738e-01 7.640220134450600442e-01 7.741660567653170233e-01 6.970822374054530535e-01 4.788507511521020166e-01 5.466352817572649458e-01 5.991355194198210166e-01 5.966914138054409955e-01 5.272860650965990326e-01
8.569886165198820072e-01 7.309659656794349480e-01 7.331526972885119564e-01 7.167794528086539607e-01 6.040995454282029886e-01 6.757897445892989685e-01 7.195627011301429787e-01 6.949196564038649937e-01 6.027197665856229847e-01 5.661080641277610459e-01 1.000000000000000000e+00 8.128259770554620012e-01 7.976978288264560124e-01 7.897502168322100280e-01 8.341325541516749764e-01 7.714831827652309792e-01 7.962339487534649818e-01 7.847067462970469531e-01 8.677540713699589681e-01 8.413279511860910498e-01 4.471559569054249783e-01 5.360341199403729773e-01 7.815308588806290091e-01 7.668501240618019743e-01 3.983135206378660143e-01 5.352357095876599802e-01 8.482341048931969496e-01 7.758225037117819634e-01 8.017035504671600199e-01 7.847290099313269929e-01 7.425890016913929692e-01 7.381217567810709479e-01 5.144645444159799963e-01 4.374988037982969757e-01 3.257583364448189966e-01 2.732063418440929814e-01 4.029191650972729910e-01 2.051859512939150088e-01 6.793844442638879988e-01 3.627776008907480088e-01 6.049133263476249578e-01 6.424128514630229603e-01 6.238336361030220045e-01 6.285714404452470427e-01 5.803006562874080121e-01 5.619732373779759982e-01 5.960822649115600225e-01 5.234434471358070384e-01 6.073729860833599892e-01 5.141629490924809476e-01 8.163832832793940231e-01 7.322908044297820052e-01 5.891488673314859703e-01 5.101693406737419778e-01 7.157540951307379551e-01 5.868976658333739937e-01 8.103483636637870413e-01 7.049067422463860533e-01 6.194793635776839613e-01 5.608861223370259497e-01 6.573443251140299592e-01 5.280272355166250042e-01 6.167994420043729775e-01 6.061851338713990511e-01 7.923675307279980373e-01 7.850821051507079762e-01 7.143326687399800257e-01 7.061165899964659820e-01 5.875536428711329862e-01 6.988108655464989605e-01 7.700822378733079843e-01 7.185688350023099469e-01 7.827140203136180308e-01 6.838966657902829649e-01 8.423878614954309896e-01 7.941853731582459996e-01 4.040716034776200005e-01 6.060976442226460037e-01 7.384007411597509618e-01 6.436086190096389492e-01 6.837930409961979761e-01 6.215279826523320006e-01 5.361786284862869456e-01 4.328567877928489738e-01 5.116110443356860493e-01 6.157264222736229531e-01 6.432036470608619716e-01 6.605199531585149719e-01 5.270873798334450022e-01
8.108704621508600052e-01 7.392500516287390244e-01 6.549426714753849854e-01 8.061691287621040036e-01 5.895740591177469625e-01 7.795353014839430106e-01 7.615546901213150477e-01 8.466191935204779861e-01 5.826531745718970257e-01 5.920140616319810034e-01 8.128259770554620012e-01 1.000000000000000000e+00 7.748675356324630226e-01 9.394931697448529739e-01 7.387496656240739590e-01 7.817114889631220365e-01 7.555391484410769465e-01 8.005973463443329941e-01 8.366153601301770104e-01 8.974480199989950391e-01 4.851858745803330208e-01 6.098187254301890015e-01 7.373853309100399933e-01 8.035020412982859517e-01 2.783343794687960226e-01 5.321748800442429594e-01 8.742999808559930308e-01 8.902485812717080282e-01 7.667491982978279497e-01 8.096985134055959543e-01 7.940957046409840014e-01 8.334797403318849884e-01 5.132928852245569606e-01 4.692541883738480246e-01 2.988600699969949925e-01 2.979443710325199723e-01 5.007558548228260298e-01 3.468102855048820210e-01 7.237584246993400416e-01 3.968510490728239803e-01 5.885786799232219924e-01 6.707874626164179732e-01 6.363660732048980195e-01 6.851753699450400248e-01 6.003250070199209754e-01 6.254409026579980102e-01 6.323902008031769828e-01 5.649769148687230347e-01 7.064483963658350074e-01 6.201916102583719947e-01 7.860708223032859543e-01 7.435216756743440181e-01 6.683304225621280459e-01 6.800992154208670426e-01 7.752753245713920327e-01 7.187381181966600030e-01 8.410862689016089799e-01 8.802319531308320233e-01 5.158659530766730450e-01 6.096323150573259575e-01 7.022733641417340245e-01 6.628846607520100243e-01 6.101453146335460431e-01 6.110905632750169847e-01 8.216267529298010297e-01 8.429392530942529937e-01 6.504894055179190060e-01 6.853566621172769713e-01 4.847116513373099789e-01 6.835277143313019943e-01 7.265180192023410477e-01 7.676793416162760453e-01 7.488501809459640057e-01 6.910647361919900478e-01 8.603130819484400282e-01 8.439682494898209653e-01 4.135828498158740096e-01 6.542375569149539993e-01 6.309191660391380019e-01 7.163926045716709767e-01 6.952780804175370255e-01 7.095730100066569568e-01 6.161705805741679587e-01 4.878145740504070127e-01 6.501506643035790400e-01 7.508350300847690395e-01 8.157990007886080086e-01 7.824135216250289737e-01 6.806525288236550120e-01
8.453954252654910517e-01 6.997538274644149459e-01 7.691992648490380002e-01 7.258186851853809518e-01 6.308107467492469755e-01 7.080517590725600163e-01 8.784967140751059889e-01 7.569779112542850408e-01 7.160854316687419452e-01 6.821531224806189897e-01 7.976978288264560124e-01 7.748675356324630226e-01 1.000000000000000000e+00 7.891217793403719760e-01 8.646512804549439934e-01 7.758098403255220266e-01 5.592468388869940021e-01 6.378048536883199615e-01 8.105535222804060025e-01 7.492539157223330193e-01 5.583686561777569946e-01 5.984012155298670255e-01 8.127536572465949849e-01 7.476476909065820076e-01 4.618497694798789910e-01 5.432291834649140005e-01 7.292034110307450412e-01 6.322986433232880010e-01 6.487740707524589645e-01 6.178640005450100059e-01 6.991904215357019892e-01 7.032201142673499827e-01 6.455946117621830238e-01 5.408609106110480180e-01 4.433820519129070270e-01 4.033610266643199993e-01 5.652473444899089872e-01 3.474026636110409960e-01 6.907447708018860100e-01 3.150290436001170202e-01 5.523322014847029671e-01 5.833860462777259448e-01 6.261473070080569858e-01 5.816733279135649637e-01 5.283736307009430089e-01 5.982264608339189493e-01 6.682304409256879518e-01 5.921264617911750072e-01 7.066085980893630492e-01 5.856167840474250097e-01 7.092693734872550504e-01 7.068994757841660093e-01 7.560297531819499817e-01 5.770656474669449976e-01 8.797704890343149842e-01 6.669913944816640017e-01 6.546331029176729599e-01 5.716550220821760009e-01 7.359405187829809458e-01 5.909463044515770314e-01 7.564833699570450154e-01 6.293608389232160372e-01 6.462401377189399554e-01 5.818226187297780294e-01 7.680492849096349772e-01 7.519787345223459818e-01 5.898949053253470520e-01 5.722409717554020059e-01 4.851970834784389841e-01 5.626838923741249721e-01 6.781901969907579986e-01 6.672067477554279868e-01 6.315549199259850033e-01 5.647093237349070094e-01 7.625553231688929623e-01 7.278095567352139694e-01 5.130992212453390211e-01 6.752630054994319675e-01 7.691689638492980041e-01 6.988440907476489716e-01 8.468733989640440107e-01 7.334925999326810109e-01 6.606050451897169662e-01 6.696745488377570110e-01 6.171964218188350504e-01 6.873358886572039639e-01 6.881628030656860018e-01 6.875847079730750266e-01 6.206386490910390519e-01
7.316644211466549752e-01 6.040444414835709486e-01 6.021438073274629765e-01 7.646788203165160169e-01 6.100051178973210364e-01 7.646258827616150278e-01 7.255549015425519777e-01 8.360973212666480414e-01 5.905160305033989587e-01 6.195785849048930372e-01 7.897502168322100280e-01 9.394931697448529739e-01 7.891217793403719760e-01 1.000000000000000000e+00 7.245396733784970067e-01 7.977141930074329590e-01 7.271325356803629569e-01 6.735009179724299466e-01 7.429997347804869756e-01 7.956649492357560360e-01 3.970150715323930157e-01 5.361575987059440385e-01 7.358304457720620251e-01 8.239974455434829759e-01 3.045792395841560030e-01 5.510132828545729611e-01 7.981448253411009830e-01 8.094726436291349581e-01 7.680987505954790517e-01 8.170164797236689758e-01 7.315782618744379739e-01 7.834904321436909624e-01 5.187755642242130039e-01 4.991827489091090198e-01 2.208998496981350035e-01 1.986086822530920004e-01 4.426196230668060227e-01 2.592434526583259902e-01 6.223471485689220373e-01 2.851880729236769829e-01 4.896339697117160217e-01 5.784293812471930085e-01 5.888273308392319993e-01 6.040843181286079666e-01 4.536213238177559948e-01 5.102659622445340215e-01 5.650305342138479681e-01 4.930486926840840223e-01 6.192446650417070542e-01 5.042669081150119581e-01 7.080593380333930487e-01 6.358781040846730459e-01 6.058154411910690040e-01 5.867517907025570079e-01 7.394769954822859592e-01 7.386025551411149470e-01 7.307424749820380372e-01 7.855619680775489666e-01 5.722669272417330033e-01 7.070708106706480311e-01 6.757369075373910183e-01 6.618898283923769776e-01 5.270299707872579953e-01 5.240444456620839686e-01 8.408116887550549645e-01 8.630688078950530251e-01 6.214235341529520396e-01 6.393901484778490296e-01 5.237383039673220164e-01 6.469482715619440105e-01 6.898593964986510230e-01 7.228794365073230033e-01 7.278139386338560168e-01 7.072494946108659475e-01 8.010482216401050293e-01 8.170807853258710285e-01 3.289056573713859954e-01 5.683208896597520265e-01 6.280036080287270117e-01 7.343532544953059737e-01 6.510037715025079885e-01 6.596403124550940245e-01 5.998467458504429528e-01 4.776000066662540178e-01 5.042866830305490211e-01 6.272263565247170325e-01 7.115310615704569797e-01 6.745419601909570240e-01 5.324317492242289784e-01
8.831698404086220089e-01 7.171782473057950469e-01 8.126898430104559923e-01 7.635754818867499516e-01 6.210089307153560112e-01 7.577314048651719869e-01 8.261649893998980199e-01 7.375929569295489596e-01 7.289993894026830512e-01 7.140504614221969693e-01 8.341325541516749764e-01 7.387496656240739590e-01 8.646512804549439934e-01 7.245396733784970067e-01 1.000000000000000000e+00 8.921201659565880515e-01 5.654815542722519961e-01 6.614251815411590352e-01 8.471177846269080103e-01 7.798621735559529977e-01 6.535301425092989724e-01 6.534332691682880334e-01 8.481323206134350201e-01 7.974721695165369884e-01 5.797553402297149772e-01 6.758803043406840239e-01 7.952981457112939800e-01 6.772201739398230336e-01 7.733924023001800263e-01 7.288885889297980203e-01 6.784497953236280354e-01 6.900085736253670499e-01 6.373731354935360249e-01 5.139662270538369881e-01 5.370203931922720164e-01 4.403120915405809854e-01 6.314173001544840513e-01 4.239292391249039893e-01 7.649405041612370448e-01 4.639635729816229959e-01 5.810033238003650125e-01 5.994587629626649816e-01 6.048074325765350201e-01 5.612377827659540408e-01 5.601901112217320122e-01 6.109073519403169783e-01 6.043515657020039900e-01 5.611816876540030030e-01 7.220283752390930232e-01 6.313572142580859969e-01 7.626282179798400396e-01 6.766038976998900445e-01 6.233098674943019502e-01 4.838383320439479940e-01 7.865304057165499740e-01 6.035380085381250037e-01 6.463564045321700258e-01 5.365628231093390044e-01 7.279842688382129889e-01 5.374017721843570294e-01 6.921868537051839576e-01 5.442025037256720266e-01 6.179094986572060133e-01 5.330486361053310418e-01 8.160784416134320152e-01 7.957815732673060305e-01 7.275739684383779604e-01 7.125828840335070025e-01 6.292073672185729549e-01 7.085693064665440355e-01 7.421398413019409945e-01 6.894132373664689784e-01 6.835200125729240517e-01 5.549036468953389978e-01 8.043530642423299959e-01 7.840974121447089606e-01 6.700526147057509485e-01 7.826604346275219948e-01 8.281929295218709575e-01 7.164341303866239574e-01 7.826355242350859776e-01 6.703226990728099466e-01 5.823666997737789730e-01 5.402529214831439663e-01 6.158660819120740371e-01 6.892954863830409451e-01 6.426864807049369466e-01 6.353206476305870432e-01 6.222321192769310061e-01
8.170919147338470134e-01 6.710464834457570138e-01 7.594257262884429593e-01 8.393382105323720088e-01 5.420983437842350483e-01 8.326953282222140373e-01 8.020538794900780033e-01 8.458716811730669916e-01 6.323077481243499776e-01 7.859678714594600102e-01 7.714831827652309792e-01 7.817114889631220365e-01 7.758098403255220266e-01 7.977141930074329590e-01 8.921201659565880515e-01 1.000000000000000000e+00 5.733082413461939586e-01 6.256768859991970189e-01 8.027612980171120460e-01 7.866778251892609930e-01 6.118520121011340462e-01 6.893350769409449796e-01 8.124223736108729943e-01 8.821447606958879861e-01 6.199404402262990166e-01 7.571596287481480170e-01 7.874749433427939982e-01 7.083564995695019739e-01 7.883225972910390400e-01 8.072415376670020182e-01 7.097385596873420077e-01 7.669623910173920533e-01 6.777295491432370200e-01 6.188609026898720389e-01 4.978424334128069839e-01 3.746170621042380078e-01 6.158455056145389905e-01 3.623865251691399947e-01 7.386508967079320476e-01 4.259748361136749817e-01 5.396595526669909493e-01 5.616063788949420266e-01 5.619593456991629488e-01 5.367392176511029955e-01 4.867730428233740247e-01 5.618889709884939965e-01 5.712001842382949945e-01 5.192417837084100096e-01 6.828499311629080415e-01 5.442887156726460285e-01 7.548756448794120555e-01 6.441266640531779775e-01 5.982774913613719825e-01 5.060024171709680552e-01 7.849768806382729780e-01 7.534104032649520111e-01 6.055502303157469512e-01 5.957952587791629506e-01 7.071669551188060066e-01 6.958567654068249508e-01 6.966451785721410328e-01 6.281205991415740320e-01 5.745107120767010134e-01 5.281114847212770025e-01 8.474277503594269678e-01 8.533358789907190545e-01 6.953555925462789888e-01 7.300183783094590373e-01 6.612610838694530369e-01 7.370524211595920194e-01 7.517860742437949551e-01 7.581045407021389515e-01 7.176020766411169705e-01 5.767141090230929468e-01 8.261748630345959743e-01 8.216043634488969793e-01 6.495902467750329645e-01 7.719852461236189622e-01 8.037477841547160384e-01 7.909100091644170050e-01 7.367506198173550125e-01 6.971550039776359675e-01 6.326398504824980451e-01 5.070243507758129820e-01 5.607189427057209796e-01 6.286678429159320292e-01 6.713456682233589490e-01 6.238874870897750391e-01 5.850764943421139508e-01
6.783767952754949926e-01 6.422825887488999852e-01 5.144780696442859957e-01 6.322397635715389930e-01 5.243179186495849908e-01 5.535032339890949560e-01 5.318321616296030063e-01 6.126630860079820273e-01 4.030270811383159790e-01 3.670471749380859738e-01 7.962339487534649818e-01 7.555391484410769465e-01 5.592468388869940021e-01 7.271325356803629569e-01 5.654815542722519961e-01 5.733082413461939586e-01 1.000000000000000000e+00 8.460192660265319908e-01 7.083891881038300031e-01 7.583441569336120125e-01 2.579571980428019828e-01 4.199081062360380256e-01 5.771020491083299619e-01 6.801142707174080426e-01 2.327920249345450110e-01 4.364996576629679992e-01 8.121421663780830080e-01 8.256269908148670122e-01 6.948878119034940237e-01 7.359765505455310164e-01 6.539538660622209454e-01 6.760098664127349721e-01 3.613150500765339723e-01 3.513364982064969833e-01 6.109955578643080226e-02 5.289206374955800205e-02 1.867576262799039988e-01 5.712017049285020298e-02 5.435786633766569453e-01 2.280758658383869875e-01 5.428896379959059493e-01 6.057897796080770059e-01 5.825741842409409843e-01 6.385578102314589666e-01 5.284673070787639926e-01 4.868979514546429854e-01 4.718215793272489966e-01 3.731545662113039952e-01 4.644949200206279771e-01 3.741972746214610179e-01 7.563578830818139531e-01 6.706596504897009980e-01 4.178452719844180097e-01 3.846589133389560211e-01 5.220217474623080056e-01 4.433968122724050165e-01 7.963338637945099885e-01 7.604597862229229843e-01 4.374853983627859932e-01 5.113411783850410064e-01 5.284771365611630189e-01 4.600708616640979964e-01 4.771118580285840238e-01 4.673180210665490164e-01 7.141520195530409731e-01 7.153607024280459470e-01 6.913591551020860093e-01 6.599145563049559904e-01 5.452285207796679911e-01 6.402697371275140048e-01 6.320734672790130348e-01 5.796897238859709534e-01 8.794241723381900355e-01 8.493743673793360260e-01 8.109144039894380374e-01 7.534879095040769581e-01 1.176465097466170007e-01 3.766107654938379845e-01 5.140306264082480370e-01 5.180546149176930015e-01 4.569778236968720098e-01 4.499438311498010212e-01 4.242662333584379941e-01 2.530115259516400039e-01 4.239661426559879764e-01 5.259945615531600449e-01 5.882612624428029680e-01 6.080283341300849465e-01 4.288518796182789750e-01
