1.000000000000000000e+00 9.288925318157289501e-01 5.045248030584600363e-01 6.148295202253919456e-01 2.083244718691840136e-01 4.360427906853600044e-01 5.963998467229719713e-01 6.911694429180470500e-01 5.729081160638439529e-01 5.713179732859340332e-01 7.534271400275399655e-01 6.650435327044790235e-01 5.586623472223829490e-01 6.314002112989770543e-01 5.183183391682080199e-01 6.691676251334089942e-01 7.845920533122929807e-01 7.016483846555270354e-01 8.729843792774110156e-01 8.289757223263759522e-01 3.701614216886769948e-01 2.553576024191400173e-01 5.016727287456449469e-01 5.723225380988350430e-01 2.712953365903449932e-01 3.219142702402310041e-01 5.789554597817320181e-01 4.909832876216599917e-01 4.537394047375020167e-01 4.616406309227449878e-01 6.375738300112999690e-01 6.301050486468110501e-01 3.403791226998689745e-01 3.353970000402439755e-01 4.700455245693639927e-01 5.991007559082219824e-01 5.241388561889820386e-01 6.034224235483299781e-01 4.753447149670340099e-01 3.620600373199490130e-01 8.141629568447740217e-01 7.165771303910940526e-01 6.738958716704529506e-01 6.477492116145130430e-01 8.483320176520650069e-01 8.003287817140759541e-01 6.232401925716699598e-01 5.107872949611339530e-01 8.159602013722619951e-01 8.016149595554470375e-01 8.639688310150840378e-01 8.098026030213130166e-01 5.605335783310869679e-01 4.311291997274919741e-01 4.182807633844770057e-01 4.343914270608170147e-01 6.766949926482730415e-01 7.117617201872069588e-01 2.669169396313370024e-01 2.306317109612960048e-01 5.770597423725419839e-01 4.853630998271439845e-01 7.979955277018080384e-01 7.006410978559010072e-01 7.211446182738040500e-01 7.189990703803590399e-01 7.601510038848250383e-01 7.211276935809990407e-01 4.541714189374170263e-01 6.150150685604409695e-01 7.189568266470559577e-01 7.349869628388819853e-01 6.675573456002079631e-01 5.965799086259919726e-01 7.468478430776840371e-01 6.572649826164870257e-01 5.283051475704330091e-01 4.990109510780579849e-01 5.735787315005039799e-01 6.900558603606770092e-01 6.748129241792879540e-01 6.547165772301030140e-01 5.138104859466380292e-01 3.628250516770220035e-01 8.308699651340639702e-01 8.132132394274379505e-01 7.614892236980930207e-01 7.423618669421889749e-01 8.267033568505940400e-01
9.288925318157289501e-01 1.000000000000000000e+00 5.428902683652769845e-01 6.269198246119660478e-01 1.594918731416140045e-01 4.052755165198370091e-01 6.021859591973339754e-01 7.358601808352710494e-01 6.158116357784939598e-01 6.264865600460509665e-01 8.077312760763120103e-01 7.197673601439410485e-01 6.263628473116680251e-01 7.003241865550590139e-01 6.052397394079700454e-01 7.537852759230849742e-01 8.133722296475870417e-01 7.407305801193549977e-01 8.758492193818400162e-01 8.773096723104110151e-01 4.304655734234730247e-01 2.987839377998189883e-01 6.237418273070169938e-01 6.478011999632949935e-01 3.063898462559990210e-01 4.160539836002100089e-01 6.642603212475719499e-01 5.836073835612870520e-01 5.500953945486950492e-01 5.443889182042780384e-01 7.171304250677940084e-01 7.002286806172020039e-01 3.948482909990609913e-01 4.081792161999580060e-01 4.282449934125630020e-01 5.785529364819670395e-01 5.412805873632370313e-01 6.347230199236270076e-01 4.837079758193300050e-01 3.210853907267109952e-01 8.126326301617300407e-01 7.150998427973479510e-01 6.377944257200950373e-01 6.184115207013259896e-01 8.374562080270679942e-01 7.699684533250390484e-01 6.164192085993710490e-01 4.941537692464489928e-01 8.502107588654620463e-01 8.428893997064610399e-01 8.844986440157870389e-01 8.698925966530199894e-01 4.948683581268940035e-01 4.774762875739039791e-01 4.794074024078709972e-01 4.921721164301620099e-01 7.397390729051970260e-01 7.780894914577689558e-01 3.626779489863889983e-01 2.996236246309320062e-01 5.941053348938950540e-01 5.108875243699649848e-01 8.203786236250260044e-01 7.314564293785440485e-01 7.408530336725670518e-01 7.259227871004749755e-01 7.479995995253929664e-01 7.195398547445990278e-01 4.074038817115460120e-01 5.713963820746089661e-01 7.276214722082120501e-01 7.386007205107959495e-01 6.392018989119460093e-01 6.566914520724289606e-01 8.091298764282149891e-01 7.281331008006629579e-01 5.552507855540289583e-01 6.012057431802110274e-01 6.369319167733139553e-01 7.260182076369160464e-01 7.283916644737989943e-01 7.166997299310410297e-01 5.673848166767809786e-01 4.146828143836109870e-01 8.220955590155030190e-01 8.330569695310250378e-01 7.977451816520709782e-01 7.721239535545849630e-01 8.334160488820410162e-01
5.045248030584600363e-01 5.428902683652769845e-01 1.000000000000000000e+00 8.401020864425250423e-01 6.168201720904229468e-01 5.327449634460720285e-01 9.250629430522769869e-01 7.764587594160859974e-01 8.689827629978269519e-01 7.932302293099070534e-01 4.336100668338699893e-01 2.698354629409279726e-01 6.780620898314370093e-01 4.072910971622780152e-01 8.473496595001259735e-01 7.741063743145090159e-01 3.135251973080500076e-01 2.323214903746599891e-01 6.102873479165940029e-01 6.124437247303560206e-01 4.475333909619449990e-01 1.869943128267080035e-01 8.028903869137550275e-01 8.010699248288339902e-01 6.883140413570579819e-01 6.737946869172689590e-01 1.459607219021880065e-01 8.046149558255009937e-02 5.101304167130670253e-01 5.467689703346559904e-01 8.619850120392179571e-01 8.209789608152200380e-01 8.405616362094560090e-01 8.037474965614009870e-01 3.271243063353689862e-01 4.394031895060749870e-01 3.102254631928240136e-01 2.514789865870379892e-01 1.514613532132939866e-01 1.376434871647840008e-01 5.880786454568399657e-01 3.504723083501080083e-01 5.438766136388809569e-01 4.417202821799869894e-01 5.713547950739099601e-01 4.336232442383020080e-01 6.107664786240349919e-01 4.719715556712890114e-01 6.873092528405490009e-01 5.489675847796070540e-01 6.312534827381289793e-01 4.598227369552119748e-01 4.140407423089499939e-01 3.838247980325459885e-01 7.716190562807809794e-01 6.616314527452979988e-01 5.214074440518899900e-01 3.946133005945730021e-01 7.534685224761870082e-01 6.052678417565680036e-01 8.472807955669879876e-01 7.192481100230849744e-01 7.721539674174290324e-01 7.993605994864080300e-01 5.970055779177849686e-01 5.743502965470259625e-01 4.293799079709360034e-01 4.231417759433560022e-01 2.038814378820689999e-01 2.019487701229140120e-01 6.534100921927380456e-01 5.813858573602850299e-01 2.783944466471849899e-01 2.171046580967470052e-01 5.243369797399409782e-01 4.480099437261140238e-01 2.891231610500279992e-01 3.319391685794669811e-01 8.864125444185010361e-01 7.804322870459949879e-01 7.735467256901830124e-01 7.692853706111200118e-01 7.807635502686830486e-01 7.625759977749759777e-01 6.740765704047609885e-01 7.445270951787740232e-01 6.676602693493359775e-01 7.050434444022769531e-01 7.163875904586509691e-01
6.148295202253919456e-01 6.269198246119660478e-01 8.401020864425250423e-01 1.000000000000000000e+00 5.328924002280960304e-01 6.685997276179039828e-01 8.158586879124399838e-01 9.093059687093859589e-01 8.011712369258250366e-01 8.542277049890210083e-01 5.120933945889960537e-01 3.998589359816570044e-01 6.023750774425119525e-01 4.830420013365699927e-01 7.419353542011319913e-01 7.529337130978970283e-01 4.352409836978690105e-01 3.406717802145680096e-01 6.795515414078600047e-01 7.055970600956009697e-01 3.667261793527509806e-01 1.813869185786839977e-01 6.800232352766539812e-01 8.004677393604689994e-01 5.427641171573209800e-01 5.877337192569369595e-01 2.158980659183599993e-01 1.432781404312220008e-01 4.556010454996139991e-01 5.088620521076370196e-01 8.288995756330099773e-01 8.384426513682560200e-01 7.277570823110229847e-01 7.977638016171310076e-01 3.836056199407700262e-01 5.702358005624089676e-01 3.664341629150820179e-01 3.098610970798449937e-01 2.310801383655609886e-01 1.095137040334839967e-01 6.832500432776370536e-01 4.545988954906999835e-01 6.913720629691689767e-01 6.181558375040050457e-01 7.002246070265589761e-01 5.655261517013270289e-01 7.388032827115890155e-01 6.150061272021879466e-01 7.918145196623499471e-01 6.491780235255989462e-01 7.179595382752590460e-01 6.119508790095119499e-01 5.196007668601180240e-01 5.896055853125210522e-01 6.516182253180330397e-01 6.958280899130310226e-01 4.979658552051500209e-01 4.784960743785289794e-01 5.609807363600060048e-01 5.846162484061550035e-01 8.784693577093279915e-01 8.471368562160359605e-01 8.605959836546940300e-01 8.890239621026559957e-01 6.752236462728830046e-01 6.542773211378849485e-01 4.440898690067480170e-01 4.213247212493370086e-01 1.466272867441369976e-01 2.353159656135279942e-01 7.435642253549039626e-01 6.920672772937179751e-01 3.547613351561160200e-01 2.987273993797839866e-01 5.497742006916930269e-01 4.564136838162560217e-01 4.103254382643349851e-01 3.837717215759369749e-01 7.868833561195800463e-01 8.422717635553379489e-01 8.150424607051239834e-01 8.653455933008139533e-01 8.401608273840439622e-01 7.564941839718190009e-01 7.832100726807640356e-01 8.112443695433290136e-01 7.818015456353759607e-01 7.461890019339749713e-01 7.933397566340929519e-01
2.083244718691840136e-01 1.594918731416140045e-01 6.168201720904229468e-01 5.328924002280960304e-01 1.000000000000000000e+00 5.674225138301299820e-01 6.518038686439889817e-01 3.652038097576439934e-01 5.469441566457760029e-01 4.324611853113070059e-01 -5.843684023194990057e-02 -1.080151281835740051e-01 3.137231778902400126e-01 1.576228690444030078e-02 4.189094721274860267e-01 2.770302898854650198e-01 -6.490207488595560459e-02 -8.046736885658199723e-02 2.911843932005550029e-01 2.633936332372739941e-01 2.999853976326100069e-01 2.004899123786819948e-01 4.012242306490160226e-01 4.400630356256799991e-01 6.437026971111370344e-01 3.993718284087759973e-01 -1.651210996954159960e-01 -2.546216079526890108e-01 3.143555251240430226e-01 3.017515599894119993e-01 4.535466383114359901e-01 4.346472240273570042e-01 5.395359741698110279e-01 5.201220024926900276e-01 8.833252801113940234e-02 1.545185644455970009e-01 4.983370023131259915e-03 -1.491623915578229875e-01 -1.350206758957540019e-02 1.990784865996420017e-01 2.380765515777799879e-01 1.241953379096319976e-01 3.837243850155799829e-01 2.885589976253800093e-01 2.449258248474300015e-01 1.225697220442050067e-01 3.147266100879769768e-01 3.008475972381079999e-01 2.845399452467979873e-01 9.916641494889770481e-02 2.530752862793210212e-01 5.714358726385750098e-02 2.292812738366140080e-01 1.666866370666059971e-01 5.192159686610270386e-01 4.291042716583020056e-01 2.194146856601839890e-01 7.930271962565520194e-02 4.342727341431389942e-01 3.332311103941599795e-01 6.040147120559400395e-01 5.523572083069190342e-01 4.694065837991189816e-01 4.759402637841280148e-01 4.156506162881640210e-01 3.587729602953290131e-01 1.285856518227060097e-01 1.557409527405889949e-01 2.232095667038720005e-02 1.323312402406249914e-02 3.762771252279960010e-01 3.019790699628939756e-01 9.664491357900470425e-02 -8.181174253709469490e-02 1.926120040789509880e-01 9.830040785593090191e-02 -4.079040568603400224e-02 -7.180203107220690245e-03 5.150421104751350398e-01 4.393525016715479903e-01 3.425826884915120218e-01 3.983302280736389922e-01 5.220752319862680402e-01 5.195355129117390502e-01 4.107148110003620012e-01 3.944920742996170238e-01 2.987911401910050002e-01 2.846924135939800093e-01 3.647798573598219907e-01
4.360427906853600044e-01 4.052755165198370091e-01 5.327449634460720285e-01 6.685997276179039828e-01 5.674225138301299820e-01 1.000000000000000000e+00 5.775799781746160377e-01 6.809510291189569964e-01 5.690082602629640274e-01 6.805430972058880146e-01 2.850781541681409736e-01 2.528850574409409746e-01 3.768728396205680009e-01 3.593745080809570003e-01 3.942366180939569920e-01 4.713235667571959997e-01 2.804989451576689885e-01 2.198976192666609875e-01 4.970266053534769801e-01 4.824478753263070074e-01 3.917191245454699766e-01 1.602666353463010063e-01 4.148473296478850103e-01 5.635318452699780156e-01 5.184931588847619954e-01 5.317355106258919717e-01 1.017036584281279937e-01 7.228651944366350224e-02 3.887659936534479943e-01 4.009036164541779912e-01 5.322935575108730388e-01 5.371608250163349974e-01 4.563533201048309840e-01 4.800486153333909933e-01 2.929796199070879847e-01 5.667819210248009609e-01 2.060773270509460020e-01 9.711270873315930308e-02 1.678545311555010022e-01 1.637980988220930079e-01 5.014242472267850248e-01 3.730802157906710215e-01 5.086260853779920321e-01 4.439854234007790112e-01 5.462040565506409706e-01 3.847799638134190015e-01 4.383821613600080158e-01 3.316473028500939724e-01 5.358060554587780189e-01 3.569331014014829884e-01 5.048014241652090117e-01 4.562396336296409838e-01 3.807987494069550172e-01 4.345574162869890178e-01 3.661935034120900045e-01 5.394225185953950286e-01 3.070020972217150090e-01 3.129797101006179805e-01 2.136840558551230118e-01 3.352898417683369825e-01 5.918348486350779591e-01 5.734874609158310266e-01 5.962747259231739871e-01 6.412840373707630048e-01 6.360418323521409567e-01 5.718612730497539820e-01 2.853355701675340250e-01 3.584242264345939843e-01 7.146121355530719865e-02 2.020276520858780012e-01 4.860019193204350163e-01 4.755923411923059785e-01 3.056969893237529989e-01 1.497922877659670082e-01 3.224080323921220126e-01 1.800441025067270051e-01 6.070808665781340235e-02 8.478431444582279486e-02 4.408839535468869752e-01 4.885863240465950219e-01 4.308846279792349909e-01 5.459511954120259691e-01 6.052222829432489792e-01 4.228272218700179774e-01 6.066612679484989501e-01 5.401789360852099486e-01 5.600489718698290487e-01 4.778660437812730089e-01 5.630083385111479544e-01
5.963998467229719713e-01 6.021859591973339754e-01 9.250629430522769869e-01 8.158586879124399838e-01 6.518038686439889817e-01 5.775799781746160377e-01 1.000000000000000000e+00 7.974364549001410341e-01 8.609947822366500469e-01 7.958322301727710490e-01 4.707101073575239991e-01 3.182848841208489876e-01 7.062793073184799875e-01 4.162872543452689755e-01 8.103906672499610053e-01 7.534915128534820372e-01 3.690946960785589925e-01 2.961260671423979751e-01 6.837791253693890070e-01 6.701925130745359782e-01 4.416684798885510133e-01 1.745016592682349932e-01 7.839810021773390147e-01 7.591275950272210471e-01 6.399520167568419904e-01 5.926399369870439804e-01 1.992549883011940082e-01 1.166032432476550029e-01 5.459886121829500283e-01 5.623963929331650125e-01 8.296693788830500349e-01 8.068601074532729678e-01 7.005637167474429994e-01 6.877580383803669761e-01 3.632271681569679833e-01 4.793827064858829923e-01 3.032156349329069855e-01 2.853460111976879876e-01 2.037922329858510018e-01 2.208537992024310059e-01 6.690253520143779609e-01 4.439204545570359928e-01 6.230349398352990065e-01 5.505672451862799743e-01 6.652244948696850457e-01 5.266467135376200481e-01 6.255683457871950015e-01 5.274897936993370173e-01 7.328147070107290384e-01 6.041132556444970270e-01 6.891943622944199932e-01 5.161256751485799876e-01 4.822234046318290002e-01 4.511603859280510220e-01 7.728962784788849794e-01 6.665099381889829644e-01 6.004977907206889842e-01 4.858271829363690064e-01 6.374937099805140228e-01 5.043877020865049632e-01 8.376990464486619992e-01 7.356743530071400139e-01 8.120405194733919529e-01 8.235395296327809866e-01 6.687953758237069612e-01 6.394837475847749975e-01 4.801241213019369902e-01 4.672502161818050115e-01 2.346687843000530016e-01 3.444620984077739756e-01 6.756952487256340234e-01 6.270523207759870488e-01 3.737939884962219739e-01 2.378027990412850123e-01 5.926494707449769805e-01 4.740700582471449875e-01 3.285051400201460248e-01 3.187336445522430117e-01 8.674102285910519905e-01 7.774759307819040233e-01 7.545181620016649937e-01 7.721875467866270437e-01 7.389682543513119706e-01 6.893532322261070044e-01 7.471011319196430023e-01 7.782192958916379633e-01 7.095049302213239928e-01 7.390685955001740082e-01 7.767700447114009865e-01
6.911694429180470500e-01 7.358601808352710494e-01 7.764587594160859974e-01 9.093059687093859589e-01 3.652038097576439934e-01 6.809510291189569964e-01 7.974364549001410341e-01 1.000000000000000000e+00 8.244074619322550035e-01 9.006162731527019849e-01 6.566693450826459610e-01 5.625665791047530506e-01 6.789853597032310395e-01 6.423699365445150189e-01 7.589485212561529748e-01 8.514442712306270478e-01 5.699888181212600102e-01 4.786468659042529827e-01 7.380574528211919505e-01 8.039469980903890534e-01 4.104512119091259792e-01 1.808598615590019942e-01 7.043383709865670417e-01 8.152947859233999894e-01 4.726843228278410081e-01 6.331046390832200110e-01 3.919690735075270216e-01 3.498534325541829970e-01 5.175773236551509671e-01 5.729185918694690294e-01 8.424548397232679564e-01 8.484240548748449573e-01 6.232045772649169590e-01 7.108999159954420000e-01 4.164790944429940245e-01 6.260873155452429950e-01 4.336737437225169911e-01 4.185379732664279984e-01 2.999200510873539782e-01 1.055039401143490069e-01 7.474697986663499938e-01 5.352281103149509889e-01 6.799232994362730542e-01 6.106339296513230153e-01 7.660079296855439868e-01 6.062090243108649856e-01 7.115084411687010446e-01 5.343704693303910069e-01 8.531076229946520373e-01 7.359555397077269800e-01 8.021951668289889481e-01 7.366026938553790204e-01 5.114845726882070176e-01 5.999470982720119805e-01 6.377339626921859628e-01 7.342831741749780150e-01 6.028814834509470533e-01 6.490238683263820363e-01 4.883976610979989808e-01 5.414286155347870499e-01 8.143731489244629973e-01 7.952119013591589791e-01 8.641444115039900176e-01 9.010966640936439731e-01 7.409648558234670501e-01 7.423430342972729967e-01 5.471744867585239813e-01 5.441674064691930379e-01 2.157997658750429870e-01 3.622365486961670045e-01 7.644542553905649962e-01 7.415512891144799834e-01 4.660186534363540134e-01 4.202997330305640045e-01 6.583576693751530540e-01 5.753029043343770299e-01 4.275556098529629812e-01 4.421059092408349822e-01 7.684833275140839914e-01 8.185094145894860063e-01 8.337213641182159574e-01 8.523482157759090239e-01 8.307725648353510017e-01 6.983338763801320015e-01 8.252895248303290243e-01 8.531172753826570254e-01 8.571711542587939769e-01 8.173011805253600492e-01 8.490941528773989777e-01
5.729081160638439529e-01 6.158116357784939598e-01 8.689827629978269519e-01 8.011712369258250366e-01 5.469441566457760029e-01 5.690082602629640274e-01 8.609947822366500469e-01 8.244074619322550035e-01 1.000000000000000000e+00 8.659010974701899510e-01 5.456804732311160144e-01 4.016962130855000201e-01 7.090196151106959999e-01 5.328507590033499941e-01 8.524985544174710217e-01 8.487336647574950099e-01 3.994386331968580173e-01 3.367756239011669983e-01 6.412208123900500212e-01 6.749831731756009701e-01 4.302856636594439843e-01 1.739650856547010072e-01 7.421880495923549592e-01 7.434111139305550342e-01 5.973642137949579656e-01 6.845950041745549886e-01 2.789074233277190062e-01 2.112334897568589887e-01 4.922358521329679992e-01 5.136054038194429738e-01 7.891287447129650134e-01 7.543359537345549759e-01 6.936347632135340113e-01 7.068376270301159892e-01 3.058780730049540098e-01 4.656714074541559722e-01 3.607745053201529828e-01 3.421200150876990143e-01 2.330094244600089959e-01 8.881559511211979674e-02 6.640667641721800241e-01 4.731579401405009988e-01 6.209356623361169669e-01 5.321975084353589569e-01 6.593583837897020183e-01 4.916545949575240049e-01 6.551490014337260082e-01 4.993603648645900117e-01 7.310966972952209764e-01 6.124620417073399770e-01 7.176180819139470479e-01 5.726906118621919450e-01 4.690184899305590016e-01 4.535871551886410113e-01 7.539639561100579535e-01 6.714468899235660482e-01 5.123302701437489892e-01 4.865139042883430132e-01 6.108376731400040338e-01 5.378208418597919538e-01 8.150445243588619881e-01 7.210033778786280045e-01 8.078120573850430253e-01 7.985060530289700420e-01 6.425261264272820183e-01 6.432954458898879624e-01 4.485130264308869741e-01 4.917398341223450098e-01 1.787594057203379938e-01 2.971336308490509781e-01 6.951536707489079925e-01 6.025736820760869694e-01 3.375654256395699826e-01 3.129766236324170170e-01 5.812210245916139550e-01 4.844835444331829777e-01 2.978722190345379772e-01 3.628861206541709739e-01 8.263163210140269666e-01 7.605078546038069875e-01 7.814983588231849687e-01 7.612935191269110113e-01 7.930179259773270095e-01 7.458216597090580047e-01 7.274205716312599490e-01 7.952172869362510443e-01 7.268295974664229497e-01 7.286065073873460030e-01 7.530712933697280009e-01
5.713179732859340332e-01 6.264865600460509665e-01 7.932302293099070534e-01 8.542277049890210083e-01 4.324611853113070059e-01 6.805430972058880146e-01 7.958322301727710490e-01 9.006162731527019849e-01 8.659010974701899510e-01 1.000000000000000000e+00 5.574137485937430414e-01 4.294051062603320146e-01 6.259273576632850000e-01 5.481513037400610466e-01 7.637941860429849905e-01 8.147194189466280267e-01 4.366026299333439775e-01 3.392288926088650181e-01 6.153127635121840022e-01 6.589022625250170462e-01 4.066957981251129728e-01 9.044699490524249486e-02 6.761855451721929811e-01 7.454419592763480429e-01 4.554706245879049931e-01 6.208253372509819901e-01 2.752797404704330209e-01 2.065175806102949874e-01 4.045448065798369908e-01 4.559803653127120215e-01 7.887863835829459491e-01 7.601789336695240484e-01 6.775860662078390106e-01 7.177758864547340023e-01 2.975044226476040166e-01 4.962648332181689992e-01 3.549604402527409830e-01 3.383326431878890261e-01 2.908743436510849989e-01 2.265937535459610144e-02 6.756834851218550542e-01 4.819769833134099901e-01 6.553572533047810067e-01 6.060875036896099521e-01 6.961348495379640067e-01 5.305014231332390029e-01 7.028918867629520006e-01 5.512658167583049940e-01 7.504987882505690377e-01 6.282526845623780387e-01 7.126353820591460053e-01 6.368568245027560470e-01 4.749954047285859793e-01 5.743750665055270543e-01 6.634014024371509555e-01 7.227412247821689562e-01 5.116053924100250061e-01 4.953747669221679750e-01 5.550355462568400400e-01 5.879390548808619554e-01 7.925142467022330273e-01 7.624491139541530460e-01 7.954925945031869894e-01 8.188751478405870143e-01 7.167214780807570351e-01 6.520149754175700307e-01 4.241590893155899877e-01 4.378393883367699968e-01 1.191991435167260027e-01 2.808335052118630104e-01 7.153608796195419783e-01 6.451666529773090186e-01 3.645880790725770093e-01 2.987329948244260014e-01 5.508392853944790168e-01 4.315596499565830246e-01 3.754957132716449930e-01 3.518451196123940083e-01 7.863360363628839611e-01 7.829233916740999666e-01 7.765795359216970395e-01 8.172987484644590461e-01 8.332262324782040430e-01 7.551594759280030322e-01 7.421717139411130315e-01 7.999908319560330439e-01 7.670500681394779585e-01 7.529940891329970354e-01 7.672760811585119800e-01
7.534271400275399655e-01 8.077312760763120103e-01 4.336100668338699893e-01 5.120933945889960537e-01 -5.843684023194990057e-02 2.850781541681409736e-01 4.707101073575239991e-01 6.566693450826459610e-01 5.456804732311160144e-01 5.574137485937430414e-01 1.000000000000000000e+00 8.407761341643319453e-01 6.183566609233209777e-01 7.322746158548399942e-01 5.423031411192920093e-01 7.204438920201819974e-01 9.042120744438350011e-01 8.408576190644200254e-01 7.421695896449049812e-01 7.564736571219420336e-01 3.570248529330730114e-01 1.600765398300509901e-01 4.876117267752609896e-01 5.292458888794250305e-01 5.173620655875679764e-02 2.512944454586970022e-01 7.728120042807999912e-01 6.870710897752919655e-01 3.590280281845930066e-01 3.654064101067109882e-01 6.006968021248919598e-01 5.905276048291190349e-01 2.195633094521839968e-01 3.087103141355990177e-01 3.441887115336240144e-01 5.424685197450179741e-01 4.716592152666829740e-01 6.377190998091939456e-01 5.511699141481990472e-01 1.676134180889219949e-01 6.687330720261419614e-01 5.965743717751329500e-01 4.246071194454790199e-01 4.110455900586499900e-01 6.925323677021839597e-01 6.244793881602720420e-01 4.564041024465649854e-01 3.317224561716309861e-01 7.341881717636199456e-01 7.529304174949209560e-01 8.596003637198960101e-01 8.417331913496199913e-01 4.320746937048839942e-01 4.596308891181919987e-01 3.693622936363399889e-01 4.234727498527109946e-01 6.959571643610269476e-01 7.710076044306239940e-01 1.955601510245459917e-01 2.408031688020040029e-01 4.500092386286170254e-01 3.403214705379000171e-01 6.509680765554549664e-01 6.206179994186930005e-01 5.924664172469069623e-01 6.084698319747080530e-01 6.342254298960749992e-01 6.262644503581600297e-01 3.426692911519870210e-01 5.865654553982579955e-01 5.927936096028909585e-01 6.384506677351290405e-01 6.061155207193820171e-01 7.126541751939630132e-01 6.852127555499970546e-01 6.780552937324499929e-01 5.629909578039790086e-01 6.895680531980750150e-01 4.552185563350860109e-01 5.835724765853550489e-01 6.634141435022380406e-01 6.209721252954180093e-01 4.564768524069440225e-01 3.627885055371020129e-01 6.051424668281449870e-01 6.629029142838519517e-01 6.186761190195180227e-01 6.355166242709080482e-01 6.326886222173679908e-01
6.650435327044790235e-01 7.197673601439410485e-01 2.698354629409279726e-01 3.998589359816570044e-01 -1.080151281835740051e-01 2.528850574409409746e-01 3.182848841208489876e-01 5.625665791047530506e-01 4.016962130855000201e-01 4.294051062603320146e-01 8.407761341643319453e-01 1.000000000000000000e+00 5.665835625169739487e-01 8.335737203155889619e-01 4.339625933524799972e-01 6.328328172112589467e-01 8.423651431670390322e-01 8.112336577734230447e-01 6.575818847005160395e-01 6.985333562464209889e-01 2.495313823590679936e-01 1.397411809468039889e-01 3.768775148199610125e-01 4.598408522649580221e-01 -3.304151467671560122e-02 1.507647701331799872e-01 8.212568853502529853e-01 7.778774320832280154e-01 3.293420239771480129e-01 3.291929174778039924e-01 4.702942103226270265e-01 4.676432259227900068e-01 8.446958505671080253e-02 2.104183935088720092e-01 2.525037421302270269e-01 4.722375131444899732e-01 4.848975664409079789e-01 6.123440313117890499e-01 5.215154431447710515e-01 2.242518355758270077e-01 5.852484933244760379e-01 5.862402459864100024e-01 3.776838040080510162e-01 3.826878020458350238e-01 6.285433193269209795e-01 6.048329005997860053e-01 3.868425388556889777e-01 3.270494119197019933e-01 6.573966142385370137e-01 7.442280729375539972e-01 7.482990347792040087e-01 8.122466564776780196e-01 3.672836151710879848e-01 4.950549839387459738e-01 2.555420767250379810e-01 3.978570739637289910e-01 6.420640727365489742e-01 7.524132641231170426e-01 4.373269100097919998e-02 1.562139957976859950e-01 3.516187147333820207e-01 2.965825039793369977e-01 5.397872834207410042e-01 5.035743068494790142e-01 5.371576021182540295e-01 6.000919034369089911e-01 6.996006415473740025e-01 6.969543865764079582e-01 3.914045811113729956e-01 5.486494791775490265e-01 5.484846532790700335e-01 5.864854049361669652e-01 6.099159709828470000e-01 7.136130083029229576e-01 6.821176980581410421e-01 6.557773360119909523e-01 5.402038159406380435e-01 6.632467164505769786e-01 3.113083756247109757e-01 4.536873519240109953e-01 5.526756651042510349e-01 5.350127705176139781e-01 3.661772812431229873e-01 3.155814746450820163e-01 5.246664132081539922e-01 5.708625851177649979e-01 5.535616273707799628e-01 5.544196565246779507e-01 5.305467237981900119e-01
5.586623472223829490e-01 6.263628473116680251e-01 6.780620898314370093e-01 6.023750774425119525e-01 3.137231778902400126e-01 3.768728396205680009e-01 7.062793073184799875e-01 6.789853597032310395e-01 7.090196151106959999e-01 6.259273576632850000e-01 6.183566609233209777e-01 5.665835625169739487e-01 1.000000000000000000e+00 7.502528368989750396e-01 8.741135490607979674e-01 8.500150857227629642e-01 5.320138326295480447e-01 4.709935134493710152e-01 5.945533623575629534e-01 6.086288110765439852e-01 5.388667067471649696e-01 3.062994748374079923e-01 7.421976154177849505e-01 6.745774920926660423e-01 5.111253971668220375e-01 5.278662065774499812e-01 4.785312684197520205e-01 3.940218301255110078e-01 5.198359667205789680e-01 5.460994062692029472e-01 7.397479033362059919e-01 6.648311400219839573e-01 5.526812404209999752e-01 5.622509772801620453e-01 3.879344073770180090e-01 4.253544670500409852e-01 4.344855413065640271e-01 4.205755873216660001e-01 3.330712581542130124e-01 1.489703418488310116e-01 6.738374302338979716e-01 5.163767912871829457e-01 5.418853664475870024e-01 4.702747044403839949e-01 6.383927633031929449e-01 5.552998234706210123e-01 5.350362096442859983e-01 4.292358873466919911e-01 7.380545225693470046e-01 6.628426105140320379e-01 6.578916295719779983e-01 5.657935977532320138e-01 3.290197929610569894e-01 3.456489441762650161e-01 7.750486743909490439e-01 6.218154983268999736e-01 6.760726516129610397e-01 5.723093397765960377e-01 5.714383367619030318e-01 4.964017517303789817e-01 6.484091366337999540e-01 5.342612071293090237e-01 6.572415543149320305e-01 6.240095196835330205e-01 6.358045970470109776e-01 6.713347800973370472e-01 5.265001875533450448e-01 5.374971660947269747e-01 3.877294048796440240e-01 4.238287463383290099e-01 6.650644904630630405e-01 5.904919321816559652e-01 4.407669419100910257e-01 4.387216117381739777e-01 7.130435809082810161e-01 5.857631053589360537e-01 4.567784682486840109e-01 4.976799647262930004e-01 7.347266041479919574e-01 6.716469425142129746e-01 7.559910380753299686e-01 6.745219673231600543e-01 5.879745587429829889e-01 5.024794589280300317e-01 6.023274797355649968e-01 6.788509398067029688e-01 6.122096406216760434e-01 6.136110589350309841e-01 6.601271971148919837e-01
6.314002112989770543e-01 7.003241865550590139e-01 4.072910971622780152e-01 4.830420013365699927e-01 1.576228690444030078e-02 3.593745080809570003e-01 4.162872543452689755e-01 6.423699365445150189e-01 5.328507590033499941e-01 5.481513037400610466e-01 7.322746158548399942e-01 8.335737203155889619e-01 7.502528368989750396e-01 1.000000000000000000e+00 6.082734381713189586e-01 7.860306910130470115e-01 7.128889037749970292e-01 6.420711357279510478e-01 5.937465522107470139e-01 6.337835268669700373e-01 4.177556765069599942e-01 2.772551217008579760e-01 5.115751808382169585e-01 5.777761771929279533e-01 2.043092781571400063e-01 3.996942487639310038e-01 7.167351946785629480e-01 6.742876368135910514e-01 4.144029045973799952e-01 4.623680824666939748e-01 5.939415553270199766e-01 5.521393401735710249e-01 3.320261823861609951e-01 3.982700126736120061e-01 3.396800942601890250e-01 5.204571674837590312e-01 5.290154552299100033e-01 5.340237480881430132e-01 4.413101806056040077e-01 1.357083657314250014e-01 6.554327811135179926e-01 5.700997260001829936e-01 4.848962831254560180e-01 4.421271458563459933e-01 6.647984474289919676e-01 6.148416196684159951e-01 5.035340109071450021e-01 3.780320886722480234e-01 7.337155663539669526e-01 7.376568674420329597e-01 7.091751719801270282e-01 7.375758688628749615e-01 3.766980607472040221e-01 4.666073980028310197e-01 5.032308353885189822e-01 5.938889220141519987e-01 6.436779599879940417e-01 6.541387153481780237e-01 2.932389873792740076e-01 4.346715381054799821e-01 4.892499483249320158e-01 4.363145802932519857e-01 5.796988477544230411e-01 5.539656884562049743e-01 6.625489923601699527e-01 6.702142796298099503e-01 6.605262474440189990e-01 6.981686006593289529e-01 4.471495302036709862e-01 4.902305611571080024e-01 6.451580485215879790e-01 6.448849754578720450e-01 5.924768390317840527e-01 5.935819248926389458e-01 7.201876976532950447e-01 6.214066708745059620e-01 4.928496196925630235e-01 5.750651145570999656e-01 4.851609861768009790e-01 5.574640803378909659e-01 6.544768713726679676e-01 6.060260030990110014e-01 5.176220174159129606e-01 4.075323700515640080e-01 5.842643909063499619e-01 6.534363296464099635e-01 6.371985871304149951e-01 6.335511992553429783e-01 6.273634761671349480e-01
5.183183391682080199e-01 6.052397394079700454e-01 8.473496595001259735e-01 7.419353542011319913e-01 4.189094721274860267e-01 3.942366180939569920e-01 8.103906672499610053e-01 7.589485212561529748e-01 8.524985544174710217e-01 7.637941860429849905e-01 5.423031411192920093e-01 4.339625933524799972e-01 8.741135490607979674e-01 6.082734381713189586e-01 1.000000000000000000e+00 8.983345187446799551e-01 4.299784729823920015e-01 3.677890514559750135e-01 5.938627640291059828e-01 6.268065820605870364e-01 5.293733714920849653e-01 3.000431829247349746e-01 8.375934399829669808e-01 7.789454393949829525e-01 6.074737298254979656e-01 6.363965641607209900e-01 3.355762718684289769e-01 2.582857667942700108e-01 5.450330446335980294e-01 5.709988990445570289e-01 8.357448871217469932e-01 7.714044492734809522e-01 7.327136733724809448e-01 7.422849235783990363e-01 4.274116935545270168e-01 4.641506913528630207e-01 4.483549709563560137e-01 3.798464090638409840e-01 2.813511261375880035e-01 9.706801163661420151e-02 6.459147413663489656e-01 4.154532324818949740e-01 5.516738435598630419e-01 4.777030630795590094e-01 6.215034214264509860e-01 4.993417311936619862e-01 6.094553549680790105e-01 4.921421366984030099e-01 7.455380101537849580e-01 6.389129025974630283e-01 6.637509040169530250e-01 5.376073639543840210e-01 3.396370509058619924e-01 3.760880877077659723e-01 8.291705670708909848e-01 6.985348914550829624e-01 6.072031275239440085e-01 5.130297920022369729e-01 7.211373471041849781e-01 6.102402483385329646e-01 7.454079320464800373e-01 6.577627679405290140e-01 7.390473336886079769e-01 7.328472069050819826e-01 6.097990107803900051e-01 6.356183963118210434e-01 4.610267141501649957e-01 4.622308776378210027e-01 2.920331722895639914e-01 3.257934738479760228e-01 7.088757932387279581e-01 6.263166371260040499e-01 3.259917075574489953e-01 3.517644213821660149e-01 6.648362311830450233e-01 5.756032211102369844e-01 4.575253661169679797e-01 4.771512784582739863e-01 8.820753510515639828e-01 7.908272691478790417e-01 8.614215493847480198e-01 7.921310255486919694e-01 7.128031752145520539e-01 6.772674698278899896e-01 6.596064251852300497e-01 7.463748508172489693e-01 6.661306319641000506e-01 6.949393004830149989e-01 7.230996052833780219e-01
6.691676251334089942e-01 7.537852759230849742e-01 7.741063743145090159e-01 7.529337130978970283e-01 2.770302898854650198e-01 4.713235667571959997e-01 7.534915128534820372e-01 8.514442712306270478e-01 8.487336647574950099e-01 8.147194189466280267e-01 7.204438920201819974e-01 6.328328172112589467e-01 8.500150857227629642e-01 7.860306910130470115e-01 8.983345187446799551e-01 1.000000000000000000e+00 6.245837741450539493e-01 5.509281149027109858e-01 7.282230779848779534e-01 7.655003844999710427e-01 5.100108672014620481e-01 2.971290326919550084e-01 8.087767888456990351e-01 8.143404137430140244e-01 5.051613340699599997e-01 6.572632058906460184e-01 5.479538964938820422e-01 4.802711993450219929e-01 5.827943214121750204e-01 6.165389504350600181e-01 8.503995121344329888e-01 8.136531113892619960e-01 6.549595236432860235e-01 6.812142183017190211e-01 4.415807138153630129e-01 5.542314593351640450e-01 5.310590145838760545e-01 5.220019157143399591e-01 3.490129384875739760e-01 1.337236558681189902e-01 7.713620021702279894e-01 5.875732335110800397e-01 6.246519792524609649e-01 5.496242908038090347e-01 7.482293184577990530e-01 6.460868599048510408e-01 6.610063743859869723e-01 4.823512417853330070e-01 8.342617339796249976e-01 7.650851177661409652e-01 7.798381180255760103e-01 7.057891723654590166e-01 4.265710558050829770e-01 4.517324047444170043e-01 7.319330450574890179e-01 6.967365214153860009e-01 6.874371743581969563e-01 6.769584454967879639e-01 6.091610517006720293e-01 5.729371234408460190e-01 7.469050642751829949e-01 6.586748696366350186e-01 7.969056532407620130e-01 7.746159253150090018e-01 7.039132954341109638e-01 7.283378678995929834e-01 6.188841901135090362e-01 6.324999905786640175e-01 3.890928188920220188e-01 4.585346647656819985e-01 7.491778219698770336e-01 7.044066043961070278e-01 5.015885950888739897e-01 5.143060977810749446e-01 7.624781870469929945e-01 6.863484181042710519e-01 4.833262048995959903e-01 5.701572942247900011e-01 8.188742728796709613e-01 7.970424829035059888e-01 8.633492475564229496e-01 7.907465116744289979e-01 7.324424205443389457e-01 6.298444206005729962e-01 7.393073826499280132e-01 8.170137902478690206e-01 7.556081183662890499e-01 7.647165105474430513e-01 8.032306833785910483e-01
7.845920533122929807e-01 8.133722296475870417e-01 3.135251973080500076e-01 4.352409836978690105e-01 -6.490207488595560459e-02 2.804989451576689885e-01 3.690946960785589925e-01 5.699888181212600102e-01 3.994386331968580173e-01 4.366026299333439775e-01 9.042120744438350011e-01 8.423651431670390322e-01 5.320138326295480447e-01 7.128889037749970292e-01 4.299784729823920015e-01 6.245837741450539493e-01 1.000000000000000000e+00 9.205711962987780383e-01 7.509437505700570226e-01 7.619743456285340555e-01 3.536097933392070014e-01 2.324836812806999886e-01 4.793584577556039839e-01 5.325071206140420399e-01 4.209928594585800321e-02 2.044352667831229875e-01 8.393624343720590408e-01 7.728286810088610403e-01 4.406309919962430044e-01 4.274449405611550068e-01 5.775285111924339798e-01 5.760665297002129925e-01 1.489154502026329985e-01 2.609850026303299764e-01 3.945396923742049977e-01 5.525946894550870514e-01 5.677276086499180030e-01 7.029888248440719911e-01 5.941083448104890197e-01 3.059736583061989923e-01 6.639028613857860250e-01 6.295801697857570378e-01 3.969676659955290177e-01 3.737307794789920257e-01 6.948398048786249559e-01 6.763824986765649694e-01 3.405283859531360036e-01 2.569378792942820233e-01 7.081744378362140324e-01 7.621691819874170104e-01 8.037883051109020460e-01 8.114947864777399822e-01 2.915589866391570251e-01 3.534296056003060071e-01 2.993519619364479745e-01 4.150350139503680147e-01 7.597407164134739599e-01 8.183866905878659503e-01 1.474409036510730131e-01 2.148483259342970075e-01 3.679478625622210064e-01 2.799363817953339773e-01 6.179513186561680360e-01 5.281342893370699620e-01 6.095825223661339720e-01 6.210397944299389517e-01 7.155614958253979641e-01 6.920228858359960267e-01 4.128670319802270061e-01 6.488006780070809665e-01 6.139078599051810414e-01 6.349336851877329657e-01 6.731453211339779585e-01 8.116930826906130214e-01 7.642529510717830377e-01 7.388653262137420130e-01 6.487997105685470167e-01 7.631922336010340535e-01 3.934285736700079972e-01 5.569317750507960518e-01 6.002577631864329799e-01 5.375986895606169602e-01 3.404023752018510152e-01 2.197712872388530025e-01 5.950763777002300303e-01 6.137455197551690000e-01 5.452656960614830073e-01 5.607904644984640363e-01 5.930284095400649713e-01
