1.000000000000000000e+00 9.290541015657349799e-01 3.924548549667419839e-01 4.196504883916110096e-01 3.597739447905459742e-01 3.599897384036930270e-01 5.687046687168419989e-01 3.542230288787139858e-01 4.042363700390469994e-01 4.186924519827779911e-01 6.910528791866400455e-01 4.331298688779610107e-01 5.159509428990339819e-01 2.845103450858130212e-01 4.804806548129840205e-01 4.223523782131829996e-01 6.964809621368830417e-01 7.349367278569339801e-01 6.428986584933860104e-01 6.946370854849249765e-01 4.691068939997770082e-01 5.079777062980129765e-01 3.773205075282999865e-01 3.526504322650940160e-01 3.730972192864739911e-01 3.148577634696420047e-01 5.267224227634079714e-01 5.537513595231680075e-01 3.430557332942140158e-01 2.315580621671949890e-01 5.549794712345710312e-01 4.039240527551299920e-01 2.165380657463170100e-01 1.494940450165150037e-01 4.754372164442470239e-01 5.147561761311639783e-01 5.219465221131499577e-01 5.370462935410189598e-01 2.675001682359450239e-01 4.633253231199930267e-01 7.611208737735940533e-01 7.452611501235539837e-01 5.492938955602020279e-01 6.686128946734010148e-01 7.813994172905980307e-01 7.641937709858610539e-01 8.038844732635680446e-01 7.282049146140759932e-01 7.734228154420279555e-01 7.604155656552420428e-01 8.748909082105720270e-01 7.824881304490579614e-01 6.087034243293130142e-01 5.668213552207209682e-01 4.464239479991449766e-01 2.812534436038979790e-01 4.373417199231909858e-01 4.125153389477980159e-01 4.390554271651779805e-01 3.149662058784539753e-01 4.265688806862700244e-01 3.784732071673340137e-01 7.156043229752230284e-01 5.999669408190380082e-01 5.114881044466259574e-01 4.407806259722389930e-01 5.107048994925790231e-01 5.273858141831779811e-01 2.692962802787099985e-01 4.168786343027520158e-01 6.653494218549449446e-01 7.010904949024480137e-01 6.429196467808570015e-01 5.848797209592380142e-01 7.139767975948300149e-01 5.903990679665850339e-01 5.797770318739899897e-01 5.763323119962180385e-01 6.175800630476929731e-01 6.233456702824600182e-01 6.320638839401480080e-01 6.694254501653610356e-01 4.552832117256310207e-01 5.376684055444339583e-01 6.953874573818460414e-01 7.521698368880319618e-01 5.962655488635130174e-01 6.854455683026720036e-01 6.534252533690519948e-01
9.290541015657349799e-01 1.000000000000000000e+00 4.199633758826329943e-01 4.950810369870500272e-01 4.365442119424060019e-01 3.269256173739730209e-01 5.565251603091270205e-01 4.061142095450370193e-01 3.830600640120310207e-01 4.474519372180030263e-01 6.468511367999270067e-01 4.294595423439560022e-01 4.363801611839789873e-01 2.563214034847829947e-01 4.628408663800099854e-01 4.370204530939900134e-01 7.517851833448200294e-01 7.822393877537100471e-01 6.420002473143709976e-01 7.547460481126140319e-01 4.701730206530210232e-01 5.211735736065009617e-01 3.604385826129740122e-01 3.770834074880439757e-01 3.565370855662650107e-01 3.372277615298099884e-01 5.799712267491790030e-01 6.262086800449310209e-01 3.823572553691049758e-01 2.503074329712060009e-01 6.131206564305849982e-01 4.860087518587610234e-01 2.403538602833530102e-01 2.315134797405080103e-01 4.937620104556499911e-01 5.895253760228970075e-01 5.225527874946319651e-01 5.303816249492050439e-01 3.456600424809240235e-01 4.914136718557099992e-01 7.661855324418319624e-01 7.367129723072369796e-01 5.976599594451470487e-01 6.745107605305410425e-01 7.919319373397369910e-01 7.708251592269720343e-01 8.123501193889639538e-01 7.638578050510760331e-01 7.673312460195019780e-01 7.855761384125620195e-01 8.690070330078140115e-01 8.360083515936449494e-01 5.934115130140640293e-01 6.060210546609350324e-01 4.061130472556899740e-01 2.767505994768619804e-01 4.075161190081940110e-01 4.812447795711670140e-01 4.106885153142220135e-01 3.636606891011869847e-01 4.743016442633080088e-01 4.263330495069789783e-01 7.455605004350009946e-01 6.451214557858000465e-01 5.309482187098989447e-01 4.049597518657639950e-01 5.311159351335810186e-01 5.557771590548470364e-01 2.447842475176640054e-01 3.698455140346519898e-01 6.989508718921429997e-01 7.151204646806269549e-01 6.221540930519809942e-01 6.156303221625040178e-01 7.137649691966749810e-01 6.200579165773589807e-01 5.638619448643580334e-01 6.272247360241279823e-01 5.697246322083300285e-01 6.419765053901610452e-01 6.293122291776990229e-01 7.203224509023860023e-01 5.232148632174240532e-01 5.323164652996970059e-01 7.291077388434129558e-01 7.558600718846949507e-01 6.631246912686209471e-01 6.821129915357789786e-01 6.824761000978899483e-01
3.924548549667419839e-01 4.199633758826329943e-01 1.000000000000000000e+00 7.820167019434529632e-01 6.633039114030669925e-01 3.709677536779160123e-01 5.755740329401509703e-01 4.349419460646150037e-01 6.158192141598950453e-01 4.843069156399940067e-01 3.429871800630889811e-01 4.607963999997970184e-02 3.125806255880569928e-01 5.674851607824919764e-02 7.370655225728229842e-01 5.459628134230809504e-01 2.424253861588359926e-01 2.826423759251069923e-01 5.080057431994330353e-01 4.326512364301650093e-01 3.184693254730440182e-01 2.996625394166870238e-01 8.146272271129419984e-01 7.117832713244900411e-01 6.799631293948249500e-01 6.284454744886860400e-01 1.140417151881740060e-01 1.574685478093829916e-01 6.909404334054739527e-01 5.395589516629859528e-01 6.663826754754049730e-01 5.005759097953369485e-01 4.937987293723269944e-01 4.313108517664869801e-01 3.169761226139879984e-01 2.222566094392030012e-01 3.174412489546090121e-01 2.713021974414520088e-01 1.054480770340480017e-01 7.011510261797450350e-02 4.151609871108999927e-01 3.403265838771030172e-01 2.432415754195889901e-01 3.209752395207309816e-01 4.146250689402469769e-01 3.821780827750450027e-01 3.722668545558979747e-01 4.698117344980030086e-01 3.312272099167969941e-01 3.810172006234650022e-01 3.196844305972810218e-01 3.463116257580080015e-01 5.698987300111160170e-01 3.067004907045209894e-01 5.025082467969129718e-01 2.787660532072089858e-01 1.431484329832989899e-01 1.809275268936950121e-01 4.074198990495940254e-01 4.443835451839580064e-01 4.231816177691399838e-01 2.823344532923729999e-01 6.030234339049990178e-01 4.238946317175290024e-01 5.651258786994699523e-01 3.320611723196509879e-01 2.632702554536550110e-01 2.613731795453350104e-01 1.819489420186830020e-01 2.555206978382170147e-01 4.559095362308550059e-01 3.928434668662850182e-01 2.590992391569980069e-01 1.778301555594979932e-01 3.206434177986919876e-01 3.018232966479220125e-01 3.811047364543589944e-01 4.225976242239100067e-01 6.246139137057470370e-01 6.233708989207310536e-01 6.883537634735670263e-01 5.233735445424999577e-01 4.588772284903119836e-01 6.348863110100649854e-01 4.764200491490500067e-01 5.145772775272019484e-01 2.706713020425109972e-01 3.677235304931770199e-01 5.338402024673509771e-01
4.196504883916110096e-01 4.950810369870500272e-01 7.820167019434529632e-01 1.000000000000000000e+00 5.891547224715819597e-01 4.817610919394509916e-01 5.134658134390329698e-01 7.065025427834189520e-01 4.712152618650449765e-01 6.321942022692149665e-01 3.168976176289510227e-01 2.862412459032689926e-01 2.018115356553749906e-01 2.202876077681910072e-01 5.980567867338599797e-01 6.677862314927489606e-01 2.566475396101060014e-01 3.222171631089679744e-01 4.406595227676800008e-01 5.627745572541059671e-01 3.671890297584740059e-01 3.253084748533339732e-01 6.739266187806369768e-01 7.839483123416769450e-01 5.398844768503250346e-01 6.329519041015809755e-01 1.682968923479070122e-01 2.523893407608149841e-01 6.145441188722789994e-01 6.246202365379249777e-01 6.389460061267380198e-01 6.559792196974849610e-01 3.378230530808060128e-01 4.974248328865800151e-01 2.937369860485409823e-01 3.895867605607539752e-01 4.032996951650619777e-01 4.365005917651499923e-01 2.407522102319409885e-01 2.675275188650479974e-01 4.417735057600469806e-01 3.734951713381040039e-01 2.879076436000870265e-01 3.630183260682849911e-01 5.077037351645949936e-01 4.261278494042690101e-01 5.058774539926510494e-01 5.537292635464240442e-01 4.435537060213409766e-01 4.533054211983479909e-01 4.287456436522240066e-01 4.574712003836700069e-01 4.806472528100009800e-01 4.631194706513609982e-01 4.347846278196870196e-01 4.972797664840010179e-01 1.964149763611230115e-01 3.351553329331080078e-01 4.384289755834779867e-01 6.482141470761679791e-01 4.277877604405129763e-01 3.995516777060910130e-01 6.117822323220619696e-01 4.810311177874579958e-01 5.035399008979080104e-01 3.711210052021129968e-01 3.154563278110519842e-01 3.703850947689160122e-01 1.226675577704109954e-01 2.985053333113890095e-01 4.475284662971830141e-01 4.834101081566080094e-01 2.164068074380439965e-01 1.481579861865839898e-01 3.692059096588309886e-01 3.596588360713989796e-01 3.840980697026660229e-01 5.035219453210380003e-01 5.429219386839370109e-01 6.545286924611130042e-01 7.008222647819100093e-01 7.036215478142080482e-01 6.366478404581420447e-01 5.905988962506609763e-01 5.502192319543469656e-01 5.436520985600850064e-01 3.845652736460909993e-01 4.616502919546550121e-01 5.579345112697380316e-01
3.597739447905459742e-01 4.365442119424060019e-01 6.633039114030669925e-01 5.891547224715819597e-01 1.000000000000000000e+00 4.952708008251129890e-01 5.847093506201199720e-01 5.639102871311619802e-01 5.827355153452139502e-01 5.932388562851049763e-01 4.208794939871540186e-01 2.093672269370699945e-01 3.420934523211759948e-01 1.958955245295959935e-01 5.170517501520099923e-01 4.176933665076050239e-01 2.332753949687529915e-01 2.796547401644040032e-01 3.393424556010640192e-01 4.366050451609849725e-01 2.543061742949799808e-01 3.145865608970629945e-01 4.857450973469200073e-01 4.586462396894440130e-01 3.586783711934570240e-01 3.357877263321339956e-01 1.728916822618999927e-01 2.123239137355210082e-01 4.682064492032539937e-01 3.276866675132160123e-01 6.131377686716670272e-01 5.482454661511370064e-01 3.669977549076050005e-01 4.422443827301349994e-01 3.253983313285270240e-01 3.773126122143259931e-01 3.481656533482910265e-01 1.559707416644189881e-01 2.194453276350359916e-01 1.194658183052370037e-01 4.328276841599220104e-01 3.431564851661820237e-01 4.001512434352090253e-01 4.383885557564849988e-01 3.763894182768159902e-01 3.829213942824229999e-01 4.265171436131799942e-01 5.086651521660560116e-01 3.616044244622029780e-01 4.286973545425620258e-01 3.499939107503620139e-01 3.377725813255900156e-01 5.538576019910169679e-01 4.104000347541860161e-01 4.952492146051880040e-01 3.905222715596259886e-01 1.778130191264480076e-01 2.731387478642979816e-01 3.317498666265820129e-01 5.866289885566310369e-01 5.650696105720669493e-01 4.524104479331300110e-01 6.326186613531139535e-01 4.080536363509230102e-01 5.265875462462099588e-01 2.912834224366460112e-01 3.059180077551150179e-01 3.093735004464769900e-01 1.219989588344840004e-01 1.229813318930890048e-01 4.410131626699290153e-01 3.855961393401979853e-01 1.002940132519700017e-01 1.101988548851099980e-01 2.594158644390149870e-01 2.499749023544370063e-01 2.753066967347290173e-01 3.327867350670750124e-01 4.230783637421540178e-01 5.528935481423670195e-01 5.917073261046530419e-01 5.660861739456249930e-01 5.052046655973320144e-01 5.552878459316510362e-01 4.684414465697019914e-01 5.277558987506539845e-01 4.273747533073160021e-01 4.555178051886730195e-01 5.396487556909750349e-01
3.599897384036930270e-01 3.269256173739730209e-01 3.709677536779160123e-01 4.817610919394509916e-01 4.952708008251129890e-01 1.000000000000000000e+00 3.771855937388429725e-01 5.889074672441170222e-01 5.268833344854689793e-01 6.283723413691719717e-01 4.447287157763630261e-01 5.294144664255650001e-01 2.982514331583480116e-01 5.320286308215900206e-01 3.326813319435680261e-01 5.107915559935110039e-01 1.776795425057250133e-01 1.564370462813050033e-01 9.542448492202759702e-02 2.337029031353279884e-01 3.150784762626109847e-01 3.209074529113419838e-01 3.153884427696300174e-01 4.202262266669700153e-01 2.936068302757209869e-01 4.423212025796829927e-01 9.926048562478069492e-02 6.079655313220599933e-02 3.078213527415469830e-01 3.276618462153539912e-01 2.530156464066540267e-01 3.001907494291710110e-01 1.770764139798229886e-01 3.167721818120839972e-01 2.865569660896060133e-01 3.252461931001660034e-01 3.549131409530020265e-01 3.856185207939860082e-01 1.709771615153070079e-01 2.983427324403730152e-01 3.288718005329380190e-01 2.428906726798679971e-01 2.655411863336640255e-01 2.897643806789390042e-01 2.820067612902190102e-01 2.555565800394229981e-01 3.898410407586699877e-01 3.081325159172830230e-01 3.430010359057980018e-01 3.162138515890570156e-01 3.036377470393969991e-01 3.122892830245880269e-01 4.898961635249670099e-01 4.773519760773810017e-01 4.594471830722899885e-01 5.801956004978110482e-01 3.214544534045619961e-02 3.897317551151179785e-03 2.301750860430520074e-01 5.852971955129130377e-01 3.871359792834079827e-01 3.586596520579860004e-01 3.891106140651700018e-01 1.464040228031029955e-01 3.468705597160209875e-01 3.213904971658069765e-01 8.106160431766169794e-02 1.335261664737270038e-01 3.439216361100019825e-02 2.395976267383209957e-01 1.891586380104230136e-01 2.380868404251360038e-01 1.893942172199440110e-01 4.768100576513589761e-02 2.186723721127979969e-01 1.633976354629899930e-01 1.560841826288109913e-01 1.400771426655539886e-01 2.587430798722860081e-01 4.253815802656760181e-01 4.220211075468590090e-01 4.565188496361379800e-01 4.789977170069339985e-01 3.655711998880230018e-01 3.269522019094440179e-01 3.780028178150999785e-01 3.363878787857830233e-01 3.257196601068069741e-01 3.436107207746039727e-01
5.687046687168419989e-01 5.565251603091270205e-01 5.755740329401509703e-01 5.134658134390329698e-01 5.847093506201199720e-01 3.771855937388429725e-01 1.000000000000000000e+00 6.422148655655249838e-01 5.670427227585239649e-01 4.992675363361199770e-01 7.590137130852749880e-01 4.492482012619469778e-01 6.910875888241200249e-01 3.989406988069150173e-01 4.638459944664979906e-01 4.094989064207040230e-01 4.014105073824559833e-01 4.245000482769840100e-01 5.371550874748459714e-01 5.914708482454800187e-01 3.474877900790280250e-01 2.869044042843840181e-01 3.565124078618069903e-01 2.350038121124790047e-01 1.015615236196899945e-01 8.779862203593780112e-02 4.344387251531289795e-01 4.413106496483170105e-01 2.369437159393660008e-01 1.551255425472700122e-01 5.225778078910220392e-01 4.769486252323419939e-01 6.400658925773550223e-02 7.003004028968480565e-02 2.313845354045830083e-01 3.183552759042300173e-01 3.375601872300250106e-01 3.058990255118260171e-01 1.659775783627789880e-01 1.561590451119510004e-01 6.231664347072749521e-01 6.128055375133250049e-01 4.014481333707179966e-01 5.495259375001499969e-01 5.761561462564489533e-01 6.312536220845049728e-01 5.607805028641830170e-01 5.957086464253209535e-01 5.922535322368459587e-01 5.907370874518510506e-01 6.050443673051150162e-01 4.586537850365750013e-01 6.274985664407209951e-01 4.906652072660759867e-01 7.819138493082149477e-01 4.384752689498380152e-01 3.917352849517080071e-01 4.331524328563849946e-01 5.150460410421360269e-01 4.548200618042920196e-01 4.105083693501210274e-01 3.708858190068640148e-01 5.547822032965390449e-01 3.712951889970400043e-01 4.277683914664239806e-01 3.016249887973729837e-01 4.633782098623189794e-01 5.162862113646370377e-01 3.206143605040410183e-01 3.474636379709479805e-01 4.769846973785070166e-01 5.397504808416130340e-01 3.276341312309060116e-01 3.397357332125049978e-01 3.857191225818379920e-01 2.729344161364999910e-01 2.474484248319749891e-01 3.545338629292070221e-01 4.429442862027739847e-01 4.711912117975859959e-01 6.564388494919309869e-01 5.833533691354390038e-01 4.023486726440129724e-01 4.974237221143429921e-01 5.166860872515030012e-01 6.088016004424819938e-01 4.599275736807090231e-01 4.955022986485069780e-01 4.866565928501899729e-01
3.542230288787139858e-01 4.061142095450370193e-01 4.349419460646150037e-01 7.065025427834189520e-01 5.639102871311619802e-01 5.889074672441170222e-01 6.422148655655249838e-01 1.000000000000000000e+00 4.410456499812169806e-01 7.272516890483630148e-01 4.858516371642849774e-01 6.541557179463080018e-01 2.966674349277960143e-01 5.187956294896229892e-01 2.838042774373529809e-01 4.852810506425440096e-01 2.212119218405829979e-01 2.705387788952010042e-01 2.376574757641169988e-01 5.315581721379210034e-01 3.389504639289390164e-01 3.282277114806300133e-01 2.311390799158369869e-01 3.350729629273159760e-01 4.070929758959070111e-02 1.807798304164210113e-01 2.828892753771560242e-01 3.846287578100570093e-01 3.234559536006689773e-01 3.749964630287049849e-01 4.920758032318580111e-01 6.964920985929650143e-01 1.391902322012819881e-01 3.757741224071349806e-01 2.172549907463869889e-01 3.883138791320669969e-01 3.341985324829330195e-01 3.219230941553369862e-01 1.751306114669299863e-01 2.757927349165449904e-01 5.132480337934619552e-01 4.875375332453649735e-01 4.619454154274800217e-01 5.337199971178580027e-01 5.097881328277139579e-01 5.218310053517659641e-01 5.650104739562270550e-01 5.932988218129070512e-01 5.101670143372259991e-01 5.108580110631629756e-01 4.581141761302759963e-01 4.234208559903340219e-01 5.013694318398820293e-01 6.480074050635860061e-01 6.076882845909760134e-01 7.303629357881720185e-01 1.921854026954609995e-01 4.778290500733239909e-01 3.865953798800220165e-01 7.116469618251229923e-01 4.985737529704590276e-01 5.396871204517420528e-01 4.517718966289440141e-01 3.113981505533630068e-01 3.442511762617380122e-01 3.120002605963200226e-01 3.068472621065940209e-01 4.474617212197820049e-01 1.706301186763259925e-01 3.802361933962750129e-01 3.485481346080530063e-01 4.874479802042430143e-01 1.806164834029710120e-01 6.837893682525919559e-02 3.390912569012269895e-01 2.829815054970339916e-01 2.159508851557329911e-01 3.499122272622520180e-01 2.979320161448659743e-01 4.774298811659279940e-01 5.207296810986109525e-01 6.248639674278959610e-01 5.574892312739749833e-01 3.650662133916600105e-01 4.989554345249839762e-01 4.950445489754239925e-01 5.034513951703240009e-01 4.507846793477979785e-01 5.134493237623309891e-01
4.042363700390469994e-01 3.830600640120310207e-01 6.158192141598950453e-01 4.712152618650449765e-01 5.827355153452139502e-01 5.268833344854689793e-01 5.670427227585239649e-01 4.410456499812169806e-01 1.000000000000000000e+00 5.334345879425610448e-01 5.124939554003450359e-01 3.327339538360600257e-01 6.320719003414769777e-01 4.895169252307670082e-01 5.986568850531760466e-01 4.597708339926129817e-01 2.418071029135580030e-01 1.694875698358729865e-01 2.001159926862109972e-01 2.420044439873799968e-01 2.424320425099019960e-01 1.647746967307570087e-01 5.918100144318180211e-01 4.261535772870539973e-01 4.458309388474520074e-01 3.787070793879149799e-01 1.204587094087759963e-01 1.033213204088300058e-01 3.429950977401949874e-01 1.707657141522540001e-01 4.258957834558930178e-01 3.035512163010459785e-01 3.769764228775109860e-01 3.173121507674819819e-01 2.914637458647019730e-01 2.037638454076529937e-01 2.787878315310849953e-01 2.300534920027109964e-01 4.686144671841759729e-02 9.431912031212780212e-02 3.950612307452959771e-01 3.121338770011869990e-01 2.367858213514429933e-01 3.417760001049839902e-01 3.647881995559730250e-01 3.313616259316840007e-01 3.143253838020930169e-01 3.908776787146739928e-01 3.218765800288149737e-01 3.125348625073500197e-01 2.725770255188729729e-01 2.562556530325300064e-01 7.287028269662559898e-01 4.608514282001510143e-01 6.309519045464000442e-01 4.542882095973069800e-01 -4.456545698385450116e-02 -8.037157330548619361e-03 2.116316771084089943e-01 4.941287470609900256e-01 4.226104225167049977e-01 3.189839372937109951e-01 4.646679661776980108e-01 2.221900056901409959e-01 3.933667306980370149e-01 3.085201308721279845e-01 1.265456602922450102e-01 2.306691375649879971e-01 1.505878021348550089e-01 2.819957824812759917e-01 3.011519795129329879e-01 2.903189288218069875e-01 2.401723850735280053e-01 1.416066870219130081e-01 2.418829434904370135e-01 1.711029866374350061e-01 1.307583457333419963e-01 1.950154658350700121e-01 4.190726267056680276e-01 4.820928862691180039e-01 6.307438788834770493e-01 4.220100548900149739e-01 4.153373760873009801e-01 4.847858061184689982e-01 3.206508626019219932e-01 4.127126675609150142e-01 3.170337725153720143e-01 3.519347287213259734e-01 4.043930154502670127e-01
4.186924519827779911e-01 4.474519372180030263e-01 4.843069156399940067e-01 6.321942022692149665e-01 5.932388562851049763e-01 6.283723413691719717e-01 4.992675363361199770e-01 7.272516890483630148e-01 5.334345879425610448e-01 1.000000000000000000e+00 3.886363081922140084e-01 4.424324410883729852e-01 2.545991977677530271e-01 2.963093051545229728e-01 3.359029268712139804e-01 5.418350744638550376e-01 2.659582190906569776e-01 3.693721527145200079e-01 2.134652305169940090e-01 4.334901430359189844e-01 3.265740005645970112e-01 2.277235500339999941e-01 3.071862552781349787e-01 3.624856055925679832e-01 2.075972626681409916e-01 2.472298157100820126e-01 1.865188801847509903e-01 3.429341220614570140e-01 3.227646982336739856e-01 2.887353663889209998e-01 3.788389529190209770e-01 4.933008611058959936e-01 1.195827875041999971e-01 3.261896088016160156e-01 2.200670907911440044e-01 4.463471080054580153e-01 4.171164902306049860e-01 4.091260334857009795e-01 2.152387031919359983e-01 3.890136057589310137e-01 4.286421891729920164e-01 3.354313149093480217e-01 3.684608186038190181e-01 4.129857261716480266e-01 4.171768938023989737e-01 4.256354082166349806e-01 4.928335822926849796e-01 5.212115846026900146e-01 4.626672035662620086e-01 4.265203041164959963e-01 4.642496452530729956e-01 4.246353867303300222e-01 5.385595077375719963e-01 5.633096443100650275e-01 4.939843099717510233e-01 6.451916245995259480e-01 1.701439915270450132e-01 3.244625280898649766e-01 4.008579557738510268e-01 6.747054778897779714e-01 4.264732636149660139e-01 3.688612739045559752e-01 4.923409593737460010e-01 4.065708204232740264e-01 3.724426305126620207e-01 2.088164524472989891e-01 2.468313254528939904e-01 3.261434375267159846e-01 5.611448376486709994e-02 1.242626587936119936e-01 3.539026327085370016e-01 4.025516022767700042e-01 2.008778294720459934e-01 2.528162929420370020e-01 3.655309173239730258e-01 2.430564545737249893e-01 2.075538292324060063e-01 3.129482194507030024e-01 3.493814487312970063e-01 5.140996951963410222e-01 5.672077092330799486e-01 5.922545570489470279e-01 5.930074754642800094e-01 4.426768910316319916e-01 4.560695728343550082e-01 4.887977010688360213e-01 4.578319491161689792e-01 4.705896397040980061e-01 4.867532627409389967e-01
6.910528791866400455e-01 6.468511367999270067e-01 3.429871800630889811e-01 3.168976176289510227e-01 4.208794939871540186e-01 4.447287157763630261e-01 7.590137130852749880e-01 4.858516371642849774e-01 5.124939554003450359e-01 3.886363081922140084e-01 1.000000000000000000e+00 6.164466923370089946e-01 7.011408563865839660e-01 5.055441358819540154e-01 3.829588617757260227e-01 3.150522914566329935e-01 5.899237080763479746e-01 5.368442739388830098e-01 4.732479572401849799e-01 5.896628303425439643e-01 4.198612342064519942e-01 3.401924675610489834e-01 2.297737733170280017e-01 1.293727391544509941e-01 1.250228527738979911e-01 7.880536621963279975e-02 6.030474633505410464e-01 5.439161086208119666e-01 1.826295770931689877e-01 6.488495019071389980e-02 4.171587627336499904e-01 3.559368560285049998e-01 7.297025030025500181e-02 5.282158221871530168e-02 3.590517219234349855e-01 3.838659237025660032e-01 3.446640908078629773e-01 4.532629223138259777e-01 1.870578567926710067e-01 3.035670209321990054e-01 6.103680611627889663e-01 6.018181354279330542e-01 4.262004728077860016e-01 5.511308696171890453e-01 5.675809320794860113e-01 5.855688859552190539e-01 6.045950043994450240e-01 5.493189470018929876e-01 6.351583829155069694e-01 6.052360994552490325e-01 7.295897670861279938e-01 6.259004355319980339e-01 6.164251928735130504e-01 5.539769001895470391e-01 6.545146666234380461e-01 3.534540287236679901e-01 4.269243983066869919e-01 4.198296299018530187e-01 4.059328580776049855e-01 3.071674683203219902e-01 4.007012115580930178e-01 3.455935222855819888e-01 5.138055461382560196e-01 3.465668065848470092e-01 4.050744958274969942e-01 4.019820888767959843e-01 4.588701175929310039e-01 5.207791390443580193e-01 2.886841373955539858e-01 4.039948733572409911e-01 5.698405757527019722e-01 6.075053621761490330e-01 5.153656200705080126e-01 4.224904746925419730e-01 4.767065546177429725e-01 3.090857189878939981e-01 3.288558715421929790e-01 4.033645635575979771e-01 3.841947435498089813e-01 4.223157920239339891e-01 5.244538128759149709e-01 5.617606378338559914e-01 3.351068395037509751e-01 4.282960616577490276e-01 4.644889551986229881e-01 5.867944129011030130e-01 4.418479957263509728e-01 4.957434534148050242e-01 4.510997120902229818e-01
4.331298688779610107e-01 4.294595423439560022e-01 4.607963999997970184e-02 2.862412459032689926e-01 2.093672269370699945e-01 5.294144664255650001e-01 4.492482012619469778e-01 6.541557179463080018e-01 3.327339538360600257e-01 4.424324410883729852e-01 6.164466923370089946e-01 1.000000000000000000e+00 4.240265881568420214e-01 7.687691036774479958e-01 8.484444327789560092e-02 3.316418328223120215e-01 3.387776840165199754e-01 2.947396193536849784e-01 1.748018591978849900e-01 4.680760267917469797e-01 3.571553361814139849e-01 2.157957753235719978e-01 -5.923755703762110386e-03 7.836861493888899743e-02 -1.264511871672789889e-01 8.607953898417749702e-03 4.063225093066790139e-01 4.503652279643299838e-01 2.074642594134500084e-02 4.435600677119450053e-02 2.095653081269560070e-01 3.383866820837200251e-01 -6.178726038217129818e-02 5.317862145644890182e-02 1.906369343162959973e-01 2.898447283721319878e-01 2.450674676919100126e-01 3.699773669191440129e-01 7.568475755902960567e-02 3.451500748284930253e-01 4.174799579885140055e-01 4.527469561012519850e-01 2.973843781604960101e-01 3.998213041687019853e-01 4.197478945023139785e-01 4.598979259888519855e-01 5.051719471196910449e-01 4.123993306160410044e-01 4.913348059882630126e-01 4.385185475114650178e-01 4.959314193661280012e-01 5.025050412797770205e-01 3.826528083992349893e-01 5.777300479359469554e-01 4.868414876261810131e-01 5.840363462003169692e-01 1.893890559285509867e-01 4.065040071359189988e-01 1.765333422438400135e-01 3.829497709492469815e-01 2.456829588638080042e-01 3.081961397602089869e-01 2.439704669494320022e-01 1.326247957709660030e-01 1.489538736510989947e-01 2.644223929033540088e-01 3.160463934903540162e-01 4.605991820079169963e-01 1.687767901596559927e-01 3.103859986050199748e-01 3.089204462915119964e-01 4.541436303508710193e-01 3.064688534336350023e-01 1.405244353290900083e-01 3.170906062351069865e-01 2.161109609200330128e-01 1.276266893222250121e-01 2.206469713277360023e-01 1.442639014997380009e-01 3.132877827128520143e-01 2.715609820728879797e-01 4.816054297185610178e-01 2.700955792368440189e-01 1.175916777330239943e-01 3.214046255407669861e-01 3.535748442850289996e-01 3.832865624537319937e-01 3.050041022715350159e-01 3.295206008055779900e-01
5.159509428990339819e-01 4.363801611839789873e-01 3.125806255880569928e-01 2.018115356553749906e-01 3.420934523211759948e-01 2.982514331583480116e-01 6.910875888241200249e-01 2.966674349277960143e-01 6.320719003414769777e-01 2.545991977677530271e-01 7.011408563865839660e-01 4.240265881568420214e-01 1.000000000000000000e+00 5.540466497718430361e-01 5.514025835495830474e-01 4.042389837579519751e-01 3.959156133269289835e-01 3.253366229767210016e-01 4.409127667795360028e-01 4.492252983385859877e-01 2.303753217955319954e-01 1.506601781670159901e-01 4.101344103986500067e-01 2.033026663005750023e-01 1.909608159358560098e-01 4.477134750325120066e-02 4.234002314344489926e-01 3.506508262593500125e-01 8.465141434333149639e-02 -1.201415207763830047e-02 3.517176500582059884e-01 1.978061340620489994e-01 1.085316662341320043e-01 -4.156555693731400075e-02 1.666684640306309861e-01 1.680006401052120124e-01 2.403917566920230064e-01 3.080202562810829825e-01 1.827800048568849894e-02 1.436629070617269910e-01 4.095667039568209877e-01 4.311057966178989953e-01 1.456501809139869874e-01 3.410325412956399793e-01 3.638538215230299744e-01 4.533227227240819723e-01 3.485575154942139875e-01 3.318446730795909794e-01 4.235860378304989737e-01 3.853289244967589844e-01 3.883675055095819895e-01 2.807048562410959791e-01 5.716857612111559961e-01 3.286216370947859788e-01 6.340018829695169833e-01 2.294674000315889972e-01 1.662174634205199897e-01 1.218721219212089979e-01 2.730201658120379737e-01 1.642528476868700127e-01 2.176491210509340080e-01 1.679422540873929948e-01 3.430464829865330079e-01 1.406884940117759941e-01 2.862780690491479874e-01 2.482975625364410022e-01 3.876618992699579769e-01 3.903283928970540106e-01 3.889178936884279958e-01 2.477545816411839963e-01 4.226295485070050151e-01 4.554051995423020194e-01 3.692370672145909860e-01 3.517609574887680113e-01 3.154497771183680244e-01 2.388829037851739889e-01 2.960126256749689988e-01 2.781003989494689743e-01 4.190514504465949752e-01 4.095244496463130157e-01 5.698581564831910473e-01 3.654889579204900207e-01 1.323763055579069980e-01 2.807115086341799848e-01 2.702770576109370104e-01 3.818695469043810187e-01 2.920456210669379882e-01 3.417949954043379979e-01 3.147571985599260103e-01
2.845103450858130212e-01 2.563214034847829947e-01 5.674851607824919764e-02 2.202876077681910072e-01 1.958955245295959935e-01 5.320286308215900206e-01 3.989406988069150173e-01 5.187956294896229892e-01 4.895169252307670082e-01 2.963093051545229728e-01 5.055441358819540154e-01 7.687691036774479958e-01 5.540466497718430361e-01 1.000000000000000000e+00 1.939161480325720111e-01 3.887197777456730119e-01 2.593949898719319913e-01 9.134469479087289900e-02 6.770729516885840016e-02 2.926990152240159793e-01 2.857969686791559938e-01 2.600749800896869912e-01 1.040226033146779971e-01 1.837365134493660068e-01 1.811590846794979969e-04 1.392122551099030103e-01 2.845079248510150038e-01 2.157915924158189946e-01 6.796157117740089793e-02 1.062413529703479936e-01 1.958238785156510009e-01 2.801369522227299957e-01 1.170438764661790032e-01 1.276642630062639894e-01 1.621817625335509883e-01 1.816613606201820108e-01 2.555705170218969813e-01 2.946711098476729740e-01 3.448536487929310113e-02 2.094490385387779985e-01 3.325609598665010269e-01 3.239194697523479771e-01 2.039002863759319939e-01 3.100703552957310150e-01 2.879130849826769811e-01 3.017108847662959836e-01 2.880677479413960018e-01 2.020522972924279903e-01 3.807789013420749824e-01 2.530007712345849757e-01 2.333327894842759931e-01 2.168030330775559955e-01 4.270573211128749769e-01 4.078123126879120153e-01 4.729201482303529991e-01 4.509774365661309847e-01 6.762711396245639495e-02 1.546858571232080093e-01 8.551217687655010558e-02 3.657077650339700114e-01 2.804218348770969871e-01 3.653028776054770277e-01 1.985610213255820100e-01 2.141092894343870137e-02 2.277649963643859909e-01 3.880184106838679980e-01 2.028049901801899924e-01 3.160691247504199830e-01 1.580189043334039867e-01 3.463453305884480193e-01 1.691399986579089909e-01 3.189452468256069873e-01 2.489994543546129868e-01 5.710592832499779975e-02 2.554096592034579838e-01 2.487773195561190087e-01 3.083478882628319998e-02 1.835525577864429991e-01 7.398267926592970445e-02 2.704076216797580146e-01 2.512869499498480153e-01 3.536453332226360269e-01 2.325295907558349862e-01 1.196104219485250031e-01 2.067758318520840077e-01 2.591413912868030245e-01 3.294216198875219992e-01 2.679184754489630227e-01 2.502085040144039763e-01
4.804806548129840205e-01 4.628408663800099854e-01 7.370655225728229842e-01 5.980567867338599797e-01 5.170517501520099923e-01 3.326813319435680261e-01 4.638459944664979906e-01 2.838042774373529809e-01 5.986568850531760466e-01 3.359029268712139804e-01 3.829588617757260227e-01 8.484444327789560092e-02 5.514025835495830474e-01 1.939161480325720111e-01 1.000000000000000000e+00 6.812779976721049513e-01 3.070318324195540072e-01 3.395035634196699736e-01 5.230201513279669756e-01 4.767884462494039743e-01 2.368593063053499870e-01 3.303980947379019928e-01 8.570823143492150020e-01 7.426897214697260052e-01 7.262094003618030369e-01 6.170403051439580233e-01 2.379664846328219951e-01 1.983373349809109953e-01 6.443916266065460308e-01 5.274527797164579868e-01 6.111349738149860489e-01 4.243434492250929835e-01 4.343549900820860010e-01 2.927529402791250179e-01 2.671612640638419967e-01 2.197689777233559905e-01 2.597171978429549943e-01 2.850247811152429867e-01 4.334902395940960079e-02 8.499707486924550082e-02 4.376598075740700255e-01 3.775427728545109884e-01 2.412536032462199997e-01 3.729420679893710178e-01 4.207143604935020265e-01 4.002737576310840262e-01 4.058529336471530247e-01 4.757877811343120267e-01 3.793011768839800180e-01 4.186626188719460018e-01 3.605471918767880202e-01 3.494448047356690235e-01 4.974701186974520017e-01 2.561387649088799900e-01 4.114763729612470056e-01 9.767735301822780269e-02 1.564485805099170013e-01 9.104474102520179746e-02 3.198554892834030161e-01 2.477920140928319970e-01 3.422381870444259899e-01 2.120041338125789876e-01 5.563058235170430521e-01 4.264605651167049927e-01 5.724218970245330551e-01 4.878942440937319991e-01 2.479278809037049891e-01 2.283828460893289891e-01 3.085563717848109899e-01 3.152048605396540193e-01 4.868688122290469877e-01 4.751525316454690007e-01 3.486991155665030151e-01 2.750098566064330119e-01 4.119410284603730044e-01 3.856916729620660234e-01 5.306351301766409900e-01 5.417476931312850130e-01 6.739065044600409671e-01 6.281985523798699900e-01 6.701165571860120407e-01 4.571506074123770080e-01 3.850878285437079884e-01 5.651658004076000053e-01 4.788595725188369845e-01 5.438069317236799982e-01 3.155620153738720179e-01 4.004258195080039884e-01 5.131467887838330189e-01
4.223523782131829996e-01 4.370204530939900134e-01 5.459628134230809504e-01 6.677862314927489606e-01 4.176933665076050239e-01 5.107915559935110039e-01 4.094989064207040230e-01 4.852810506425440096e-01 4.597708339926129817e-01 5.418350744638550376e-01 3.150522914566329935e-01 3.316418328223120215e-01 4.042389837579519751e-01 3.887197777456730119e-01 6.812779976721049513e-01 1.000000000000000000e+00 2.055805415048679863e-01 2.292909406245179915e-01 3.599230904705160161e-01 5.305203816955870177e-01 3.063078578135889907e-01 3.473519105055890011e-01 6.443991308416929797e-01 7.658427065791290067e-01 4.834393954275880145e-01 6.421880347647680454e-01 1.790681972363440122e-01 2.767446885648169874e-01 6.056303311414590329e-01 6.752407452984500180e-01 4.702707181841909723e-01 4.202429431057729814e-01 2.552805599527639968e-01 3.213571897349620232e-01 3.168378677311819991e-01 3.432824717905220147e-01 3.080242443173170086e-01 3.577664224200859944e-01 1.158581914642400068e-01 2.635680632017159963e-01 3.481590098565029989e-01 2.819262858615779743e-01 1.530519611896550003e-01 2.688763493481790001e-01 3.416145512822070240e-01 3.384360741420919805e-01 3.939642760829060175e-01 3.730448354435900171e-01 3.422726424126479872e-01 3.145908727413169736e-01 2.945219968199240257e-01 2.703562927946570049e-01 3.229317029000750017e-01 2.344497859426900033e-01 3.168849026308789840e-01 2.218779826836070057e-01 2.013770675197239929e-02 1.048217395971000054e-01 1.800060227812259883e-01 3.581142571510719796e-01 2.454942047994420062e-01 1.747687254499530052e-01 4.245370086242329921e-01 3.305676675370750051e-01 5.499379149066200290e-01 4.697302943463320113e-01 2.520854452742130047e-01 2.798935656263339955e-01 2.381757150082569885e-01 2.908860340860269789e-01 4.208385300938279894e-01 4.951996102230230012e-01 2.330732419648839926e-01 2.515469107648989899e-01 2.849438889323769875e-01 3.761770909191459733e-01 3.395527652988249989e-01 5.244272174289059674e-01 4.272366327039229805e-01 6.059462929306790313e-01 4.994116578607459833e-01 4.853394700522929983e-01 4.439255416470879734e-01 3.999039180007180061e-01 4.216916422303900180e-01 4.407902403228500243e-01 3.083806743059149813e-01 3.532988445812230149e-01 4.045512784648089832e-01
6.964809621368830417e-01 7.517851833448200294e-01 2.424253861588359926e-01 2.566475396101060014e-01 2.332753949687529915e-01 1.776795425057250133e-01 4.014105073824559833e-01 2.212119218405829979e-01 2.418071029135580030e-01 2.659582190906569776e-01 5.899237080763479746e-01 3.387776840165199754e-01 3.959156133269289835e-01 2.593949898719319913e-01 3.070318324195540072e-01 2.055805415048679863e-01 1.000000000000000000e+00 8.275310851461750161e-01 6.266172345979079683e-01 5.909401464891029798e-01 4.404624151260430054e-01 4.830357125266039886e-01 1.983832328862470129e-01 1.614766439851000046e-01 2.525282549180909997e-01 1.679125870245009866e-01 7.565172817851110176e-01 7.090233166180980318e-01 1.989390602614800052e-01 7.343750238359089688e-02 4.244348936350860191e-01 3.072044724387850145e-01 1.817158199537320107e-01 7.823032512646080350e-02 3.411005706463279830e-01 4.938563337670540121e-01 4.355541342972990004e-01 4.870125200692009826e-01 3.449887612901419986e-01 4.983599653289629838e-01 6.116132531486989654e-01 6.199985955487390399e-01 4.711966161609589809e-01 4.940225008893670000e-01 6.224412123534690533e-01 6.145780048750849600e-01 6.018356216935519809e-01 5.154721293629249690e-01 6.438029943290060064e-01 5.601347315163639484e-01 6.792847663142209669e-01 6.350212596610680382e-01 3.974489022712159869e-01 3.719901048010120226e-01 2.434549038221499873e-01 1.031944691815410015e-01 4.450683748007269736e-01 4.586036163726610049e-01 3.186464558046340212e-01 1.520604482288900050e-01 2.824882310886290271e-01 2.662618998160999895e-01 4.974027369267399745e-01 4.589379018987579939e-01 3.687224430002880027e-01 3.100372941602410060e-01 5.923096245435269802e-01 5.926772388316460249e-01 3.342277967208819867e-01 3.804775906991370027e-01 5.612981194517879802e-01 5.692428073866320215e-01 7.051110559563780189e-01 6.875685710505019532e-01 7.739730992412660049e-01 6.636611608968180365e-01 5.025199362689249938e-01 5.878366277286399821e-01 4.320634159246000139e-01 4.630279978668779828e-01 4.619613776269639871e-01 4.801708754047749883e-01 2.855973665009279849e-01 3.136865159164139993e-01 5.217080108471370270e-01 5.411425115905880157e-01 5.237001510015549810e-01 4.899185901086050010e-01 5.411954854439250395e-01
