1.000000000000000000e+00 8.557211115994930450e-01 2.608255007102099898e-01 5.458889864118540158e-01 4.473510281050360193e-01 4.711882563529019852e-02 8.488856410094629545e-01 7.366537572801480360e-01 3.409339722817260054e-01 4.263631638170179983e-01 7.425641205532009792e-01 5.233631073255130550e-01 7.724141586188449926e-01 6.622152022539800065e-01 4.602927940664450213e-01 4.460140133593680223e-01 6.061490713077229975e-01 3.568626111551739810e-01 3.819668166585600266e-01 5.476077786772169942e-01 3.514666782182019888e-01 4.090948117331399958e-01 1.061437046664760048e-01 1.146135817372759947e-04 1.525399232279029960e-01 2.038022187358000115e-01 7.932906696239779842e-01 7.010497694182099560e-01 7.434668597675579971e-01 3.604178186836090036e-01 8.855800642669380274e-01 6.879416953574659654e-01 4.300317612817920222e-03 2.612186233054050177e-01 1.415204170146459883e-01 5.166196034978119966e-01 4.484926803414560070e-02 -1.124499535953410040e-01 2.025223710068690119e-01 3.248842706354940213e-01 3.790848182360300189e-01 4.508647845384159969e-01 2.366912949977580116e-01 3.385619841291739873e-01 3.744234327468820012e-01 4.718363025485060036e-01 3.522809107730560108e-01 3.894796623173970018e-01 3.488195288434720043e-01 5.083685267709250333e-01 8.312520793357319748e-01 7.108003095560679885e-01 6.260596929280289880e-01 5.533408023175629964e-01 4.652832172830019819e-01 3.159570829792789914e-01 4.511859298243909855e-01 3.755623065404249949e-01 2.304520110474969907e-01 3.800843599637520054e-01 8.122358239228140153e-01 7.559910121233019975e-01 8.107223281857389718e-01 7.178314002711599917e-01 8.711544280045280253e-01 8.116806864589689585e-01 8.491383831932679538e-01 7.209107426282720388e-01 5.197614232178739968e-01 1.692567195234689903e-01 7.436723868872829879e-01 6.809949955132279520e-01 5.298480550020919777e-01 2.816055780015809806e-01 5.659697617272340109e-01 6.550150246901670359e-01 4.862001622430520142e-01 2.555916226623730081e-01 4.582115078695209731e-01 5.012380312932329662e-01 3.808158973218169763e-01 5.995336029191340455e-01 3.130293714627709889e-01 5.410900500376080169e-01 3.704667180531299731e-01 4.865149863092709803e-01 1.360608593666449984e-01 3.876330659086880126e-01 2.923370556233270134e-01
8.557211115994930450e-01 1.000000000000000000e+00 4.959344378198700110e-01 7.383695276456679890e-01 5.541880594098269608e-01 2.269140806619419914e-01 6.801031161308069839e-01 7.491534092000079470e-01 5.067089472463539579e-01 5.794196741810639928e-01 5.560505482295500235e-01 6.195463368749120070e-01 5.423957088277360228e-01 6.529334692442649857e-01 4.215661419833530155e-01 5.244871214585290486e-01 6.669885846944469954e-01 5.809351925505410463e-01 6.514449889315060416e-01 7.909431718792030441e-01 3.249365713540079970e-01 4.012104269531570067e-01 3.416292255743019757e-01 3.094679385130320037e-01 2.255513074281429997e-01 3.238650594118079873e-01 7.042437458190280442e-01 7.363058216871890549e-01 5.728016663366930494e-01 4.646772729209410202e-01 8.239217418211149946e-01 7.845495963615229940e-01 1.742827120357439974e-01 4.056866810403049750e-01 2.864766148129749834e-01 5.830700206856389567e-01 2.276240498683949898e-01 1.385425644170850124e-01 3.976609749228819934e-01 5.470226379424969476e-01 6.406089993411250294e-01 7.196285924624520325e-01 4.980425930938919832e-01 5.723442536321660112e-01 6.222393452600299968e-01 7.117978385653600526e-01 6.473058123585699875e-01 6.704342065353450231e-01 6.652861721915379611e-01 7.855023325068369866e-01 8.986769340083889945e-01 9.012979499069220246e-01 7.296222835663850326e-01 7.506852685740420528e-01 4.900740426833570251e-01 5.005136095643929472e-01 5.037632412472959897e-01 5.386901322449569873e-01 3.031430578428659928e-01 4.498597029033939987e-01 8.021002747232780505e-01 8.070124846042450173e-01 8.591445309916490025e-01 8.312093363286350289e-01 6.710354750955309644e-01 7.601467553471059624e-01 8.154052501301980449e-01 8.161492324085229955e-01 4.474694978859830030e-01 1.511003487801300116e-01 7.482803413188390262e-01 7.212341788593259473e-01 5.596846523895350201e-01 5.409933648713830534e-01 7.636936002681500302e-01 7.880508460110809965e-01 6.586187508047169903e-01 4.609947289378140134e-01 6.633205244074129592e-01 6.918626729548520427e-01 6.391991125735549950e-01 8.173270196221309458e-01 4.787791395629980018e-01 6.605022073876769539e-01 6.910401104905370406e-01 7.689904251007290137e-01 4.494388600081010154e-01 5.217197331840439656e-01 5.773754122416200341e-01
2.608255007102099898e-01 4.959344378198700110e-01 1.000000000000000000e+00 7.533188278219330458e-01 5.673935314861680013e-01 4.662962119259320137e-01 4.211006502772730031e-01 5.249515937327540183e-01 7.451745961187109524e-01 4.710106791647680202e-01 4.388847691543359963e-02 3.448249193812200075e-01 1.405035358025059911e-01 3.715893350674420170e-01 5.569843406530360364e-01 5.122889257250280437e-01 3.241948322064390209e-01 4.504070958991689966e-01 7.856835054202340185e-01 7.126106474577930117e-01 2.693787309013209730e-01 1.634655444025349957e-01 7.414697020372319480e-01 6.130334995404940202e-01 2.896369957734409861e-01 2.808729535814559752e-01 2.297137105175089955e-01 3.761015945351889878e-01 2.346845726122969988e-01 4.541470167989850037e-01 3.227950647669399764e-01 4.447542269598980247e-01 2.591548202934870204e-01 3.303029727950440031e-01 2.491572526039690094e-01 2.570202704229930246e-01 1.154507372982320063e-01 2.446580422852170089e-01 2.540939379112550078e-01 4.037349225884909742e-01 5.866973582157289924e-01 5.579468933865170399e-01 5.569485254731969537e-01 4.655357554070709836e-01 5.953445589434129825e-01 5.863823870577240527e-01 6.039654334922059942e-01 5.731744043666640032e-01 6.546408936194749728e-01 5.730774001719529664e-01 3.978643814273389867e-01 5.454437107793229655e-01 6.126970352994339786e-01 5.570228669354220230e-01 5.583161782731039802e-01 4.758089411765250021e-01 3.672374065329859771e-01 2.780538479916829786e-01 3.305097570981179733e-01 5.193468653667520085e-01 4.027554476059729827e-01 3.590286473023640013e-01 5.189426638274620140e-01 5.890731172828189699e-01 1.866869538685529961e-01 3.706078261515209915e-01 3.060662411472819810e-01 4.087277469972380173e-01 8.460029961002969723e-02 1.441154782395629996e-01 3.399542385307299797e-01 3.045355108533009947e-01 1.986516718412109916e-01 5.338976482453380301e-01 4.402561463019369903e-01 4.331698208118689997e-01 4.461560322132129830e-01 3.818503278633649800e-01 6.517403150519519572e-01 4.485558198503469818e-01 5.962757617303630076e-01 5.817928520966020312e-01 5.144933688427629770e-01 6.893737464383280500e-01 6.613961887423419617e-01 6.911975966215619938e-01 6.084584233425079924e-01 5.055658769828950128e-01 5.831066415175409912e-01
5.458889864118540158e-01 7.383695276456679890e-01 7.533188278219330458e-01 1.000000000000000000e+00 5.770218289738100470e-01 4.099872984467040071e-01 5.186611963304199602e-01 8.084968811359729557e-01 5.525856833806179758e-01 6.897171536950380544e-01 2.815586489801170100e-01 4.074234706345630230e-01 2.870180962089100007e-01 5.317799020266630317e-01 4.936164038805380128e-01 6.937798021679839611e-01 5.120899560025470310e-01 4.913224233117849948e-01 7.272254774742500372e-01 8.398639273674309846e-01 2.601470051532259742e-01 3.572276369742379831e-01 6.520501256154950243e-01 6.883393137632499714e-01 2.173468055440440083e-01 3.697992512897029793e-01 4.350352909818340219e-01 5.353462372764810073e-01 4.749151851803750102e-01 6.562498847319699902e-01 6.154379077916209972e-01 7.171792064882710482e-01 2.997792791119400224e-01 4.942781926037559947e-01 2.726254389004940104e-01 5.429861468473999864e-01 1.522057401396489928e-01 2.295419867595429875e-01 3.337601549377410270e-01 5.423106337730649873e-01 5.926544224052739951e-01 5.763464927150160344e-01 5.182889807184209996e-01 4.893384187928470075e-01 6.496174071369490433e-01 6.372233075688109594e-01 6.347875770815529783e-01 5.907817601052709477e-01 6.575718050811739657e-01 7.059775460721600115e-01 6.006035325824700122e-01 7.318094083492020507e-01 6.014214611578180270e-01 6.628776577005369708e-01 4.580230201585959726e-01 6.066846447000440179e-01 3.327005243236579868e-01 3.705139819164149917e-01 3.348139472752910129e-01 7.441345821290989981e-01 5.591536089612589855e-01 5.628285342360990207e-01 7.537939681495210431e-01 8.078110012433750153e-01 4.508487929713330122e-01 6.473037775997709797e-01 5.775886481112619819e-01 6.281144789040610243e-01 2.790182414398850175e-01 2.857598801453870019e-02 5.311774033077270030e-01 5.636967144506850325e-01 4.265013328743980092e-01 6.101605407594720143e-01 6.615868066893649813e-01 6.996363064433369638e-01 6.161094430332280103e-01 5.767128597129630441e-01 6.839154499507490437e-01 6.725856142896130541e-01 6.396081266427510181e-01 7.562271318311499790e-01 6.820464624018499622e-01 7.780734812231879793e-01 6.994439016608190451e-01 7.627734861052010151e-01 4.675789385873719839e-01 4.597415108926319882e-01 5.716554299390860239e-01
4.473510281050360193e-01 5.541880594098269608e-01 5.673935314861680013e-01 5.770218289738100470e-01 1.000000000000000000e+00 4.988649738592240146e-01 4.647136870313730017e-01 5.719107553915100395e-01 4.866985854862430072e-01 2.821842249403400116e-01 2.823864094242439782e-01 5.540703133040449924e-01 3.066617452610300165e-01 5.174613461082869792e-01 4.150168929495550163e-01 5.483521592313079784e-01 3.477368526611580024e-01 3.878465521899779889e-01 6.083151343427659619e-01 6.453547693177420497e-01 4.052259092535789864e-01 3.578880441489989961e-01 2.878204005432419832e-01 2.325065159212570121e-01 1.326898282262259920e-01 2.026204102524989947e-01 5.568823784971069779e-01 6.707883728639200127e-01 4.773906174051100182e-01 4.734005775217869916e-01 4.753923071481109819e-01 4.984204104802870128e-01 -6.523406827548400289e-03 1.971207746033719899e-01 2.444414778907310071e-01 4.319924405907910048e-01 2.307342138656119923e-01 3.022507900123609925e-01 3.057958493956979829e-01 4.946534689504940019e-01 5.386313220439370442e-01 5.488981458821130532e-01 4.957368592149319908e-01 5.031378367342369540e-01 6.008103562355420202e-01 6.248149447267019596e-01 5.582883410861310125e-01 5.526163296195509833e-01 5.294610186063080093e-01 4.661921650483240032e-01 5.281576187637969655e-01 5.708085960280050442e-01 6.169709928631179618e-01 5.126655935431969624e-01 3.453788635224450121e-01 4.140072495248839912e-01 4.608104505201580103e-01 4.584466167407960091e-01 -1.014654998903110061e-01 2.031650436318910014e-01 5.111235657839280355e-01 4.997768891706509953e-01 5.597395757523540016e-01 5.806248979924879539e-01 4.192225678990140203e-01 5.193785640112900115e-01 4.819650276370540110e-01 5.642713949243870486e-01 3.315746120935770258e-01 2.973494392787169871e-01 4.267727225841440042e-01 4.458425795182029971e-01 3.160378270192870098e-01 3.232453481087880220e-01 4.905925145133149812e-01 5.463847514140870443e-01 4.663903761469240239e-01 3.327746104248699988e-01 4.604736742404080263e-01 4.071205679495240037e-01 4.405742385913560266e-01 4.938495824678589829e-01 3.248375575994379982e-01 4.265093940986899868e-01 4.866021545410360027e-01 5.706165312533589828e-01 5.046938436968609887e-01 5.088399477261860149e-01 4.439130074353059840e-01
4.711882563529019852e-02 2.269140806619419914e-01 4.662962119259320137e-01 4.099872984467040071e-01 4.988649738592240146e-01 1.000000000000000000e+00 1.390298788236550009e-01 3.527120188690159863e-01 4.151799908904870162e-01 2.801364719125190028e-01 -3.933475716381709675e-02 2.941430163944039888e-01 -3.890320577933609886e-02 2.005287075331690094e-01 2.778452654954670087e-01 4.260324874745810009e-01 8.662212165543960174e-02 2.207393601083909862e-01 4.586385406370029894e-01 3.994685018131389764e-01 3.321997545667029761e-01 3.074334490853379842e-01 3.200667674642149740e-01 3.264875083630969788e-01 3.264429638886410245e-01 3.739385791494900246e-01 1.034793392691139985e-01 3.427925736521419964e-01 2.149237959944000076e-01 3.734930965857999885e-01 1.425385701713129949e-01 2.682565708274849969e-01 1.960026007102549928e-01 2.357975570378569863e-01 3.534443714060619968e-01 4.092885040781569783e-01 3.287056051491270003e-01 4.746032555271699760e-01 2.751398267559549971e-01 3.807897745706830261e-01 5.240207433074920429e-01 4.590729163409920099e-01 5.069682840051450423e-01 3.951331296579639885e-01 5.624439920843889995e-01 5.314424716551759964e-01 5.225506102306850531e-01 4.571502002214499760e-01 4.762389111454939927e-01 4.066793187925579756e-01 1.759297941874680138e-01 3.056654255033630085e-01 4.011523353933960090e-01 4.024680763265470196e-01 2.356448477591120139e-01 4.313329589456399993e-01 2.698181849484180272e-01 2.587017140215249755e-01 -6.512226228478899814e-02 2.047767455455790087e-01 2.338097661146970041e-01 2.530424899975730058e-01 2.146953082894030029e-01 2.826406460060210124e-01 3.836775086052290201e-02 2.678904619712649815e-01 8.777648383832309387e-02 2.025227394165330097e-01 7.930095174767309851e-02 3.967118147742049739e-01 2.562702396118060055e-01 2.618378042843039766e-01 2.351654310219939911e-02 2.086980240842339906e-01 2.572827753039910181e-01 2.489867396789519904e-01 3.228089123993340137e-01 2.654810246893640202e-01 3.461546849986820162e-01 2.931712580139499980e-01 3.953487254056979872e-01 3.808910130544849726e-01 2.820293204544960242e-01 2.910104645835029924e-01 4.650530356155009870e-01 4.479729142478510173e-01 5.669738474650449778e-01 4.791619537560090070e-01 4.935453417970540047e-01
8.488856410094629545e-01 6.801031161308069839e-01 4.211006502772730031e-01 5.186611963304199602e-01 4.647136870313730017e-01 1.390298788236550009e-01 1.000000000000000000e+00 7.561427935309710247e-01 5.541063486589300480e-01 4.064502610430960061e-01 6.139574420212120520e-01 4.381898442208160271e-01 7.938707625380959643e-01 6.042481989828240030e-01 5.940204492227999511e-01 4.289948730934480259e-01 4.358196582751340253e-01 2.296151403121620138e-01 3.361221695573399781e-01 4.330056624239719820e-01 3.642056752990049939e-01 3.207002341518330191e-01 1.836453870557289980e-01 -3.233378769883169662e-02 1.494952483242319996e-01 1.267674564839459950e-01 6.617470330701009651e-01 5.785343842959089766e-01 6.662127017201150414e-01 2.665206889376329769e-01 7.450875510961899595e-01 5.355988438257169859e-01 1.722763864976490158e-02 1.776327329790259868e-01 1.068953972578380041e-01 4.136609900435539999e-01 3.777197461839959872e-03 -1.261154509478140118e-01 1.942845302874610103e-01 1.953146804301630068e-01 2.809454313635740275e-01 3.421590137339879933e-01 1.946801306010209898e-01 2.173053223080179952e-01 3.006270632622229932e-01 3.643149975746399760e-01 2.221457360274050052e-01 2.600903216147740227e-01 2.747869104754819825e-01 3.917783546621460000e-01 6.326314959711889507e-01 5.396997854535230399e-01 5.788773666991080535e-01 4.460670950325980044e-01 7.069765405139799563e-01 3.633800869709880033e-01 4.811480919886960139e-01 2.920656468495140268e-01 3.393537066622039911e-01 4.932144974606559873e-01 7.448480563986610292e-01 6.236033852666460486e-01 7.059862280981720195e-01 6.080316793023250455e-01 7.762154867008550507e-01 7.056759780647390290e-01 6.984508558588560234e-01 5.701980544804919893e-01 4.737012681945479975e-01 1.668511371895700091e-01 6.175086203876489765e-01 5.269911644947460339e-01 4.028479072748130108e-01 1.959546072172949904e-01 3.682622593613230078e-01 5.142607432795559541e-01 3.135183745561540003e-01 9.175226532798480550e-02 4.314476704588520173e-01 4.081319710432940173e-01 2.983388885914460276e-01 4.731732571809070254e-01 2.715213336825940127e-01 6.075000946415259895e-01 2.924988223341020155e-01 3.911481701253459731e-01 1.268725353543909973e-01 3.852913564578769878e-01 2.425438586263750085e-01
7.366537572801480360e-01 7.491534092000079470e-01 5.249515937327540183e-01 8.084968811359729557e-01 5.719107553915100395e-01 3.527120188690159863e-01 7.561427935309710247e-01 1.000000000000000000e+00 5.107699418095480448e-01 5.946389996691879842e-01 5.070445571172550459e-01 5.952475296425759899e-01 5.721434145954800154e-01 6.932018247371629638e-01 4.820651108102260163e-01 6.295541198670779881e-01 5.271485365032010373e-01 3.956112130745069733e-01 5.137681469322700201e-01 6.690544947444889701e-01 3.332921631069860058e-01 3.656090075097990222e-01 3.027553949292279833e-01 2.606216769991470117e-01 2.592964576240299954e-02 1.423217320303130085e-01 6.454719199421989906e-01 7.109700589010470306e-01 6.317584848568930100e-01 5.062516344760550346e-01 6.983755775411479849e-01 7.123592372967340047e-01 -3.068774444202350057e-03 2.534852868686520155e-01 6.218270967102480090e-02 4.851522659142429861e-01 1.657854168051139943e-02 2.682605007187140005e-03 2.052764274233009889e-01 3.663377794908300178e-01 4.689862182100589805e-01 4.732199568032010029e-01 4.245137629332420004e-01 4.204900613833469913e-01 4.951701853287550081e-01 5.468405813711799679e-01 4.971338558164010157e-01 4.835351156147930096e-01 4.949684318061419730e-01 6.117312945339310470e-01 7.095655752861690369e-01 7.239245189734969665e-01 6.568848186271050160e-01 6.469830426102449739e-01 6.279954747519910230e-01 7.440259342880519711e-01 4.731718494175680134e-01 5.286344295023720496e-01 9.885282239042800234e-02 6.276230867013570247e-01 6.495978146940619702e-01 6.617670227697449725e-01 7.363739739909720416e-01 7.583837112974679551e-01 6.577282393545740291e-01 7.800975142244199745e-01 6.345567297590369860e-01 6.421545947708799940e-01 4.346073072304300067e-01 1.424087022224820032e-01 6.084446614556240363e-01 6.218738553978579997e-01 4.951924092487740015e-01 4.440744106234539856e-01 5.700148192967859906e-01 6.832991306321549718e-01 3.904825912449990111e-01 2.342921677429889993e-01 4.938510099392789954e-01 5.157878637239809994e-01 4.493229774558579748e-01 6.578503200354089975e-01 4.822739778915590136e-01 6.216949223432910454e-01 5.372744899480940139e-01 5.993074523297049483e-01 3.304692832344789943e-01 4.654388244589440227e-01 4.325907398717789842e-01
3.409339722817260054e-01 5.067089472463539579e-01 7.451745961187109524e-01 5.525856833806179758e-01 4.866985854862430072e-01 4.151799908904870162e-01 5.541063486589300480e-01 5.107699418095480448e-01 1.000000000000000000e+00 5.625887686808509480e-01 2.590158809483220081e-02 3.231463349653529993e-01 2.276862560447860118e-01 4.208680466146850208e-01 6.191441684217749986e-01 4.846949748063589802e-01 1.986141147020270004e-01 2.916545742504920158e-01 5.258324244248310242e-01 4.819522101232809885e-01 3.233286608524399974e-01 2.120417740958980002e-01 5.251335621514739982e-01 3.525120252437540236e-01 3.215609548161880160e-01 2.345188449764959993e-01 2.135470082802909952e-01 3.500869317418129900e-01 1.004896624930390059e-01 1.661148873394880099e-01 3.250403514054879817e-01 2.882361878314920189e-01 2.681907963942590234e-01 3.733934289433589737e-01 3.075506184896050210e-01 3.047722813877690173e-01 2.244382794337139997e-01 2.339814961745420030e-01 3.194709155973169956e-01 3.220213020919500124e-01 4.977885883554289959e-01 5.539698097814379496e-01 4.085100854977369855e-01 3.102815507509439907e-01 4.588775646536830122e-01 4.855847275679219810e-01 4.647039045444730232e-01 4.267194073397109766e-01 5.385810306032320360e-01 5.150709803897559613e-01 4.170488036873319926e-01 4.738171457792080266e-01 5.806897561645300021e-01 4.842223224654400027e-01 7.699562632827749997e-01 5.363356219788599777e-01 3.761550651647260213e-01 2.264836277247269936e-01 4.532774240696280099e-01 5.192600229447650317e-01 4.203942510972000224e-01 3.213556600671840235e-01 4.442858390367709909e-01 4.295047756590529842e-01 1.698270233195340040e-01 3.871394832134960051e-01 3.344146695723460017e-01 4.369440219641990142e-01 1.279277412815590098e-01 1.780334005022939925e-01 4.251772958003179892e-01 3.089702951093409866e-01 1.701709734446550104e-01 4.809878989431550234e-01 4.072005399634109901e-01 4.473372628978269927e-01 3.917680448391500092e-01 2.463512687179179872e-01 6.456293730614089954e-01 5.157981610994629706e-01 5.736993006739240508e-01 5.765204950759440505e-01 3.020180552336719781e-01 6.108057740010750525e-01 5.489653095347479805e-01 5.960351309970880473e-01 5.380318213456429799e-01 4.804178870059470086e-01 4.942696464705430004e-01
4.263631638170179983e-01 5.794196741810639928e-01 4.710106791647680202e-01 6.897171536950380544e-01 2.821842249403400116e-01 2.801364719125190028e-01 4.064502610430960061e-01 5.946389996691879842e-01 5.625887686808509480e-01 1.000000000000000000e+00 6.430202721229480098e-03 9.621182231846739374e-02 5.092222451900459829e-02 2.759202180558680273e-01 3.875134438001019976e-01 5.687961271172430333e-01 2.276591912530850081e-01 1.877596340803600050e-01 3.078550701888809749e-01 4.208114149786100211e-01 2.574867515782999772e-01 2.612413744096849788e-01 4.520531498492080247e-01 4.887537828822409725e-01 3.232696894257139908e-01 4.079053584812040167e-01 1.793722995191230074e-01 3.053138058223189844e-01 1.371373760809929954e-01 1.880632275454099944e-01 3.969757479764099983e-01 3.624967034341459726e-01 4.109731445787189741e-01 5.440256643412969551e-01 3.777379112676820250e-01 5.167785256978210118e-01 3.142150242952920225e-01 2.366917930860560071e-01 4.046758505785040261e-01 4.180797602705059735e-01 3.929637023171880239e-01 4.995073369867930047e-01 2.031611271773429983e-01 1.941134840610189982e-01 4.087008901213060041e-01 4.792487097858960099e-01 3.895724878287610271e-01 3.790033609173090179e-01 4.554896504601910201e-01 5.737917308705390296e-01 4.183445038440889996e-01 4.927119913049570199e-01 4.647543438491339995e-01 5.274070398606609533e-01 5.166247563733530335e-01 5.888773071787809510e-01 3.553137313530439767e-02 8.361180963844369596e-02 5.033906088912220023e-01 6.930917960781449727e-01 3.690447659291309912e-01 3.035307175024070103e-01 4.570621115607019780e-01 4.303300578122110087e-01 2.384614816407809867e-01 4.409180915611269902e-01 3.919232457700509986e-01 5.256511348553259966e-01 2.752540844957219734e-01 -4.789024904317210063e-02 5.159693595133639787e-01 4.134231377561329857e-01 3.238643952081869948e-01 5.849709432503650275e-01 5.112455208861900191e-01 5.592199219819460332e-01 5.633121386544049924e-01 4.918291799901229888e-01 6.431201372602339816e-01 6.738148162273670527e-01 6.297970183177800108e-01 6.816220025156759510e-01 3.180813752178690001e-01 5.182153226867399765e-01 4.176344469227860068e-01 5.181378969629120146e-01 2.645892206795930068e-01 2.613596410757439981e-01 3.696958705907429921e-01
7.425641205532009792e-01 5.560505482295500235e-01 4.388847691543359963e-02 2.815586489801170100e-01 2.823864094242439782e-01 -3.933475716381709675e-02 6.139574420212120520e-01 5.070445571172550459e-01 2.590158809483220081e-02 6.430202721229480098e-03 1.000000000000000000e+00 5.245892216118890339e-01 8.661206878924809782e-01 5.710097511447920215e-01 3.237603866332309788e-01 2.726187219581530097e-01 6.185409372857529897e-01 3.761185782332330252e-01 3.305683536816410029e-01 4.378896650831090032e-01 2.308430632063860066e-01 2.515817356387680115e-01 -2.346806627758159930e-02 -1.282195815954559892e-01 -8.736172261008100237e-02 -4.521525163356009819e-02 7.311040551044980518e-01 5.680038808103170522e-01 6.970572501667749998e-01 3.436451888628199725e-01 6.727999495771550542e-01 5.275549178399080441e-01 -2.277003048971970034e-01 -8.773077721705800636e-02 -9.001453054311339685e-02 3.021932700145240069e-01 -1.414428084247809914e-01 -2.703604016861340109e-01 3.073734682627329851e-02 1.275370044889700127e-01 1.707278752147159961e-01 1.733078827812550016e-01 1.793022412947019861e-01 2.588200098224370249e-01 1.912301128538549944e-01 2.218951008134640024e-01 1.548587616644719889e-01 2.051565483998729900e-01 1.673971148515530083e-01 2.711384476390559795e-01 6.288198237033589821e-01 4.776361352999810017e-01 3.660499976545750211e-01 2.969210812921320164e-01 2.154021380419769982e-01 9.386964619907209317e-02 5.641629717591040150e-01 3.999696241404029906e-01 -2.336072433754950162e-02 1.498552435791229986e-01 6.169831171684939664e-01 6.250613766662760362e-01 6.019643981722699877e-01 5.503629766049840111e-01 7.640995765236390236e-01 6.241535081871979473e-01 6.337537553221079811e-01 4.310387959986760054e-01 3.750613581355839998e-01 1.429837863378989882e-01 4.367674130572810065e-01 4.447538455656560030e-01 4.255173424577209929e-01 4.587003172726290129e-02 4.299159752411300106e-01 4.420018678509700094e-01 2.574246706130099982e-01 8.333953853221640062e-02 2.589197558814950173e-01 2.231938375086540138e-01 1.479370130105280012e-01 2.557208249647719978e-01 2.372815711114270032e-01 3.207832156494839770e-01 2.059740417633630083e-01 2.532895189484219989e-01 1.475778278324830009e-02 3.070884292703069951e-01 1.912726296096410039e-01
5.233631073255130550e-01 6.195463368749120070e-01 3.448249193812200075e-01 4.074234706345630230e-01 5.540703133040449924e-01 2.941430163944039888e-01 4.381898442208160271e-01 5.952475296425759899e-01 3.231463349653529993e-01 9.621182231846739374e-02 5.245892216118890339e-01 1.000000000000000000e+00 5.200760564804169928e-01 7.974709599955369654e-01 2.925032670721859906e-01 4.085390320847709922e-01 4.956630984599380008e-01 5.355062563589140234e-01 5.340070867398190035e-01 6.028172187315109509e-01 3.093980173476730267e-01 2.298051643708380054e-01 1.108456349560960064e-01 5.685177654362510297e-02 -4.126133410673660240e-02 1.173594681635410034e-03 6.515861097230150056e-01 7.686529987335329883e-01 4.250422727501400044e-01 3.881269583201599760e-01 5.319381404488080500e-01 5.934621754660599491e-01 -2.906701429650159763e-01 3.575457119737039929e-03 -5.094331843922039749e-02 2.139789558167780048e-01 2.236143208285649997e-02 1.468974748889390058e-02 2.176246902761869995e-01 4.091948973509439980e-01 4.531515597901299985e-01 4.874001231189439842e-01 4.977086206576770144e-01 5.093972664481469792e-01 4.038879622156599791e-01 5.451680811987199560e-01 5.535944830880960010e-01 5.641236687041849551e-01 5.216536030246710087e-01 5.649973271935659902e-01 6.678856643899190315e-01 6.630289771445969649e-01 6.285339232588700309e-01 5.671627301069089855e-01 4.000390815065930084e-01 5.475890082163580308e-01 7.224254726965010365e-01 7.966852054704619546e-01 -2.206817745895839900e-01 7.251959951831009332e-02 5.158670790282019469e-01 6.258943829794150204e-01 4.839831969050670257e-01 5.620003358269159977e-01 4.971209130332779891e-01 5.416869868236330321e-01 4.922848209958750054e-01 5.776632434383679460e-01 2.785500308881270204e-01 2.840379325437569769e-01 5.060022676781219531e-01 5.746194786729159620e-01 3.749713007630239847e-01 3.050885590803090186e-01 5.146807315182060361e-01 5.779306778654229593e-01 2.658288063818060043e-01 8.316454420444539808e-02 3.338437933858259821e-01 4.131186683883670274e-01 3.569512933652629894e-01 4.665378988898870039e-01 2.714387788660510004e-01 2.832883990058909784e-01 5.266793255875530377e-01 5.165483548399919522e-01 4.822603851755239979e-01 4.560156459804520224e-01 4.165274353711749811e-01
7.724141586188449926e-01 5.423957088277360228e-01 1.405035358025059911e-01 2.870180962089100007e-01 3.066617452610300165e-01 -3.890320577933609886e-02 7.938707625380959643e-01 5.721434145954800154e-01 2.276862560447860118e-01 5.092222451900459829e-02 8.661206878924809782e-01 5.200760564804169928e-01 1.000000000000000000e+00 6.600764468881470393e-01 4.843285835697739850e-01 2.958142632390239890e-01 5.008266605729150278e-01 2.476523641402680054e-01 2.535509809625919875e-01 3.494079511380109859e-01 2.160322231498680023e-01 2.251163729397709923e-01 1.881326596021079892e-02 -2.003803950513539933e-01 -9.693528480770949307e-02 -1.048233549536889964e-01 7.254098428881899929e-01 5.455223773963130407e-01 6.581094480233069532e-01 2.355819364560899909e-01 6.727067427959330104e-01 4.691979201723259774e-01 -2.202777476302860138e-01 -1.040508437211480064e-01 -1.203716377645040053e-01 2.592272305735179860e-01 -2.107563684558770023e-01 -3.441790639291240073e-01 3.339884484923039826e-02 7.391950793736580538e-02 1.319211408836349908e-01 1.293738989848479959e-01 1.267775378240250106e-01 1.818782208538120004e-01 1.252214859313119932e-01 1.645556868082060087e-01 1.038540301126539972e-01 1.547758716544579971e-01 9.310054072107329382e-02 2.166309695528320090e-01 5.748400490873339930e-01 4.369539862871669733e-01 3.998289463011139855e-01 2.605184979637830134e-01 4.340336066267460047e-01 1.530653486362870130e-01 5.890628365990180360e-01 3.737112489890649925e-01 7.574236324386460217e-02 2.148111719842389911e-01 6.279564998921419727e-01 5.549016811921919645e-01 6.126949057098880491e-01 5.328954166090890121e-01 7.970509246702579542e-01 6.434426109901220103e-01 6.174247103072519893e-01 4.324577456020879951e-01 4.430107196800979752e-01 1.039730262331819977e-01 5.102602016950209540e-01 4.661256059598620216e-01 3.935422326311400210e-01 4.519309461254290144e-02 3.455944551490680028e-01 4.310337742493829949e-01 2.060404840730709897e-01 -3.211426830983109965e-02 2.913175244770569994e-01 2.382475089361210108e-01 1.186162516446409992e-01 2.374940754683640132e-01 2.089857467309280126e-01 4.188772890730529941e-01 1.444483472313710104e-01 2.290372536386769964e-01 -1.400841210007439976e-02 2.849782314510410086e-01 1.020883804727420047e-01
6.622152022539800065e-01 6.529334692442649857e-01 3.715893350674420170e-01 5.317799020266630317e-01 5.174613461082869792e-01 2.005287075331690094e-01 6.042481989828240030e-01 6.932018247371629638e-01 4.208680466146850208e-01 2.759202180558680273e-01 5.710097511447920215e-01 7.974709599955369654e-01 6.600764468881470393e-01 1.000000000000000000e+00 5.123063572168240487e-01 5.581930305572030404e-01 4.486714056669759976e-01 3.368909612397399944e-01 4.488993584210150267e-01 5.718543572349460424e-01 2.757897191100600054e-01 2.758088679397289744e-01 2.580147693819210275e-01 1.830852845190630018e-01 2.437875688007840047e-02 7.789982409507099914e-02 6.560416765062859756e-01 7.063232423012250072e-01 5.424606859660390246e-01 4.235510597435849789e-01 6.607465970552629519e-01 6.151308903707990439e-01 -1.609788352166449943e-01 1.533336300450700018e-01 9.818430024652850460e-03 3.153327748794629848e-01 -4.312564697873420144e-02 -5.453259539259579930e-02 1.715850947501069979e-01 3.778098531672319793e-01 3.045661857379070026e-01 3.716186712693250183e-01 2.726814202445819735e-01 2.953480543237019806e-01 2.899765159041989837e-01 4.231084268832420170e-01 4.022990484621890017e-01 3.782275600761160206e-01 4.072206499344570019e-01 5.103629690574800204e-01 6.630915575414410013e-01 6.148844341002179803e-01 5.741065590237780514e-01 4.379305369716440244e-01 4.619060145365930237e-01 4.925112550503690234e-01 5.866470136766610555e-01 5.585608993463420102e-01 1.667186551208539938e-02 3.382648545430450016e-01 5.245644132855089570e-01 5.415883328195509883e-01 6.059900547967900231e-01 5.999110915128830213e-01 6.635454941804890261e-01 6.941739837963849524e-01 6.277704467871649818e-01 6.521142536835790038e-01 2.755063875954960051e-01 2.091696539404749866e-01 5.735913416207140125e-01 6.420841805661460233e-01 3.622782814380989813e-01 3.260733343167370180e-01 5.429513453735840267e-01 6.667472418128049805e-01 3.606308272337619969e-01 2.018066792808740073e-01 4.346002796775830235e-01 5.199264682780959657e-01 3.648187579689000093e-01 4.852750896873669895e-01 3.134560676539229762e-01 4.458313824097570044e-01 4.387748025069190261e-01 4.862530780051779744e-01 2.745574727544379812e-01 3.542219608578400236e-01 3.081388566814889929e-01
4.602927940664450213e-01 4.215661419833530155e-01 5.569843406530360364e-01 4.936164038805380128e-01 4.150168929495550163e-01 2.778452654954670087e-01 5.940204492227999511e-01 4.820651108102260163e-01 6.191441684217749986e-01 3.875134438001019976e-01 3.237603866332309788e-01 2.925032670721859906e-01 4.843285835697739850e-01 5.123063572168240487e-01 1.000000000000000000e+00 7.330120604440030219e-01 1.285610054311860095e-01 1.263943002210730082e-01 4.338805381893899860e-01 4.344374288696229991e-01 2.937973529653499782e-01 3.006011535799810175e-01 6.348818210671249851e-01 3.958063757732470100e-01 4.131537034051899759e-01 3.434656925428810070e-01 3.034438795484900031e-01 3.754284378383950238e-01 3.636789538921320064e-01 2.865084187110260028e-01 3.820729173441380078e-01 2.475271764020960108e-01 2.940521998169779994e-01 3.351800847371469994e-01 2.733856273888419786e-01 4.037746675459290002e-01 1.599571740643729867e-01 8.851988018514450607e-02 1.845554853916450133e-01 2.472788641260280085e-01 3.574720797945559747e-01 3.691418151705659900e-01 2.934234128915850226e-01 2.329983780700380092e-01 3.718749743155529974e-01 4.196395443035009776e-01 3.517083295078620164e-01 3.363516145201160268e-01 3.670539181287399977e-01 3.696917000998800051e-01 3.241983498574160238e-01 3.686685092821089804e-01 4.762653195295279973e-01 2.908224328800729785e-01 5.512339629593280277e-01 2.779250299387699963e-01 3.103129990501800051e-01 5.699013853226379822e-02 4.701788993999290178e-01 4.869925462757530021e-01 4.009207819090669922e-01 2.207744772694389956e-01 4.644695756579029777e-01 4.411746183162679746e-01 4.543723210832960047e-01 5.288691736985340341e-01 3.898902272100630007e-01 4.048042062949759878e-01 1.869478468175060082e-01 2.584431269158919964e-01 4.240614897973830066e-01 3.547825528545430207e-01 1.482546631852570129e-01 2.454305868308830074e-01 2.936820728719730100e-01 3.536901990439300092e-01 5.043678607784579659e-01 3.534733312028739971e-01 6.668814087808490054e-01 4.871437294143959873e-01 4.735140981804589755e-01 4.546435846279139881e-01 2.702462297865240171e-01 5.690693916143659825e-01 3.619198368176250180e-01 4.557676173367740113e-01 3.136427498447009743e-01 4.342798507181679923e-01 3.579666893862070154e-01
4.460140133593680223e-01 5.244871214585290486e-01 5.122889257250280437e-01 6.937798021679839611e-01 5.483521592313079784e-01 4.260324874745810009e-01 4.289948730934480259e-01 6.295541198670779881e-01 4.846949748063589802e-01 5.687961271172430333e-01 2.726187219581530097e-01 4.085390320847709922e-01 2.958142632390239890e-01 5.581930305572030404e-01 7.330120604440030219e-01 1.000000000000000000e+00 1.846636540760130119e-01 1.679068877664559867e-01 4.764885446829379978e-01 5.662680447921170090e-01 3.522101755283930102e-01 3.910038664709900025e-01 6.262116591986920389e-01 6.091279299686519488e-01 3.211616315787529929e-01 4.207690415994039812e-01 3.200384904001399855e-01 5.053442706631650072e-01 3.833383152893239942e-01 5.067598664948840259e-01 4.355556689919790059e-01 4.280383660422619752e-01 3.166827058891270030e-01 4.817723782965490087e-01 3.143710433842760166e-01 5.418559283447770270e-01 2.717346996321770014e-01 2.602871362968209867e-01 3.129346702763580179e-01 4.989777107058550043e-01 4.418064320729460093e-01 4.616750598943050177e-01 3.554255319234310151e-01 3.212354228444940230e-01 4.851572878733800276e-01 5.659058037655230189e-01 4.966003736082599818e-01 4.724347160628010189e-01 4.884766669452910159e-01 5.229220075031310033e-01 4.099003983732940060e-01 5.186287625983450056e-01 5.008287969593160360e-01 4.746969686940509803e-01 4.332038680723069857e-01 5.307710288614929661e-01 2.712291549857899775e-01 1.916448077828920016e-01 2.983796631993220205e-01 5.728528433997109870e-01 3.657536625725330004e-01 2.907083305316440214e-01 4.792318226499289735e-01 5.176151854898010107e-01 3.596413074570620205e-01 5.588945515666440267e-01 4.190918948851459769e-01 5.269292221016920186e-01 2.560997156254219975e-01 1.622293941080900082e-01 5.000345303632189875e-01 5.221218303634319602e-01 2.765286154063130164e-01 4.204458836452800163e-01 4.853300132204759754e-01 5.854230613372960468e-01 6.641099192890690395e-01 5.775647644677469605e-01 6.968602244930229839e-01 6.687309117730360075e-01 5.877129271870480398e-01 5.813652882605689909e-01 3.618148467426620107e-01 5.149106084983700038e-01 4.532190095819559894e-01 5.458981857147550132e-01 3.623338944422619945e-01 3.737968171949809792e-01 4.096755948694750238e-01
6.061490713077229975e-01 6.669885846944469954e-01 3.241948322064390209e-01 5.120899560025470310e-01 3.477368526611580024e-01 8.662212165543960174e-02 4.358196582751340253e-01 5.271485365032010373e-01 1.986141147020270004e-01 2.276591912530850081e-01 6.185409372857529897e-01 4.956630984599380008e-01 5.008266605729150278e-01 4.486714056669759976e-01 1.285610054311860095e-01 1.846636540760130119e-01 1.000000000000000000e+00 8.042963257996770254e-01 6.040699084906420158e-01 6.595598523814399927e-01 3.028658009511839833e-01 2.630853405759570052e-01 9.568346228870780457e-02 1.124751144009839970e-01 -5.651093191287760026e-02 4.117455556029819830e-02 7.323418520520379449e-01 6.453547897277269740e-01 5.339464492679919516e-01 5.175763669765599539e-01 6.438049624479760258e-01 7.129484527436189545e-01 -5.437575807489689744e-02 4.819223751055159988e-02 1.067059825278170032e-01 4.491578768216080153e-01 -2.316988692068249964e-02 -1.028276565600109993e-02 2.967024250085629755e-01 4.511115631676340110e-01 4.510723630800619888e-01 4.482981513015680264e-01 4.341757293505150161e-01 4.702913613025669903e-01 4.362834548608299778e-01 4.308615682552199844e-01 4.331584385303349771e-01 4.378579656422170174e-01 4.860583385924299726e-01 5.340610460368330203e-01 7.504425895056200391e-01 6.654272194866730494e-01 4.841291527072260070e-01 4.975279468275810024e-01 2.186592063156919952e-01 2.618636382236569915e-01 5.998133827732180512e-01 6.088364033186729474e-01 3.656233980200079836e-02 2.632314887783340218e-01 6.629620467312089538e-01 7.583002448545159702e-01 6.906231974343910451e-01 7.028466059565670054e-01 5.609406246967439946e-01 5.634904673924649998e-01 6.170072197299759642e-01 5.396895516645100477e-01 3.200773177896260036e-01 7.302981803763869406e-02 4.732235587243299735e-01 4.530556080041550082e-01 7.070127809309050271e-01 4.888163668860510125e-01 7.462107515235200106e-01 6.382606036933510252e-01 3.385411385510099791e-01 2.376659130773290107e-01 3.557512860878460081e-01 3.907804784819099986e-01 3.734568950361660256e-01 4.384537648788269792e-01 4.233711429574310015e-01 4.457619669172530052e-01 5.361648650199589694e-01 5.536288955696430092e-01 3.662419509281300001e-01 4.749631889235469973e-01 4.864737073733639838e-01
