1.000000000000000000e+00 8.132060301447230355e-01 6.696048301980419559e-01 6.430932377055640359e-01 3.806703259155579944e-01 2.484433404117369903e-01 5.719067985456229852e-01 5.894534975358339812e-01 2.528836104901360238e-01 2.825857059453770193e-01 7.194165482408459988e-01 6.546120522384429874e-01 4.752983680870149774e-01 3.135073694206290118e-01 3.368894349164719970e-01 3.084602066917729868e-01 6.822040301090720460e-01 6.234203593018510237e-01 7.324545966973869948e-01 7.711747640992270281e-01 2.397448118835759923e-01 1.712065525048790116e-01 5.687624312916850222e-01 5.081347644471240210e-01 1.669088606175820055e-01 1.801920048642459971e-01 5.230484305625020536e-01 4.922853086401060008e-01 2.625412254080550234e-01 3.049356611081039947e-01 5.198812564917879575e-01 5.080015749330030195e-01 2.647882680571400082e-01 3.046483513272489896e-01 3.081529810263329838e-01 1.831319078258960009e-01 9.192134747463040489e-02 1.616739230582369957e-01 3.502126162652789976e-01 3.356541319907169751e-01 5.727912841034900060e-01 5.173253468135610156e-01 5.457888829687219667e-01 5.145071584952679578e-01 5.978602577058119705e-01 4.932008325111659763e-01 3.415564262100569959e-01 3.160777183680310021e-01 3.764059732420290127e-01 3.471471544298300183e-01 8.682229653063080477e-01 8.076232258339159920e-01 5.949432741985289930e-01 5.372350942543030472e-01 4.101124779210360005e-01 3.149829418671610259e-01 5.705541422302899957e-01 4.352256447679119788e-01 7.583240852439569746e-02 2.182335430845890045e-01 4.996381514637009968e-01 4.210629596467190261e-01 8.028516799085579914e-01 7.474176107578269779e-01 3.802012779280830035e-01 3.601357102731330140e-01 3.435369905190029938e-01 2.338648363406740094e-01 1.855144474686979961e-01 2.639640229114740277e-01 3.256164885496700134e-01 3.342880096188239891e-01 5.064957043485680543e-01 4.911583924756199870e-01 5.713174766022820483e-01 3.916548278095129954e-01 2.676791966421980251e-01 3.066572079620100144e-01 5.195290308880839980e-01 3.522753211410549756e-01 4.441554056290479835e-01 4.795711598720420188e-01 2.392474673671280139e-01 3.408498337755589969e-01 3.069005423731400173e-01 3.922391310595340075e-01 3.890447147011639739e-01 4.189572278289530050e-01 2.963713948870799753e-01
8.132060301447230355e-01 1.000000000000000000e+00 4.604260583569310117e-01 4.758951105440950013e-01 2.232289916130029972e-01 9.484754595675060074e-02 3.517226956334559840e-01 4.344234530668040217e-01 1.080665843791910052e-01 1.572321175782440128e-01 5.479233099891049896e-01 5.525513579823190247e-01 3.226103998002080031e-01 1.883065659271349890e-01 2.149177255895740046e-01 2.028333381080290043e-01 6.625452570509620109e-01 6.901383290844800289e-01 6.085367014480990155e-01 6.980405459704129845e-01 1.230714378312850049e-01 9.932044068874990028e-02 4.348846207979389922e-01 3.768649122203939772e-01 8.946548149503540104e-02 9.524242732879610596e-02 4.226213657586089800e-01 4.920716951991340182e-01 2.095453248536900126e-01 2.418685619537790099e-01 3.885955591997949932e-01 4.432245278922740117e-01 1.421631127535769867e-01 1.795536971315229990e-01 1.294478934471000042e-01 9.782729510983929899e-02 3.914765271130649787e-02 1.071961311916840021e-01 2.972063940003629723e-01 2.204625781242340044e-01 4.253214315476470109e-01 3.801684930092220083e-01 4.320116239425639826e-01 4.355303266296359777e-01 4.801455566505359873e-01 3.915043349789240068e-01 3.113928643522069772e-01 3.012549677347490240e-01 3.260907826994929870e-01 3.060672616051580142e-01 7.383266993512389575e-01 8.059614207420220389e-01 4.255429139483760115e-01 4.394614028206790257e-01 2.224935557746209880e-01 2.582091747699880036e-01 4.308592855812160005e-01 3.911033557657179749e-01 -2.395128061896099891e-02 1.498911255455769864e-01 3.471727731195710098e-01 2.973855985335099872e-01 6.351924269029769476e-01 5.949836690597729572e-01 2.799164707936270258e-01 2.696686563654879798e-01 2.204169156457279899e-01 1.701947070642310100e-01 2.016953326167139904e-01 3.194009594580730083e-01 2.957984110257120269e-01 3.139081810197419942e-01 4.380455101992880018e-01 5.121818376104939619e-01 4.816683808025449820e-01 3.391268897938329863e-01 2.141551189754780093e-01 3.057093554724220064e-01 3.852516416840979785e-01 2.749159978072169830e-01 3.352637579515759803e-01 4.088582856109910235e-01 1.864501384785069993e-01 2.473446781983180132e-01 3.280239143440650262e-01 3.431772551117129866e-01 3.545062876135319785e-01 3.090447657458429975e-01 2.494625105231410012e-01
6.696048301980419559e-01 4.604260583569310117e-01 1.000000000000000000e+00 8.980081535541140081e-01 5.942745913614939646e-01 4.413512631441359746e-01 8.900449054661080384e-01 8.292732823170140266e-01 4.791248850675409732e-01 3.426525589373760061e-01 5.465980582917170372e-01 5.369534264624520326e-01 4.693931408127030025e-01 3.086686264889489939e-01 2.856619059606380073e-01 2.638549010762640257e-01 2.930365044025259880e-01 2.942884530695860090e-01 6.536614589225989702e-01 6.380991108908029563e-01 2.694590265627099801e-01 1.907282661944149915e-01 6.910803615985440240e-01 6.489239735260029507e-01 3.257745553322830001e-01 3.084556944945560097e-01 3.914177283322590184e-01 2.511959528084050097e-01 3.138914311547120195e-01 3.783785373936059959e-01 5.654256341636130223e-01 5.681164741558529796e-01 3.882404337213600232e-01 4.049566571857610153e-01 3.137367014920420250e-01 5.179205788324049708e-02 8.700370012445210466e-02 -9.041707953477250148e-02 1.342089180246499869e-01 1.918705887241649866e-01 4.029831267230850056e-01 3.372184198112549991e-01 3.870714631743999989e-01 3.259207471259720212e-01 4.559254009653609940e-01 3.740199327446280253e-01 2.033687634105849906e-01 1.747235001019679934e-01 2.707477057020190037e-01 2.358984979008910132e-01 5.678029061586189474e-01 4.908500042933349738e-01 5.734385099825689558e-01 4.717141032108910226e-01 5.911458219834569983e-01 3.955145741051879771e-01 4.135377738887099919e-01 2.430601682655539886e-01 2.753930897581610138e-01 4.020042592642369961e-01 5.273872885948339695e-01 4.702246971203030146e-01 6.390131919128539950e-01 5.963191387921510378e-01 4.134218250111290072e-01 3.522080087017410155e-01 3.408468349019579957e-01 1.203380093637679976e-01 1.707989638287679968e-01 2.200609309169919980e-01 2.885586201054720079e-01 2.679692429208759830e-01 3.268185427819170208e-01 2.048629310474759935e-01 3.412607224976820230e-01 2.297503734859230040e-01 6.394842069063699785e-02 5.338679933847619713e-02 4.254691133815329818e-01 2.806312352685140232e-01 4.132686348816549948e-01 3.648978538500560198e-01 3.296873748123609893e-01 3.432514647579070211e-01 2.268297304265380065e-01 3.405942524882100142e-01 3.821191815775479839e-01 4.075395220290090048e-01 2.861804777704169966e-01
6.430932377055640359e-01 4.758951105440950013e-01 8.980081535541140081e-01 1.000000000000000000e+00 5.810642650319659541e-01 4.555840946921539958e-01 8.274531874953550137e-01 8.887995809756820131e-01 5.555836030183529672e-01 3.731746777199330123e-01 5.219293666289880340e-01 5.876919910772050448e-01 4.337233100655170093e-01 3.528356248966469932e-01 3.328007121544280245e-01 4.021410883571350237e-01 2.779860879659160067e-01 2.789146501212920182e-01 6.693646131899699814e-01 7.301700688990390153e-01 2.877565422267640005e-01 2.178980600455580063e-01 7.229105975406889817e-01 7.640435224083079735e-01 2.534624947773779780e-01 2.770034290045410019e-01 4.380749554811360080e-01 3.404189025410250258e-01 3.788269749114079876e-01 4.465051548380850055e-01 5.773315251580040108e-01 6.537657230870500547e-01 3.464367979334059822e-01 4.231006809937409852e-01 2.608798185499719979e-01 1.174898385367840054e-01 1.472307408024229880e-01 -1.380449421750750034e-02 1.673132336371989937e-01 2.033015280692420101e-01 3.128420425451249876e-01 2.629003690386860215e-01 2.963223918689010250e-01 2.529508644456889832e-01 3.491195490379490063e-01 2.703836647931709969e-01 1.353040002206500059e-01 1.475682148312729980e-01 2.027084227432129904e-01 1.811319252709910066e-01 4.792801077023339795e-01 4.339050860916179864e-01 4.512471841260030092e-01 4.300825951195659802e-01 5.202636665000479610e-01 4.726512468227480057e-01 3.780351134865599927e-01 2.448247491072050031e-01 2.311495456088600020e-01 4.929699629068809985e-01 4.228632011635439780e-01 4.556977628003139880e-01 6.169317050105519451e-01 5.774996624424709735e-01 4.005154142912740189e-01 3.257840518385130002e-01 3.216503818856499830e-01 1.971279875599399878e-01 1.124797830585940045e-01 1.899003077875059953e-01 3.115944995113449911e-01 3.004130762601989746e-01 2.530922151958099886e-01 2.737073889199860277e-01 3.007300060593470215e-01 2.674648026117890098e-01 1.189929901582899990e-01 1.538642107323610064e-01 3.480701884847219874e-01 2.716385979052020061e-01 3.954426148987150169e-01 3.961819124155370186e-01 3.446872909689490116e-01 3.201822290503060220e-01 2.246218462293710083e-01 3.194516156168529797e-01 3.358146196904520098e-01 3.425037594241679972e-01 2.597620856718810267e-01
3.806703259155579944e-01 2.232289916130029972e-01 5.942745913614939646e-01 5.810642650319659541e-01 1.000000000000000000e+00 3.946562248350540258e-01 6.071482986660650116e-01 5.502483108056129835e-01 6.199271448231700177e-01 4.020668972635250138e-01 4.322943482303919782e-01 4.311494381247309993e-01 3.552405264900420079e-01 3.260095955326610118e-01 4.663819372630880200e-01 4.195800185593149823e-01 2.677122986390529924e-01 2.888334789819840265e-01 4.039146687629029953e-01 4.152693495004459723e-01 2.160565836800069917e-01 2.208114751470749981e-01 6.148851546369560328e-01 5.626161271228600214e-01 2.811347286738339890e-01 3.388091346739169896e-01 3.418378396497169791e-01 3.277273164671040129e-01 3.443111597320410167e-01 3.420596852876889860e-01 4.907322216924199787e-01 4.727729922775469884e-01 2.139598338052129955e-01 3.059365572350969953e-01 1.570240191254589912e-01 1.031426981797390063e-01 2.446245237328280031e-01 6.594274011925700674e-02 6.423941064426999525e-02 9.010671126038999335e-02 2.999922771528860110e-01 2.633264248562650067e-01 2.277301036424289882e-01 2.499515051208509864e-01 3.385492502981030105e-01 2.723946820939239788e-01 2.069810256608489996e-01 2.414677143379629909e-01 2.674735381085769914e-01 2.262998790650259939e-01 2.918103396542660044e-01 2.798031614868600192e-01 3.780826177158230217e-01 3.555312953560729738e-01 5.174091890144359995e-01 3.803165413520919746e-01 3.780629115999030176e-01 2.605569301420129769e-01 2.726880356943169881e-01 3.648171259799379840e-01 3.734884493617049994e-01 3.229312181087830025e-01 3.815183222783469774e-01 3.748716898133799824e-01 2.527097132866459872e-01 1.965787821032010108e-01 1.172426779869489982e-01 2.115047969717339955e-03 1.082985065758390077e-02 9.085506957473729606e-02 3.961962336763820147e-01 3.858251981989980206e-01 2.671527686585890016e-01 2.740859908903169884e-01 3.010504333243940178e-01 2.799778055460039883e-01 1.204450169365390011e-01 1.501133110257819869e-01 3.916725097973959846e-01 2.526021882660379747e-01 4.504965332388530252e-01 3.822492799963320143e-01 3.485844232655430086e-01 3.752381252029080017e-01 2.968551450986349760e-01 3.574890680680309907e-01 3.125856475252120070e-01 3.529437220299280198e-01 2.853417741572060184e-01
2.484433404117369903e-01 9.484754595675060074e-02 4.413512631441359746e-01 4.555840946921539958e-01 3.946562248350540258e-01 1.000000000000000000e+00 4.515470977892410143e-01 5.026110878260190429e-01 4.143245955459279872e-01 5.979965912906980430e-01 2.422079841340570028e-01 3.337167384376419910e-01 3.098889862180589927e-01 3.526808346543590100e-01 2.523960765683109786e-01 3.636834373021540223e-01 1.049036430481520010e-01 5.028534265292949890e-02 3.411130549066210271e-01 3.204076315401970243e-01 1.427138987874120024e-01 3.711954046781030248e-01 3.235753885907040051e-01 4.298324599419999781e-01 4.738572028431700112e-01 5.245006651398760322e-01 4.016488023333539825e-01 2.208422540310260029e-01 3.726888061860230139e-01 3.190215069373339984e-01 3.638022883336750057e-01 4.247767993106439932e-01 2.696727518389879785e-01 2.894006935892470267e-01 6.994192675116470137e-02 -2.249966901210120052e-01 -7.381210465996659864e-02 -1.646543573798960047e-01 -2.979835644525309982e-02 8.562371381838370862e-03 1.997925873403519903e-01 2.042387634095929883e-01 1.595164644576199942e-01 1.653269891830760063e-01 2.153468863125340138e-01 1.323534785833899996e-01 -2.419653584731859888e-02 -3.892491860707950058e-02 1.102124108852289980e-01 7.002003173014420545e-02 1.554671637854420085e-01 9.829131859437649499e-02 1.601099436540260046e-01 1.750217178838839871e-01 3.835663481991870016e-01 3.467261485532039944e-01 2.359287738425389913e-01 1.442817850232160082e-01 1.812833222603980055e-01 2.246677519715289950e-01 2.009039811236489892e-01 2.190662397985140009e-01 2.559944460760780194e-01 1.820525582084870087e-01 9.247583955373299414e-02 6.170385614065569679e-02 2.068103618246210085e-01 2.604122277978659916e-02 1.606547179800670022e-01 8.643177511080410436e-02 1.604116525304520036e-01 2.384274785029560084e-01 6.056575334812289851e-02 9.781162739376320081e-02 1.024814963450309951e-01 8.285241933778539347e-02 -9.567952143810619370e-02 -5.670415252946429951e-02 1.732355573944719951e-01 1.081318640554859989e-01 9.056258968868860504e-02 3.514790427850360277e-02 8.789460271184580675e-02 6.886182801038130685e-02 5.861428044963609696e-02 8.524505142318540563e-02 2.323240535374019866e-01 2.539882885757699937e-01 1.685530570199199885e-01
5.719067985456229852e-01 3.517226956334559840e-01 8.900449054661080384e-01 8.274531874953550137e-01 6.071482986660650116e-01 4.515470977892410143e-01 1.000000000000000000e+00 8.337060602015540223e-01 5.542154908422990411e-01 4.320163794683800074e-01 6.138521761875439520e-01 5.081797943368989712e-01 5.665840903459380407e-01 3.971065848014669886e-01 3.905575200547570236e-01 3.441422785286389896e-01 1.960986444362609882e-01 2.170970174332030045e-01 6.047574782658420300e-01 5.547586847915200181e-01 2.239551427317220123e-01 2.276192972034400130e-01 6.964263969380819486e-01 6.002767514265869853e-01 3.348234751088720040e-01 2.922660178711580237e-01 3.426072458464620163e-01 2.509709341212290057e-01 3.379018806110519746e-01 3.758014067800860003e-01 5.482161743349559524e-01 5.751107750399789831e-01 5.146884081994550497e-01 4.728939961829209948e-01 2.406732315096209995e-01 -2.417085767115929873e-02 1.677408965050439932e-02 -9.441227166422380690e-02 2.236350507206880112e-02 9.719936810302250152e-02 2.844470392762379896e-01 2.089953782932089943e-01 2.818268159890069957e-01 2.149611709827609907e-01 3.469521533438360006e-01 2.578726706819199910e-01 9.982759895006329542e-02 9.647344553451479843e-02 1.476469112371160131e-01 9.627749716584679818e-02 4.158592482211310171e-01 3.309054443915970256e-01 4.497010408933340142e-01 3.455039335921040178e-01 7.262786002026470067e-01 4.900156607496570227e-01 3.551327657448840047e-01 1.559111214474850071e-01 2.818347108828629932e-01 4.351497672242919945e-01 4.288887522506050209e-01 3.347116364046689996e-01 4.850274929982150152e-01 4.657395959528100038e-01 3.891710086510900002e-01 3.321383951683529734e-01 3.600420281799530109e-01 1.898170154299829993e-01 1.217748778688240024e-01 1.894668800125710040e-01 3.585587021839080069e-01 2.619973071197370107e-01 1.863767803315810045e-01 1.539999550829370123e-01 1.911470408118199904e-01 1.220543838140529941e-01 -5.615708931993020070e-02 -3.514841917588479997e-02 3.555693946121549764e-01 2.141084842726929949e-01 3.525385346415539911e-01 3.030594980800659921e-01 3.768491826430809821e-01 4.125548822214529787e-01 2.519414212367029893e-01 3.425597848924469835e-01 3.470917384075909995e-01 3.653806061356539847e-01 2.599743096460490066e-01
5.894534975358339812e-01 4.344234530668040217e-01 8.292732823170140266e-01 8.887995809756820131e-01 5.502483108056129835e-01 5.026110878260190429e-01 8.337060602015540223e-01 1.000000000000000000e+00 5.612216357838140102e-01 4.895219298856109957e-01 6.364788524396369773e-01 7.440798370588570521e-01 5.786063611598150080e-01 5.523237721918270449e-01 4.614616132221829869e-01 4.931176824255080193e-01 3.065181480430460015e-01 3.178994009455169967e-01 6.598396859868590481e-01 6.832010220053610361e-01 2.609970895094460008e-01 1.799523991839759862e-01 6.640382335992369711e-01 6.869716164184229701e-01 3.509421683249540069e-01 3.459244160202070151e-01 5.297974782002770056e-01 4.122625335682609804e-01 4.867499569875720078e-01 5.405826905737229904e-01 5.968584454461529631e-01 6.982178273185329909e-01 4.110321543587079907e-01 4.832781405435550015e-01 2.233239466493610048e-01 8.075499181013690020e-02 1.520612020015099930e-01 4.296350221799179886e-02 1.260259136544840119e-01 1.754201817663610108e-01 2.797395015893859860e-01 2.205261989200369976e-01 2.642308837835309898e-01 2.535771458628610087e-01 3.416115758923830015e-01 2.381825690966430098e-01 1.623129382828359946e-01 2.122575564152769934e-01 2.390255522574840086e-01 1.983848888972220004e-01 4.396246230079859929e-01 4.005834118697220170e-01 4.655318049600650210e-01 4.698752500481739869e-01 6.498493154522879678e-01 6.831566355593550188e-01 4.440465177308309808e-01 3.628955247258849881e-01 2.072325555174170109e-01 4.545630050063810268e-01 3.994518734737860233e-01 4.164357518283889892e-01 5.373005740011019826e-01 4.872714262050670264e-01 4.471658132551000198e-01 3.919679738549919912e-01 4.320656213961999725e-01 3.083941470767430082e-01 2.509618684547990086e-02 3.116811329444940104e-01 4.427511155150259947e-01 4.431043967167900277e-01 2.240213043459149955e-01 2.758150218113599728e-01 2.989230843259529924e-01 2.608361129716220139e-01 8.585526160850739941e-02 1.646869618243279876e-01 3.575572664260109890e-01 3.041836333429959738e-01 3.758937401458959937e-01 3.781670451254390275e-01 3.895634939354239989e-01 3.180509004218530222e-01 3.245709607585000045e-01 3.733835178016070011e-01 4.461810274688319811e-01 4.325617161334759930e-01 3.463669904906250263e-01
2.528836104901360238e-01 1.080665843791910052e-01 4.791248850675409732e-01 5.555836030183529672e-01 6.199271448231700177e-01 4.143245955459279872e-01 5.542154908422990411e-01 5.612216357838140102e-01 1.000000000000000000e+00 5.959152798515779947e-01 4.734849055593949863e-01 4.545644248437630264e-01 4.943058898470940044e-01 4.596712751155510035e-01 5.385536380539409640e-01 4.571136092899170111e-01 1.897544750949169967e-01 2.858412563555839947e-01 3.319257612707829930e-01 3.349244352188789908e-01 2.528795776555530228e-01 2.097608272837070131e-01 4.357628295524100248e-01 4.944605659660920027e-01 2.104449832949260024e-01 2.194984534890060124e-01 3.090821131759149965e-01 3.363157191498439835e-01 2.872000679613069818e-01 2.439692094950270118e-01 3.861523393699139994e-01 3.952522731234759945e-01 1.634736058309819995e-01 3.487880087970209875e-01 1.296970115721519934e-01 1.579561549446459878e-01 2.150293807745149999e-01 5.670627430090519755e-02 -3.679347183020330141e-03 1.500971740886589967e-01 1.922432372518760035e-01 1.391547615353669887e-01 1.375591359364509991e-01 1.556648815717890100e-01 2.573682845519990048e-01 1.540378556330609938e-01 1.627318218882619905e-01 1.884401018403210060e-01 2.954240433992790238e-01 2.386871849741999951e-01 2.325464814895200072e-01 2.273849491902890096e-01 3.224155033485530120e-01 3.008722798650529939e-01 5.537232921610000247e-01 4.676991813241500040e-01 3.320834911660769939e-01 2.601068091703799823e-01 1.473249996819580021e-01 3.754839915519759819e-01 2.898333250603910005e-01 2.359014590634370134e-01 3.089429479731239936e-01 3.466169383158759776e-01 3.134020905976739879e-01 2.443724201685990027e-01 2.951638936527359869e-01 2.022561768481110078e-01 7.146608857374370238e-02 2.574300172076610105e-01 4.326752153091250053e-01 4.300493357769690217e-01 2.213767372460100080e-01 2.537062268673589971e-01 2.479290218173499927e-01 2.799457814171820158e-01 1.097366528613010067e-01 2.552192590322279742e-01 3.343505802896140078e-01 2.873013133335909908e-01 4.883931326881910118e-01 4.389361779851739809e-01 4.096995309467960089e-01 4.283298850876929853e-01 3.853306046440099775e-01 4.498133262101899899e-01 3.448571031215399985e-01 3.292329743861769908e-01 3.655109668228639919e-01
2.825857059453770193e-01 1.572321175782440128e-01 3.426525589373760061e-01 3.731746777199330123e-01 4.020668972635250138e-01 5.979965912906980430e-01 4.320163794683800074e-01 4.895219298856109957e-01 5.959152798515779947e-01 1.000000000000000000e+00 4.705169680681359767e-01 4.464476463964670017e-01 5.577500120468380507e-01 6.352788137595739570e-01 6.522157115066570254e-01 6.567707513755429716e-01 3.331718307607869911e-01 3.560944389055700210e-01 2.007261202091369934e-01 1.932486174453529881e-01 3.074084311349100096e-01 2.827388844538359924e-01 3.998802972559949986e-01 4.405517954622309995e-01 4.619198781491519745e-01 4.622448025948059924e-01 3.591447573078149769e-01 4.020497536406870132e-01 4.271715936286820114e-01 4.127905366318609937e-01 4.845768665259129748e-01 4.708821653645430261e-01 3.821917606188530159e-01 5.309825069956699561e-01 1.545942662651670074e-01 1.623215646871029871e-01 3.420756219465930226e-01 3.411204267575410065e-01 1.563596885865050079e-01 1.703034666791500007e-01 4.224023397967169857e-01 3.527098480776950096e-01 3.766156985938490243e-01 3.800739509997480003e-01 4.308465122127370095e-01 3.354094585624660119e-01 2.862203447280409763e-01 3.269330707548450121e-01 3.905324883971070249e-01 3.175303563030649756e-01 3.046969149678520061e-01 3.052757250188519733e-01 4.227146392111230111e-01 4.483192619252249767e-01 6.375618683212459503e-01 6.010973760131319565e-01 4.142365401807099889e-01 3.615776095852720196e-01 4.172882251629480010e-01 5.168475156785089508e-01 4.771869388265490008e-01 4.189828438027999868e-01 3.191271867449569921e-01 2.388181299038669991e-01 2.898486691792520054e-01 2.577230993852949736e-01 1.733315230419930075e-01 2.736486907347829844e-01 1.236909389638760071e-02 3.728890169050860237e-01 5.608645627221969798e-01 6.159934012494500122e-01 2.876150607253020186e-01 3.720081395596239737e-01 3.681163962521860067e-01 4.116420319297570130e-01 1.288852007872439975e-01 3.333567499424959779e-01 4.573044884702909818e-01 4.519755632902209830e-01 4.123766949361969969e-01 3.633189720734300021e-01 3.915313413825199929e-01 4.179901414107849988e-01 4.528154879127109789e-01 4.510979440490289760e-01 5.434482766286370392e-01 5.001759716029929859e-01 4.758525672944929896e-01
7.194165482408459988e-01 5.479233099891049896e-01 5.465980582917170372e-01 5.219293666289880340e-01 4.322943482303919782e-01 2.422079841340570028e-01 6.138521761875439520e-01 6.364788524396369773e-01 4.734849055593949863e-01 4.705169680681359767e-01 1.000000000000000000e+00 7.788388811866510109e-01 7.709602529723540432e-01 6.070359897691119944e-01 6.261489491000179486e-01 4.955666623773279933e-01 5.839598332510990142e-01 6.268245025326120157e-01 6.981093334159750308e-01 6.300729741980309884e-01 2.219006885022090092e-01 2.285158731428230117e-01 5.603967804221370308e-01 4.722643988502189805e-01 3.188365249351640118e-01 2.535836928745699992e-01 5.826608513291330338e-01 5.902464185292289889e-01 4.412818106428910148e-01 4.670341946512550080e-01 5.365215239622279642e-01 5.284061275997330442e-01 2.832156923268169813e-01 3.554414996944830207e-01 2.043475374331840122e-01 1.035223996000050051e-01 1.077121850086339983e-01 2.193895972063389932e-01 3.191339087279689846e-01 3.242851811510170101e-01 3.542908508251100264e-01 2.706078146071779766e-01 3.505996583133920153e-01 3.478944088186500250e-01 4.494236810100509794e-01 2.887163288164060204e-01 2.603680413615739875e-01 3.064161488348690066e-01 3.696678422499130034e-01 2.648399159401840230e-01 5.645443498008519967e-01 5.357866843384949673e-01 4.894142064017070193e-01 4.591761590614599764e-01 6.375343726827910062e-01 5.551963464558660188e-01 5.926437596625889759e-01 5.045401010176120415e-01 1.326100463830849896e-01 3.038687096945120181e-01 3.618703080539329986e-01 2.579017269657170042e-01 5.411123360489910050e-01 5.053059978136900110e-01 4.498075053648670218e-01 4.537704269351249819e-01 5.031237152012549840e-01 4.191284920023999883e-01 6.070766095953419872e-02 3.481097436836109726e-01 5.531855155345980490e-01 4.719144436696249834e-01 3.382797716109769981e-01 5.142689413506530416e-01 4.436968172052189741e-01 3.433229946555990120e-01 1.259514228242880063e-01 2.678830311574459944e-01 5.038463098402170548e-01 3.921236727768550034e-01 4.583345262795480157e-01 4.517450528247090036e-01 3.742294969026119800e-01 4.312911763381649943e-01 5.147162612616450472e-01 5.052703824838320479e-01 5.520066163899089995e-01 5.566773714240700333e-01 4.573644272727699911e-01
6.546120522384429874e-01 5.525513579823190247e-01 5.369534264624520326e-01 5.876919910772050448e-01 4.311494381247309993e-01 3.337167384376419910e-01 5.081797943368989712e-01 7.440798370588570521e-01 4.545644248437630264e-01 4.464476463964670017e-01 7.788388811866510109e-01 1.000000000000000000e+00 6.877749581838710213e-01 7.206781836231009875e-01 5.178965419049400554e-01 5.685655961599189734e-01 5.726663231986279801e-01 6.000945308259579836e-01 6.810220276234250081e-01 7.125882156322770333e-01 2.206491593512890093e-01 1.850562249512069934e-01 5.241993023549660347e-01 5.103389574157589648e-01 2.333537791817359985e-01 2.109099464371360089e-01 6.785850914937879841e-01 6.873463358717569749e-01 4.702563406536159896e-01 5.207534967755880206e-01 5.028670513321109592e-01 5.965688161166540215e-01 1.740823570723379898e-01 2.617994773156970267e-01 1.637909829951419982e-01 2.101286636717190071e-01 1.428962080194439987e-01 2.571036174963650112e-01 2.723358651266120090e-01 3.663327111412060244e-01 3.403702195311270051e-01 2.858205971965029901e-01 3.035694000442910045e-01 3.594311182441810026e-01 4.025348406078719798e-01 2.647413320795130032e-01 3.054454488342959739e-01 3.745370106170720081e-01 3.930309920591399941e-01 3.500563255055760270e-01 5.508798658756780542e-01 5.533908091007230245e-01 4.572181147809399882e-01 4.983429860304010028e-01 4.752794555720959990e-01 6.225729957171749485e-01 6.023787133323840193e-01 6.470703373240549450e-01 2.177262673481400110e-02 2.257992311727609891e-01 2.950975688602560099e-01 2.949642504586920122e-01 5.715089244116080547e-01 5.176125453072869531e-01 4.778121379874780139e-01 4.375938936118449751e-01 4.362472184340330239e-01 4.401458514738390004e-01 -4.747016260409309824e-02 3.676441418672439787e-01 5.630729816750710270e-01 5.589716435252439775e-01 3.103648076430239877e-01 5.618808694887349464e-01 4.896920438751439786e-01 4.120201491953540129e-01 1.775949202489869871e-01 3.907953005351350040e-01 4.049438145885689844e-01 3.761125451457740243e-01 3.722340253852720049e-01 4.404972877222340100e-01 3.321414095344030204e-01 3.128831394883839767e-01 4.965085648792360029e-01 4.788011019387989897e-01 5.288318817341010059e-01 5.162706261799050456e-01 4.360975700037019731e-01
4.752983680870149774e-01 3.226103998002080031e-01 4.693931408127030025e-01 4.337233100655170093e-01 3.552405264900420079e-01 3.098889862180589927e-01 5.665840903459380407e-01 5.786063611598150080e-01 4.943058898470940044e-01 5.577500120468380507e-01 7.709602529723540432e-01 6.877749581838710213e-01 1.000000000000000000e+00 7.444162746406139952e-01 6.678125425289469508e-01 6.402022151818079765e-01 3.626697724898870212e-01 4.417043036502589781e-01 4.806169819249270225e-01 4.259597533597179742e-01 7.113413387237330077e-02 3.714425603362390138e-01 5.055257370635649616e-01 4.579335035881579863e-01 2.738023315314400130e-01 1.936606605209839904e-01 4.726801770098340016e-01 4.992941106520210059e-01 4.197795219240300080e-01 4.783191893073139855e-01 5.156144100741609781e-01 5.258907562409279590e-01 3.242841228360620054e-01 3.486726776074750012e-01 1.202217946290110029e-01 1.181694872567409932e-01 6.518185341788179654e-02 2.645292715543690054e-01 2.238188502627140031e-01 1.835729279311159867e-01 2.554750166675319734e-01 1.726009163960700032e-01 2.400571466012670074e-01 2.741862301202950269e-01 3.620432064608770095e-01 2.363137100866040119e-01 2.389797067057599922e-01 2.898843949597529890e-01 3.443412212937950190e-01 2.112594892777270028e-01 3.640335934478080016e-01 3.627763573485809911e-01 4.308661192769500103e-01 3.670543880138569803e-01 5.940161453262849944e-01 4.912835487973080117e-01 5.584659950845429766e-01 4.705491025842060138e-01 2.204200157299630036e-01 3.217914325208929838e-01 3.061449951779099954e-01 2.266793163716870063e-01 3.731174674282070058e-01 3.269049211457489834e-01 4.860506877721439967e-01 4.468633467469380061e-01 4.276893745612970199e-01 4.465443258832810236e-01 8.324768169605709436e-03 2.976571790770889958e-01 5.935667874101949737e-01 4.908033287716310200e-01 1.712554218155399877e-01 4.800070628434159881e-01 3.256819454799970148e-01 3.004754500764009739e-01 -7.865889802153790480e-03 2.889119498353999727e-01 4.268802851599239889e-01 3.798588622170029905e-01 3.670250958217159964e-01 3.682467714460390118e-01 3.914623929488960097e-01 4.735450397794799815e-01 5.258290866990209533e-01 4.848541708296090214e-01 5.127552730723460295e-01 5.281972608241189970e-01 4.462124308054919997e-01
3.135073694206290118e-01 1.883065659271349890e-01 3.086686264889489939e-01 3.528356248966469932e-01 3.260095955326610118e-01 3.526808346543590100e-01 3.971065848014669886e-01 5.523237721918270449e-01 4.596712751155510035e-01 6.352788137595739570e-01 6.070359897691119944e-01 7.206781836231009875e-01 7.444162746406139952e-01 1.000000000000000000e+00 6.596743133516990154e-01 7.045792573895079958e-01 2.945184437283889789e-01 4.131191954158989765e-01 3.533901669172739846e-01 3.496933445699489940e-01 1.875025667681479991e-01 2.481318348125189921e-01 3.545059306788290177e-01 4.031807934230279833e-01 2.362734034288019869e-01 2.351910583571069913e-01 4.799279215906079865e-01 5.244723158437070154e-01 4.135950998095109798e-01 4.352278414981100019e-01 4.012509127162510181e-01 4.900870756554450147e-01 3.178433820292819734e-01 3.993065304844989893e-01 9.310660570581590079e-02 1.825248991701249879e-01 2.120118646058219980e-01 3.132941546721579873e-01 1.436810176558649954e-01 2.087179931314729897e-01 2.387088248827239911e-01 1.681846106823799980e-01 2.081185146881950054e-01 2.405394230406310008e-01 2.615137920332999966e-01 1.184455263437790007e-01 2.547033546954460270e-01 3.138298537763209994e-01 3.741714822391479789e-01 2.746630600976490144e-01 2.515165099020860162e-01 2.465946532526530066e-01 3.412843731377029899e-01 3.517187284965960226e-01 5.892815382572119676e-01 6.113258747363690127e-01 4.889412428619179796e-01 5.642270855261739548e-01 2.978122837877649753e-01 4.123599314243400205e-01 2.642804634736150016e-01 2.608801658904499887e-01 2.650959587787389826e-01 1.901706028379540059e-01 3.920668715693759743e-01 3.269211247526729869e-01 3.027678466326759743e-01 4.193248091965129931e-01 -1.097450423569139993e-01 2.767887698730169821e-01 6.317370013482309643e-01 5.810572312420839713e-01 1.552765710671719923e-01 4.304916027170659909e-01 2.864998776747539888e-01 3.997325209987239725e-01 6.057202035199280021e-02 3.245056260488339839e-01 3.549866208818420188e-01 4.454736562693630275e-01 2.844679230674649895e-01 3.318858622887930210e-01 4.224786652125520070e-01 4.138442856768300149e-01 5.397308691982920514e-01 4.706276096033270018e-01 5.675669579338199489e-01 5.326953684127759825e-01 4.312577720601710185e-01
3.368894349164719970e-01 2.149177255895740046e-01 2.856619059606380073e-01 3.328007121544280245e-01 4.663819372630880200e-01 2.523960765683109786e-01 3.905575200547570236e-01 4.614616132221829869e-01 5.385536380539409640e-01 6.522157115066570254e-01 6.261489491000179486e-01 5.178965419049400554e-01 6.678125425289469508e-01 6.596743133516990154e-01 1.000000000000000000e+00 7.697414703972990102e-01 3.418158966249950081e-01 4.039756549172999756e-01 3.038774517407299980e-01 2.900557487886299968e-01 3.022562616502950106e-01 2.873302317228579872e-01 5.986352752525709864e-01 5.805458141907829939e-01 3.311114985048139725e-01 3.452182294990139844e-01 4.055333972053030145e-01 4.582222700030830209e-01 4.778585409578610110e-01 4.835114297664889760e-01 4.477754162609010047e-01 4.609551156147280171e-01 4.018109528971969824e-01 4.495199498798920223e-01 1.355265600920269875e-01 2.636489110882649922e-01 3.198156972755250016e-01 4.043091579968070004e-01 2.677399582699699909e-01 2.711855155868749812e-01 2.007925219761780011e-01 1.323124171720929942e-01 1.317909020148750054e-01 1.658863671413529917e-01 2.744010303114919891e-01 1.399110078570849902e-01 1.971702290323520124e-01 3.015195585559140024e-01 3.727692599283289887e-01 2.208959908409210138e-01 2.486012945974930000e-01 2.748067651166170022e-01 3.327436983926480019e-01 3.017839338653560133e-01 5.622374216435449545e-01 5.078638869470010198e-01 5.464111552655670501e-01 4.894839613296350089e-01 3.252899202106410148e-01 4.423237666250259825e-01 3.101759575955490011e-01 2.350935037660369931e-01 2.874462793345859968e-01 2.017767294540399881e-01 4.226194110542609850e-01 3.860698571098239995e-01 3.460724067585049801e-01 4.116941031430300102e-01 -1.006935839875029992e-01 3.627376687790599963e-01 6.674134662330419854e-01 6.510217612086800498e-01 2.698537738139250020e-01 4.126196292907780006e-01 3.759428510686320113e-01 4.603616129601330043e-01 2.371149086405459905e-01 4.427451115329960052e-01 4.963634805433460029e-01 4.694328328855250088e-01 4.684239714688129830e-01 4.113428435793899940e-01 4.285812921404910103e-01 4.822028414501879912e-01 4.997527146520169827e-01 4.735970284540280129e-01 4.847138344121250109e-01 4.862131878720690192e-01 4.189779963777209848e-01
3.084602066917729868e-01 2.028333381080290043e-01 2.638549010762640257e-01 4.021410883571350237e-01 4.195800185593149823e-01 3.636834373021540223e-01 3.441422785286389896e-01 4.931176824255080193e-01 4.571136092899170111e-01 6.567707513755429716e-01 4.955666623773279933e-01 5.685655961599189734e-01 6.402022151818079765e-01 7.045792573895079958e-01 7.697414703972990102e-01 1.000000000000000000e+00 3.129890703248719985e-01 3.251708520571550132e-01 3.498220722844350150e-01 3.631774004842729942e-01 1.277045456997419892e-01 4.749477865411719790e-01 5.496877352348129575e-01 6.295390719507759636e-01 2.816120609240980177e-01 2.996635277064019776e-01 4.654654256894920072e-01 5.063491540071619612e-01 4.988753322173880012e-01 5.760358964498899503e-01 5.039727072811229780e-01 5.644587949406160154e-01 3.339951310055290223e-01 4.179200157565600149e-01 9.219978856656149691e-02 2.013647689881239988e-01 2.673888630414760215e-01 3.964844364371020169e-01 3.058844254295989828e-01 1.585764404574160069e-01 1.737521690452520085e-01 1.023453382291709957e-01 1.116788334347119938e-01 1.419388933946710007e-01 2.139088905213019920e-01 8.479744667695229832e-02 1.173705397847440018e-01 2.205041330543769940e-01 2.239558293458210059e-01 1.201075814436780020e-01 1.992999736728560123e-01 2.141412201471220023e-01 2.135151241735830097e-01 2.371360360500640030e-01 4.240181129502669788e-01 4.915806648982469773e-01 4.615707912561050064e-01 3.903392100765419870e-01 2.235822350544030002e-01 4.309505557820649813e-01 2.022154070657800062e-01 2.204751535565220022e-01 3.013806865762829745e-01 1.926898817722579871e-01 3.184856447361140153e-01 2.595774011004349791e-01 1.761034097392339959e-01 3.336870645817590075e-01 -1.473406172843109985e-01 2.495422294339270097e-01 5.537364367191409675e-01 5.441984700392720198e-01 1.446427384929669935e-01 4.567275786735829901e-01 2.802968128626829869e-01 3.836891013377959903e-01 1.528944965275939871e-01 4.511511376959860264e-01 2.943465460511269782e-01 3.284975637979830054e-01 2.735834950590049774e-01 3.020630538838859902e-01 3.259316898617530267e-01 3.368955297433309792e-01 3.822137857264250038e-01 3.397341031761039742e-01 3.496163642656719972e-01 3.727865481370309930e-01 2.623440165909349808e-01
6.822040301090720460e-01 6.625452570509620109e-01 2.930365044025259880e-01 2.779860879659160067e-01 2.677122986390529924e-01 1.049036430481520010e-01 1.960986444362609882e-01 3.065181480430460015e-01 1.897544750949169967e-01 3.331718307607869911e-01 5.839598332510990142e-01 5.726663231986279801e-01 3.626697724898870212e-01 2.945184437283889789e-01 3.418158966249950081e-01 3.129890703248719985e-01 1.000000000000000000e+00 8.399732394418419901e-01 4.390461773115589827e-01 4.775273975777549751e-01 2.178435325549389900e-01 1.632183765845610091e-01 3.485999841814170219e-01 3.116832155411889960e-01 1.812806040567949972e-01 2.190398573875060040e-01 5.900655865058119787e-01 6.794696605267239731e-01 3.634112916931300230e-01 3.767932454197310266e-01 5.371676313121349633e-01 4.423407227490560034e-01 3.876843044211870232e-02 2.104158571197149996e-01 2.729013366430210197e-01 3.328920309876670092e-01 3.523714790922560236e-01 4.664690314825650219e-01 4.319753459443880228e-01 3.303330826402590126e-01 6.225927551083050293e-01 5.484220402299380126e-01 5.318777144732520501e-01 6.127255640948670035e-01 6.521807569987270181e-01 5.174494145505079690e-01 5.481534925492830279e-01 5.763919938022580292e-01 5.576026941191130071e-01 5.111902690374630076e-01 7.713795625870140116e-01 7.925649294860529492e-01 5.798600114401469829e-01 6.347699174174999959e-01 3.196496359027090062e-01 3.535852484508040239e-01 6.749586581594929635e-01 6.414486846209920268e-01 1.511280793674089906e-01 2.407868688528229939e-01 5.352486179288340473e-01 4.857723589046090140e-01 7.133272931351629653e-01 6.918876562953599763e-01 3.765071564080150202e-01 3.441077083126720115e-01 1.291883876605879888e-01 2.127243804601919863e-01 7.734812711343599890e-04 3.543217867550980116e-01 5.420388665807870376e-01 5.740758249983509698e-01 6.699982955531029738e-01 7.095717029649020180e-01 7.630374548882820074e-01 6.027903427697890448e-01 4.493836094033630268e-01 5.585881305723150447e-01 5.426691537625699668e-01 5.194050273443130417e-01 5.380743942648159583e-01 5.638273948517249501e-01 3.572982841141960075e-01 4.149431478054830258e-01 5.496420021301240411e-01 5.555520536225589945e-01 5.733634724174899722e-01 5.863621614906030510e-01 5.214029275340510416e-01
