1.000000000000000000e+00 9.343737363066759727e-01 8.350596742989689902e-01 8.224075920126999728e-01 7.291033119111619554e-01 7.626048808290060155e-01 7.836827979399489941e-01 7.918320257967880194e-01 5.615408738736590299e-01 7.325884233723339856e-01 7.449727367712869475e-01 7.136878913293159821e-01 8.581284400533509826e-01 7.708901589198829951e-01 8.681264545870319704e-01 8.054681197381760027e-01 7.254490562094050299e-01 7.339111576794500325e-01 9.378051070811189716e-01 9.440135371337770032e-01 5.862213371695099706e-01 6.911730951842249837e-01 7.045530631625539497e-01 6.424003832417729543e-01 6.647218988480529944e-01 5.721362822292529460e-01 8.107737972059400056e-01 8.336928398013130348e-01 7.590914520177269864e-01 5.886367167203220285e-01 8.117116437557130304e-01 7.852515254401829514e-01 5.341218238596200374e-01 5.105058977186990310e-01 7.992294420373540209e-01 7.976371604253460479e-01 7.103158545364780529e-01 8.016943613446330108e-01 7.252114348005940236e-01 7.557510866459670185e-01 7.699639633011100548e-01 7.792678025863519764e-01 6.703331266905699914e-01 7.085544578420339690e-01 8.791259612338100382e-01 8.350039736187270245e-01 8.351188964319049557e-01 7.819107491663800369e-01 8.982645477059869599e-01 8.904627097878700104e-01 9.434149770582409555e-01 9.450537469304810534e-01 8.315021695826919634e-01 8.130790903035890471e-01 7.830894194360049632e-01 6.359862954422209613e-01 6.099263337743699998e-01 6.571862987734800043e-01 5.127784836418189940e-01 6.891583003466890123e-01 8.709106004859209493e-01 8.588088409947870483e-01 8.351452001438659511e-01 8.690373887452920165e-01 8.194466133390260199e-01 8.384654811420270137e-01 7.836518327758980051e-01 7.262549699082999632e-01 5.475059692791399701e-01 5.337900233238960235e-01 7.270569822867879450e-01 6.644140248838860119e-01 7.648917892277730113e-01 7.619732419957490066e-01 8.317069652515369782e-01 8.207095523974220486e-01 9.185776367546969468e-01 8.852111148313800415e-01 9.196622183502469738e-01 8.463687571965959888e-01 8.188450337288100123e-01 8.238211274978319842e-01 6.136532090400429462e-01 5.211359263328659841e-01 8.210265681470350074e-01 8.189222038661360115e-01 5.563478256956500001e-01 6.161184645729329556e-01 7.717830793241320375e-01
9.343737363066759727e-01 1.000000000000000000e+00 8.545275571968790063e-01 8.300464867387089551e-01 6.777681170640259545e-01 7.500615232670609922e-01 8.345675811077909456e-01 8.222042754163569889e-01 6.326691490080269542e-01 7.219552001828669630e-01 7.567731679927870436e-01 7.862048370466140357e-01 8.571326008457410550e-01 8.347344729151889853e-01 8.109365021361369941e-01 8.326259012670409465e-01 6.813954157894159813e-01 6.778548528630200520e-01 8.941572249838060094e-01 9.091024503025050274e-01 5.489844688591200006e-01 6.765216884103180117e-01 7.126535918807970216e-01 6.757039151110509900e-01 5.758030012624000271e-01 5.618656284755559893e-01 8.089614599114119953e-01 8.373965341655370542e-01 7.559001505398810217e-01 6.272204865053360168e-01 8.062459749377850482e-01 7.859218085100510010e-01 5.175437377461930000e-01 5.339356037021979473e-01 7.613194479831030259e-01 7.905511092546270158e-01 7.610513175931009622e-01 8.553270302572899553e-01 6.822312631006639538e-01 7.510736221477439800e-01 7.545250054955610075e-01 7.915443547180549544e-01 6.811593776149349466e-01 7.356921911263040181e-01 8.479683198797209887e-01 8.241552545429440269e-01 8.350631090336769757e-01 7.772820693621039778e-01 8.990588923343489913e-01 9.088493290398460545e-01 8.735064119692620421e-01 9.015765195330099901e-01 7.577858612691800166e-01 7.194882903367589844e-01 7.368334490228839462e-01 6.265444467956440278e-01 6.008955066924750454e-01 6.603571934888390338e-01 5.279335890817149490e-01 6.850455698985660202e-01 8.367748008214660471e-01 8.339791202163679973e-01 7.545798416635749462e-01 8.457775515041220382e-01 7.757691772663469765e-01 8.097298541862829602e-01 7.501468881091020169e-01 7.213997417252600020e-01 5.836513498258469879e-01 6.244199234789139519e-01 7.011030790421659553e-01 6.413994350286820190e-01 7.259990224209289522e-01 6.868523248678739535e-01 7.376917359872510183e-01 8.420597797461609746e-01 8.684941834449210196e-01 8.725537375167270460e-01 8.581572701763690025e-01 8.617803476920330441e-01 7.884554730320919580e-01 8.500306246942009869e-01 6.125307833883290032e-01 5.276784614216259994e-01 7.869520306746260463e-01 8.104519175818319932e-01 5.185355530416480008e-01 6.046496272064280086e-01 7.587229295487449843e-01
8.350596742989689902e-01 8.545275571968790063e-01 1.000000000000000000e+00 9.443513658549720358e-01 6.890142794674549709e-01 8.017216397276629714e-01 9.387438674442389885e-01 9.197008804293490547e-01 6.366472306096020439e-01 7.624392879124179956e-01 7.153431041029959525e-01 7.429949214964249871e-01 8.344339463270959989e-01 7.961076290318019888e-01 8.384908538590849503e-01 8.389085680163349545e-01 5.187716988920579864e-01 5.563504095050499920e-01 8.657078161829070417e-01 8.295141935697589730e-01 5.905631303656899700e-01 6.212281769400369580e-01 8.441686948097110177e-01 8.547784222822140121e-01 5.640041324343509910e-01 5.463140299787719867e-01 7.286457248277959931e-01 7.568243656564169752e-01 7.924496343063399673e-01 6.592737452996210168e-01 7.609601885380330444e-01 7.549932506130360155e-01 4.542487320418159835e-01 4.462944567772419990e-01 6.783631540435860474e-01 7.590194462670799558e-01 6.954056317488960248e-01 7.493777244126470505e-01 6.190447066930480080e-01 6.886379162906259843e-01 6.396533301893939649e-01 6.313658435749379683e-01 5.123388890623099545e-01 5.565981189971800358e-01 7.409063912343889502e-01 7.330314220645119949e-01 7.574059682461139476e-01 6.784119817422380461e-01 8.100502492193309978e-01 8.216599557496150341e-01 7.925614592085320487e-01 8.039810169455210431e-01 7.143461470507059818e-01 7.262813495575579648e-01 7.567891846132730471e-01 7.001583870943149934e-01 6.156789476984539933e-01 6.750721804079760080e-01 5.380044916560180468e-01 7.341276573383389570e-01 7.561617647166729572e-01 7.247110450552609606e-01 6.582877178304530341e-01 7.101351246830439612e-01 7.852650752801160206e-01 8.103745014672829594e-01 7.046832895000549879e-01 6.960604481044130321e-01 5.506882791812709455e-01 5.238879900189260530e-01 6.563441799375260288e-01 6.330733763941860381e-01 6.100768181356399644e-01 6.297458433560489954e-01 6.539648715032150283e-01 7.577897126526610405e-01 7.964067960413849789e-01 8.281990594015089524e-01 8.050344731216499961e-01 8.673038103510509744e-01 8.140884578355349621e-01 8.708417122229400453e-01 6.894488301530909968e-01 6.293413110396040011e-01 7.526957843598010012e-01 7.985843111026430519e-01 4.953142086200110206e-01 5.800840186669029563e-01 7.501141305258069991e-01
8.224075920126999728e-01 8.300464867387089551e-01 9.443513658549720358e-01 1.000000000000000000e+00 6.771609569184939836e-01 8.240657382710819823e-01 9.030377140058010177e-01 9.140943575310720437e-01 6.331953379544119631e-01 8.093064195323460552e-01 6.452848966012639798e-01 7.240577821765840083e-01 7.602825029635860155e-01 7.368010639755310232e-01 8.162393927074309552e-01 8.197776024349260338e-01 4.555660608082899854e-01 5.299806350757020335e-01 8.480251366781890177e-01 8.433654670143030385e-01 5.721416523476750005e-01 6.070096013162590287e-01 8.264331482205740098e-01 8.650156135505080446e-01 5.954426873899989481e-01 5.608192264660970539e-01 6.430263434168730363e-01 7.025200455841400515e-01 7.012702654116960144e-01 6.446333200590209644e-01 6.900833152592800168e-01 7.028468711274820091e-01 4.419301166505980039e-01 4.248032398576480073e-01 6.196444376392969966e-01 7.181215635250409735e-01 6.043997176578479458e-01 7.341154742236829511e-01 5.732832452855030070e-01 6.531409687114230200e-01 6.005493835635480337e-01 6.042850112781570360e-01 4.845662565012530121e-01 4.855579915125199930e-01 6.975759952564980493e-01 7.200967751457919563e-01 7.129124530159089979e-01 6.549291287865940392e-01 7.724685671980919821e-01 7.922640868634970301e-01 7.686888293975010500e-01 8.078242442227649978e-01 7.218652700216060536e-01 7.926419784409609592e-01 7.010543173626460067e-01 6.600388106829749857e-01 5.198370779106139539e-01 6.127719154124210421e-01 3.983458620895620195e-01 6.955320851121480352e-01 7.341871696782129586e-01 6.959772704073949878e-01 7.215459763990269559e-01 7.184435091545690044e-01 7.265700862891879552e-01 7.676496279219440222e-01 6.263492832313679592e-01 6.314996193767210553e-01 4.696093364506169765e-01 4.485965518987359846e-01 5.901481043137879468e-01 6.015637382877530026e-01 6.366641105246050314e-01 6.472661092934609561e-01 6.590026796750400040e-01 6.997602645383349529e-01 7.813315015449919798e-01 8.242664294015989990e-01 7.961927951297059769e-01 8.318638299712259876e-01 7.728175954962169802e-01 8.429346383002389587e-01 6.953933167355970113e-01 6.422473496181799746e-01 7.343839104702060139e-01 7.808877675903279636e-01 4.661928998032869864e-01 5.420765221093419850e-01 7.079941255667130395e-01
7.291033119111619554e-01 6.777681170640259545e-01 6.890142794674549709e-01 6.771609569184939836e-01 1.000000000000000000e+00 6.461909253012090293e-01 5.938083698072039729e-01 5.616206239746910356e-01 6.581293730048070056e-01 7.488992608987830035e-01 3.935177979554450034e-01 3.090587351009410066e-01 5.436233715670649724e-01 4.696118398421150197e-01 8.050960117743359845e-01 7.714486514815119822e-01 4.051476903530180085e-01 3.613388682107629979e-01 8.142379044988410364e-01 7.422319471683680447e-01 7.722148254914940058e-01 7.547025534952419568e-01 4.896057533885719848e-01 4.765051688388060036e-01 7.432675658561329612e-01 5.981881910433629601e-01 6.496551299001840363e-01 6.473134013712620316e-01 5.623966574892730330e-01 4.030629645961870122e-01 4.866847475256900202e-01 4.841697761622509866e-01 1.854601918980330055e-01 1.539075902149870112e-01 6.607961542685559797e-01 7.052997566372120053e-01 6.528040247889750347e-01 6.859918664954079981e-01 7.576543205060299879e-01 6.759689472277810030e-01 5.775319097401050428e-01 5.128684480205689677e-01 3.023910212946029907e-01 3.375688295358040270e-01 6.354000447722110145e-01 7.066803430699030164e-01 5.160816593090039595e-01 5.003601204239479516e-01 7.587786618222990276e-01 6.785344897012569598e-01 6.210934860382719691e-01 6.265023538274220316e-01 4.745931052452689869e-01 4.994477531918130042e-01 3.859009107614900236e-01 2.239164860668119983e-01 2.330320533907919989e-01 2.660119173378610036e-01 2.937346568426070226e-01 3.661938298064130182e-01 5.423194654581029450e-01 5.092082903616149681e-01 5.866673963784629908e-01 7.426142448410369967e-01 6.208928908498599908e-01 5.594672270987179896e-01 6.724813973384109467e-01 5.971103202317670222e-01 4.854197877515890047e-01 3.137817937435730120e-01 4.990641860250469852e-01 4.100056523436689804e-01 4.581540091727490105e-01 4.385743983554519776e-01 5.484879090622739595e-01 5.682627588943750530e-01 7.419599537137090417e-01 6.784643630015220195e-01 6.516492631709680516e-01 6.731829715864210417e-01 8.267522414054430113e-01 7.294328053364349529e-01 3.593313409031880235e-01 3.996468440967880231e-01 6.489285157613750021e-01 6.403235502378169519e-01 1.547805481391960059e-01 2.473315680743989886e-01 5.921493095044829680e-01
7.626048808290060155e-01 7.500615232670609922e-01 8.017216397276629714e-01 8.240657382710819823e-01 6.461909253012090293e-01 1.000000000000000000e+00 7.721112122658350119e-01 7.957899023206660427e-01 6.994030950114029643e-01 8.099590478725789966e-01 5.398953172378110343e-01 6.103790240032249681e-01 7.262783884002540491e-01 6.897110770242409483e-01 7.331816145216729641e-01 7.742092858532719779e-01 4.821856844150519961e-01 5.697603684059799889e-01 7.671800523524180404e-01 8.004135267122409747e-01 4.938805043412730078e-01 5.294410953590390490e-01 7.321459969115160504e-01 7.695934923737569600e-01 6.440836661460399570e-01 7.266088480978299957e-01 5.740347675425669927e-01 6.505478099888859500e-01 6.704470178718450191e-01 6.531729998082269617e-01 6.227549875244080546e-01 6.760545655973589918e-01 2.780899385150459868e-01 2.974268571796219729e-01 5.233000230113280526e-01 5.785585185041439704e-01 5.115274424450020341e-01 6.388540239769999740e-01 5.063292989653499498e-01 5.480447134219780247e-01 7.108107989536189830e-01 6.653292891562520017e-01 5.624179795839270302e-01 5.358241814217280519e-01 7.503049011326099471e-01 7.634073779486929556e-01 7.187440159624529645e-01 7.401378950064649853e-01 7.154962149245990277e-01 7.730721868234829985e-01 6.743616133317690275e-01 7.854370250718080149e-01 6.765663822749959921e-01 7.104905437164089621e-01 6.110296148738499911e-01 5.411886148571589672e-01 4.358937878632450080e-01 5.282413246278779839e-01 2.975547014832359838e-01 5.676457780316409574e-01 7.058795490709910414e-01 6.943535710136929939e-01 7.719215143388680200e-01 7.630446779209749675e-01 6.907886390614029759e-01 6.520607097945869679e-01 5.072536551594960530e-01 5.076623193796739875e-01 4.078364784002270205e-01 4.033437228789050200e-01 5.320149046080190347e-01 5.727054143946600506e-01 6.861774404662960292e-01 5.422205867926469525e-01 6.826036502262340377e-01 7.313560140124759634e-01 7.729854816227570424e-01 7.847772470584749582e-01 8.006942808879170537e-01 8.535247986713759838e-01 6.751301065357450115e-01 8.220556938410460424e-01 6.511272923426359993e-01 6.440697718701430263e-01 6.354485802850039500e-01 7.017723243226700047e-01 4.187828092293660043e-01 5.382966459763740552e-01 5.964881977159409709e-01
7.836827979399489941e-01 8.345675811077909456e-01 9.387438674442389885e-01 9.030377140058010177e-01 5.938083698072039729e-01 7.721112122658350119e-01 1.000000000000000000e+00 9.569485415104069803e-01 6.107111581929369759e-01 7.323919060311689933e-01 7.758398135440159882e-01 8.041348256058979960e-01 8.378103439830539845e-01 7.951908036796569990e-01 7.389292429775440318e-01 7.604500942448439993e-01 5.464291176310399623e-01 5.527797358884259937e-01 7.822648823193449896e-01 7.623639421954070405e-01 4.509780708793659776e-01 5.062474439568579454e-01 8.622898548926449802e-01 8.471836707935529454e-01 4.471878271076060174e-01 4.449183853462129745e-01 6.217854144735469601e-01 6.483839134948909955e-01 7.800953981165860140e-01 7.068875557316800506e-01 7.582307605333530320e-01 7.678745889726330542e-01 5.298099297158309628e-01 5.197670054809599982e-01 5.693608580257180085e-01 6.548731480861229581e-01 6.629387493814890009e-01 6.849707397575629519e-01 4.937989137224729763e-01 6.295314231290409790e-01 5.928618688584680330e-01 5.693634147718540373e-01 5.682331670866409556e-01 6.168896817519670117e-01 6.634837763556870049e-01 6.633435359051379487e-01 7.673878591792659964e-01 7.058958085796840365e-01 7.472460563555229918e-01 7.851295226000359895e-01 7.188610633770059488e-01 7.378647546669969692e-01 6.131141766018830541e-01 6.170986423537569987e-01 7.486383101281770536e-01 7.184439871379979525e-01 6.808567979459330122e-01 6.988187352207200220e-01 6.137604126415620032e-01 7.793758669703839681e-01 7.335276944487679751e-01 7.263842128311589486e-01 5.751696040959930478e-01 6.627249275697150166e-01 7.119081610021480433e-01 7.523028581026319772e-01 5.811055373642810551e-01 6.030070308370050203e-01 4.525507739195159806e-01 4.415032473049210204e-01 5.999329340292369750e-01 5.634421312841759732e-01 5.675250494056199857e-01 5.616034512441200333e-01 6.279662831327990080e-01 7.377783379185429702e-01 7.068389974433759715e-01 7.697679111177060385e-01 7.335134332646470190e-01 8.292281695574299505e-01 7.669851988319790204e-01 8.457551618551299999e-01 7.122782255526639572e-01 6.561472349127730475e-01 6.741160482728320025e-01 7.354986893831749750e-01 5.363191693472389998e-01 6.219601105659230411e-01 6.653332656942889667e-01
7.918320257967880194e-01 8.222042754163569889e-01 9.197008804293490547e-01 9.140943575310720437e-01 5.616206239746910356e-01 7.957899023206660427e-01 9.569485415104069803e-01 1.000000000000000000e+00 5.708875713526569973e-01 7.248834414333700238e-01 7.584360717462690360e-01 8.417105213259059582e-01 8.451216879876040089e-01 8.237199465903080053e-01 7.170553032435119656e-01 7.249672518880929672e-01 5.697134079202209600e-01 6.172568171016209471e-01 7.732297398547309797e-01 7.793415500166800403e-01 3.865298945032439870e-01 4.705057084527259903e-01 8.603976227899889917e-01 8.579723195259509883e-01 4.634407333931500061e-01 4.174629395797129772e-01 6.187337645301399514e-01 6.562990570515859767e-01 7.740582235465499616e-01 7.265686171176010122e-01 7.950313233854580108e-01 8.103799829041059555e-01 5.283587035998029702e-01 5.242924981619839775e-01 5.443505251274880496e-01 6.240509280133550440e-01 5.882230164730539723e-01 6.626969537176129466e-01 4.611946061230520200e-01 6.045821711077179472e-01 6.050199770792520360e-01 5.981048869598010187e-01 5.944039460082809478e-01 6.436593550684990284e-01 6.754174430773599580e-01 6.556936888672330044e-01 7.840902297346910022e-01 7.285182082964859474e-01 7.196124843985080011e-01 7.820790968783809527e-01 7.332866175505740047e-01 7.713357687881290392e-01 6.409614684354419945e-01 6.566308555175679462e-01 7.873666295450479913e-01 7.826246179229610078e-01 6.802666995774420133e-01 7.635109037110690000e-01 5.746213687553359817e-01 7.867544346473780426e-01 7.383952059271979840e-01 7.515670249812490544e-01 6.035172209089889606e-01 6.692544060476409706e-01 7.350039254156309765e-01 7.771911565885050166e-01 5.890772485397089975e-01 6.337328417067590314e-01 4.477340377275439987e-01 4.622584470188990102e-01 6.198450433950120075e-01 6.174446301399919568e-01 6.205237815557600456e-01 6.337708139183469980e-01 6.705337117670889802e-01 7.602842471179920292e-01 7.168565538896799483e-01 7.887114177667140513e-01 7.333868268653239708e-01 8.216993217580630393e-01 7.486997317560040166e-01 8.434317415574039689e-01 7.482050949901519754e-01 6.713272505530629708e-01 6.651852014707350103e-01 7.438717706230419946e-01 5.962000680953739584e-01 6.811968763883410327e-01 6.653917383874220493e-01
5.615408738736590299e-01 6.326691490080269542e-01 6.366472306096020439e-01 6.331953379544119631e-01 6.581293730048070056e-01 6.994030950114029643e-01 6.107111581929369759e-01 5.708875713526569973e-01 1.000000000000000000e+00 7.886120812553849557e-01 3.325572906699780229e-01 3.417192804635619807e-01 5.005500130273190518e-01 4.597457397423880265e-01 6.225539051091329990e-01 7.405309397241649494e-01 1.929886727006039915e-01 2.145016906471320095e-01 6.246452398926609639e-01 6.101810746899489768e-01 6.407203677531729813e-01 5.569725401153170496e-01 4.650021090445510263e-01 5.283030724552200130e-01 5.553627955077840017e-01 6.190005467860799637e-01 4.090278130933580059e-01 4.576816889622279949e-01 4.017961883059030237e-01 4.296763178284679907e-01 3.189863369327909925e-01 3.763394641647749839e-01 7.400321682307059445e-02 6.806891592211279651e-02 4.390065842083359926e-01 5.625102764330980332e-01 5.330068517029209474e-01 6.261608213814240376e-01 5.013006095656560301e-01 5.070080973342450115e-01 5.639895878520859718e-01 5.047836047148920313e-01 3.364668821999799997e-01 3.111337148792249763e-01 5.857060546403469736e-01 7.000749502362370036e-01 5.243092315211099752e-01 5.730871783288139509e-01 6.406621957013419744e-01 6.414827624743669743e-01 3.923197324582500256e-01 5.281594891270320336e-01 3.958656485889600063e-01 4.059507385534150137e-01 2.832782306794009997e-01 1.999691659357679951e-01 1.212688767625170055e-01 1.723467013242269974e-01 1.204504990692560062e-01 3.494196324713200186e-01 4.498240068495399924e-01 4.293762537191340156e-01 5.565208195345849873e-01 6.794555184638479961e-01 4.487798738842059820e-01 4.036697041064559732e-01 3.356253353449160093e-01 3.589888258935010068e-01 2.638789185325760012e-01 2.717584931105729851e-01 2.780873459891229915e-01 2.709234055528090268e-01 4.008698052641230247e-01 2.652331883550890224e-01 4.007880122320400251e-01 5.339245147736849662e-01 5.523342135712400180e-01 6.249970965256119726e-01 5.701199272285349950e-01 7.049317829776750033e-01 6.418893886364920309e-01 7.548288087835749449e-01 4.382741314359709928e-01 5.565811890788140426e-01 5.120569241566890195e-01 5.420451605780619575e-01 3.551828416132289667e-02 1.949590975109239954e-01 4.598478722896370274e-01
7.325884233723339856e-01 7.219552001828669630e-01 7.624392879124179956e-01 8.093064195323460552e-01 7.488992608987830035e-01 8.099590478725789966e-01 7.323919060311689933e-01 7.248834414333700238e-01 7.886120812553849557e-01 1.000000000000000000e+00 4.792085736220380032e-01 5.021746206219179776e-01 6.090112485976669765e-01 5.989336499878470388e-01 7.561684738746899948e-01 8.305151101340659814e-01 3.445518422495559840e-01 3.547169451601919765e-01 7.435194134059720517e-01 7.326515040066819973e-01 6.863547997722549976e-01 7.007664322109780075e-01 6.069004996195159762e-01 6.890857097452920410e-01 6.917226431711990253e-01 6.155978096059140370e-01 5.154226515409530140e-01 5.782498334391680261e-01 5.077305557494330435e-01 4.729111533446410109e-01 4.870175390937199755e-01 5.416342321721759889e-01 2.421607523283509922e-01 2.200272926650760075e-01 5.393765515420440027e-01 6.511680198321969648e-01 5.955631160493449761e-01 6.614527710018419659e-01 5.607112825981319659e-01 5.755726320005150054e-01 5.990479015613470182e-01 5.463647047578500393e-01 4.132503414708009748e-01 3.999712326721430178e-01 6.467418870317019897e-01 7.317659086907980504e-01 6.436662158639649967e-01 6.626398373148709720e-01 7.357640048781990405e-01 7.356027872902080045e-01 6.199416572636979872e-01 7.078890472947689805e-01 5.977339360665370194e-01 6.597684293169779890e-01 4.910817856730420039e-01 4.082046024147589769e-01 3.046364846769080148e-01 3.536382392672149932e-01 2.080586854459960111e-01 4.673531292441959750e-01 6.109904031124150370e-01 5.776914232736649613e-01 6.792958771493879944e-01 7.651858625944789605e-01 5.739953215936159925e-01 5.680814711755890478e-01 4.775532725667360201e-01 4.698582271817809963e-01 3.051506739326130258e-01 2.684398726842039951e-01 4.988814310655459994e-01 4.841341538191359928e-01 5.317584973589429831e-01 4.143635586865960230e-01 5.639801212527000285e-01 5.707376175645889615e-01 7.171841685314730430e-01 7.723048555006789551e-01 7.102510801613030056e-01 7.799346683504250199e-01 7.713655196436870476e-01 8.203954091351870481e-01 5.908850532464879901e-01 6.073132105239099632e-01 6.382987813093909946e-01 6.519825912514930488e-01 2.762868195322080167e-01 3.581335418515499969e-01 5.876150260572859940e-01
7.449727367712869475e-01 7.567731679927870436e-01 7.153431041029959525e-01 6.452848966012639798e-01 3.935177979554450034e-01 5.398953172378110343e-01 7.758398135440159882e-01 7.584360717462690360e-01 3.325572906699780229e-01 4.792085736220380032e-01 1.000000000000000000e+00 8.590003451471930340e-01 8.483888869851260450e-01 7.912446563367170338e-01 5.543947330214530345e-01 5.406307872262889891e-01 7.847308839496509592e-01 7.346696185134180546e-01 6.365865986883100236e-01 6.402683713070199678e-01 2.205408860380740077e-01 3.676655023275630096e-01 7.683487088003120302e-01 6.722943298710769566e-01 3.219328879014449751e-01 2.658943358096729770e-01 6.156830335500990126e-01 6.154115266564600395e-01 8.229627390298159817e-01 7.396097245438220114e-01 8.089570812477370199e-01 8.178671770971449595e-01 7.121971380075570179e-01 7.080616161082380344e-01 5.239424871202590372e-01 5.184815290588350445e-01 5.708285365025369540e-01 5.560160900846089493e-01 3.849032270000640188e-01 5.167108699385140058e-01 5.577476297840719965e-01 5.894781514675829781e-01 7.109597690553309812e-01 7.563623053714839672e-01 6.090537824255100041e-01 5.161319475719730043e-01 7.603422325689379591e-01 6.932855398225490351e-01 6.580887737344359723e-01 6.706738207403569740e-01 7.573925484059670366e-01 7.266828681277770485e-01 6.029097878896979568e-01 5.464093932029250311e-01 7.661740639457610413e-01 6.965375153155609622e-01 8.248796186372819861e-01 7.736897316304920391e-01 6.929490248528380469e-01 7.225189047936110276e-01 7.517673071490540426e-01 7.601958020253940518e-01 5.125513863187070029e-01 5.668784621393789802e-01 7.140627062371209810e-01 7.460909865586240475e-01 5.581968271175350438e-01 5.203110126599690410e-01 4.296774704333339856e-01 4.309100754560900026e-01 6.242829273724239680e-01 5.569041635445689531e-01 5.976854637409020343e-01 6.560745519001950354e-01 7.186714317660449769e-01 7.355792013058279899e-01 6.845799652663270285e-01 6.760242410970479510e-01 6.702221117040110254e-01 6.322779564701560551e-01 5.707864173421910436e-01 6.343384853263149825e-01 6.143678427665060227e-01 4.747895947844870124e-01 5.827162026327400435e-01 6.120846353614070035e-01 7.237627009111360366e-01 7.480592375301869934e-01 5.971259872582339590e-01
7.136878913293159821e-01 7.862048370466140357e-01 7.429949214964249871e-01 7.240577821765840083e-01 3.090587351009410066e-01 6.103790240032249681e-01 8.041348256058979960e-01 8.417105213259059582e-01 3.417192804635619807e-01 5.021746206219179776e-01 8.590003451471930340e-01 1.000000000000000000e+00 8.080336538203829466e-01 8.904416458598519712e-01 5.224179661929859719e-01 5.687248766102049879e-01 6.894983647517619607e-01 7.286469639761640193e-01 5.982164973075170256e-01 6.482478077732619637e-01 1.320636865640159863e-01 3.366645096462280162e-01 7.530421374192499684e-01 7.156096145053439939e-01 1.987824505803340025e-01 2.153412808210529994e-01 6.067180957592950286e-01 6.614434417433969760e-01 7.334065058445690122e-01 7.388507343320539489e-01 8.163306179650510197e-01 8.297192222441810427e-01 6.717882103608300293e-01 6.883401620369470342e-01 4.844026850891279823e-01 5.481535150715050042e-01 5.593193279561230469e-01 6.358975251630769598e-01 3.052523463270739867e-01 5.365038670554870270e-01 6.040792717849680082e-01 6.708448127013699747e-01 7.353101573251119571e-01 7.763564529266270275e-01 6.536881407843729841e-01 5.844248223962740241e-01 8.023040867792500253e-01 7.473032721763680497e-01 6.715943699023170232e-01 7.430035682060760482e-01 7.279284346095049596e-01 7.475201245305550524e-01 6.412375991752350401e-01 6.229484728114269565e-01 7.739549675891650438e-01 7.830623678207829785e-01 7.606049959127589855e-01 8.210309879685210310e-01 6.027651977242569625e-01 7.391375518515189702e-01 7.744320363002320518e-01 7.976537198732299716e-01 5.530616362937359476e-01 5.710109218795960118e-01 6.577258080011230135e-01 7.440311363656819665e-01 5.344949225587359853e-01 5.647242959480589519e-01 4.670339895057930013e-01 5.900791223668500063e-01 6.263591789222160422e-01 6.391795150380169543e-01 6.418188272515520376e-01 6.466949394362679904e-01 6.686266138831570283e-01 7.443842531491009495e-01 6.715174454801240422e-01 7.376167486037279453e-01 6.579526503682969762e-01 6.852558644778690145e-01 5.602303819817330277e-01 6.729731516099890509e-01 7.039044554966550349e-01 5.574105872562780117e-01 5.804389913774560261e-01 6.507149914915489886e-01 7.333957279361930093e-01 7.724267746445120375e-01 6.085612142270659941e-01
8.581284400533509826e-01 8.571326008457410550e-01 8.344339463270959989e-01 7.602825029635860155e-01 5.436233715670649724e-01 7.262783884002540491e-01 8.378103439830539845e-01 8.451216879876040089e-01 5.005500130273190518e-01 6.090112485976669765e-01 8.483888869851260450e-01 8.080336538203829466e-01 1.000000000000000000e+00 8.738336093660049597e-01 7.463249424872610005e-01 7.294118407548459970e-01 7.258767844977189743e-01 7.152570858401480214e-01 8.225540075349559999e-01 8.259176608266719510e-01 4.222958849675950144e-01 5.399069200905930455e-01 7.848650900243010486e-01 7.168830977203209942e-01 4.930804856783230217e-01 4.807873432584289786e-01 7.839709281780260497e-01 7.782352573112220062e-01 8.491970013091799663e-01 6.959139170354190496e-01 8.050427833821359735e-01 7.990975221144029916e-01 5.284383625191479972e-01 5.121740080805690098e-01 6.339545129071310070e-01 6.638620992034489632e-01 6.138030734395799604e-01 7.053687205052210363e-01 5.637394224649400210e-01 6.222344730732489726e-01 7.125856129763280533e-01 7.332822573913480024e-01 6.617358123813720239e-01 7.191327536118310437e-01 7.636250071927980221e-01 7.054960274264140407e-01 7.947892165661519792e-01 7.314845755847240172e-01 7.688295201059669459e-01 8.019721439423880271e-01 8.181130982032159826e-01 8.165126555609589776e-01 6.977149092591310442e-01 6.437769521761950164e-01 7.802750146901500372e-01 7.123089007404139750e-01 7.274416768177900394e-01 7.440774423475630117e-01 5.975004913965730191e-01 6.898312817732119573e-01 7.748720291971730179e-01 7.957843616900519557e-01 6.520767553552759832e-01 7.063830062921210295e-01 7.845213140829859766e-01 7.964447649895659564e-01 6.833801596559030411e-01 6.770048121185899825e-01 5.289819078071900105e-01 5.029557157230559739e-01 7.048087021998420409e-01 6.363402760929449675e-01 7.289203688095939881e-01 7.029336047515779562e-01 7.621687516376089988e-01 8.156888057141360449e-01 8.135056030748110123e-01 8.074221707110900148e-01 8.339476171563969809e-01 8.197323983193719465e-01 7.480543043261770331e-01 7.919162816253449977e-01 5.980127140892700366e-01 4.837423358152739827e-01 6.697089289478479479e-01 7.117469939434849513e-01 5.690556554151180446e-01 6.495518227631219554e-01 6.727824626092490101e-01
7.708901589198829951e-01 8.347344729151889853e-01 7.961076290318019888e-01 7.368010639755310232e-01 4.696118398421150197e-01 6.897110770242409483e-01 7.951908036796569990e-01 8.237199465903080053e-01 4.597457397423880265e-01 5.989336499878470388e-01 7.912446563367170338e-01 8.904416458598519712e-01 8.738336093660049597e-01 1.000000000000000000e+00 6.694326322052810418e-01 7.472336002167530022e-01 6.567017653896779494e-01 6.346251816754040487e-01 7.117290687224570034e-01 7.411303622028869720e-01 3.343880901692229957e-01 5.422175146106079646e-01 6.974751027871489706e-01 6.870262378603140263e-01 3.240662416059399975e-01 3.461993850916850191e-01 7.903387957335019642e-01 8.217664763620420310e-01 7.291729695180859672e-01 6.516947060143269965e-01 7.790086485605519639e-01 7.823171415779459625e-01 5.130019038919270136e-01 5.229088508356589671e-01 6.340552536186949695e-01 6.933711383330050104e-01 6.614649444971180126e-01 7.560802317223399571e-01 5.075728178867969786e-01 6.644529100073720551e-01 6.990708434577319608e-01 7.466327545858959525e-01 6.324378151884499921e-01 7.122207310457210339e-01 7.509831090972229894e-01 6.949828435378679892e-01 7.921472785455470067e-01 7.175112750516660087e-01 7.716495653769870344e-01 8.056654446098879818e-01 7.642435653141369523e-01 7.698395451323739591e-01 6.926366002657350363e-01 6.517607888359729928e-01 7.411000024080820481e-01 7.392710067746790514e-01 6.619962507674690411e-01 7.459958888118379816e-01 5.446995512261789685e-01 6.312826542489330395e-01 7.645641749980409685e-01 7.827183112439840551e-01 5.773953501336239746e-01 6.478691304696539977e-01 7.170161925055390517e-01 7.792253609903020406e-01 6.862880231198149605e-01 7.015395620614509609e-01 6.429729850465299990e-01 6.341596749750499917e-01 7.107710564474689630e-01 6.782027103706019799e-01 6.893798296602540177e-01 6.518825958310640045e-01 6.473368703296810134e-01 7.845770704679230212e-01 7.791700885861170267e-01 8.166919871240809758e-01 7.494917420054479917e-01 8.129459040328149699e-01 6.813008041200909748e-01 7.301030930375720374e-01 5.962548745404969708e-01 4.626908235338459963e-01 6.590203560852360143e-01 6.943767808232109706e-01 5.680813649296140300e-01 6.415691515688199953e-01 7.004749465937579744e-01
8.681264545870319704e-01 8.109365021361369941e-01 8.384908538590849503e-01 8.162393927074309552e-01 8.050960117743359845e-01 7.331816145216729641e-01 7.389292429775440318e-01 7.170553032435119656e-01 6.225539051091329990e-01 7.561684738746899948e-01 5.543947330214530345e-01 5.224179661929859719e-01 7.463249424872610005e-01 6.694326322052810418e-01 1.000000000000000000e+00 8.884068156034430341e-01 5.219777537181009563e-01 5.107421153565270266e-01 9.449662646267840138e-01 8.801562127397940527e-01 7.666412254927219561e-01 7.976127089373820089e-01 6.405265498897759757e-01 6.029770977223900541e-01 6.797250008303999946e-01 5.654833015883600211e-01 8.199815462226289764e-01 8.328002945714380045e-01 6.965045473250890407e-01 4.639472438959360012e-01 6.562814782248179712e-01 6.271999909305310261e-01 3.352373567989540004e-01 2.787648655985959789e-01 8.394606701296050133e-01 8.803907572744219534e-01 7.617492874070590503e-01 7.877401636298260179e-01 8.273926954495389730e-01 7.660590475398310062e-01 6.427157635917619682e-01 6.096909066631309715e-01 3.789198702075979863e-01 4.594662758522550239e-01 7.546730186484380543e-01 7.592623842122380173e-01 6.555726061494150381e-01 5.700444184614550380e-01 8.593314441509880552e-01 8.076236210747279598e-01 8.231731644858829577e-01 7.971034764531359507e-01 7.285359256069630085e-01 7.329587964538220035e-01 6.382023397014440214e-01 5.296438119268119804e-01 4.814053630200009759e-01 5.245204196667559993e-01 4.373759257464300276e-01 5.165104563619400402e-01 6.929072216897069758e-01 6.501489502777849649e-01 6.920458357201589861e-01 7.706705099652849666e-01 7.721484148218730192e-01 7.669517420427059973e-01 7.883553970968200098e-01 7.430915309034700211e-01 6.206743104428470437e-01 5.172779256267020509e-01 6.846496847047639500e-01 6.072742125820920212e-01 5.809833899132149648e-01 6.441056796863999789e-01 6.526536980915430552e-01 6.805301929383129611e-01 8.646695950112399665e-01 8.355890985392909753e-01 8.213874725066450111e-01 8.090052872672409690e-01 8.532218356473409981e-01 7.588928372701729819e-01 5.210498633983280392e-01 4.719124451620160254e-01 8.548138677586389900e-01 8.367796490868589787e-01 3.674007617990819874e-01 4.437952353773840231e-01 8.167478930021470074e-01
8.054681197381760027e-01 8.326259012670409465e-01 8.389085680163349545e-01 8.197776024349260338e-01 7.714486514815119822e-01 7.742092858532719779e-01 7.604500942448439993e-01 7.249672518880929672e-01 7.405309397241649494e-01 8.305151101340659814e-01 5.406307872262889891e-01 5.687248766102049879e-01 7.294118407548459970e-01 7.472336002167530022e-01 8.884068156034430341e-01 1.000000000000000000e+00 4.845011087206860245e-01 4.422146461554750108e-01 8.687586999260280551e-01 8.505761580215940310e-01 7.433248255126699844e-01 8.314965989949519853e-01 5.787895422645900068e-01 6.250012404551009704e-01 5.878237525290399557e-01 5.805045789793219502e-01 7.762843836519850438e-01 8.204525295729769852e-01 6.384206754180890009e-01 5.207600746466259922e-01 5.864756080972499674e-01 6.083098124952249774e-01 2.892009485532769930e-01 2.533763849464479856e-01 7.642185605668150306e-01 8.448710264623350286e-01 7.280069069012280458e-01 7.996385883530929828e-01 7.638279501052950282e-01 7.689932819892000282e-01 6.856988180926020249e-01 6.548765289676039547e-01 4.560659583174729859e-01 4.747002624035290275e-01 7.632632638714520468e-01 8.253190125405469590e-01 6.856936032785799773e-01 6.452907466717600071e-01 8.682326462498149988e-01 8.362727515538039835e-01 7.438273099507329844e-01 7.820291220904880269e-01 6.851741167518039521e-01 6.854442218632500472e-01 5.516485198008459490e-01 4.871463281143009749e-01 4.148232024900569970e-01 4.532181757912019937e-01 3.546414860806390013e-01 4.906511159603990091e-01 6.880060488124829510e-01 6.505531177206830273e-01 6.914036534429139902e-01 7.943070165223760082e-01 6.788110326030399877e-01 7.035000548933629805e-01 6.790754760883529473e-01 6.368811805866479991e-01 5.939379034641699695e-01 5.202794261279649612e-01 6.377156588196249976e-01 5.690422840862939813e-01 5.566359418338210352e-01 5.273671381705800076e-01 5.991861996121770062e-01 6.917308617718850305e-01 8.134988216844010189e-01 8.511049805866960360e-01 7.938357110920239990e-01 8.598234718727629788e-01 8.238227915580900174e-01 8.087401700608419786e-01 4.823375486176579852e-01 4.617335551311200215e-01 7.690190303891609735e-01 7.648379345046909528e-01 2.794630760228580257e-01 3.914227608446330109e-01 7.576943468231499557e-01
7.254490562094050299e-01 6.813954157894159813e-01 5.187716988920579864e-01 4.555660608082899854e-01 4.051476903530180085e-01 4.821856844150519961e-01 5.464291176310399623e-01 5.697134079202209600e-01 1.929886727006039915e-01 3.445518422495559840e-01 7.847308839496509592e-01 6.894983647517619607e-01 7.258767844977189743e-01 6.567017653896779494e-01 5.219777537181009563e-01 4.845011087206860245e-01 1.000000000000000000e+00 9.028095545200880423e-01 6.219342922265730378e-01 6.804960911901409837e-01 2.160917207903819970e-01 4.067966600304990243e-01 5.156789350726239674e-01 3.927328960775249844e-01 3.166979026270400066e-01 2.023583778358729879e-01 6.824619604917490090e-01 6.710135163803609970e-01 7.726828179713060019e-01 6.837436857569270110e-01 7.961686137019929888e-01 8.211605242701179863e-01 6.899576620725249576e-01 7.039235764008430207e-01 5.678202425303560119e-01 4.630778848228649935e-01 5.152756951818749931e-01 4.720445371670479728e-01 4.599725992575279809e-01 5.043419036451369797e-01 6.924759957945459954e-01 6.841307387548659635e-01 8.168924521714200360e-01 8.260847306852729943e-01 6.865875763569490031e-01 5.973985496607060464e-01 7.474027024598790536e-01 7.188005391539009636e-01 6.496724674609190009e-01 6.555965538884880317e-01 7.779122485396400277e-01 7.553743421460029639e-01 6.333511329193499684e-01 5.136857561568589636e-01 6.910891895912409932e-01 5.912512656931969701e-01 7.839278114938510456e-01 7.111808533013319611e-01 6.471436899165510237e-01 6.067045477036180356e-01 8.009699918775019523e-01 8.276417711598309523e-01 5.566546725822959507e-01 6.421049262879230390e-01 6.673050567281360035e-01 7.076137562822759630e-01 5.780195604370259588e-01 4.686249668878930130e-01 4.464931133757890080e-01 4.230764058693040064e-01 6.734625576190780283e-01 6.049913194288629725e-01 6.620839060275279797e-01 7.384987265752780417e-01 8.515844640244739638e-01 7.793585075380470295e-01 6.928680201108200487e-01 6.455066169053269576e-01 6.854147597766390154e-01 5.744383878805150445e-01 4.778036679283300114e-01 5.223169647922090153e-01 4.885325933758060124e-01 3.413432634171399971e-01 6.141663707961090291e-01 6.186176780481249526e-01 7.486713219182280499e-01 7.635462082681230278e-01 6.020343258416670507e-01
