1.000000000000000000e+00 9.301620872451310529e-01 6.133644459271619942e-01 7.024720534190399546e-01 2.459890441884750034e-01 2.170401268063620048e-01 5.430776604234639482e-01 6.078390746014229462e-01 2.961164204764220043e-01 2.637987038504510107e-01 6.211667103800809775e-01 7.329293793751160413e-01 4.649826150389559931e-01 5.840471420769519639e-01 4.330998510599909923e-01 4.423751946351839881e-01 7.542289626227639543e-01 7.102054577493760457e-01 7.418978296734070055e-01 8.638110280413570097e-01 5.636463072289940035e-01 3.439334608374490232e-01 4.487041649503940022e-01 6.060716991596699632e-01 3.126307095751090226e-01 3.533217440082869754e-01 6.611866893209430440e-01 7.170710460460819613e-01 4.892727000135190241e-01 5.083711885805529684e-01 6.762969451452689462e-01 6.282961717926389689e-01 5.121301740316830386e-01 4.963849041612489743e-01 6.436468334718199458e-01 6.061813084722780243e-01 7.067544310897170279e-01 3.415456202986710266e-01 2.127388924345829935e-01 3.354383302346560236e-01 5.852982886218830449e-01 5.874370633376340134e-01 6.944528521854710368e-01 6.273176031164340305e-01 7.576094751213989786e-01 6.538242022144079568e-01 6.614809315182149652e-01 6.545136759361079859e-01 6.926724939825580352e-01 6.789389100316729486e-01 9.142331922806240518e-01 8.792171839666820254e-01 7.549425364567300401e-01 7.344355703633219656e-01 6.149650747672760209e-01 5.855948808825049978e-01 5.823900797703479570e-01 6.678801242331620092e-01 3.662677614977580265e-01 6.325317488709729652e-01 7.360521920791429640e-01 7.702314152961969862e-01 7.895674585231510223e-01 8.267961171711769586e-01 5.208064916103829489e-01 5.301184076878030504e-01 4.009854243818919972e-01 4.302834074400210262e-01 2.726107865904759953e-01 1.177085113954329937e-01 4.614969259597950235e-01 4.854649557584280184e-01 7.926478621248840284e-01 6.521181026932699742e-01 8.097280058200549968e-01 8.189311200818339964e-01 6.503845959979279723e-01 6.915643586364530471e-01 8.318001975360890254e-01 8.080284077577499779e-01 7.751232443624550550e-01 7.310526408984699964e-01 3.664686431065070082e-01 2.318970876831560057e-01 5.709007249772379833e-01 5.227829750988259860e-01 4.277230617759090192e-01 4.483136526914410225e-01 5.514190878223099723e-01
9.301620872451310529e-01 1.000000000000000000e+00 5.487056480618059950e-01 6.443250026624099958e-01 2.028104519342290024e-01 1.199293465883329995e-01 4.160590658709130141e-01 5.166319316585280541e-01 2.323821176363229934e-01 1.731018110741230076e-01 4.755265955041330095e-01 6.436908668760249475e-01 3.363410482959989789e-01 5.035254326660220103e-01 3.811402142907969748e-01 3.860337589792299795e-01 7.767437977716330488e-01 7.411273863656330230e-01 6.818212243253619631e-01 8.285772980963119760e-01 5.413152868129430528e-01 2.842799815944260233e-01 4.073358672028710159e-01 5.711287655889210058e-01 3.391880207537270042e-01 3.425075240425640155e-01 6.409784714019080010e-01 6.860117595714120275e-01 4.524042949626290167e-01 4.675017434424810214e-01 6.852912378590489961e-01 6.260218700804740521e-01 5.325460756091230374e-01 5.088756652019950089e-01 6.740765897118720096e-01 6.077743624930530553e-01 7.107500051076139913e-01 2.977113932083900183e-01 2.077414013704720064e-01 3.227468081602820060e-01 5.424749321592839957e-01 5.633277690842749541e-01 6.389655708749549801e-01 5.505776348821139754e-01 7.109854164031480517e-01 5.964671360454829596e-01 5.923522229909530257e-01 5.681806550745229778e-01 6.340158400534929850e-01 6.063799993110440267e-01 9.099359734686800483e-01 8.910755077723859774e-01 7.144726813545170252e-01 6.873770813824520154e-01 5.507359081334569639e-01 5.500198648298130211e-01 5.278231679392929587e-01 6.157570656174700119e-01 4.104319479245209790e-01 6.520905264664500489e-01 7.400368257506400038e-01 7.633039021138450231e-01 8.285651682783949923e-01 8.300831549758600492e-01 3.819763309053639810e-01 4.108971047554130229e-01 3.514577499597519861e-01 4.032740556875309967e-01 2.795666533436850232e-01 1.210649361314170003e-01 4.443259692270900008e-01 4.431653988655249732e-01 8.141309763934909682e-01 6.889831484532530359e-01 8.532074756414159689e-01 8.666762441005499973e-01 6.588540509755269614e-01 7.014611508190400357e-01 8.293095227654609936e-01 7.657155100434279715e-01 7.101698680365190475e-01 6.859840840327879885e-01 2.648151758852799742e-01 1.242864375479919986e-01 5.222762139441230467e-01 4.656775188481560024e-01 3.555591710279030204e-01 3.679276734065510257e-01 5.036291703883569726e-01
6.133644459271619942e-01 5.487056480618059950e-01 1.000000000000000000e+00 8.655202665765899805e-01 5.547496683173259724e-01 5.690553094117689614e-01 8.708059460887570546e-01 7.938745335049109952e-01 7.073506750976420454e-01 5.958228527360579507e-01 6.568641701862200089e-01 6.245540256981150229e-01 7.522837589275569448e-01 7.000868323944260396e-01 7.723820001857050199e-01 7.349713339496429798e-01 4.381965279854320161e-01 4.651747218652589888e-01 8.061931966705170316e-01 7.455188421749140426e-01 6.449002336208430330e-01 4.877642882263329982e-01 8.897873358581980252e-01 8.711380628493979872e-01 4.207802006875249745e-01 5.231709994373100470e-01 5.732329557741480119e-01 5.475899833514680237e-01 6.310961967041059939e-01 7.138572054280879486e-01 7.191700879916540501e-01 7.141326608682410093e-01 5.518253758929649866e-01 6.504187506388490192e-01 4.803945258480359914e-01 4.654412253820859879e-01 5.694270684828479645e-01 3.131904712716069850e-01 2.106029626370179986e-01 3.646216911985469822e-01 5.924494612486880252e-01 5.866502784416379734e-01 5.045379182667919515e-01 4.729706077039860235e-01 5.972611418240080239e-01 5.944001311346770455e-01 5.384499812356979831e-01 5.506250690104329548e-01 6.017300391799409454e-01 5.988446386286380152e-01 4.965455823802629731e-01 5.379613304602020030e-01 7.020707421593670450e-01 6.181356969822919822e-01 7.758370266552450101e-01 7.643401003766320256e-01 6.064704074310820481e-01 6.888814350008729548e-01 6.650847938146720040e-01 6.319915314541619811e-01 7.173477386936639721e-01 6.786301336137999796e-01 4.337677407150870024e-01 5.347241337637039793e-01 6.809884592326039821e-01 6.508887239710270389e-01 5.244206359910129622e-01 4.756892831133949784e-01 3.088165424519209723e-01 2.280995379065650086e-01 6.351697934924700473e-01 6.926533732519569719e-01 4.742090785547189991e-01 3.930543727933880072e-01 5.451378370627120162e-01 5.618164507538380148e-01 5.384048666651309878e-01 6.144654636578510409e-01 6.848644851918750387e-01 6.701215861942390051e-01 7.070475660751069924e-01 7.026056306135769480e-01 6.984518185121919576e-01 6.763664455908240392e-01 6.777057358886580118e-01 6.806632336479659928e-01 6.126382313669770374e-01 6.106805921213219746e-01 6.645528065681030050e-01
7.024720534190399546e-01 6.443250026624099958e-01 8.655202665765899805e-01 1.000000000000000000e+00 6.059794136693269495e-01 3.923145025092290017e-01 8.659560345077470522e-01 9.039350968366609562e-01 6.081446626956970025e-01 5.984974647117760060e-01 6.656773053663750384e-01 7.666273997228999493e-01 6.610611841936110400e-01 7.613814173678460362e-01 7.384299303690190497e-01 7.709018342726120521e-01 5.740022609121470110e-01 5.896267957458369846e-01 7.777227833212030372e-01 8.019325972975439587e-01 6.547268441213189849e-01 4.258141282619810064e-01 7.335414276028490166e-01 9.105919835780970084e-01 4.677598019884949831e-01 5.343514022054509649e-01 6.498553858188470533e-01 6.596305568942819608e-01 6.623314799224260252e-01 7.210248938497859639e-01 7.219493734801170071e-01 7.619865374427899907e-01 5.958156041638109635e-01 6.697026180480100122e-01 5.491991945110880069e-01 5.185377535371520352e-01 6.549286947300559936e-01 3.368899276596359904e-01 2.280914562911260102e-01 3.696303495417390117e-01 6.894795143318920294e-01 6.887374216020679674e-01 5.920662912272810496e-01 6.016273802916509705e-01 7.207203234487580268e-01 6.932797536846290187e-01 7.134835373483660037e-01 7.147584428836120107e-01 7.135659085201370155e-01 6.958911311727660198e-01 6.273700061828020313e-01 6.796328838869980515e-01 7.905023806231520345e-01 7.743729756087649463e-01 7.396227629574819717e-01 8.016771407886269518e-01 6.425855571014139622e-01 8.042386030946280240e-01 5.556145638470669779e-01 6.986349319750430054e-01 7.694178354404690445e-01 7.582509022878309857e-01 5.020018236831560454e-01 6.230643173592810280e-01 6.491554757046920088e-01 6.462127765350620390e-01 5.054226608766430040e-01 5.326968936542769706e-01 1.942291374263570014e-01 9.914188355751130111e-02 6.482768492692120299e-01 7.312528493893499792e-01 5.473851895249070010e-01 4.838397209473779825e-01 6.166565527813759884e-01 6.434066010375529832e-01 5.543743235296609839e-01 6.527528935439339541e-01 6.875367124058699986e-01 7.882851643360879734e-01 7.753199535977830514e-01 8.022961424571249944e-01 7.230135444795929844e-01 6.186172143052459660e-01 7.368381357982669577e-01 6.963417850365229977e-01 6.880236168055070545e-01 6.686218696476710077e-01 7.264162316826160426e-01
2.459890441884750034e-01 2.028104519342290024e-01 5.547496683173259724e-01 6.059794136693269495e-01 1.000000000000000000e+00 4.766094210871990033e-01 6.553343460754119665e-01 6.223651183177849600e-01 7.397936921326480064e-01 7.163614861323529537e-01 5.069442472921660281e-01 4.932197101847650145e-01 5.325331802046320284e-01 5.971789138689800325e-01 6.771781866079300549e-01 7.185589358151539541e-01 2.273722333965770004e-01 2.857861708129290079e-01 5.109052536864490124e-01 4.017219580150929725e-01 3.561532608369010200e-01 3.542467232318129988e-01 5.468908107950539721e-01 6.048898755585689901e-01 4.640444427158090246e-01 4.849982588783690041e-01 3.790744218577939972e-01 3.067409455862220025e-01 4.639756026677320233e-01 4.639452696411089927e-01 4.022574384612970233e-01 5.050711973220349815e-01 3.934739254539669773e-01 5.085742574519369619e-01 2.268604164195739958e-01 1.776554606607199938e-01 2.944726354201550045e-01 2.382447938214579952e-01 2.270858507430009998e-01 2.280957983996450000e-01 5.393992873221189477e-01 5.486551799872220192e-01 3.137587231133620036e-01 4.171923142804019879e-01 4.210562534600669760e-01 4.605971873619379986e-01 4.386522875799219734e-01 4.306359874186729830e-01 3.990438340883230017e-01 3.668870285790230001e-01 2.129814303431530054e-01 2.517182283363639805e-01 4.161182248829309871e-01 3.900770563627630194e-01 5.130465826779999627e-01 5.399317047503670031e-01 4.280753131526690014e-01 5.243735068534629562e-01 3.650274521343450096e-01 4.281154296650330204e-01 4.529111313534029959e-01 4.349594354486929770e-01 1.070120363372250027e-01 2.181152491984869879e-01 3.849005201887449878e-01 3.722562454344069960e-01 2.788088998702080157e-01 2.613566235684889882e-01 1.288677588199209911e-01 1.151649931400269972e-01 4.824321745720340227e-01 5.448903988964060030e-01 2.091107424461290110e-01 1.405130561323529870e-01 2.230112046960910088e-01 2.063957163303949960e-01 2.782927658300949902e-01 3.383758122348770048e-01 3.148846635436050034e-01 4.445025227520780220e-01 4.685123527165390156e-01 4.977822730741349733e-01 6.977479037872620360e-01 6.635523000184330167e-01 5.944918148913770350e-01 5.625075243325969865e-01 5.571704436642740399e-01 5.078301855552499466e-01 5.486742087738090135e-01
2.170401268063620048e-01 1.199293465883329995e-01 5.690553094117689614e-01 3.923145025092290017e-01 4.766094210871990033e-01 1.000000000000000000e+00 5.470046113895590256e-01 4.542927784708329919e-01 7.868344463440469783e-01 7.409003554359350208e-01 4.032226108389699859e-01 3.191118439988689937e-01 5.567575160062540052e-01 4.817908721955109774e-01 6.107971671200880248e-01 6.086467646706570367e-01 1.172124324222909991e-01 2.086667709962269912e-01 4.332488603540600169e-01 3.561540408326789864e-01 4.801676537387740140e-01 4.945612160673359958e-01 6.018054103959520340e-01 4.628199332119199982e-01 3.552912153565049858e-01 5.034577791815070258e-01 3.746230358099569835e-01 2.720706154060619775e-01 4.028620104964190096e-01 4.919276147146239841e-01 3.219650047724800235e-01 3.384076497600779776e-01 1.563396464950370102e-01 3.669091708560289766e-01 1.645621508701650137e-01 1.366034206630890036e-01 1.980179968499599930e-01 2.151815904108130006e-01 1.380198084192749974e-01 2.867653686206669827e-01 3.678003382627140216e-01 3.859223739001820253e-01 2.626944950452920202e-01 3.114761148630170173e-01 3.499063746585239776e-01 3.982939129179750015e-01 3.054968040481900182e-01 3.027933457452109955e-01 3.574465402368610101e-01 4.317255148053549818e-01 1.407471893062429980e-01 1.554644799082620099e-01 3.141197421532669898e-01 2.892242775646209907e-01 3.915518696878039773e-01 4.011982583326090257e-01 3.920983195704729751e-01 4.342629579090869774e-01 2.713227531903900092e-01 2.121679517889779876e-01 3.247819976411929765e-01 3.128323011907129803e-01 6.159786485948590129e-02 1.851042308373999912e-01 4.697041565488340176e-01 3.882249922983139756e-01 3.324333366124879729e-01 2.358390213071470121e-01 2.954701197726219974e-01 3.615277817714960262e-01 3.404991189603990276e-01 4.090427214104669917e-01 1.304931708146029878e-01 5.455043512508490205e-02 1.441996984298470064e-01 1.708462310942500118e-01 2.011687551484520053e-01 2.676145521003209793e-01 2.370485196951820084e-01 3.796960007599319842e-01 3.402035292668740274e-01 3.805392928628429927e-01 5.145369721043450140e-01 5.043969078054280075e-01 4.841559625812940082e-01 4.745257366122889731e-01 4.792638232943989829e-01 4.585215313258950154e-01 4.439121692259139773e-01
5.430776604234639482e-01 4.160590658709130141e-01 8.708059460887570546e-01 8.659560345077470522e-01 6.553343460754119665e-01 5.470046113895590256e-01 1.000000000000000000e+00 9.066797680388990477e-01 6.998468424031329960e-01 6.726885447782839922e-01 7.494680033121260410e-01 6.797412131532549751e-01 7.941140604896530508e-01 7.589614475785939618e-01 7.683344494740640407e-01 7.442181206891179679e-01 3.602382801351979857e-01 3.894449117063419896e-01 7.401706410915920298e-01 6.613066226860040420e-01 5.568589444881939521e-01 4.196766930350639968e-01 7.730044817715020500e-01 8.197209990685190295e-01 3.951236700594060181e-01 4.706298824117720048e-01 5.310638285236970457e-01 5.063073156522519547e-01 6.195892817798640539e-01 6.927225069959179748e-01 6.019887408266170192e-01 6.772813055957159767e-01 4.857588845067170036e-01 5.804557828619819615e-01 4.017448877426469944e-01 3.526646453485109967e-01 5.416819114217950037e-01 2.980046169872920259e-01 1.803256295009059984e-01 2.767029459327269847e-01 6.108191100213480329e-01 5.919065339214819588e-01 4.606402763585599747e-01 5.274473991891900360e-01 5.966232190002880298e-01 6.196259711384419777e-01 5.839763537341740030e-01 6.168305092139959589e-01 6.261008329485590052e-01 6.261170051797959601e-01 4.289366329342769735e-01 4.580424894821980009e-01 6.911366046534710428e-01 6.375866697890669732e-01 7.736570794486989922e-01 7.468270180914819978e-01 5.877913914800380057e-01 7.420815857880880273e-01 5.319508690133329942e-01 5.987753978509490205e-01 6.512881609702010355e-01 6.255752516641990280e-01 3.149461261738640272e-01 4.711864037673619832e-01 7.309209475600929595e-01 7.180767586584370088e-01 5.285293533047179526e-01 4.446170744811390185e-01 2.377568066966830040e-01 1.326220651254889915e-01 6.145624251522340264e-01 7.442122835702720263e-01 3.595813782343830201e-01 2.673835183217779798e-01 4.047218220209640172e-01 4.129185616586220076e-01 4.348014343011200045e-01 4.953229452465269800e-01 5.493703343928509897e-01 6.284820812755389507e-01 7.057149222760720209e-01 7.086228209048169857e-01 8.291687471453670355e-01 7.873828626984710199e-01 7.358599797412309629e-01 7.470113816547350183e-01 6.844002363509830156e-01 6.985351811727139593e-01 6.975997257281509878e-01
6.078390746014229462e-01 5.166319316585280541e-01 7.938745335049109952e-01 9.039350968366609562e-01 6.223651183177849600e-01 4.542927784708329919e-01 9.066797680388990477e-01 1.000000000000000000e+00 6.011040926211169699e-01 6.039698084028130021e-01 6.863072945825989812e-01 7.808089318968609582e-01 6.632920231724439564e-01 7.566611326423059447e-01 7.120293899674620119e-01 7.208133904888810450e-01 5.131422635902239682e-01 5.267680329822349572e-01 7.281406695686150066e-01 7.119992161762760396e-01 5.669861955590009828e-01 4.152591221164370072e-01 6.900415753062210111e-01 8.320987816977369889e-01 3.674334276310480263e-01 4.360137523333320053e-01 6.214683427423379758e-01 6.161215331558510533e-01 6.127914418227730087e-01 6.910793359006359715e-01 6.346776832032660076e-01 7.367787085558890059e-01 4.447595068964890208e-01 5.671150550371160115e-01 4.670054740286990191e-01 4.362529597649290047e-01 5.839342861155849551e-01 3.221600365224819851e-01 2.097869189453230032e-01 3.226146960753840109e-01 6.355060584491829534e-01 6.511612978728820167e-01 4.811835380663260220e-01 6.017023550472030413e-01 6.542510604120319595e-01 6.931536728252409851e-01 6.955106372682520188e-01 7.295344918896039532e-01 6.974373713760529947e-01 7.055479908527270139e-01 5.551843427677950471e-01 5.998046931570369944e-01 6.981894706595509481e-01 7.678483175469239530e-01 6.732140134104589446e-01 7.836042509200109585e-01 6.445608191932560294e-01 8.515336532858629459e-01 3.912922360179290071e-01 6.011727806763640380e-01 6.443707649487929734e-01 6.477117139088299780e-01 3.696826768379509742e-01 5.619767611959990417e-01 7.214087720872299769e-01 7.109032573783139464e-01 5.553796307007420330e-01 4.951898013123879894e-01 2.417518344554850096e-01 9.440512063816020039e-02 6.571969166987530198e-01 7.761212774137939974e-01 4.209899652446429941e-01 4.292578427092970106e-01 5.108209338412580403e-01 5.241060686805240065e-01 4.811778649486980197e-01 5.366437195269829763e-01 5.507842395278460534e-01 7.236251727997630168e-01 7.538513569413850535e-01 7.798805514256710314e-01 8.121839783049420447e-01 6.943291998870689818e-01 7.794691680564129754e-01 7.800865287798229852e-01 7.293623034111980097e-01 7.215969801951549467e-01 7.495291266921300100e-01
2.961164204764220043e-01 2.323821176363229934e-01 7.073506750976420454e-01 6.081446626956970025e-01 7.397936921326480064e-01 7.868344463440469783e-01 6.998468424031329960e-01 6.011040926211169699e-01 1.000000000000000000e+00 8.812590145461609570e-01 5.337252981992379741e-01 4.883650610555280158e-01 6.692743723498230102e-01 6.272911528918390101e-01 8.035869163005889826e-01 8.323492580511270278e-01 2.318708326145189902e-01 3.072421211085269999e-01 6.033731701707629735e-01 4.763917147405489771e-01 5.564261149625649994e-01 5.066855500107609878e-01 7.155101715492320213e-01 6.454531584572700265e-01 4.270690745092279861e-01 5.341514804365019575e-01 4.802509192696989837e-01 4.120558831953209933e-01 5.072367684648240171e-01 5.743439248807240549e-01 4.797281276407949768e-01 4.984019384411479958e-01 3.682690285380619821e-01 5.198885996406990007e-01 2.844199204232040201e-01 2.647841798818409975e-01 3.391545932686100273e-01 3.030478197080599956e-01 3.101841559698430006e-01 3.602938887483950192e-01 5.592377440219099549e-01 5.711669322770579482e-01 3.810813455287169749e-01 3.955124734876950265e-01 4.697853956380200202e-01 4.680034815930390057e-01 4.424311197840860022e-01 4.139397474494569962e-01 4.248520182179439941e-01 4.790533472017050043e-01 1.943994244471919930e-01 2.134955663875499898e-01 4.540522745805979921e-01 3.689568936670610255e-01 5.579427199366550072e-01 5.852502438660399653e-01 4.692680793285969876e-01 5.334593191739549489e-01 4.983745206118230242e-01 4.089004800544209783e-01 4.926667582334129936e-01 4.423344856223220267e-01 1.418249107260800002e-01 2.320477434557919882e-01 5.047748418504479639e-01 4.633116549341759760e-01 4.058809550854809989e-01 3.587308019184060059e-01 2.962144598791859873e-01 3.192624761043519888e-01 5.234553715970170495e-01 5.435202316185240301e-01 2.388671645875999894e-01 1.771704066612860007e-01 2.755076050355069750e-01 2.700095759151179831e-01 3.556821928505840003e-01 4.458678460153159828e-01 4.053736722286909733e-01 4.825239218667169983e-01 4.538771398927600176e-01 4.791657208339359930e-01 6.045096445978479505e-01 6.017886745467749821e-01 6.000836966379979875e-01 5.715014906561229902e-01 5.634439843001820547e-01 5.018576906225390433e-01 5.928349391064310359e-01
2.637987038504510107e-01 1.731018110741230076e-01 5.958228527360579507e-01 5.984974647117760060e-01 7.163614861323529537e-01 7.409003554359350208e-01 6.726885447782839922e-01 6.039698084028130021e-01 8.812590145461609570e-01 1.000000000000000000e+00 5.294248690962209958e-01 4.983792489216259947e-01 6.173741448158279743e-01 6.300313235791079602e-01 7.838266094703979503e-01 8.408353966467789764e-01 2.369051969859150009e-01 2.991305852452380010e-01 5.071278151254839939e-01 4.272587168176619765e-01 5.299299129458160396e-01 3.906686354866200084e-01 5.877009186110989658e-01 6.160018128935530468e-01 3.745195669531650173e-01 4.419201644988480226e-01 4.370024931806619772e-01 3.814846093208970057e-01 4.424370288140009877e-01 5.085618343370680305e-01 4.009435722729550178e-01 4.409653925911830030e-01 3.503346519940290227e-01 5.065663083909559550e-01 2.764838917950049879e-01 2.477163626816500097e-01 3.358610759642070009e-01 3.194732495751609891e-01 3.198801154021039816e-01 3.724740090808399962e-01 5.784291408215560537e-01 5.779711058270500246e-01 4.138634105852109779e-01 4.690502645275059779e-01 4.942478318288189842e-01 5.093147991157519483e-01 4.395288883201470265e-01 4.560440599336489931e-01 4.625168532541010236e-01 5.064519702476339980e-01 1.933127851999789926e-01 2.206011314484629948e-01 4.861485415196100113e-01 4.386182802008660175e-01 5.036608299351700291e-01 5.985762699543339949e-01 4.502461282095889805e-01 5.388047754563449754e-01 4.108621193700969787e-01 4.041311950206140091e-01 4.688813167401850168e-01 4.412016142406809949e-01 1.129951422204499983e-01 2.499852194450770115e-01 4.742159341939409800e-01 4.809771719584169936e-01 3.958395483417719851e-01 3.754137926128909841e-01 1.181550999443909955e-01 2.708485943660219886e-01 4.754724566024070009e-01 5.418060214804559793e-01 1.929904290666600020e-01 1.178611837726079997e-01 2.295191214972890081e-01 2.380707386967090000e-01 3.347400582722089846e-01 4.097057750877670101e-01 3.580346542430369872e-01 5.085189621935239934e-01 4.706566900970849954e-01 4.979485304607810248e-01 6.562360086929399650e-01 6.364583247206000438e-01 6.282250751565330305e-01 6.054922655249329599e-01 6.245988342202349886e-01 5.629309793580109522e-01 6.232133019159440401e-01
6.211667103800809775e-01 4.755265955041330095e-01 6.568641701862200089e-01 6.656773053663750384e-01 5.069442472921660281e-01 4.032226108389699859e-01 7.494680033121260410e-01 6.863072945825989812e-01 5.337252981992379741e-01 5.294248690962209958e-01 1.000000000000000000e+00 7.933145046290680513e-01 8.597013071115430227e-01 8.099982898314319613e-01 6.699375171027129872e-01 6.552310537753740505e-01 5.930759298689199932e-01 5.713392873210130229e-01 7.888428541715479803e-01 7.047269492385590528e-01 4.979854421962319755e-01 3.221023086697429871e-01 6.145498150233820178e-01 6.447684732312850553e-01 1.891052369573320013e-01 2.866736023044990089e-01 6.636812520755119849e-01 6.212273102027779936e-01 5.662007171241969505e-01 5.897173718497670247e-01 6.364765585420989469e-01 6.112114582074490432e-01 4.633901407662779914e-01 5.026509906516050119e-01 4.166209957326110214e-01 3.934471754167570001e-01 6.090883940127209684e-01 5.113945664298279459e-01 3.236763580679840047e-01 2.733762796343700008e-01 7.277217385606129518e-01 6.930921202687160276e-01 6.070754337666069977e-01 6.918064685850779938e-01 7.221815777279140258e-01 6.693208302800980336e-01 5.985476276779440052e-01 6.667029091533750451e-01 7.153270253159159653e-01 7.004068913778840333e-01 5.996100534590910192e-01 5.673756437419860132e-01 6.011786705722740320e-01 5.564026102766419513e-01 6.730817936509779775e-01 5.924222287567809664e-01 7.542611452184300180e-01 7.435946621238850307e-01 3.976973120693220176e-01 4.685476094523799984e-01 6.663918082808000243e-01 6.594330327861009922e-01 4.281423395202679782e-01 5.988642706381539504e-01 7.284921332140800176e-01 6.589884104455959735e-01 5.410787695982030021e-01 4.316525333927129782e-01 2.446557990861039922e-01 2.823538951662180052e-01 6.336164690612859918e-01 6.707895908062879720e-01 5.138621493926499584e-01 4.317125902124550052e-01 5.284013878562500155e-01 5.085739303883219931e-01 6.107726269752929982e-01 6.215601586842589565e-01 6.293933323630149790e-01 6.629492742498169777e-01 7.485887578106660278e-01 7.142073344132630064e-01 6.563570565085590225e-01 6.170995324137009685e-01 7.287768787118890090e-01 7.135911532981820127e-01 6.296135402134750425e-01 6.491308088332440329e-01 6.787171447852520245e-01
7.329293793751160413e-01 6.436908668760249475e-01 6.245540256981150229e-01 7.666273997228999493e-01 4.932197101847650145e-01 3.191118439988689937e-01 6.797412131532549751e-01 7.808089318968609582e-01 4.883650610555280158e-01 4.983792489216259947e-01 7.933145046290680513e-01 1.000000000000000000e+00 6.211526714908850444e-01 8.329823039178539945e-01 6.466219796066650094e-01 6.885548656950869484e-01 7.995065766801660034e-01 7.862595822867409767e-01 7.652236008382650168e-01 8.120752282438049585e-01 6.156468789421909449e-01 4.008192635562459749e-01 5.197170910654620446e-01 6.881208044365589860e-01 2.849299879342440112e-01 3.175686426373570126e-01 8.213297394218099789e-01 8.582710878018060541e-01 5.952959263947960045e-01 6.464029072004350285e-01 7.319270460145469448e-01 7.463525893219039586e-01 5.184025507012239853e-01 5.500318974009199557e-01 6.420216928605469997e-01 5.611100460017800495e-01 7.364169741374130274e-01 4.913554327738610117e-01 3.634990679444080053e-01 3.858319276145730226e-01 7.385644267553259645e-01 7.467747514028419964e-01 6.234404778062819785e-01 6.738053864862729725e-01 8.199913818346320493e-01 7.459104898927789717e-01 7.797655844350439569e-01 7.862748168873640031e-01 8.039678125249439811e-01 7.934746870376879757e-01 7.447922804151559939e-01 7.638179764160070162e-01 6.666350561814520237e-01 6.973841103437959932e-01 6.093547085694209775e-01 5.948887552383329558e-01 7.887068560360089853e-01 8.697460544074210320e-01 3.267859202740500124e-01 5.189157835274159636e-01 7.147145083069770255e-01 7.113274263530600106e-01 5.344194722799420205e-01 6.935843094490440341e-01 6.495868652167510193e-01 6.541965527031570193e-01 6.079774948668209555e-01 6.286106541767030320e-01 3.104758736867220259e-01 3.056546095271630015e-01 7.174679007969549938e-01 7.331502735944970262e-01 6.665654689332829452e-01 6.513223173686769618e-01 6.957321032657589610e-01 7.169763469259520239e-01 6.328692447237810326e-01 6.951021576028389992e-01 6.567779758210560148e-01 7.807195107878880380e-01 7.692721631671980420e-01 7.837892405135159501e-01 5.667187665417530162e-01 4.321807168497949769e-01 7.500214589925939812e-01 6.967458053151019959e-01 6.925821016913480399e-01 6.442217171774560214e-01 7.230256392957959966e-01
4.649826150389559931e-01 3.363410482959989789e-01 7.522837589275569448e-01 6.610611841936110400e-01 5.325331802046320284e-01 5.567575160062540052e-01 7.941140604896530508e-01 6.632920231724439564e-01 6.692743723498230102e-01 6.173741448158279743e-01 8.597013071115430227e-01 6.211526714908850444e-01 1.000000000000000000e+00 8.032651708528060208e-01 7.392431851068490545e-01 7.037799961012149996e-01 3.716705623397529856e-01 3.842224029631720050e-01 6.832883063029130399e-01 5.604434379512349684e-01 4.669654620956740221e-01 3.440022046545179735e-01 7.191941644554590285e-01 6.951785571442790079e-01 2.056336652824110045e-01 3.303232539582819927e-01 5.663237548308870384e-01 4.702372997389109854e-01 5.064533885462280116e-01 5.897527169223529819e-01 5.840260045904039909e-01 5.388361498966689478e-01 4.449957520891679730e-01 5.184070636076379968e-01 3.299491237127880061e-01 3.003255491855509884e-01 4.890948969948220038e-01 4.226321019852670169e-01 2.836779561587610132e-01 2.380046336126959983e-01 6.339284982769090027e-01 6.118546315003690061e-01 5.412562852407699632e-01 5.555843918895250200e-01 5.735336260376640016e-01 5.652923995994899586e-01 5.034206097875639774e-01 5.722509198326709567e-01 5.938162778236669714e-01 5.917622934310989846e-01 3.797827767690850065e-01 3.664164767107079834e-01 6.106142162643080074e-01 4.987760309956990046e-01 7.340554370586199751e-01 6.443644058753940085e-01 6.290709068322249964e-01 6.423516986330189971e-01 5.580830960807009467e-01 4.812580735944679833e-01 6.255018473619200492e-01 5.958399692089619837e-01 2.532577452099940007e-01 4.038407356025739969e-01 6.875966450628629989e-01 6.272501676168540374e-01 4.929222333336690243e-01 3.379103737093049897e-01 2.627516590856669998e-01 2.997200974355889724e-01 5.900310624067349741e-01 6.335270820792650026e-01 3.717674769485470043e-01 3.209531384784859998e-01 3.946970759954879782e-01 3.926015718430859724e-01 5.188902348141060106e-01 5.440736051017449615e-01 5.855434629082679754e-01 5.685801425866580106e-01 6.745834130615300239e-01 6.041704156382420310e-01 6.936935031767239579e-01 7.050729534102559981e-01 6.487679177427679855e-01 6.555315540481160275e-01 6.175743172029910522e-01 5.999312649224639582e-01 6.303148266169390501e-01
5.840471420769519639e-01 5.035254326660220103e-01 7.000868323944260396e-01 7.613814173678460362e-01 5.971789138689800325e-01 4.817908721955109774e-01 7.589614475785939618e-01 7.566611326423059447e-01 6.272911528918390101e-01 6.300313235791079602e-01 8.099982898314319613e-01 8.329823039178539945e-01 8.032651708528060208e-01 1.000000000000000000e+00 7.216683011834930106e-01 7.678541479795190083e-01 6.095780147545030170e-01 6.400221001509069918e-01 7.084468852883459844e-01 7.140690477131099723e-01 5.793988452820210133e-01 3.548696394229909901e-01 6.890084424621429893e-01 7.621759738627750247e-01 2.980289983855309854e-01 3.961438732207320235e-01 7.396613571978889468e-01 7.047722693880279499e-01 6.196287921761639561e-01 6.852002599793040050e-01 7.351590340409810409e-01 7.279841090586519625e-01 5.533687893992740303e-01 6.126303170940879950e-01 5.145767952241270260e-01 4.399918363957239786e-01 6.127068091171430364e-01 4.866342585538879772e-01 3.414177906894669823e-01 3.276349662238189908e-01 7.175144965405230169e-01 7.252711300353550383e-01 5.806585121678410344e-01 6.276066024126969456e-01 7.251267590423420284e-01 6.484149819263990144e-01 6.394623991569989840e-01 6.717659183791360178e-01 7.437628714023070131e-01 7.036482289798640100e-01 5.696413048903650189e-01 5.805438745571950276e-01 6.734898195595949710e-01 6.286296812029550374e-01 7.282405017989379559e-01 6.916092644847180448e-01 7.120851596579409470e-01 8.243022079580849537e-01 4.810809043880239777e-01 5.563720458695630144e-01 7.249095288651510316e-01 7.100406305922489780e-01 4.165844069097319746e-01 5.670938987703919576e-01 6.654996727682700453e-01 6.564669097983170110e-01 5.728881224245809811e-01 5.280483534474570417e-01 3.071698744017899996e-01 2.598892975665059724e-01 6.827719948489440194e-01 7.351838130120910142e-01 5.136320126713189715e-01 5.298508441169670347e-01 5.658510600229630372e-01 6.048465308617380076e-01 6.048009599945509684e-01 6.440120585459280234e-01 6.173016521937430001e-01 7.193360908892459937e-01 7.260295834505150481e-01 7.280654664873129622e-01 6.691772047750369490e-01 5.883040849656779869e-01 7.154387819647940461e-01 6.810680753799349674e-01 7.228906947404200034e-01 6.600113361782129484e-01 6.831739681885740101e-01
4.330998510599909923e-01 3.811402142907969748e-01 7.723820001857050199e-01 7.384299303690190497e-01 6.771781866079300549e-01 6.107971671200880248e-01 7.683344494740640407e-01 7.120293899674620119e-01 8.035869163005889826e-01 7.838266094703979503e-01 6.699375171027129872e-01 6.466219796066650094e-01 7.392431851068490545e-01 7.216683011834930106e-01 1.000000000000000000e+00 9.073637447371939446e-01 4.667642360117790212e-01 5.101550708055280214e-01 7.105421268332370310e-01 6.147063755508429539e-01 6.954199809176150326e-01 5.050226192085289778e-01 7.647158793909679675e-01 7.755091629918130502e-01 3.153388582297390053e-01 4.453635782841249835e-01 6.510933047418250297e-01 5.831772976646559803e-01 5.819965556499779868e-01 6.655442401879609893e-01 6.721515108643979497e-01 6.706652999218479794e-01 5.667906763592459596e-01 6.602594287629279801e-01 5.399400215295979688e-01 5.116463297400749566e-01 6.079398125934409869e-01 5.194845627340709537e-01 5.256001552315090475e-01 5.369187761835400030e-01 6.675698649769830073e-01 6.653059095394669997e-01 4.941618075751900152e-01 5.090255636765900205e-01 6.462100218588400224e-01 6.608413957892329549e-01 5.665142662386080108e-01 5.911496228747620263e-01 6.644241495129250552e-01 6.731956463324819673e-01 4.008571275700320014e-01 4.530064476844050114e-01 5.845206360957819758e-01 5.377793903281550270e-01 6.469290077097390457e-01 6.749929143612669602e-01 6.562582671644390242e-01 6.807137032092259732e-01 5.811413867218759854e-01 4.940278732981360221e-01 6.698980523196740311e-01 6.158716225254879939e-01 2.734959457704119745e-01 4.646391826278080117e-01 6.291540513325299955e-01 6.427643976380700286e-01 5.947798352726419990e-01 5.097470038030440520e-01 1.897417748260079862e-01 2.707918083809719989e-01 7.067194481461349653e-01 7.343320334563829821e-01 3.702985213096979811e-01 3.194561009288520159e-01 4.702840851591730265e-01 4.766839180885230065e-01 6.405244581998420506e-01 6.867553397916039692e-01 5.876235573609499552e-01 6.522967070990910443e-01 6.691176561378600063e-01 6.949179171454500370e-01 7.041895750750879479e-01 6.684173143881320112e-01 7.405705641511259874e-01 7.093002767486039639e-01 6.693450721754400368e-01 6.338273065599899780e-01 7.229199138138819869e-01
4.423751946351839881e-01 3.860337589792299795e-01 7.349713339496429798e-01 7.709018342726120521e-01 7.185589358151539541e-01 6.086467646706570367e-01 7.442181206891179679e-01 7.208133904888810450e-01 8.323492580511270278e-01 8.408353966467789764e-01 6.552310537753740505e-01 6.885548656950869484e-01 7.037799961012149996e-01 7.678541479795190083e-01 9.073637447371939446e-01 1.000000000000000000e+00 4.857270096923360092e-01 5.490292791257830318e-01 6.948619686227399672e-01 6.284516267054329752e-01 6.985323777165429737e-01 4.789434674621170229e-01 7.459197968974190518e-01 8.151511709676509954e-01 3.122656536715580078e-01 4.756754769117870207e-01 7.089917451479339494e-01 6.707156685036520516e-01 6.379354466427430426e-01 7.127770067138810006e-01 7.168354623019960181e-01 7.330773528970240260e-01 5.932582826729809744e-01 7.021968755801509809e-01 5.270577918807509699e-01 5.183811159678719527e-01 6.066562402742989857e-01 4.908127881453749897e-01 4.657861038209220039e-01 4.930974566349389798e-01 7.312668960310120259e-01 7.404226575236769747e-01 5.033523080186399490e-01 5.272779081345180252e-01 6.739058276286949978e-01 6.755087640722009512e-01 5.783194288226489732e-01 5.816009748439949778e-01 6.542892151832779835e-01 6.526513593760290277e-01 4.192237743854769771e-01 4.438156859071200055e-01 5.902932476979230181e-01 5.442195120715339618e-01 6.741721561874609581e-01 7.272004545392170005e-01 6.702663829798880535e-01 7.464300169873070434e-01 5.938325969191300402e-01 5.463835141264310469e-01 6.972119609604849888e-01 6.509163616543559572e-01 2.953709720541359829e-01 4.496162072420369915e-01 5.968880492131090065e-01 5.988070227072409546e-01 6.192424993025690272e-01 5.940819237616760118e-01 2.990506997605419937e-01 3.353866874298619960e-01 7.725524483821919475e-01 7.951542840189820271e-01 3.982242968852049980e-01 3.784253078868349829e-01 5.115000181390469969e-01 5.029387601937820307e-01 5.871742700692750283e-01 6.951723024978899712e-01 5.471101703950540518e-01 6.531912553760249596e-01 6.484857439697699899e-01 6.727311954919650283e-01 6.899891317200379515e-01 6.405673890992269470e-01 7.768286508147129732e-01 7.253906932187520473e-01 7.293993778045160248e-01 6.779145427684459824e-01 7.871895454167400219e-01
7.542289626227639543e-01 7.767437977716330488e-01 4.381965279854320161e-01 5.740022609121470110e-01 2.273722333965770004e-01 1.172124324222909991e-01 3.602382801351979857e-01 5.131422635902239682e-01 2.318708326145189902e-01 2.369051969859150009e-01 5.930759298689199932e-01 7.995065766801660034e-01 3.716705623397529856e-01 6.095780147545030170e-01 4.667642360117790212e-01 4.857270096923360092e-01 1.000000000000000000e+00 9.312876755807130147e-01 6.474581722660700533e-01 7.938317435750460449e-01 5.737137481955030260e-01 2.767448749361040017e-01 3.676201956207830190e-01 5.675010052619610113e-01 2.690284391549829790e-01 2.831857703126620107e-01 8.360152387731030199e-01 8.177019725191499999e-01 5.516065187266819825e-01 5.574382919033700201e-01 7.682773625985409582e-01 7.070337761899809781e-01 5.826195705088980104e-01 5.604131766233210188e-01 7.038153578811360278e-01 6.362534798621110044e-01 8.122672197694520424e-01 4.838583847618859735e-01 3.765070848526400060e-01 4.130157429987230122e-01 6.974069182266230404e-01 7.109235985844030159e-01 6.925708461516270065e-01 6.508807088798530538e-01 8.272072806352850360e-01 7.063035189510360468e-01 7.165238827942580491e-01 6.894899770682629825e-01 7.899404147684360167e-01 7.336235773262169690e-01 8.812995505025760234e-01 8.610764357788129875e-01 5.988649055922860009e-01 6.507966009873029645e-01 4.525704003453059898e-01 4.828774908914900132e-01 7.731038864028609847e-01 7.506820910922470391e-01 3.136306517251860049e-01 5.023403635969579950e-01 7.462593984984700057e-01 7.519022112279449832e-01 7.282435728233309646e-01 8.288668215104649795e-01 4.110709716318979856e-01 4.595788148115230176e-01 4.975453989803840238e-01 5.179007658663730140e-01 2.186138933960549979e-01 2.147898736085790128e-01 6.167973284042600479e-01 5.739740013664940133e-01 8.000799352990920488e-01 8.066726168708220346e-01 8.728075858477839510e-01 8.761558365007710014e-01 7.193165531140579549e-01 7.525544824743609640e-01 7.104060356997780046e-01 7.750491835119700523e-01 7.038905430367770055e-01 7.213134312328269848e-01 2.943641817798959837e-01 1.132725079481060049e-01 6.245809997215400200e-01 5.384689459287580471e-01 5.273039381157710315e-01 4.888748357731559913e-01 5.839803063280030182e-01
