1.000000000000000000e+00 8.859052612657789538e-01 7.685425252363820015e-01 7.460374089167840506e-01 6.214648760583599829e-01 4.416043003167740011e-01 7.258441185386780292e-01 7.699978260969939647e-01 5.243635871762519773e-01 1.742605784223260068e-01 6.481020666305740141e-01 6.849828714556790432e-01 7.598351799647230509e-01 7.198324272224799758e-01 6.998399135525840142e-01 6.460428596761399467e-01 8.235678518175000296e-01 7.558264701644219485e-01 8.223390814235800317e-01 8.608954864039359833e-01 6.750120985621790304e-01 4.946380497443990110e-01 7.011330467539279576e-01 5.868123550584569692e-01 6.535268688158299977e-01 4.718822346477399843e-01 7.398498537147769616e-01 7.069768691953469686e-01 6.794480900145439817e-01 5.611500740484479666e-01 7.672032616395010329e-01 7.224910476907340229e-01 6.768202647848400311e-01 4.945785085630829969e-01 5.857857758269660042e-01 5.755015449600540123e-01 6.030107658276949723e-01 4.918606486044549975e-01 3.369301042233769916e-01 6.055090905627129594e-01 6.746900991198729880e-01 6.741801112666090390e-01 6.744424834914140021e-01 6.767424973060199855e-01 6.737270447374790194e-01 7.046410605393379489e-01 6.634833071962370488e-01 6.185392843989470091e-01 7.211534860467360142e-01 7.060784247106000056e-01 9.307273850680679583e-01 8.602534912266840417e-01 7.633506680060699878e-01 7.142099254479810089e-01 7.524292668697729614e-01 6.469677754778470069e-01 7.083747828682479541e-01 6.390775331138509596e-01 5.336205556347579648e-01 5.995647329527930003e-01 8.040111458163670122e-01 7.458789867059799628e-01 7.692413132252999830e-01 8.020291648691160180e-01 6.131537544212070090e-01 6.180710498945769515e-01 6.622679464414630290e-01 6.091344675587310187e-01 5.517316957253920462e-01 5.133311976979529900e-01 6.441100555578079812e-01 6.191610754714039766e-01 6.854695418478810032e-01 6.602836128537199478e-01 7.011081531435390257e-01 6.432149170984859943e-01 6.586467689806430048e-01 7.210083223539019981e-01 7.613931863023569724e-01 6.106908174103139464e-01 7.808511856300429654e-01 6.696340359400210218e-01 5.758640056582949862e-01 4.535141145727349943e-01 6.962487163231040332e-01 6.843598686205230042e-01 6.532557809541480465e-01 6.571616211489249570e-01 6.958125084008559558e-01
8.859052612657789538e-01 1.000000000000000000e+00 6.856171602129229603e-01 6.986433260107259846e-01 5.691426029880709558e-01 3.812565361875600023e-01 6.335440216653990264e-01 6.899410668573799921e-01 4.514171688973749874e-01 9.477964988565100446e-02 5.425479862513820084e-01 6.618288928428579521e-01 6.790380300412780512e-01 6.655106016837090133e-01 6.383537351414420025e-01 5.902460785003570409e-01 7.111014213468710432e-01 7.632823164928099757e-01 7.799746264561270293e-01 8.765677599647090368e-01 5.987820172679599873e-01 4.620233264305589893e-01 6.551945719232730170e-01 5.742074171982389785e-01 6.063106555127599773e-01 3.829328251900380176e-01 6.832064114883930062e-01 7.037817168108629895e-01 6.222970284771730531e-01 5.015377530047020471e-01 7.013855696737689716e-01 6.456977810209759694e-01 5.958117959119589857e-01 4.215746723337809865e-01 5.633748932891320393e-01 4.709607195892510090e-01 5.465647720061520554e-01 4.344699668325390229e-01 3.636315270990629900e-01 5.427606081936230398e-01 6.167535018337749753e-01 6.177272001183979899e-01 6.221640609738580130e-01 6.480014735215919863e-01 6.018382458973859928e-01 6.354436052367949950e-01 5.039981948875510431e-01 4.756288803652760078e-01 5.709602022926110187e-01 5.853075311480480103e-01 8.518196921846770131e-01 8.870290945102530245e-01 6.424112711337139903e-01 6.532179472165750012e-01 6.303820435223870255e-01 5.426828700902730507e-01 6.345445760261270163e-01 5.718591415573950343e-01 4.180010279656979910e-01 4.797855914209699923e-01 6.535349216283180551e-01 6.074907332309029684e-01 7.751636594310740147e-01 7.528318088651370088e-01 5.200370446142790204e-01 4.726709844577289821e-01 5.380640564599079578e-01 5.141999524863349880e-01 4.693834857839250252e-01 4.627326076171099922e-01 4.805618600198670043e-01 4.957776188070039947e-01 5.442788388027539614e-01 6.174628127446100123e-01 5.821558144564410453e-01 4.985445722398180179e-01 6.041618935670779456e-01 6.423025142556390010e-01 6.235040353376359867e-01 4.779799681113969800e-01 6.348713154550259530e-01 5.490521029442519962e-01 4.599399901003279889e-01 3.775250794899350226e-01 5.574624185345959937e-01 5.514924567046619597e-01 4.923979395775189838e-01 5.029056971330280179e-01 5.747159347571559884e-01
7.685425252363820015e-01 6.856171602129229603e-01 1.000000000000000000e+00 8.999280918438840038e-01 7.138930600599669996e-01 5.192199164241549925e-01 8.871421354950950189e-01 7.937116663015010287e-01 6.843531169586569707e-01 3.087825621787599895e-01 6.961488224904910371e-01 6.915157663716650083e-01 7.861177784124560031e-01 7.103485761947849753e-01 7.299277736966559571e-01 6.629045530570549793e-01 7.219391286333719515e-01 6.274634962851920461e-01 7.272323870236829801e-01 7.485186784505899471e-01 6.336754245977169742e-01 3.768960592777290119e-01 8.724431122681820527e-01 6.830623422806559875e-01 6.132105505100530207e-01 4.814618695746549770e-01 6.365451188362829527e-01 5.838241598814559730e-01 6.530897047607490125e-01 5.747633459317600391e-01 7.801346992260329571e-01 6.857484606804929994e-01 6.310197881224960392e-01 4.423004401342370273e-01 5.887190359225640268e-01 5.590735281460560424e-01 5.659136594121120245e-01 3.682732924540519925e-01 3.269466682470910102e-01 4.883211617380370240e-01 6.820156943814129624e-01 6.660539155278990542e-01 6.461208127454519667e-01 6.840542394963410322e-01 6.743738386561960452e-01 6.634832757935329450e-01 7.048977612300429962e-01 7.169532466829110495e-01 7.594867505295790355e-01 7.259138654435990379e-01 6.765134746075069927e-01 7.140999439233749468e-01 7.924331894187980341e-01 7.697842484740119451e-01 7.204105583706039706e-01 5.841556500601799984e-01 6.953285115585150500e-01 5.945421830669750385e-01 5.776365027591779944e-01 5.766674814963349549e-01 8.197698336921589446e-01 7.595633962908020509e-01 6.259919558044050314e-01 6.143169750549219987e-01 6.990472970165459987e-01 7.085868213547630301e-01 5.091304807847689684e-01 4.468367514601450097e-01 4.884867427363169812e-01 3.715408168895020236e-01 6.171976693328250496e-01 6.281039332615430126e-01 5.202440905390800507e-01 4.199216895805670258e-01 6.057593956174529559e-01 5.950406724870990205e-01 5.882740816335270129e-01 6.680495510125910030e-01 7.621090340586680334e-01 7.025206438037520096e-01 7.963673526099069866e-01 7.467080711916580515e-01 7.290170345586629574e-01 6.642419766267919634e-01 7.423593132622670066e-01 7.592621592137479558e-01 6.853673001848300528e-01 7.151585906402889714e-01 7.233800179920160112e-01
7.460374089167840506e-01 6.986433260107259846e-01 8.999280918438840038e-01 1.000000000000000000e+00 6.995512037500469793e-01 4.974069792447090022e-01 8.514608803224199551e-01 8.704428355779170179e-01 6.625981441332390309e-01 2.480710569772469898e-01 6.548296121984940044e-01 7.279636907287000414e-01 7.540385209079859541e-01 7.861498107435399563e-01 7.112569442027449895e-01 6.949499201025930439e-01 7.049661168164920166e-01 6.368291420671430281e-01 7.029270997754649697e-01 7.520743454106599835e-01 6.331552895682129867e-01 4.254284512527560236e-01 8.580335358550530422e-01 7.493544041922840515e-01 5.835947790988920136e-01 4.992888964795639817e-01 6.374838410398450117e-01 6.049924041634150429e-01 6.565831664408690038e-01 6.305467922514149670e-01 8.176276118272990390e-01 7.660519647412520339e-01 6.750479744462140053e-01 5.118594373378589912e-01 6.155591262296790100e-01 5.506185056907579867e-01 5.629014920389080467e-01 3.854225736778950084e-01 3.299359833248249885e-01 4.781933838343330190e-01 6.695750205402879462e-01 6.607526305445280412e-01 6.305728234697020040e-01 6.563329220137670283e-01 6.612204587092860297e-01 6.385875288827940199e-01 7.011608354818900102e-01 7.170191773004099822e-01 7.481843522155740001e-01 7.038613803117480527e-01 6.672124788543629670e-01 7.269305750327900162e-01 7.699603773625169900e-01 7.932062298762909691e-01 7.449706153975930167e-01 7.007627925418089543e-01 7.106644855591609522e-01 7.177699751688999541e-01 6.179669277807100514e-01 6.993419569493639631e-01 8.277143934648240053e-01 7.962208198866059794e-01 6.130832147326099602e-01 6.430344973939720044e-01 7.020215778042759869e-01 6.692495429635629822e-01 5.027515866668620381e-01 4.445442233983959990e-01 4.670551290693140123e-01 3.868078411724519827e-01 6.707237523520529487e-01 6.789336536120029741e-01 5.104420081523629582e-01 4.436740138446039761e-01 6.023473581081939532e-01 6.080784759420919672e-01 6.588278915638530187e-01 7.147479321120739915e-01 7.792147701151680428e-01 7.735701541842859852e-01 8.036317385114829515e-01 7.517011573470550045e-01 7.817743836245539812e-01 6.557804589342679513e-01 7.985586042328759460e-01 7.659573366543710460e-01 7.583789162302519982e-01 7.452662744427830388e-01 7.675768158939270114e-01
6.214648760583599829e-01 5.691426029880709558e-01 7.138930600599669996e-01 6.995512037500469793e-01 1.000000000000000000e+00 4.559331549603100053e-01 6.383927791972100474e-01 6.296726296242739496e-01 5.101536100111190297e-01 2.583928478298539999e-01 5.104246060007809893e-01 4.781374970889519793e-01 5.752106049904449625e-01 5.899315954787419658e-01 5.855066954572120119e-01 6.240220007491550369e-01 6.385506887174989821e-01 4.843231023735199980e-01 5.078158104160680475e-01 5.726801834198500529e-01 5.323178973726340191e-01 3.130184918527910143e-01 5.467398628773939562e-01 4.596633486110089928e-01 4.226428440148780052e-01 3.405099709887389747e-01 4.541197400913680182e-01 4.625278563859249736e-01 4.454320841569109901e-01 4.072157295065069738e-01 6.166140376443609572e-01 5.490477541175949883e-01 5.902936910253749891e-01 5.441724244056159732e-01 4.784210821006270042e-01 4.553271591649959982e-01 3.091113894404239892e-01 2.260194202632649918e-01 1.858597987272420093e-01 3.706972454929279848e-01 5.295938397791819519e-01 5.386301150246830538e-01 4.675392791729089947e-01 4.670756975359919849e-01 5.143855272459469941e-01 5.113669753351259839e-01 5.495074703203599586e-01 5.360534370789770131e-01 5.340084919833959498e-01 5.313613394355219954e-01 6.097047052625500507e-01 6.093828002066810079e-01 6.064769039269609641e-01 5.440008489157139859e-01 5.587989518148670509e-01 4.662440585448839880e-01 6.197904763853340215e-01 5.000329610424549820e-01 4.902023914230170254e-01 5.564268330650550265e-01 6.199159511391489907e-01 6.151709476930220521e-01 4.927896715406909767e-01 5.074074653691329484e-01 5.177179023110329847e-01 4.752164122938939972e-01 4.060667485702399992e-01 3.550801176093850153e-01 4.329553666232899833e-01 3.394114520070489749e-01 5.702290393737450280e-01 5.847603767501630134e-01 4.255752660413080202e-01 2.958854423841210113e-01 5.237752749763320281e-01 5.340428435445719879e-01 3.980129648276100052e-01 5.549475967930299625e-01 6.733639852519179847e-01 5.876037525469880451e-01 6.314563628249100224e-01 6.008893712795649877e-01 6.160485967062020451e-01 5.748170608554500349e-01 6.065268808197249450e-01 6.388271832019110086e-01 5.717015291442130165e-01 6.500882987317699868e-01 5.980516469254459899e-01
4.416043003167740011e-01 3.812565361875600023e-01 5.192199164241549925e-01 4.974069792447090022e-01 4.559331549603100053e-01 1.000000000000000000e+00 5.398662932763279576e-01 4.737203694794689945e-01 6.398275220076069525e-01 7.930370517665950025e-01 4.082624172476230218e-01 4.583183122037450263e-01 3.898524819761799987e-01 5.584132838354189943e-01 6.384087587176839884e-01 6.944409508729370017e-01 5.898684097174420327e-01 5.393882515658440235e-01 3.705738213325699970e-01 4.771955872694039757e-01 3.164910742884179951e-01 3.512282779288189993e-01 4.732350296797290246e-01 2.085791179620500035e-01 5.561348018694489692e-01 6.748548466330329676e-01 4.433337114924280065e-01 4.639107127443959921e-01 5.432775160617420163e-01 4.638216549514779796e-01 5.743664640006509448e-01 4.919586437388709932e-01 4.857805922515480157e-01 4.151865710615170180e-01 4.104380371387020277e-01 3.492072826421659948e-01 2.092265680997630051e-01 2.176889096440040028e-01 1.390537128926329913e-01 3.577863935025289988e-01 5.756843695106820258e-01 5.846205100839180213e-01 5.390690125596400151e-01 5.482444186272129594e-01 5.235556245641209694e-01 5.415118201998899705e-01 5.182435294344129861e-01 5.347064751398730165e-01 5.191263307650409997e-01 4.798843741540220198e-01 4.878731573105740127e-01 4.865499572730440092e-01 4.890687030503260146e-01 4.497437869538750133e-01 3.916861181692730121e-01 3.006327654745010181e-01 6.022834517387639641e-01 4.807256765938019982e-01 3.492226368396240122e-01 3.813411511681840116e-01 5.553273484310480290e-01 5.608893871418959565e-01 4.643397062233989847e-01 3.968513491585050068e-01 6.523380467831859653e-01 5.771867723826770158e-01 3.313392472311810222e-01 3.061692116850249779e-01 2.719439532796820158e-01 1.167482383468230051e-01 4.762625916695439887e-01 5.286600737711369957e-01 4.239821096033499770e-01 2.683576100915109897e-01 5.119825351316350526e-01 5.425543517699930041e-01 2.440780671859880124e-01 2.852625894394609785e-01 5.349048500083189994e-01 5.786245682891749675e-01 5.287078855018679802e-01 5.275552284591750185e-01 6.242716379314270370e-01 5.632917939904410476e-01 5.630147058503099933e-01 5.926669685361619644e-01 5.785743649173009651e-01 5.957335293639189899e-01 5.598110626688680425e-01
7.258441185386780292e-01 6.335440216653990264e-01 8.871421354950950189e-01 8.514608803224199551e-01 6.383927791972100474e-01 5.398662932763279576e-01 1.000000000000000000e+00 8.725190669643969610e-01 7.954014277579749548e-01 4.294883372757219986e-01 8.320309476964210527e-01 7.724892462792010139e-01 8.842476960146690157e-01 8.084550742713759730e-01 7.126495078066860112e-01 7.064840242508290125e-01 6.993325554983920167e-01 5.932751284085650001e-01 6.899364158224310373e-01 6.553961235499989879e-01 5.439515768074489888e-01 2.832891565838520087e-01 7.671457074381390351e-01 5.568248105732940267e-01 5.165627956702699697e-01 3.976141963046809780e-01 6.027627054052000499e-01 5.553932042142359915e-01 5.139151450120329478e-01 4.686288961227579875e-01 7.112094896365429575e-01 6.490788715310410462e-01 5.754657850960670507e-01 3.756058376874810145e-01 5.122713032013830325e-01 4.805854976323140071e-01 5.167846868933859694e-01 3.081756789322729895e-01 2.196481414351539874e-01 4.339679860410000090e-01 6.146544372092329622e-01 6.105066798101780323e-01 5.374511183161789774e-01 5.939091789086989870e-01 5.842398561264460222e-01 5.828446754984879519e-01 6.697262839327380313e-01 6.974523360619959700e-01 7.239176899953669864e-01 6.776344704379729800e-01 6.135267603445520024e-01 6.421682126801580015e-01 8.226811907642029853e-01 8.179633883107529924e-01 8.365264728251330384e-01 7.208235082231879698e-01 6.299915962110980150e-01 6.096547604548689936e-01 5.438175778306509889e-01 6.538927840537139824e-01 7.775335915204459880e-01 7.280670641089349582e-01 5.796312639937559741e-01 5.702082948635189830e-01 6.899337333757999957e-01 6.645226584320730323e-01 3.973865420365619849e-01 3.274671157071200045e-01 3.788547614951500164e-01 3.123518655640240005e-01 6.121269906459120280e-01 6.381361689628030076e-01 4.974152403366969843e-01 3.802068375400249889e-01 5.427117851430199869e-01 5.452091653565169782e-01 5.034704497386499611e-01 5.870322114998359764e-01 7.656455710572720452e-01 6.866952315319300171e-01 8.432743889766830536e-01 7.548945015138870396e-01 7.611901670001890441e-01 7.230530290149459471e-01 7.348987273451259572e-01 7.706305487509730323e-01 7.175494764103940160e-01 7.626784213644319799e-01 7.298045469015039810e-01
7.699978260969939647e-01 6.899410668573799921e-01 7.937116663015010287e-01 8.704428355779170179e-01 6.296726296242739496e-01 4.737203694794689945e-01 8.725190669643969610e-01 1.000000000000000000e+00 6.341555964985829963e-01 2.728502705043650001e-01 7.374834218976109579e-01 8.215746570995949849e-01 8.174593863457429999e-01 8.744687893413269908e-01 6.511758746838209877e-01 7.203667087927170254e-01 7.443288064918139879e-01 6.778527692333710108e-01 7.368735275407449770e-01 7.444061349426720486e-01 6.191430308942470484e-01 3.674715333756800040e-01 7.604121454864319896e-01 6.864506370488050457e-01 5.176085329497359666e-01 3.822622984621080189e-01 6.977329380572240281e-01 6.741516415755259839e-01 6.345694072892319459e-01 6.087326348076289584e-01 7.867152203791090148e-01 8.251901445826990145e-01 6.432067429285409643e-01 4.730751756164709998e-01 5.080878160942939870e-01 5.192050097678519993e-01 5.319707611506919731e-01 3.823107422557159851e-01 2.929742235047569920e-01 4.598639314671860157e-01 6.593773741906220343e-01 6.649505481131060547e-01 5.947031623925810306e-01 6.094220078629289938e-01 6.353103074917639814e-01 6.385626379300389788e-01 6.857068695625699872e-01 6.815382523904930379e-01 7.056775322333309619e-01 6.811764674110449835e-01 6.844391125374860163e-01 6.675611984539630006e-01 7.132726524660639722e-01 7.469133584305019946e-01 8.156188660667169632e-01 8.423076072468059783e-01 6.973503783412310364e-01 7.568109671057290377e-01 5.482482784455969815e-01 7.437837704622199952e-01 7.809887946981609597e-01 7.628282311486049849e-01 5.970993302243530199e-01 6.729144365537299555e-01 6.364833257567940050e-01 6.408295882293330026e-01 5.177382575632799577e-01 4.871080544893839903e-01 4.212178527942109785e-01 4.406055886163319779e-01 7.119840012295990395e-01 7.459404560238319659e-01 5.808728240048559588e-01 5.516368787920280514e-01 6.379210694276390425e-01 6.449551458521040059e-01 6.228649810699049549e-01 6.706927637530439856e-01 7.759845222425869604e-01 7.236247459205129573e-01 7.951564311976609956e-01 7.321320859569280248e-01 7.297758410051700118e-01 5.663614392899749550e-01 7.729348109734439642e-01 7.553710540177269728e-01 7.511779140136990440e-01 7.355720201270420366e-01 7.845803992475830491e-01
5.243635871762519773e-01 4.514171688973749874e-01 6.843531169586569707e-01 6.625981441332390309e-01 5.101536100111190297e-01 6.398275220076069525e-01 7.954014277579749548e-01 6.341555964985829963e-01 1.000000000000000000e+00 6.691542376597839903e-01 5.737006395062049791e-01 6.005683987609290453e-01 6.158247621084059764e-01 6.776103385195889617e-01 7.060500865338049659e-01 6.946746937896860485e-01 5.399538326890209738e-01 4.704645901126269791e-01 4.690544679095550173e-01 5.089857651594319465e-01 4.171768024906399863e-01 2.384622206349689966e-01 6.152357650565970504e-01 4.011212029174079929e-01 5.266475466552590357e-01 4.643213642005559749e-01 4.083621459726480274e-01 4.157293622655580112e-01 3.876852548269070220e-01 3.503078423324890167e-01 6.008105055173039721e-01 5.512346964041310304e-01 4.952972960698819871e-01 3.841274362508679818e-01 4.535275336916150257e-01 3.879736645500960202e-01 3.430218615595200249e-01 2.483376194262109926e-01 1.930481511138640027e-01 3.029647020221249987e-01 4.910844578740820032e-01 4.989605862312849749e-01 4.431048647643350269e-01 4.937777418387540029e-01 4.911646029669139990e-01 4.945799802445740023e-01 6.188325587039119613e-01 6.645930163449029759e-01 5.962039729962179679e-01 5.606416319558670258e-01 4.573004489377069937e-01 4.966874431428739967e-01 6.699570223539119684e-01 6.918766910429710038e-01 6.271357192054120011e-01 5.609573397152509688e-01 5.529637692115459968e-01 5.266659685195580476e-01 4.388378959143600100e-01 5.623651574768170347e-01 6.803084541402689700e-01 6.616075818461599756e-01 5.205179033499619523e-01 4.974466067456559948e-01 6.726292385005560037e-01 6.004580898923409515e-01 2.928650529498120214e-01 2.263364619750700135e-01 3.175490457133650080e-01 1.390755330375169907e-01 4.550602837313940108e-01 4.938333570613849810e-01 2.837718946919909890e-01 1.880628323806489977e-01 4.084540776151759922e-01 4.577572789043879986e-01 2.031097108424000097e-01 3.477066399448029976e-01 6.156966761358859674e-01 6.502300630764159539e-01 6.819304821504730274e-01 6.794218670486960043e-01 7.022653281784819734e-01 6.819035431377029610e-01 5.747231775071639515e-01 6.301238717054290506e-01 6.198308913091530314e-01 6.641370737512090061e-01 5.832096906466109898e-01
1.742605784223260068e-01 9.477964988565100446e-02 3.087825621787599895e-01 2.480710569772469898e-01 2.583928478298539999e-01 7.930370517665950025e-01 4.294883372757219986e-01 2.728502705043650001e-01 6.691542376597839903e-01 1.000000000000000000e+00 2.949899666788540209e-01 2.931088874917869846e-01 2.479511711988220124e-01 4.012080344150280031e-01 4.387362568842069765e-01 5.185688909819570203e-01 3.688550394953269973e-01 2.824431342838290004e-01 1.107298380026429940e-01 1.660057415810629877e-01 1.023914024297309933e-01 9.894203321694169939e-02 2.318628341480070132e-01 -6.374597782849210359e-02 3.386431356126929915e-01 4.205302692012640176e-01 1.835711342173430016e-01 2.416196705357950003e-01 2.279308287263140109e-01 1.706793869988710022e-01 3.181581697823899768e-01 2.376664076756070110e-01 2.481057698337590101e-01 2.642062335761359848e-01 1.927463122574930021e-01 1.528194919940220053e-01 8.928297472645230215e-02 7.669125360462189511e-02 -1.069801969507029951e-02 1.198424378480490021e-01 3.701872604568690051e-01 3.608750597422989981e-01 3.100324398929180103e-01 3.391440172963999800e-01 3.259367131205879731e-01 3.352750386401729954e-01 3.678241068953089776e-01 3.988318111250619968e-01 3.351653906424930107e-01 3.137632789155589963e-01 2.014693391450420035e-01 2.491599938318100060e-01 3.515530444463160209e-01 3.204323935735030049e-01 2.552581133211699882e-01 2.142540785811480053e-01 3.910424567700909737e-01 2.944454058227670146e-01 1.904310018585959885e-01 2.395006341254669879e-01 3.625847865142790005e-01 3.689093697401010230e-01 2.214364223999999992e-01 1.722836509564029950e-01 4.483635546554979867e-01 3.926070357219539897e-01 9.646782564580409780e-02 5.478710211263879831e-02 9.874787988324000565e-02 -9.668738224365229506e-02 2.605493500336509838e-01 3.397450660143320200e-01 1.438732099798230024e-01 4.552489078331570238e-03 3.178088274211660069e-01 3.216006473297229884e-01 -3.547373268652369988e-02 1.302066326627480085e-02 3.417421305249920271e-01 3.888640310710170245e-01 3.725998036078280173e-01 4.033317340629449799e-01 4.659324640811139950e-01 5.022204299522320392e-01 3.636181406429829788e-01 4.181725695905449958e-01 4.068883666064290194e-01 4.535377603436590022e-01 3.690100069468009725e-01
6.481020666305740141e-01 5.425479862513820084e-01 6.961488224904910371e-01 6.548296121984940044e-01 5.104246060007809893e-01 4.082624172476230218e-01 8.320309476964210527e-01 7.374834218976109579e-01 5.737006395062049791e-01 2.949899666788540209e-01 1.000000000000000000e+00 7.499891574885569900e-01 9.089930337993940013e-01 7.554139919131369618e-01 6.691892498213990459e-01 6.448778141726200230e-01 6.742299603719650314e-01 5.327318585796420036e-01 6.802325835756100059e-01 6.030004668841739690e-01 4.937106344189510221e-01 2.892531445443610183e-01 6.214638750785229648e-01 4.110134706216089784e-01 4.394399942915929724e-01 2.933704129846860242e-01 6.122200393386639794e-01 5.120746146592499715e-01 4.795298048443549788e-01 4.084781442179259980e-01 5.414091540570139527e-01 5.224164486934349538e-01 3.990526609179370077e-01 3.186444756526770061e-01 4.478180929869919891e-01 4.475650057422270178e-01 4.690461225555639935e-01 2.663135708993920048e-01 2.137750281098959870e-01 4.718240948417730118e-01 4.245026475110140196e-01 4.489469949923879932e-01 3.637659850637859904e-01 4.149101420416659858e-01 3.827499462677649844e-01 4.224627975678479919e-01 4.964381344699499987e-01 4.941240844365279994e-01 5.479337517981109906e-01 5.043687876304550066e-01 5.352451325695349871e-01 5.089108115724969572e-01 6.229136551990579473e-01 6.176093601266520183e-01 8.071175698150869771e-01 6.390999804144199548e-01 5.710783385316999805e-01 5.346392965223849547e-01 5.434263969795859461e-01 5.957157666618230207e-01 5.530849009707909936e-01 5.092937370360920424e-01 4.427135817403570206e-01 4.731369283637150147e-01 5.358265751795650012e-01 5.621800627842340470e-01 3.565146954087359821e-01 2.843897547480240262e-01 3.544509047054499873e-01 2.431470921745129965e-01 5.749431057196490169e-01 5.795995598851190200e-01 4.998127342911999893e-01 3.909950149038349809e-01 5.242256453579799969e-01 5.119222902646629603e-01 5.826138906251380201e-01 6.130142393396770251e-01 7.425635939888199921e-01 5.851761855593340389e-01 7.985562315222830554e-01 6.277509752552270506e-01 5.658157970396330283e-01 5.067224436044199809e-01 6.106881156839639724e-01 6.629897035656360238e-01 6.282112494440369455e-01 6.535660452637940265e-01 6.512361031591270555e-01
6.849828714556790432e-01 6.618288928428579521e-01 6.915157663716650083e-01 7.279636907287000414e-01 4.781374970889519793e-01 4.583183122037450263e-01 7.724892462792010139e-01 8.215746570995949849e-01 6.005683987609290453e-01 2.931088874917869846e-01 7.499891574885569900e-01 1.000000000000000000e+00 7.512093882766369690e-01 8.367743003079449737e-01 6.367849512179379889e-01 6.691804547984689933e-01 6.890245541992020550e-01 7.477019710315649936e-01 6.725293367966980185e-01 6.944427982763400342e-01 5.390975204658420283e-01 2.658282066046520065e-01 5.904252633070820044e-01 4.469756932376359737e-01 3.950193013736840175e-01 2.818410481170289805e-01 7.299783915804900492e-01 7.335529593726819453e-01 5.193038492077569623e-01 4.808049405641889873e-01 6.398313646325629600e-01 6.776623899383490413e-01 4.530479578609880043e-01 4.441719436007349753e-01 3.836179226686720067e-01 3.905186778470520204e-01 3.905538983318490032e-01 2.338485092602680115e-01 1.605223032471939926e-01 4.182631829525709777e-01 6.680943032373980461e-01 6.633702441807960426e-01 6.336056940546029859e-01 6.735803798858369662e-01 6.341602910500440116e-01 6.509329739528479930e-01 6.441134191665589537e-01 6.740223743043139981e-01 6.751084842166720223e-01 6.653698524178499607e-01 6.006064786231549713e-01 6.370466002243659887e-01 6.272132101699500195e-01 7.169910607712780548e-01 6.691841288275780508e-01 6.878769276411179634e-01 7.054001689626400173e-01 7.521185704270220151e-01 3.460532691357839918e-01 5.185485403515009972e-01 6.482077184732309982e-01 6.551516803252990240e-01 5.218109474309630125e-01 6.019221046082869897e-01 6.564994810659039448e-01 6.170973495547370513e-01 3.980513033466619999e-01 3.928631657909459896e-01 3.934613052362149754e-01 3.280756348053999738e-01 6.235019864556700098e-01 6.845030046503920440e-01 5.135984592109670288e-01 5.034309041323530298e-01 5.831679255370030290e-01 5.776241842741659527e-01 5.484896140421430255e-01 5.906082778263630484e-01 6.505959989915359731e-01 6.533456641130119813e-01 6.862204121483049812e-01 7.314305011008299662e-01 6.302832994439160341e-01 5.508090308110979993e-01 6.893608752500980374e-01 7.209768354949499525e-01 6.581910677362190487e-01 6.911065279691279706e-01 6.859940258012210412e-01
7.598351799647230509e-01 6.790380300412780512e-01 7.861177784124560031e-01 7.540385209079859541e-01 5.752106049904449625e-01 3.898524819761799987e-01 8.842476960146690157e-01 8.174593863457429999e-01 6.158247621084059764e-01 2.479511711988220124e-01 9.089930337993940013e-01 7.512093882766369690e-01 1.000000000000000000e+00 8.117171693617150074e-01 7.202311645489150038e-01 6.789690124199040389e-01 7.037294615394169561e-01 5.866097305465529654e-01 7.550472344659540092e-01 6.887813595834829661e-01 5.412922074692519958e-01 3.441710154119069776e-01 7.371774782424439509e-01 5.706793252066639788e-01 5.059497853786140142e-01 3.301567274339209934e-01 6.536089774856129742e-01 5.677885713181639593e-01 5.339267906282699760e-01 4.627158350783249774e-01 6.548596818992670210e-01 6.083445414590820111e-01 5.216804058204099759e-01 3.063388584482810151e-01 5.042747672626809452e-01 4.503429177603600064e-01 5.463264286021829452e-01 3.443385832696699844e-01 2.737485713743770255e-01 5.220637225284759930e-01 5.070535709344730080e-01 5.266500425277339525e-01 4.656382558712949815e-01 4.967029088887400246e-01 4.912715851315739846e-01 5.124605787404780122e-01 5.476251375206849792e-01 5.384120072458039585e-01 6.164503582460389985e-01 5.854769129669610273e-01 6.627481439616249581e-01 6.454071621508470358e-01 7.099201830602810404e-01 7.025292231645380303e-01 8.418563633626490184e-01 6.997617995107789923e-01 6.109877030573259704e-01 5.644667724820330301e-01 6.145185305005169685e-01 6.680085099255059777e-01 6.718976833047219932e-01 6.121058033925590447e-01 5.433320414290709888e-01 5.929534430616080209e-01 5.761690759225980285e-01 5.965770735589159823e-01 4.504062940482250199e-01 3.887317219671490021e-01 4.698464388456650154e-01 3.516579513312240168e-01 6.070637536521360511e-01 5.892282667875370361e-01 5.769358273914020341e-01 4.999851728491759850e-01 5.894465027332489448e-01 5.656707334663549913e-01 6.311054196791879844e-01 6.653189868833340181e-01 7.932000308694250323e-01 6.260882384794690392e-01 8.379897803686390256e-01 6.415481607529489594e-01 5.899542410250600000e-01 5.090594127237060285e-01 6.404225462930009938e-01 6.675332853152039503e-01 6.444298147153919576e-01 6.545777793929089539e-01 6.573823567328369588e-01
7.198324272224799758e-01 6.655106016837090133e-01 7.103485761947849753e-01 7.861498107435399563e-01 5.899315954787419658e-01 5.584132838354189943e-01 8.084550742713759730e-01 8.744687893413269908e-01 6.776103385195889617e-01 4.012080344150280031e-01 7.554139919131369618e-01 8.367743003079449737e-01 8.117171693617150074e-01 1.000000000000000000e+00 7.117943025891230180e-01 7.960392831677189918e-01 7.341259506523970524e-01 6.925001510091229884e-01 6.496783483354230393e-01 7.218335145569270139e-01 6.172547494979969684e-01 3.596362177577229757e-01 6.786529955241370482e-01 5.688516297129270205e-01 5.385799615168339605e-01 4.343376355775450115e-01 6.673551359846220388e-01 6.542672612007619515e-01 5.803922056468150403e-01 5.856834047459350545e-01 7.219043583307640510e-01 7.374086618805070215e-01 6.153925269852530411e-01 4.853855178879930010e-01 5.378044176146919986e-01 4.745204751400630139e-01 4.800821722570040029e-01 3.469494012515019765e-01 3.104766922941240015e-01 4.777474182879010156e-01 6.602162745529870369e-01 6.674984576011899762e-01 6.072259063001650414e-01 6.428815591259809947e-01 6.442609603896159998e-01 6.637539662787199646e-01 6.763869827693940184e-01 6.687746614560799996e-01 7.032388277815819766e-01 6.811693395172050414e-01 6.777604291901530020e-01 6.998140976328000029e-01 6.982309050131519923e-01 7.477742052345599522e-01 7.455000356474980050e-01 7.499213459122540115e-01 7.503236660661729562e-01 7.126758884582460318e-01 6.001577763701659851e-01 7.562402837986750281e-01 7.313635106872909963e-01 7.277873596074839746e-01 6.125534375343120175e-01 6.823578846471209935e-01 6.481900331536230020e-01 6.173965237511229720e-01 4.366630708303400055e-01 4.149052768761130050e-01 3.893024453441190080e-01 2.849468587249330276e-01 6.412396161269009465e-01 6.939020107204010301e-01 5.306077522504619726e-01 4.673314662685040255e-01 6.222303418251710072e-01 6.461476262570789997e-01 5.924311665010160155e-01 6.791173500587980305e-01 7.831754284473410044e-01 7.816903962356359648e-01 7.987208172568950326e-01 7.376188273627679592e-01 7.059408328122820375e-01 5.857336219566829927e-01 7.265894502202310257e-01 7.353841395995239782e-01 7.231270165082439583e-01 7.427694423283159875e-01 7.578729776084720537e-01
6.998399135525840142e-01 6.383537351414420025e-01 7.299277736966559571e-01 7.112569442027449895e-01 5.855066954572120119e-01 6.384087587176839884e-01 7.126495078066860112e-01 6.511758746838209877e-01 7.060500865338049659e-01 4.387362568842069765e-01 6.691892498213990459e-01 6.367849512179379889e-01 7.202311645489150038e-01 7.117943025891230180e-01 1.000000000000000000e+00 8.264869341132949909e-01 6.764415568962149905e-01 5.889527541062280491e-01 6.358264161147649807e-01 7.159926538087559855e-01 5.935663357356759651e-01 4.839339073718820217e-01 7.454166360377759704e-01 5.752809678007569927e-01 7.294756888559279506e-01 6.158459891950269771e-01 6.348612655015209993e-01 5.841604320740899636e-01 6.215122466319049632e-01 5.364001697953050263e-01 7.092483380848350061e-01 6.453038786718999775e-01 6.555773742907170520e-01 4.809816533659970195e-01 6.487424862425980043e-01 5.270345382557070080e-01 4.839737316280299795e-01 3.246159221602210043e-01 3.808391227186679884e-01 5.418003578683440180e-01 5.630477702515199745e-01 5.867791181878689866e-01 5.563762675967179883e-01 5.769786528318000540e-01 5.576902912397679879e-01 5.976970292762350256e-01 5.834207621629210472e-01 5.734743520427899588e-01 6.021743818470780552e-01 5.767615391322300500e-01 6.253821478608899698e-01 6.210729687898749463e-01 6.491762641853020543e-01 6.540281899430100410e-01 6.627850463413199611e-01 5.506789725528580259e-01 6.441474926882370111e-01 5.861149715174880370e-01 6.021353271201780322e-01 6.381886600613579930e-01 6.927438491451940461e-01 6.635487971774709504e-01 6.404919642284410131e-01 6.437253910524970424e-01 6.791623882986530525e-01 6.719638108570049617e-01 5.162572128568150287e-01 4.579296457438650214e-01 5.093788067343120174e-01 3.741733822099629903e-01 5.500311130768380519e-01 5.523137099287630525e-01 4.728415586150330197e-01 3.901902093283979855e-01 5.525819962588459644e-01 5.679853294318829571e-01 5.387129864432760318e-01 6.011257300975439977e-01 7.067897167127390468e-01 6.758567927249700125e-01 7.345158047198809825e-01 6.533143897112340115e-01 6.225523023402510514e-01 5.153060574630440316e-01 6.251943284203009821e-01 6.601645225540000439e-01 6.570141818902569542e-01 6.501002436831959663e-01 6.591880081721920304e-01
6.460428596761399467e-01 5.902460785003570409e-01 6.629045530570549793e-01 6.949499201025930439e-01 6.240220007491550369e-01 6.944409508729370017e-01 7.064840242508290125e-01 7.203667087927170254e-01 6.946746937896860485e-01 5.185688909819570203e-01 6.448778141726200230e-01 6.691804547984689933e-01 6.789690124199040389e-01 7.960392831677189918e-01 8.264869341132949909e-01 1.000000000000000000e+00 7.071470996080579940e-01 5.899316425978370360e-01 5.618153795121739735e-01 6.671411962772080262e-01 5.959984188990169462e-01 3.795581019766730013e-01 6.300124897980390326e-01 4.891787245892280089e-01 6.221868017520909566e-01 5.700303882886279538e-01 6.231496309016769652e-01 6.210311112629129937e-01 5.648806154341140529e-01 5.078119106893770329e-01 7.053051122814489871e-01 6.853504113845459988e-01 6.081007891432730350e-01 5.486122195760360087e-01 5.803115457877440209e-01 4.858389439448739799e-01 4.079588493613570122e-01 3.933508339244600194e-01 3.814779050537330241e-01 5.141368533336639901e-01 6.198464941170189757e-01 6.366965939765439897e-01 5.787712479696479617e-01 5.930165898453989559e-01 6.126509298972759865e-01 6.341886694701519556e-01 6.389364055108229801e-01 6.165349140342789580e-01 6.162959287847280532e-01 6.311197941344539597e-01 6.152095786887740170e-01 6.141765018687199706e-01 6.182580394445710281e-01 6.349190993832150021e-01 6.855813107250260385e-01 6.124841842407560133e-01 6.829618371797999687e-01 6.713725629097919700e-01 5.826186866069450465e-01 6.771671589093819499e-01 7.003004102059090519e-01 6.806708809808580396e-01 6.385743255323209633e-01 6.758421028078850368e-01 6.827854689670349586e-01 6.507369845116960372e-01 5.373950670505760474e-01 4.982082032867899968e-01 4.295736527877829780e-01 2.898738450139520251e-01 5.903453370640390219e-01 6.435506495341970501e-01 4.689712991111680274e-01 3.743563663816770193e-01 6.142978935506590021e-01 6.172734530065240310e-01 5.097279272689390073e-01 5.874401128757740231e-01 7.411122914195990008e-01 7.312773453586629557e-01 7.332074682584239778e-01 6.935241281275079661e-01 6.569169613819469955e-01 5.167760824675730058e-01 6.533672455019059466e-01 6.625429994735539951e-01 6.545898193718959757e-01 6.849269164493100304e-01 6.685085150430120082e-01
8.235678518175000296e-01 7.111014213468710432e-01 7.219391286333719515e-01 7.049661168164920166e-01 6.385506887174989821e-01 5.898684097174420327e-01 6.993325554983920167e-01 7.443288064918139879e-01 5.399538326890209738e-01 3.688550394953269973e-01 6.742299603719650314e-01 6.890245541992020550e-01 7.037294615394169561e-01 7.341259506523970524e-01 6.764415568962149905e-01 7.071470996080579940e-01 1.000000000000000000e+00 8.296243338028890246e-01 6.443377932736390479e-01 7.929589186732559636e-01 6.169652532613959517e-01 4.773756340140610233e-01 6.384608067380069807e-01 5.113756590707819738e-01 6.038484923704570129e-01 5.619335026513470055e-01 8.314614773531030512e-01 7.655541920584569837e-01 7.337369978291310435e-01 6.351169352724409523e-01 8.141307666296679901e-01 7.597905718630919569e-01 6.319576243376550106e-01 5.070552396202809842e-01 4.928467692718749849e-01 5.081927580811209655e-01 4.879671693171759861e-01 3.604602048846419771e-01 1.937312334900679889e-01 4.669955723393159897e-01 7.279966664972810086e-01 7.548300342477980429e-01 6.957812116048579520e-01 6.868685402381260463e-01 7.144485502392029508e-01 7.474762056786009579e-01 7.078799833753289805e-01 6.732013424220419928e-01 7.245301868095099795e-01 7.057154248331020119e-01 8.576051994611030294e-01 8.039619384996560258e-01 6.623645977979889521e-01 5.919260527835229491e-01 6.449577677113950136e-01 5.451630793641130124e-01 8.343224245283500373e-01 7.552138616160359863e-01 5.230165652460340153e-01 5.688455545887529663e-01 7.757525075435189876e-01 7.530652887790070249e-01 6.694791801039330359e-01 7.492558366671989711e-01 6.404294674898249884e-01 6.626713816550720004e-01 6.316994908693359667e-01 5.959967469894069669e-01 4.962596262145290149e-01 4.526640513034669855e-01 6.880602269445460495e-01 6.903283403014099928e-01 7.734573355280069951e-01 6.423706903301109605e-01 8.379571627274500223e-01 7.780837306264359876e-01 6.146327836807470302e-01 6.465149838960330131e-01 7.663576042738110550e-01 6.918834447817550082e-01 7.653091308936440518e-01 7.121601801648459462e-01 6.496884702880539875e-01 5.423782865202050330e-01 7.367596498379279657e-01 7.436951455631900521e-01 7.121068990679679800e-01 7.245817319740489593e-01 7.430250076810399618e-01
