1.000000000000000000e+00 9.028721748154070470e-01 8.029367310616210007e-01 7.354577258615599966e-01 4.390153143056200191e-01 4.718089269220320237e-01 8.152767985778259785e-01 7.170470345607500295e-01 6.273702420003479663e-01 4.213352145418139960e-01 7.395760484433290260e-01 6.688269567356730505e-01 6.928294256978869692e-01 5.425852779338079523e-01 6.007962151901079517e-01 4.560654186606740157e-01 6.907231811479479511e-01 7.512046743497819978e-01 7.975129713471790227e-01 8.093457236931399512e-01 5.007607946383380026e-01 3.055498679598159795e-01 6.571518368756039674e-01 4.963932261285510239e-01 3.891794358336579940e-01 3.302582997957039801e-01 6.106300712118010177e-01 6.181642724795379795e-01 5.372639690398770540e-01 4.509172102578710151e-01 7.530469287174069715e-01 6.888612278031569502e-01 3.439881467953270211e-01 2.636218314863170153e-01 4.461265576489379936e-01 4.360488839256960181e-01 2.400418409278479992e-01 3.499494582784180019e-01 2.853169456265149950e-01 3.882790156658029734e-01 7.082723172383990073e-01 6.773855384322160500e-01 7.057329913372939467e-01 6.888815990434860037e-01 7.571749927383799594e-01 7.632243414006679716e-01 7.239486063109640268e-01 6.610584891150259601e-01 7.778071363730579835e-01 7.214704985000760518e-01 8.920603166784359939e-01 8.419494240114460126e-01 7.957176404639719758e-01 7.155434302315469841e-01 5.598913287526220417e-01 5.889083504457449658e-01 6.371287009586420469e-01 7.015520948372310217e-01 3.169673300749579758e-01 2.812236450591720227e-01 6.568248133125810240e-01 6.369420810015270495e-01 6.772254828415940064e-01 7.194022078718299573e-01 6.498606518208720484e-01 6.241889941245699625e-01 5.668806554882389603e-01 5.722213058477999548e-01 3.626759445045210084e-01 4.130558394741600248e-01 5.913924197214259770e-01 5.896302442213999795e-01 4.490582953349079864e-01 6.489792925785949906e-01 7.068486246398240080e-01 8.082297098649540157e-01 5.050586930975859978e-01 6.914504432499829489e-01 7.939714351456309549e-01 7.863912148394279766e-01 7.260493511902840202e-01 6.914521552693999595e-01 3.272438257021559882e-01 4.367399055218459947e-01 7.511576585048670429e-01 7.735375839301109613e-01 7.760618196441310124e-01 7.747572306857209989e-01 4.893655899479609772e-01
9.028721748154070470e-01 1.000000000000000000e+00 7.652899851517099838e-01 7.460008937194260170e-01 4.908980083233809855e-01 5.243617942209880534e-01 7.506587317333950349e-01 7.255231124328560544e-01 6.623260306392599883e-01 4.173005757803959770e-01 7.087756141200339810e-01 6.825450384474439636e-01 5.756358643468999503e-01 5.450853938112080188e-01 5.364819104449339848e-01 4.308004518988050036e-01 7.228307076351070393e-01 8.071884867257860252e-01 8.010732533419520074e-01 9.022146161975840295e-01 5.076291758589900338e-01 2.781523595002690086e-01 6.075718332581500070e-01 4.452956949754819926e-01 3.368668429777669782e-01 3.006359443525409847e-01 6.489893931087720169e-01 6.888538754349450288e-01 5.317158314616540205e-01 4.538590116366940097e-01 7.672059807918929497e-01 7.374125052061459851e-01 2.926332010240260129e-01 2.161283482343669959e-01 3.563759875354789997e-01 3.355421713907449921e-01 1.608701520322740053e-01 3.806321128684500010e-01 2.417376299487609959e-01 3.747389031246490254e-01 7.157478359489940489e-01 6.846581929340980199e-01 6.731091919800079593e-01 6.965641504905809578e-01 7.766084592624760141e-01 7.969171924485060066e-01 7.644409710321750095e-01 6.981871622781939957e-01 8.023482264646220052e-01 7.227911379963030125e-01 8.918170645802829810e-01 9.087969174974009912e-01 7.630401103602949542e-01 6.931679977985329977e-01 4.140864193674499982e-01 4.949147596117909886e-01 6.561871281322130267e-01 7.624241884645459599e-01 1.755260827704009929e-01 1.751201028588479924e-01 6.159967611336040205e-01 6.032400265794309879e-01 6.856534681890550376e-01 7.383526973141799621e-01 6.520796060913079950e-01 6.440532533386730263e-01 5.936920506812219944e-01 6.270657665856139706e-01 3.703637603643160081e-01 4.854151428694929993e-01 5.381688110671349889e-01 5.357965727853619686e-01 4.797615679220479934e-01 6.725733625812170269e-01 7.350965398579729637e-01 7.902179656873159486e-01 4.401018661846409774e-01 6.769118722099090046e-01 7.267341817794999992e-01 7.293618914305659562e-01 6.611142714054399905e-01 7.113775269718609628e-01 3.473452474384219890e-01 4.758864973545969823e-01 7.814799090722189812e-01 7.285065248759380330e-01 7.713721385798409935e-01 7.625243487816020238e-01 4.396164003661430231e-01
8.029367310616210007e-01 7.652899851517099838e-01 1.000000000000000000e+00 8.794884999545660165e-01 6.189714944305579891e-01 6.569317721786339659e-01 9.173280383085540279e-01 8.140730754695909566e-01 7.780030519132380418e-01 5.709212767527469534e-01 6.456002085425609494e-01 5.957917102536020026e-01 6.953830625760919482e-01 5.926977438266769482e-01 6.739272502732189807e-01 5.176599749308240517e-01 5.652603700906659867e-01 5.846741588441429771e-01 7.270301511649379655e-01 7.105866014171909884e-01 4.691493638139699884e-01 3.005023260955629882e-01 8.208586128803510018e-01 6.829630177461090135e-01 5.262196750034939807e-01 5.046061857769229553e-01 5.203817171281069909e-01 4.843482740263579944e-01 6.454453420492239912e-01 5.980270417589269583e-01 8.222719618113679685e-01 7.931391886161599514e-01 5.012448158539170029e-01 4.309022970445919865e-01 5.565700217289629714e-01 3.793789714026399862e-01 2.897411439487460050e-01 3.651992874089460273e-01 2.148319623197099959e-01 2.444387226726439932e-01 8.425889869937599475e-01 7.733366572738169520e-01 7.514605094215039971e-01 6.840904559873020041e-01 7.768697635517379796e-01 7.893525128952170178e-01 7.319633228288140447e-01 6.685643540849910416e-01 7.846237223169789665e-01 7.535026754583830089e-01 7.733770288347749933e-01 7.648954449281809564e-01 8.480692725563490075e-01 7.433865560468899680e-01 6.844911041446599675e-01 7.015005626388759463e-01 6.833740335076140537e-01 6.579698298857560301e-01 4.190426380268230111e-01 4.153947066340700212e-01 8.116105046607660078e-01 7.827623098420209979e-01 6.210940941527319792e-01 6.706075646711899818e-01 7.075048290825589614e-01 6.461259326873359798e-01 4.453395894717929737e-01 4.691726964458979854e-01 2.555326956146170003e-01 4.024374250614239923e-01 6.283872023001120244e-01 6.614984838581540183e-01 4.608546173451399941e-01 5.634604043741510138e-01 6.500485762775339849e-01 8.082425594290200133e-01 4.914096443416979820e-01 6.843538835138149867e-01 8.202710407743000198e-01 8.000452748217750099e-01 7.719491921922270183e-01 7.652227728583029798e-01 5.349129618316910140e-01 6.245747928779620262e-01 8.198258828495740280e-01 8.475425603840790467e-01 8.212324335184369994e-01 8.197295544758990138e-01 5.755811864548240342e-01
7.354577258615599966e-01 7.460008937194260170e-01 8.794884999545660165e-01 1.000000000000000000e+00 5.271953488321839965e-01 7.122258131284530114e-01 8.492831866998390433e-01 8.900507774272670147e-01 6.880681148933820435e-01 5.406646118635349829e-01 5.901792581843330332e-01 6.316016579231990002e-01 6.322018468638499478e-01 6.234176187677239467e-01 6.028337159926250299e-01 5.379544436877680136e-01 5.302803196258419893e-01 6.152386435659340513e-01 6.855175890774789504e-01 7.103058991175730252e-01 4.470553397812169760e-01 3.403583620713709901e-01 7.318084251411299812e-01 7.149123783001349874e-01 4.493190776796019970e-01 4.856668769952510178e-01 4.685822971984550112e-01 5.472883546175080216e-01 6.108632035993160070e-01 5.915554095522900235e-01 7.686029214514269459e-01 8.234098761208249462e-01 5.031463361455470462e-01 4.114770414571249924e-01 5.146109659962240235e-01 3.431119378559879807e-01 2.881202164879739791e-01 4.036460956885229989e-01 2.017317263716519871e-01 2.789857735215959811e-01 7.430668667733529853e-01 6.584015605030300033e-01 7.116324872187199668e-01 5.669859483011550072e-01 6.876920962770259882e-01 6.916358727001300499e-01 5.945232558249500254e-01 5.058213822893929956e-01 7.270045443661260487e-01 6.806605931039579893e-01 7.088332233701899465e-01 7.521200580204410180e-01 7.967064639769450007e-01 6.893654968528409865e-01 7.038047396436869496e-01 7.990433395443490294e-01 6.675059009728819825e-01 6.861910020135150168e-01 4.879497681336429915e-01 5.345247500674989993e-01 7.683715862186649703e-01 7.882917665827949838e-01 5.658568025741640417e-01 6.150421495378549652e-01 6.759342498925090537e-01 6.074524363197449928e-01 4.547886026434220241e-01 4.499350008725789829e-01 2.860270051174890193e-01 3.167573609332959839e-01 6.181030197373209578e-01 6.288818173898870212e-01 4.304326834162309767e-01 6.110404169154749487e-01 6.470063363435819559e-01 7.670023958768980021e-01 5.269717740391050009e-01 7.165663464569670404e-01 7.977416831204710013e-01 7.470455522309400465e-01 7.323574798170819911e-01 6.576515742931969832e-01 4.469369897730470220e-01 5.005228162536979886e-01 7.545058206610290030e-01 7.370725145084680019e-01 7.562957202972580006e-01 7.242049455522050483e-01 4.772361871379749987e-01
4.390153143056200191e-01 4.908980083233809855e-01 6.189714944305579891e-01 5.271953488321839965e-01 1.000000000000000000e+00 5.667376729893639498e-01 5.524543268190500456e-01 5.050066767058100092e-01 7.249013547057789886e-01 5.877717168460040442e-01 3.884536864399970035e-01 2.568493441842170100e-01 3.256946690586670079e-01 3.792702290024980161e-01 5.099837135901530427e-01 4.160469513115899742e-01 2.935415007801490117e-01 2.701833695876180164e-01 3.191943325702399914e-01 3.413161958545720132e-01 3.533451976042999987e-01 1.328336923709219908e-01 6.248150060884389845e-01 4.837035701979510161e-01 5.143931372269899827e-01 4.269316307803380228e-01 2.602495361238110205e-01 2.046652692540739948e-01 4.866498636959559754e-01 4.091141097854160136e-01 5.023694206913380533e-01 4.583348341383219893e-01 3.471865897491380193e-01 2.869880756869440108e-01 2.658672803061239986e-01 1.972554246559279911e-01 -4.894236712269259965e-02 2.360374645266709870e-01 1.136377780757610034e-01 1.164120184050399937e-01 6.443651627525830428e-01 5.097675672799679703e-01 4.772500787842389736e-01 5.276058485842569645e-01 5.053637277078819601e-01 5.427824883474130502e-01 5.585218923326410456e-01 5.437231552338229745e-01 4.861874670693199785e-01 4.442174096721139831e-01 5.145998028684859449e-01 5.212248682747859796e-01 5.527244899906780251e-01 5.200862167732900332e-01 4.030145132767180005e-01 4.210555084730550068e-01 3.821038246135620153e-01 3.070772642443240219e-01 9.288010608180050087e-02 6.687471702180609878e-02 5.395512749466500058e-01 4.506488913656869766e-01 5.185586932122030479e-01 5.445295663953639842e-01 5.163071369551289758e-01 5.096596194605610419e-01 1.196411377019230005e-01 1.921521365893429922e-01 8.699467486651130121e-02 4.131079758082519815e-01 3.359056617536290146e-01 4.001790540081480163e-01 3.580587704909660163e-01 1.504009627941459981e-01 3.406140386552979904e-01 4.527184955309119796e-01 1.047008573727150060e-01 2.959026390185380273e-01 4.892882670650650079e-01 4.824686116857179741e-01 4.469443126776169728e-01 6.177438660117250402e-01 6.400126726626450546e-01 7.117586312340500321e-01 6.287362281497520522e-01 5.711591064559899955e-01 6.038839843245049632e-01 6.283901747048079578e-01 3.064794281771939799e-01
4.718089269220320237e-01 5.243617942209880534e-01 6.569317721786339659e-01 7.122258131284530114e-01 5.667376729893639498e-01 1.000000000000000000e+00 6.341938832814250082e-01 7.093154995590089662e-01 6.066080515054530498e-01 6.094305563358679567e-01 4.841233058281599888e-01 5.256745791196529849e-01 4.328689054259750035e-01 5.106713368537949549e-01 4.628576698512860133e-01 4.462834032207140256e-01 3.385374609048319994e-01 4.322099312543660199e-01 4.300263484319070129e-01 4.486960027957139774e-01 3.266095728078309834e-01 3.002214741224329964e-01 5.986317980808619765e-01 5.037932078974479699e-01 3.533447100984000167e-01 3.862972675242810072e-01 3.690841597987670197e-01 4.220756779571849804e-01 6.055542859268400191e-01 4.790143441348970188e-01 5.647920684168790117e-01 6.153654551088739710e-01 2.907214608970439818e-01 2.073554978438889862e-01 3.114526392934339749e-01 1.556023865329289879e-01 4.826233747928850015e-02 3.262079347445669963e-01 1.346390411512249918e-01 1.283283971482359898e-01 6.372029690202070107e-01 5.560530019606350072e-01 6.135520182497889996e-01 5.544681246938989450e-01 5.800656695874419899e-01 6.022748796746359989e-01 5.127130261413560541e-01 4.753295115051079933e-01 5.734882304335929826e-01 5.668894022147149547e-01 5.612981169621189537e-01 6.020974155799450056e-01 6.047948062533360369e-01 5.738850355051829943e-01 4.704919299844360081e-01 5.585235842557969566e-01 5.343576694032879937e-01 5.037735664090929877e-01 2.294997328656880053e-01 2.660204039043529978e-01 5.653906849464509499e-01 5.718918087912709947e-01 4.267648841370960122e-01 4.447201867541920040e-01 5.405617415079569943e-01 4.572042714694610210e-01 2.944002703996330128e-01 2.829430641801820023e-01 1.509739917666139963e-01 2.358471006337629905e-01 4.212748892391490196e-01 4.408134026246239845e-01 4.752746156600329841e-01 4.224624486289310088e-01 4.993481138444679779e-01 5.353317510925550415e-01 3.148338653045339997e-01 5.072244606492309904e-01 5.363756998597120074e-01 5.174151923157700450e-01 5.402919371187180353e-01 5.439816218878119614e-01 4.875478854312449983e-01 5.295165607913570049e-01 6.341339773864620444e-01 5.908915029841640409e-01 6.380156469507689554e-01 6.114630547976199759e-01 4.077845449406969913e-01
8.152767985778259785e-01 7.506587317333950349e-01 9.173280383085540279e-01 8.492831866998390433e-01 5.524543268190500456e-01 6.341938832814250082e-01 1.000000000000000000e+00 8.588316766024980398e-01 7.908242315579799842e-01 5.957258056861439721e-01 6.510310278505559989e-01 6.351429328885940251e-01 7.918293603380389678e-01 6.513202651884230088e-01 7.168539944529159769e-01 5.491171060523230008e-01 5.310805464365899731e-01 5.659160101175040314e-01 7.041594210093350403e-01 6.731394935758430176e-01 4.053595434351269788e-01 2.666088614628749909e-01 7.477020854958990048e-01 6.053501140476580389e-01 4.187383108937399734e-01 3.999307152129339960e-01 4.589521846076110023e-01 4.641920115642739764e-01 5.438714723867099643e-01 4.686686308073059748e-01 7.344419142580289606e-01 7.401361750744770429e-01 4.411279638470860243e-01 3.392975931440569970e-01 5.192697040536180531e-01 2.888138001777190156e-01 2.432542084137920002e-01 3.433944442261540053e-01 2.340711843344930043e-01 1.961411873043759913e-01 7.877777543924610049e-01 7.064655252389480111e-01 7.148379090687480009e-01 6.286926232287399774e-01 7.305742989294680134e-01 7.569693831083379454e-01 6.503766445251140116e-01 6.024002990448450445e-01 7.616121976547970407e-01 7.150404554971270255e-01 7.511424580758250258e-01 7.274170169403080255e-01 8.383693681896170480e-01 7.300892560327240099e-01 7.565862948264270305e-01 7.367525024659159483e-01 6.756326809129650224e-01 6.519783124028459831e-01 4.324791019346940213e-01 4.409447348322130256e-01 7.263123625175670339e-01 7.188886025762679655e-01 5.341713735053380541e-01 6.203653084090350323e-01 6.544193063134849941e-01 6.203560603162779907e-01 4.296349329735850153e-01 4.295225495612720046e-01 3.138640693308020202e-01 4.441047499993410197e-01 5.909739979230590468e-01 5.994760242668319972e-01 4.869148314028510227e-01 5.998507088083719907e-01 6.356826160095410128e-01 7.805868188779739869e-01 5.221584104729239950e-01 7.059645081883679785e-01 8.231484658658330122e-01 7.780936568202070358e-01 7.341510737308100110e-01 6.931673754451580516e-01 4.636542588860559921e-01 5.497575235305059982e-01 7.833404480967299799e-01 8.102413517708210167e-01 8.035387912278120215e-01 7.717844749098200507e-01 5.126871785592610475e-01
7.170470345607500295e-01 7.255231124328560544e-01 8.140730754695909566e-01 8.900507774272670147e-01 5.050066767058100092e-01 7.093154995590089662e-01 8.588316766024980398e-01 1.000000000000000000e+00 7.193191715066690195e-01 6.173203270433259560e-01 6.268640279868600285e-01 7.070712499877279678e-01 7.136538320482540554e-01 7.299242501722700283e-01 6.733623931185720446e-01 6.550750271195490138e-01 4.779422490828589831e-01 5.774125834192279649e-01 6.372283662236479795e-01 6.773694632274660510e-01 3.362637428414079754e-01 2.419562407330060061e-01 7.024673478351419753e-01 6.511041301548889937e-01 2.957210072551709756e-01 3.381691053245259870e-01 4.567135833733059758e-01 5.393108165592029879e-01 5.693375414357829678e-01 5.001153142826959552e-01 6.651552482302730551e-01 7.371268511022089909e-01 3.447606212544869764e-01 2.382645915810429893e-01 4.111200200784689840e-01 2.191440403900770106e-01 1.627725488783419994e-01 3.736824534037719858e-01 1.725333556535529889e-01 2.156227380345729916e-01 7.075593858984009499e-01 6.329837457810599810e-01 6.961237627984939724e-01 5.693045077529980125e-01 7.029999983418040443e-01 7.099426685390930469e-01 5.626945657981220483e-01 4.854355607768789937e-01 7.592557751871790162e-01 6.924119621018659521e-01 7.016007987866560436e-01 7.273416112666409861e-01 7.282081840602689926e-01 6.876252305732050152e-01 6.865561713797899701e-01 8.434530405991389479e-01 6.730368231592159800e-01 6.985861294461710447e-01 3.672457856570239820e-01 4.490106933637360020e-01 6.331599291466960544e-01 6.693692995599459516e-01 4.389691684497240010e-01 4.989360375339890186e-01 6.133648901079480353e-01 6.035345784031119765e-01 4.190397231065189909e-01 4.568028823733120136e-01 3.562368289166210067e-01 3.633992777607989999e-01 5.384658450024359944e-01 5.527551436730510082e-01 4.805374503030599986e-01 5.966176675929449891e-01 6.176217218675820186e-01 6.885996977364210458e-01 5.028944607175259707e-01 7.230090748571099679e-01 7.364214448740770136e-01 6.888265656714119833e-01 6.864782507339209916e-01 6.219876732455500434e-01 4.054081357257550144e-01 4.643479310713160002e-01 7.465383085447819811e-01 7.128915929360190029e-01 7.407414402716180346e-01 6.729830059452149849e-01 4.070381798952810160e-01
6.273702420003479663e-01 6.623260306392599883e-01 7.780030519132380418e-01 6.880681148933820435e-01 7.249013547057789886e-01 6.066080515054530498e-01 7.908242315579799842e-01 7.193191715066690195e-01 1.000000000000000000e+00 7.271577240750850546e-01 5.752209411643910419e-01 5.173909981167430505e-01 5.886368063542559703e-01 5.078878607915949805e-01 6.587329377142929765e-01 5.166917430144960521e-01 3.570155459944430176e-01 4.196390235866950258e-01 4.995413073462259823e-01 5.212341201625190212e-01 3.786470029626249900e-01 2.546222383906309727e-01 6.577726736134289487e-01 5.347319471154969861e-01 4.649484903604140240e-01 4.329226429342389881e-01 3.023117171862669816e-01 2.598873673424059727e-01 4.748103995680170164e-01 4.049617233505800051e-01 5.899351536378349969e-01 5.894254024833900374e-01 4.047587211763309933e-01 2.793904302008540230e-01 2.754462677592700026e-01 1.988857221688760113e-01 1.176902079828559960e-01 2.156564494320639958e-01 6.396543649585249847e-02 2.027486081984540001e-01 7.172413852594640149e-01 6.171493929915510268e-01 5.176521109687990396e-01 5.653727104340310339e-01 5.902005526671030289e-01 6.386395816243169987e-01 6.078774238297349752e-01 5.684412509033189842e-01 5.976948318371040347e-01 5.606496023630059833e-01 6.655886046098929976e-01 6.633505725092649907e-01 7.132426861550520414e-01 6.332949205753539701e-01 5.495007016711529468e-01 5.488787488676639681e-01 5.098135026021139993e-01 4.580768867096620123e-01 2.432862876212829872e-01 2.669490887587129824e-01 5.803147215045989515e-01 5.270561185106410473e-01 5.384224560728729791e-01 6.006434397436349881e-01 6.452859405949600280e-01 6.530664334302900276e-01 2.952299996990059849e-01 3.303472756855890258e-01 1.633146353735679956e-01 4.828185619363030145e-01 4.815139594781899790e-01 4.783467337080180015e-01 3.849997725888429922e-01 3.260823647452320007e-01 4.385743250732869747e-01 5.948067816544799769e-01 2.306111259249760126e-01 4.910627997994529981e-01 6.394825246705120314e-01 6.485630036929540543e-01 6.130149985618329467e-01 6.858968697189680164e-01 6.471253793634259566e-01 7.066042977078179632e-01 7.177569243814989619e-01 7.502739849689330498e-01 7.357421609298390175e-01 6.981289402417070189e-01 4.520922967995030239e-01
4.213352145418139960e-01 4.173005757803959770e-01 5.709212767527469534e-01 5.406646118635349829e-01 5.877717168460040442e-01 6.094305563358679567e-01 5.957258056861439721e-01 6.173203270433259560e-01 7.271577240750850546e-01 1.000000000000000000e+00 4.365306069385920251e-01 4.100553216713540006e-01 4.072782906239559853e-01 4.299606401250020138e-01 4.729273454664659759e-01 4.810792642314529743e-01 2.461808341089440078e-01 2.530621803691939786e-01 2.601371774818360127e-01 2.627335979600590177e-01 2.513817824611629947e-01 7.442212842653149474e-02 4.795434490358430057e-01 4.432487450385240169e-01 4.294795058061869897e-01 4.403071264177780275e-01 1.276558052335380056e-01 1.206330425540590029e-01 3.514030743232410270e-01 2.522866410626110056e-01 4.144093807166859822e-01 4.367722628882870217e-01 3.080914927754689892e-01 2.330995517294759956e-01 2.132111830502070038e-01 2.290671005091799994e-01 6.483771594900499674e-03 2.426293507073750133e-01 9.161496763907059360e-02 1.324356445385710124e-01 5.338684315457700169e-01 4.534550894054140135e-01 3.849754023696569938e-01 3.840830176743230129e-01 3.692221421267889991e-01 4.131323957797419788e-01 4.088075070939399813e-01 3.775483963647869867e-01 4.217488441274580002e-01 4.159672192217540032e-01 4.397278898916560097e-01 4.587716029985610122e-01 5.451071184782799728e-01 5.199743682369419862e-01 5.071163227998779499e-01 4.489630772388509827e-01 2.731967744588260083e-01 2.171969813954869877e-01 2.082745242977850075e-01 3.207181533310969890e-01 4.211936501505419983e-01 4.097174262995100236e-01 3.692663256463150079e-01 4.202894340560849873e-01 4.927156083597680203e-01 4.847309301496209866e-01 5.490427119427870178e-02 1.161593270712319992e-01 3.295458382049550050e-02 2.386299113786820025e-01 3.239811460105589958e-01 3.361975208293889739e-01 3.456529777653880031e-01 2.082709490093239968e-01 3.133428390643350214e-01 3.726163025279750074e-01 8.204148256891219404e-02 3.396837004860069897e-01 4.562154908106880180e-01 4.814587400488459790e-01 4.886749652351620177e-01 5.137825476371460365e-01 5.914464417783289463e-01 5.786244471297450342e-01 5.267334156115229815e-01 5.282858603283949739e-01 5.508199172254359954e-01 5.287063250881659515e-01 3.058601515172459928e-01
7.395760484433290260e-01 7.087756141200339810e-01 6.456002085425609494e-01 5.901792581843330332e-01 3.884536864399970035e-01 4.841233058281599888e-01 6.510310278505559989e-01 6.268640279868600285e-01 5.752209411643910419e-01 4.365306069385920251e-01 1.000000000000000000e+00 7.567002333262830005e-01 6.346724170798430098e-01 5.993557791461959772e-01 3.922711614196999763e-01 3.704326566535079968e-01 5.903643379106660039e-01 6.182334969933269697e-01 6.064215059254099982e-01 6.989473755937429811e-01 2.737670974488319864e-01 2.545015504455089839e-01 5.427325576628519999e-01 3.652171729445379822e-01 2.558856234435499810e-01 1.697866967685220108e-01 6.363749534602579638e-01 5.935186228761439864e-01 5.023621970927999447e-01 3.920756503492129896e-01 5.925604180260359843e-01 5.521701637619630398e-01 1.672506076660560115e-01 5.646968848869939744e-02 1.717862508721390014e-01 3.039222066312439741e-01 1.841639709486999898e-01 1.545911865852999945e-01 7.071574634986979579e-02 2.426115513073640040e-01 6.656489120283479721e-01 6.845803142616250225e-01 5.952348300501799638e-01 6.438056768749219616e-01 5.907019938139930204e-01 6.325171106561779943e-01 5.063428967651559809e-01 4.333333933518679904e-01 5.768208476852130229e-01 5.538073496521770389e-01 7.294283840834610011e-01 7.624649564122429890e-01 5.757197785831740244e-01 4.844276547500980246e-01 3.748143629499849916e-01 5.360543788645080188e-01 7.299862071734799507e-01 6.867689503733169776e-01 2.201756148987590034e-01 1.746419177086100116e-01 4.679858760526259820e-01 4.845133761555440177e-01 5.717142017185380398e-01 5.440226801098559939e-01 4.294503363618080161e-01 5.455139988867649947e-01 3.478794078249090038e-01 3.386071327254029928e-01 7.192504595091800401e-02 3.488407508265879975e-01 5.489316378474989877e-01 6.069420982420520305e-01 3.170353913066619733e-01 5.352994521479800261e-01 5.025189949484210050e-01 5.601378595132749938e-01 2.957911381418459884e-01 4.550306606802480003e-01 5.903214067108899510e-01 5.940851828992019801e-01 5.623424337231219816e-01 5.312694444379619796e-01 4.296433618069019911e-01 4.507749055037669761e-01 6.715072695994189766e-01 6.842768938895430475e-01 7.040092381712950154e-01 6.443512393498570523e-01 5.610557034883669747e-01
6.688269567356730505e-01 6.825450384474439636e-01 5.957917102536020026e-01 6.316016579231990002e-01 2.568493441842170100e-01 5.256745791196529849e-01 6.351429328885940251e-01 7.070712499877279678e-01 5.173909981167430505e-01 4.100553216713540006e-01 7.567002333262830005e-01 1.000000000000000000e+00 6.302890871611800394e-01 7.947714089969150075e-01 4.939414122763319814e-01 5.377261159041589744e-01 5.328231902096509653e-01 6.295339847700599512e-01 6.265953967636800348e-01 6.698411890687350212e-01 2.927347651566539755e-01 2.629938011762940064e-01 5.084122577439570412e-01 4.004947964602649790e-01 1.888883342523099973e-01 2.013261384684509880e-01 6.265777995954450175e-01 6.972316457996869943e-01 5.096629569167699936e-01 4.062294081180520267e-01 5.393575462434140322e-01 5.607359936117100041e-01 8.385835330463149717e-02 -5.062214305814999836e-03 1.636642792898279908e-01 2.426153870162630066e-01 1.232021468539949982e-01 2.227620344856700019e-01 1.929485426155989891e-01 2.795122473797659879e-01 5.886555025398270136e-01 6.326748458362839722e-01 6.039211344370180035e-01 6.172200918197190411e-01 6.202303978532950346e-01 6.414058379806969468e-01 5.328829732775189898e-01 4.617727125248239917e-01 6.495103804772099920e-01 6.132423043612710289e-01 6.361078252867089500e-01 7.032578250197090153e-01 5.348708655069439599e-01 5.484027576926410186e-01 3.614998010127180028e-01 5.674061610433730474e-01 7.247782824212920527e-01 7.776287099995099483e-01 1.788611372171710068e-01 1.778977002423159925e-01 3.968668070803400005e-01 4.729084594821399978e-01 3.498733491771919835e-01 3.504026625664369843e-01 3.854001905267310235e-01 5.154584926426299951e-01 3.900537504586030213e-01 3.882091806192780048e-01 1.949749799409830064e-01 2.572144038156929935e-01 4.145223575393759963e-01 4.661373742853819890e-01 3.920455235880910272e-01 6.226996023902720001e-01 5.374247709009200014e-01 5.014183598284459586e-01 4.799909906868810028e-01 5.721243321726240394e-01 5.614205943330620174e-01 5.756237749749539834e-01 5.391006078943130220e-01 4.788729759659470231e-01 2.169393932850950113e-01 2.649562696624639946e-01 6.187866910181589741e-01 5.855656869876449955e-01 6.186371690729239869e-01 5.432292749927200015e-01 4.440288820371420253e-01
6.928294256978869692e-01 5.756358643468999503e-01 6.953830625760919482e-01 6.322018468638499478e-01 3.256946690586670079e-01 4.328689054259750035e-01 7.918293603380389678e-01 7.136538320482540554e-01 5.886368063542559703e-01 4.072782906239559853e-01 6.346724170798430098e-01 6.302890871611800394e-01 1.000000000000000000e+00 6.788969717154920147e-01 7.143746411794520412e-01 6.463011904260089757e-01 4.145956582866689999e-01 4.846316161017710233e-01 6.055698854624490535e-01 5.320832754154679600e-01 3.215827121749970097e-01 3.092782548737370019e-01 6.829562644739739508e-01 5.592922888425230221e-01 3.529053660129150005e-01 3.016135744362309912e-01 4.685738878560479770e-01 3.819772784338750227e-01 4.713524321176649767e-01 3.921268785574529847e-01 5.035746165787590156e-01 5.180190433815590190e-01 3.384678520381850242e-01 1.577613507560159944e-01 3.957620621826369867e-01 2.569982516068919920e-01 2.854105222761669780e-01 1.538214175683129958e-01 1.070445331017360058e-01 9.014883379309679423e-02 5.939753143405319680e-01 6.120214856133919801e-01 5.859609166585180162e-01 4.974300327180229964e-01 5.693804715035419850e-01 5.811281169809010549e-01 4.193871631754790275e-01 4.013140753392510085e-01 5.905118565269610320e-01 5.750739999425269477e-01 5.929847596938040422e-01 5.185814374837709462e-01 5.416212511169270494e-01 4.734603907284640201e-01 6.087240242974659710e-01 6.603237961172859771e-01 6.069616819381570272e-01 5.633809696489020524e-01 4.467753729748299985e-01 3.309551440555110191e-01 4.796411366662670095e-01 4.941262678704509970e-01 3.334019282313320232e-01 4.103826919688289832e-01 4.896446204957209947e-01 5.454340415485560145e-01 2.826792174122430001e-01 3.025221460265929974e-01 2.535172607405190015e-01 3.389443316641669868e-01 6.432880521093510273e-01 6.036439321412400139e-01 3.044024525588289731e-01 5.992145844881500150e-01 4.636212359545879846e-01 5.804484245003029841e-01 5.553015293965769539e-01 6.291955905523539672e-01 7.017659156294110412e-01 6.070389927169890232e-01 5.854779988347139641e-01 4.612900052489590230e-01 2.928098601336590057e-01 3.307598657729060032e-01 6.206564956839200065e-01 6.960503721635590280e-01 6.103990847788299812e-01 5.668894558297380426e-01 5.232361455014400420e-01
5.425852779338079523e-01 5.450853938112080188e-01 5.926977438266769482e-01 6.234176187677239467e-01 3.792702290024980161e-01 5.106713368537949549e-01 6.513202651884230088e-01 7.299242501722700283e-01 5.078878607915949805e-01 4.299606401250020138e-01 5.993557791461959772e-01 7.947714089969150075e-01 6.788969717154920147e-01 1.000000000000000000e+00 5.817559819476969540e-01 6.980664674011729520e-01 4.495919453562989831e-01 4.933475084740719940e-01 5.612088625142940268e-01 5.307159114177849579e-01 2.730404076693139781e-01 1.845494174705069879e-01 5.778580250117679729e-01 5.282333647399489740e-01 2.129737555484340072e-01 2.320015473410149964e-01 5.449765094392340359e-01 5.681552371072250418e-01 5.911240652818999797e-01 4.990233896391900181e-01 4.650584231847409988e-01 5.436143676437530381e-01 1.571500160014600023e-01 1.265266969677109887e-01 3.434577652071780229e-01 2.023466872070369960e-01 1.461750745704649967e-01 2.036484984316890012e-01 2.010963779176319910e-01 1.337260243908859891e-01 5.820650582625379599e-01 5.895699935273920334e-01 6.054552410092389758e-01 5.509832899117460547e-01 5.708403868837560458e-01 5.882276178954120027e-01 4.593377992620910066e-01 4.391542485995529876e-01 5.861969416396819454e-01 5.593811716514980326e-01 4.869648511554630077e-01 5.143615993961579980e-01 4.402399640890979904e-01 4.558019720035709765e-01 4.390363928226900248e-01 6.150983504322570239e-01 6.730230669470840255e-01 6.686157870297889660e-01 1.740084540585460082e-01 1.783218489275970042e-01 3.917524528831369812e-01 4.818854784353919785e-01 2.850098692802010003e-01 2.713931891441719868e-01 3.698066883636009772e-01 4.780979300535589949e-01 2.771795750245000245e-01 3.089653472500389908e-01 1.892766954414880076e-01 2.990848288896770235e-01 4.055897660640179758e-01 4.783380714001149725e-01 3.494441279048530191e-01 5.642325828123140319e-01 5.007201010506829864e-01 4.656981084647179858e-01 5.077930435844919543e-01 5.832729018610780525e-01 5.772701429404819562e-01 5.220460545663869745e-01 4.645758026533879925e-01 4.477855624374619814e-01 2.632981102077510127e-01 2.904290944797989771e-01 6.024431696443940387e-01 5.844372691343480142e-01 5.615664212572399894e-01 5.272033245630459719e-01 4.020609235456369945e-01
6.007962151901079517e-01 5.364819104449339848e-01 6.739272502732189807e-01 6.028337159926250299e-01 5.099837135901530427e-01 4.628576698512860133e-01 7.168539944529159769e-01 6.733623931185720446e-01 6.587329377142929765e-01 4.729273454664659759e-01 3.922711614196999763e-01 4.939414122763319814e-01 7.143746411794520412e-01 5.817559819476969540e-01 1.000000000000000000e+00 7.796331739787260018e-01 2.811842054234129917e-01 3.763493803011209726e-01 5.437504957057619492e-01 4.535456901761439896e-01 4.256504621990819803e-01 2.464273624002620011e-01 7.858593803731049876e-01 6.956629978324739838e-01 4.757549514778909860e-01 4.372815380907890126e-01 3.189802858067429803e-01 3.173168493573559901e-01 4.831282028677290064e-01 4.097817172619029891e-01 5.064614926147239515e-01 5.308756872103830293e-01 4.287035059389019964e-01 2.862448432500129814e-01 4.062746355879819915e-01 1.539065512898910026e-01 9.933393669111109658e-02 2.557416132720770063e-01 2.125510845588139963e-01 2.552819820864860034e-01 5.225411026843099771e-01 4.539514069903349824e-01 4.674040592424720253e-01 3.894783823705860182e-01 5.370865696938229572e-01 5.278290286352249616e-01 4.805103778527020086e-01 4.793668192600309963e-01 5.935896302691440196e-01 5.466668567349619590e-01 4.935120518727800221e-01 4.577778369293319938e-01 5.981582678726230506e-01 5.815999718502430360e-01 6.454920600467960456e-01 5.727491679915419631e-01 4.280820450004970135e-01 4.667781484748089738e-01 4.155091426099580265e-01 2.749215041528330072e-01 5.193294850940219920e-01 4.284203060351869929e-01 2.867806288442900087e-01 3.992133924281939805e-01 5.830824599506470030e-01 5.721118593801519658e-01 3.147521955752610179e-01 4.075047528660190044e-01 3.877636141325370156e-01 3.253330709226500139e-01 4.073682815785880096e-01 4.306484014098129753e-01 4.352096965000110118e-01 4.198819632876870100e-01 4.752050139809099738e-01 5.707740238148559797e-01 5.442249463573389789e-01 6.578365805290630197e-01 6.999926740365449707e-01 6.197764401362679809e-01 6.112436649887339479e-01 5.574403883343600485e-01 3.395889918897300186e-01 4.462135689863970245e-01 5.814846862129410265e-01 6.064360549819199919e-01 5.632804208861199591e-01 5.449924188491750421e-01 2.628418783158840144e-01
4.560654186606740157e-01 4.308004518988050036e-01 5.176599749308240517e-01 5.379544436877680136e-01 4.160469513115899742e-01 4.462834032207140256e-01 5.491171060523230008e-01 6.550750271195490138e-01 5.166917430144960521e-01 4.810792642314529743e-01 3.704326566535079968e-01 5.377261159041589744e-01 6.463011904260089757e-01 6.980664674011729520e-01 7.796331739787260018e-01 1.000000000000000000e+00 2.679247960152519870e-01 3.696905288187509742e-01 4.117528826133119990e-01 3.380563469267450216e-01 2.100088608726849992e-01 2.191846267770169998e-01 6.755184982831029528e-01 7.277660445616239704e-01 3.712862994903080027e-01 3.771142958200269790e-01 3.709987051724950025e-01 3.661398164518430143e-01 5.333815551255970400e-01 4.873896003478839778e-01 3.541618085889799983e-01 4.293235103019710230e-01 3.401259498520969871e-01 1.889875474830949864e-01 2.643319382672850160e-01 1.734098438254119967e-01 1.678669110847390011e-01 5.796299100863459841e-02 1.574330233026819958e-01 1.534431184507319967e-01 4.622598322857209840e-01 4.636683033278570232e-01 4.680853900494100217e-01 3.767169398368769850e-01 4.298844589357360135e-01 4.295211306047049815e-01 3.885033528825149740e-01 3.953749896072830117e-01 4.838101423184140160e-01 4.518723517656390021e-01 3.701493283248319943e-01 3.756108634954800074e-01 4.038005248771109890e-01 4.471508108838330164e-01 5.099594598474630480e-01 6.120133175068970255e-01 3.773408263487310066e-01 4.530873393088180046e-01 3.079831310400280020e-01 2.264533475366070081e-01 3.780873163988670016e-01 3.377054984318489939e-01 2.020459960441249869e-01 2.441134156093990037e-01 4.085913970343940105e-01 4.419838618626260041e-01 2.222615240064360065e-01 2.755653717309640149e-01 2.499656356366400101e-01 2.048279780240870040e-01 3.442780834392509814e-01 3.931215643219729827e-01 3.316357968407849799e-01 3.823506343955199727e-01 3.812791437033890007e-01 4.388197996798309797e-01 4.818825280452819770e-01 5.679553772948140455e-01 5.888827674788249533e-01 5.523898754690329538e-01 5.056988108389569581e-01 4.745253860349950004e-01 3.058191796691350217e-01 3.322211026200510009e-01 5.194563267263609951e-01 5.143976097326979913e-01 4.522400860615540252e-01 4.455587242579289731e-01 2.761394305619889744e-01
6.907231811479479511e-01 7.228307076351070393e-01 5.652603700906659867e-01 5.302803196258419893e-01 2.935415007801490117e-01 3.385374609048319994e-01 5.310805464365899731e-01 4.779422490828589831e-01 3.570155459944430176e-01 2.461808341089440078e-01 5.903643379106660039e-01 5.328231902096509653e-01 4.145956582866689999e-01 4.495919453562989831e-01 2.811842054234129917e-01 2.679247960152519870e-01 1.000000000000000000e+00 7.924384402909460112e-01 6.480300147631810059e-01 7.346525255123389497e-01 3.424169933392759990e-01 2.318905145721679995e-01 4.580765560265929737e-01 2.847030824363599999e-01 3.112938364081099807e-01 1.995603482389340100e-01 7.214867498903609899e-01 6.943478117050170262e-01 5.020617424508420079e-01 3.893984258176950153e-01 6.981800570148459784e-01 6.266601877089730266e-01 2.017662113648950040e-01 1.464426413100919921e-01 2.419930516032759993e-01 2.594846758079790150e-01 1.539547140563060079e-01 1.144686820406399935e-01 1.436630562174190107e-01 2.710704715576450208e-01 5.591898458926169990e-01 6.322828264553059796e-01 5.925638740678309535e-01 5.389051551452890276e-01 5.834266770970869542e-01 6.048649680979190091e-01 4.922757583421940031e-01 4.397481186624809801e-01 5.866710398476200350e-01 5.286720640453790310e-01 7.049485749381929622e-01 6.987433584538049747e-01 5.212762825573450387e-01 3.626956485667269803e-01 2.982236669966529807e-01 3.647410666830189774e-01 6.287721010026530166e-01 6.561515711336040058e-01 1.402100936984350121e-01 1.214502264305520052e-01 4.492375874174550088e-01 4.958807471246690080e-01 5.467918712153739813e-01 5.197224619804640122e-01 3.873096672324459755e-01 4.857570334961319736e-01 5.187717715085160552e-01 5.001457544601189964e-01 2.546508597660639972e-01 3.723625151733009897e-01 4.117535538076970147e-01 3.802728720784189775e-01 3.817734470033889993e-01 6.914686974802060071e-01 7.878674285336559890e-01 7.410965084638859723e-01 4.416320775852379810e-01 5.489154322096759797e-01 5.745141855472879477e-01 5.438067891175220048e-01 3.873852597229259787e-01 4.095227851407650110e-01 9.231810378992129362e-02 1.703383488734039886e-01 5.438701479332890276e-01 5.318792416794909661e-01 6.000243036849189915e-01 5.903701029011350077e-01 4.077885205840749983e-01
