1.000000000000000000e+00 5.041469556279539743e-01 3.843062486974759828e-01 4.082287414081789967e-01 3.473301499600000009e-01 1.888584517161669973e-01 5.519311694887679698e-01 4.185548702088189854e-01 2.752980878693360167e-01 2.941058523044660089e-01 6.384312372255519508e-01 5.036420956935480087e-01 5.736857799251210421e-01 4.231665764536560181e-01 2.415594350898369880e-01 3.019001255049639787e-01 4.147600352816629976e-01 3.793019378807240272e-01 7.310986157378880357e-01 5.742874493183459661e-01 -3.116424765348189962e-02 1.024761501822200049e-01 2.351250238951740068e-01 5.171591589502169684e-02 1.473825038156039990e-01 1.215222486740149960e-01 2.619993946161059961e-01 2.292295042286449924e-01 3.411020546560789707e-02 -7.072438337129200353e-06 4.167907802788999860e-01 2.969643724724619904e-01 5.408745789887599992e-02 -7.475882727498189828e-02 7.263109791149570393e-02 2.857265112297379880e-02 1.415999558640410050e-01 4.824067755372839911e-02 1.355027837994650028e-02 1.614286662965120078e-01 3.503482285394189932e-01 3.155543448879399859e-01 3.190673146830609874e-01 2.405571926289910012e-01 3.566379119536949860e-01 4.136221583707440086e-01 4.237761485736989964e-01 4.358775495971919933e-01 3.457807055550700115e-01 3.811616358851189768e-01 6.296593945865659459e-01 4.826640841004040117e-01 4.971919653365650116e-01 4.176534020589919849e-01 3.709412495998529735e-01 2.742416780853629832e-01 5.551780678303740446e-01 2.916965885840500095e-01 1.345657361065029922e-01 2.061935006010109928e-01 3.118607664625029918e-01 2.498341067110909919e-01 4.715595063785930074e-01 4.658648187466890023e-01 2.130131582485119968e-01 1.440471335194460079e-01 2.722586413322989896e-01 3.416552153401670178e-01 2.849488115379760211e-01 6.638753838734140489e-02 2.577446610299040097e-01 1.573745997345090131e-01 2.466718890604809866e-01 2.258116971640780068e-01 4.071414305883480078e-01 4.121366893854089830e-01 2.503477413398900175e-01 2.869369438008649853e-01 5.241790440540879947e-01 3.665641280954459735e-01 5.471896574956960357e-01 4.311662822190019950e-01 3.519417499745770006e-01 4.190768354397509943e-01 4.750310476845219787e-01 4.665465127952639901e-01 3.513007728821539999e-01 3.990791190574660141e-01 3.202475347710330156e-01
5.041469556279539743e-01 1.000000000000000000e+00 3.151825004215709769e-01 3.297194565588220105e-01 2.273949237098960019e-01 2.874485060990840113e-01 2.623868793887370043e-01 3.995819817414860142e-01 2.254729030156099878e-01 2.363103996423950026e-01 4.176362155683350230e-01 4.976758363237189786e-01 2.409222057475569889e-01 3.695502265422659915e-01 1.081876878353749960e-01 2.330313282735879954e-01 6.062896024086009694e-01 5.666937822362979604e-01 5.462500645764339913e-01 6.323944304404159888e-01 1.416058487275239919e-01 2.665859481693059752e-01 2.249779936875909991e-01 1.292688124600389898e-01 2.041577678376139959e-01 2.582084531359569723e-01 3.248771624017229853e-01 2.896828880390089900e-01 1.887441674985800011e-01 1.717978034880709992e-01 5.202819108872700493e-01 5.093217659220470317e-01 6.293706955983309481e-02 4.565594353323110255e-02 -4.528576674452489820e-02 1.103550386100889957e-01 -5.768795153672699738e-03 5.666695928156390005e-02 -1.887436717168800016e-02 2.377350045882639928e-01 3.879249817453400140e-01 4.466102926961810216e-01 4.255998569975140144e-01 3.935814638448230096e-01 5.152481464231960517e-01 5.608420423924179721e-01 4.735904419696829737e-01 4.593225016074090061e-01 4.275547600609759802e-01 4.202815472449630274e-01 7.538575321526299611e-01 8.248334416420369797e-01 2.962386164480069750e-01 3.908985191869630005e-01 2.169071248142520059e-01 2.456707132581009978e-01 5.423787391217560483e-01 3.368823138351639823e-01 -4.207299403325999616e-03 1.847901406558440096e-01 3.921632708946750090e-01 4.252494588671900111e-01 6.336411715612170203e-01 6.634228687555350223e-01 3.250879798825119793e-01 2.745917580327010277e-01 3.501833064071139812e-01 3.460103299228339813e-01 3.528552396977440164e-01 1.701137208230449893e-01 1.959666272938929976e-01 2.420736371777650053e-01 4.157231229768870162e-01 3.359265337375130223e-01 6.443373554004949710e-01 6.344801522778760194e-01 2.743329835705869968e-01 4.275705544819610182e-01 4.420226428323639767e-01 5.027239518552429898e-01 3.239459400531879973e-01 4.575492290947429930e-01 3.182453786613250180e-01 2.462153616275860046e-01 3.850329052139260244e-01 2.609306837642770271e-01 3.847597202460940058e-01 2.872633255750060011e-01 3.617130909283600149e-01
3.843062486974759828e-01 3.151825004215709769e-01 1.000000000000000000e+00 6.575046127187510470e-01 3.853498818026089845e-01 4.099393839783879723e-01 7.274874147080979681e-01 4.955543826675810060e-01 4.339192718853590036e-01 3.762574762071380086e-01 3.887609646490159943e-01 2.797308906080139823e-01 3.976009658790010115e-01 2.346632787194689873e-01 3.959037337399580192e-01 3.812410817195949764e-01 8.768233885894480273e-02 1.817168923357979915e-01 3.846889979709640084e-01 2.606319832888709942e-01 1.447390705082229889e-01 1.980865179308030077e-01 5.507839702363830359e-01 4.432771277612049809e-01 3.480130669618610173e-01 3.867138978328020227e-01 1.864745757305490137e-01 8.354400444333930087e-02 4.689832883739529779e-01 4.148620790433830141e-01 4.816086874707459775e-01 3.676222024900659968e-01 2.557753575949149871e-01 7.212902158705540578e-02 3.346147578842220138e-01 2.147474766745549879e-01 1.028398216815780003e-01 1.572540904985350041e-01 2.927687124461210086e-02 8.152545561894500303e-02 2.324004391273400139e-01 1.779925371418200064e-01 6.844255673914420579e-02 -2.821533052326699945e-02 2.626430036270570034e-01 2.200908610825670075e-01 3.209290473042740177e-01 2.083623154702040070e-01 3.150983819648299766e-01 1.994657269593800020e-01 2.872224367506279741e-01 3.595326085415679884e-01 5.171980843113970217e-01 4.012238677182269897e-01 4.995993422249240257e-01 3.855056089297270172e-01 1.951208942956400016e-01 1.280422344083839981e-01 4.401446810716809765e-01 4.387128713735120034e-01 3.920229778664380271e-01 2.232487359253599868e-01 3.184604223812009804e-01 1.844246951410820068e-01 2.944017338718259991e-01 1.108930169378800068e-01 2.064403200867200028e-01 9.122321008887289417e-02 4.106761083702989978e-01 4.149756070696979798e-02 1.513924664073839910e-01 1.199067761198319981e-01 2.184605650840300006e-01 1.335226866444829963e-01 2.308886352043379997e-01 1.755421052745300137e-01 2.313367884245000061e-01 2.696342143873790009e-01 4.562206480369300210e-01 4.249213650197289915e-01 5.106940757397769870e-01 3.979331564809610033e-01 4.269528233195070133e-01 4.725576324317100063e-01 2.917142208830240113e-01 1.891137506130969870e-01 2.618167029298230086e-01 3.074875297887340042e-01 2.228442494429289933e-01
4.082287414081789967e-01 3.297194565588220105e-01 6.575046127187510470e-01 1.000000000000000000e+00 4.135201744401429957e-01 5.086465489804560258e-01 6.887999126449889653e-01 7.177038258844670171e-01 5.754495749079500122e-01 4.703486542412920191e-01 2.925670749879820121e-01 3.764835332390339961e-01 4.281836170207840020e-01 3.658705665123480055e-01 6.122828673706349756e-01 6.524679849637540219e-01 2.079334915541140028e-01 2.281315082199940059e-01 3.481460054515019831e-01 3.056353405614499752e-01 3.246692661774749911e-01 3.051211235331119931e-01 6.541277883922169689e-01 7.300922953658339765e-01 5.229119436880199645e-01 5.109877458629149549e-01 3.087586116494749899e-01 2.718542612021749849e-01 4.821551812130279724e-01 5.733509618753870329e-01 4.395475230144449963e-01 4.930574166585929841e-01 3.598842633684519732e-01 2.326994774375429897e-01 3.934627378854739788e-01 2.509058025185340046e-01 1.884480497941070087e-01 6.514004144136119334e-02 9.949152928697789500e-02 2.741784105533869864e-01 2.967329565267879943e-01 2.742458598415419835e-01 1.194479674047590062e-01 -3.787701045321399673e-02 2.766332057838730152e-01 2.375141454147980113e-01 3.061195396784630041e-01 1.955033663405010003e-01 2.005386676797920043e-01 1.327118082328110071e-01 3.208159481213799791e-01 3.257085605461340072e-01 4.153122621207709919e-01 4.574595033928829935e-01 5.641192236986369846e-01 6.124799733831579607e-01 2.540036404925959945e-01 2.446534518998119967e-01 6.390105634006919555e-01 6.670316951760579816e-01 3.756270224186180062e-01 3.354921072058850151e-01 2.775692134279830192e-01 2.055251089801060083e-01 3.199826588745660061e-01 1.489838744168940077e-01 1.656782127430959928e-01 1.588712850447749902e-01 3.935013694059589784e-01 4.465867267214960329e-02 2.920725102162459730e-01 2.889109512413129965e-01 2.735168728995889809e-01 2.167371982078580006e-01 3.340092853023670094e-01 2.469431328040649909e-01 2.832582336066299944e-01 3.456016271927220274e-01 5.847355206198500133e-01 5.932868752116680078e-01 5.361774516660330336e-01 3.574838132179070094e-01 4.987509060326960064e-01 4.516267802801239850e-01 3.924580498900889780e-01 2.068767334054930074e-01 3.472754481038219931e-01 3.597082681705520146e-01 1.970662827934679950e-01
3.473301499600000009e-01 2.273949237098960019e-01 3.853498818026089845e-01 4.135201744401429957e-01 1.000000000000000000e+00 3.406346283904340133e-01 4.846209154463519964e-01 3.832227478078740202e-01 4.324253431671840064e-01 3.822597519354519746e-01 2.551786284348749878e-01 3.228723327860130166e-01 3.424766311029119881e-01 2.357262590728730067e-01 3.767083435114009782e-01 3.619622521277979788e-01 7.777152817162200082e-02 9.027462179119459529e-02 3.032115783024200151e-01 1.583211041986229972e-01 1.346550525087439887e-01 6.461647673551020044e-02 3.256937340384200019e-01 2.280810052892670026e-01 2.559255327299950200e-01 1.719558302501640046e-01 2.239325835547910024e-02 -3.311126911860220318e-02 8.432126448762550242e-02 1.764115524419909986e-01 1.464309529614329919e-01 9.466445214412300135e-02 1.632125935256540095e-01 -6.252401593159290227e-02 3.335050989482190031e-01 1.458147897078740096e-01 9.412061244963250417e-02 9.361932877514550499e-02 2.565081359771079900e-02 7.008472974688009782e-02 1.869268785004039868e-01 1.857993664626599872e-01 7.562452529684360325e-02 6.248135022526270232e-02 1.638071984507649959e-01 5.572894791330040148e-02 3.094963232537349951e-01 1.998119345445310002e-01 3.085067657340189728e-01 6.817040295036640163e-02 1.569590380331870039e-01 9.673357598409350333e-02 3.850768889859069732e-01 2.594128765238249978e-01 2.613081133047989724e-01 2.117980351636070124e-01 -5.217380326991710379e-03 -6.525950859321219544e-02 3.203373146075320088e-01 2.416896345581240058e-01 2.968761102814769792e-01 2.020801641006680083e-01 2.233288836913789877e-01 1.283524882298270053e-01 1.218882687588540015e-01 4.701824806418539865e-02 1.793472963583430113e-01 4.707967474453760015e-02 1.412978534859800073e-01 -6.929110039267790018e-03 9.398519018479800646e-02 -1.998657475179150059e-02 -8.920702825258950558e-03 -4.308456970663639835e-02 9.147593603381329319e-02 5.566478757290799911e-02 1.584835384529960089e-01 -9.003729113517239258e-03 3.599572698987890118e-01 3.676934731041500148e-01 2.826330821840900009e-01 3.029788128987599971e-01 3.806431531170390015e-01 3.337795053178559956e-01 2.304195169096409923e-01 1.805794585893230053e-01 1.232890790385880037e-01 2.036065820801790105e-01 7.635049757119390101e-02
1.888584517161669973e-01 2.874485060990840113e-01 4.099393839783879723e-01 5.086465489804560258e-01 3.406346283904340133e-01 1.000000000000000000e+00 3.731409461537990024e-01 4.766946610210490154e-01 3.528614428895550104e-01 3.612440205148210182e-01 1.436731438439050046e-01 2.437184945199989961e-01 1.237430930841670051e-01 1.767904447223750120e-01 2.681827920468120019e-01 3.733209954397230246e-01 2.108679275640890083e-01 1.197023098618869991e-01 3.301951379262790254e-01 2.281445311118310004e-01 1.818087754842140080e-01 1.601408858428829962e-01 4.442728830503300252e-01 4.969501993152530273e-01 3.672782824890929998e-01 4.028832821752190152e-01 3.424246346348909786e-01 2.710503655586519733e-01 3.897529547136249772e-01 4.766597212479660173e-01 3.876288321417780125e-01 4.428715629394199826e-01 3.974422050132819795e-01 2.541304772352300234e-01 3.261779093499340143e-01 2.930430932850729975e-01 4.946284281511999920e-02 -1.205987978132799961e-02 8.246636905069980317e-02 2.090034969027549927e-01 2.743787146443589786e-01 2.336026156445059898e-01 9.488782408273359337e-02 -5.108978574216450214e-02 2.583842911116809860e-01 1.369880431838529922e-01 1.830008013030250125e-01 1.389743831771770022e-01 2.205130334941440007e-01 1.866378362397569934e-01 2.837323554736350117e-01 2.126655240437899941e-01 1.368438206269969870e-01 2.404800095013290007e-01 1.788550569852599970e-01 3.229084584678699743e-01 1.200810354450760065e-01 6.327584060112680098e-02 3.234552877748009814e-01 3.755014510409039885e-01 4.106709037742840018e-01 3.560071604242849852e-01 3.020673917267079900e-01 1.909535396360929893e-01 1.772071758610269943e-01 1.679905523957899993e-01 1.831728240574860000e-01 3.358607157581809666e-02 2.113406729287579944e-01 2.322882470261839957e-02 1.877935114250980086e-01 1.947605034966150006e-01 2.567592207600020160e-01 3.466588724848069791e-01 2.374209164954310114e-01 1.760962494895670083e-01 1.528379318867049974e-01 2.794181593568950128e-01 3.423598183510829784e-01 3.855290038684380249e-01 2.949435851408370168e-01 2.726950936410300064e-01 5.274221311654869737e-01 4.288306074212919761e-01 3.094301908163750170e-01 2.013740518455769957e-01 2.789277381728080263e-01 2.848080168818419855e-01 2.507007014592009808e-01
5.519311694887679698e-01 2.623868793887370043e-01 7.274874147080979681e-01 6.887999126449889653e-01 4.846209154463519964e-01 3.731409461537990024e-01 1.000000000000000000e+00 7.217077000182220425e-01 5.055750931152319660e-01 4.550927397984099732e-01 5.792145808313120536e-01 4.789472178170020022e-01 7.327914331494590483e-01 5.005552302277580523e-01 5.651669544217320373e-01 5.613248237879899794e-01 1.357806435428640102e-01 1.714814004603180120e-01 5.012365154745830331e-01 3.348982549666649766e-01 1.999394071635310077e-01 1.046166487941670026e-01 5.614506266713430449e-01 4.100844656208009753e-01 3.681996347652540247e-01 3.314434111588590026e-01 2.063689028266310066e-01 1.474390290062499997e-01 2.927932229130870145e-01 2.807309410325800059e-01 4.021108825032280176e-01 3.114365449129889996e-01 1.890356788820100054e-01 -1.286135002165889919e-02 2.624832241550340006e-01 -7.245937657928959615e-03 1.605388170522940028e-01 1.569353606577169880e-01 -1.075247303067449964e-02 9.875048716656989467e-02 1.703661502203610012e-01 1.394204497659730091e-01 -1.844646040660539955e-03 -1.441590669382800116e-01 1.351170937598520083e-01 1.171920766349160009e-01 2.800151707965770065e-01 1.750075083713479862e-01 2.183221607653370033e-01 2.043029716119640071e-01 2.649165385959719732e-01 2.605678378228289960e-01 5.014693441728269585e-01 4.150298308499960065e-01 6.818594019703070330e-01 5.732664486093029810e-01 2.200221689039809914e-01 2.356239933939260067e-01 5.819827937795729600e-01 5.173763942543739836e-01 2.830646026899020229e-01 1.560887031361339883e-01 2.028060088601099931e-01 1.635711734576280052e-01 3.755416144961249980e-01 1.664060156315670114e-01 2.513870123433459836e-01 1.574685866349949948e-01 4.299120527165229966e-01 -4.565109490707969925e-02 2.867226713913330061e-01 1.222487720353469948e-01 1.737578295057150002e-01 4.371750492477600308e-02 2.154262301503200028e-01 1.410474050243359923e-01 3.080379587847100198e-01 2.608877854262089957e-01 5.848194422393430125e-01 4.441845588316369886e-01 6.383909266276149852e-01 4.098987401799569774e-01 5.266298195556969874e-01 5.642176798058240461e-01 3.114510192826789869e-01 2.501105256296319856e-01 2.739075849491209858e-01 3.700604858257680041e-01 1.360253805177689956e-01
4.185548702088189854e-01 3.995819817414860142e-01 4.955543826675810060e-01 7.177038258844670171e-01 3.832227478078740202e-01 4.766946610210490154e-01 7.217077000182220425e-01 1.000000000000000000e+00 4.830533267818860055e-01 5.737084194475949861e-01 4.136639682937490181e-01 6.386045508772649759e-01 6.021637020023580256e-01 6.483715003217369599e-01 4.885507435166300261e-01 7.295862946759920087e-01 2.732506847383699977e-01 1.643675750779070022e-01 4.311310546282470235e-01 4.133464737522860033e-01 3.310459123517570101e-01 1.455883775540710023e-01 3.903376245842519743e-01 4.855041013790860061e-01 3.707660337821799823e-01 4.255528131892180044e-01 3.258003051322149735e-01 3.198511457732070018e-01 2.626358780827949824e-01 3.979530920141889916e-01 4.541443992937719831e-01 5.105913615920789628e-01 3.399157778484350190e-01 3.127576211379650140e-01 1.704878296049419928e-01 -2.829390135281670184e-03 5.732778580722509842e-02 2.752890360853079907e-02 -1.359945844922650082e-01 1.860365380534129975e-01 2.080327683314019960e-01 2.430869062418810067e-01 9.220235464930580382e-02 -1.711310012775970057e-01 1.923394572575390093e-01 1.972709116286560094e-01 2.986173139501189788e-01 1.837369582348870045e-01 2.311444444694920053e-01 2.428328626042189908e-01 2.910848798348800170e-01 2.816558342436459861e-01 3.254295358394390103e-01 5.787424243568000115e-01 6.290451917106689717e-01 8.072742584609869931e-01 2.793273243338810219e-01 3.434816059009910272e-01 4.851189247052529741e-01 7.554011872559800445e-01 3.961679818674079812e-01 4.474257039584930151e-01 2.424341424462979899e-01 2.098256650440250004e-01 3.617226218630140155e-01 2.437787673127430055e-01 2.743334146450530087e-01 3.296469443345629857e-01 4.504145166322700011e-01 1.478199191897399956e-01 4.031505936754239960e-01 3.242303335764150085e-01 2.775888728015890039e-01 1.672502674896270136e-01 3.486213535326719848e-01 3.393803111095640146e-01 1.799187623130729941e-01 2.544193402079230060e-01 4.943959465038499923e-01 5.472914807546840343e-01 5.020358275546790150e-01 4.814573551826299980e-01 6.289760247658110481e-01 4.311544502588520178e-01 4.615176655153589991e-01 2.855483367784820148e-01 4.087665771510429757e-01 4.122787303793210012e-01 2.732760439325410129e-01
2.752980878693360167e-01 2.254729030156099878e-01 4.339192718853590036e-01 5.754495749079500122e-01 4.324253431671840064e-01 3.528614428895550104e-01 5.055750931152319660e-01 4.830533267818860055e-01 1.000000000000000000e+00 5.555239123163460135e-01 2.378742324597739877e-01 2.843628904437749960e-01 4.286399529617500037e-01 2.829895859273319769e-01 5.989476083314310140e-01 5.083204682300419552e-01 5.950071894675740269e-02 1.741557817031600119e-01 1.351174887986029971e-01 1.321376301392589991e-01 2.004255207073639966e-01 1.902008637397289981e-01 3.829521131459209804e-01 4.668603049723760168e-01 4.226723812518429768e-01 4.229500406176069927e-01 6.154086986317779812e-02 8.676184271070190579e-02 2.488049322906699945e-01 3.186505606409790192e-01 1.175073446554399936e-01 1.492387042166850031e-01 9.453161196372759922e-02 8.018802960322370457e-03 3.426132142868419939e-01 2.440845059330989941e-01 1.038868211904609984e-01 5.865252530601910291e-02 5.024288888560370092e-02 2.672516765660170046e-01 3.195673514375230173e-01 2.248618132079510112e-01 2.520438056256300158e-02 1.694868076910460014e-02 3.658162863525640240e-01 1.623591818489769911e-01 2.825330104813579823e-01 1.140436840563110038e-01 2.304511829360569863e-01 6.919978143839250473e-02 2.047793441152679916e-01 2.810572130853580264e-01 3.528320076786030102e-01 3.004580232659320171e-01 3.998068722767380012e-01 4.049348715320609804e-01 1.223000307718559998e-01 5.668806446326159904e-02 5.081236432408009485e-01 4.188627581823630153e-01 1.372388463053050012e-01 9.765240365609539896e-02 2.415497512715769901e-01 1.605544377315250015e-01 2.509780616295440026e-01 1.298983013556659905e-01 4.604816694906360003e-02 5.847404957160230038e-02 3.084350255109999939e-01 -1.804171575427410135e-01 6.167711211642169788e-02 -4.238206641041360190e-02 9.495206275196529933e-02 9.304662083239949311e-02 2.652969201676900202e-01 1.828468934552560099e-01 2.279912867598860027e-01 2.195072488070360095e-01 5.601018813620479708e-01 5.480309973401420454e-01 4.852532291760929817e-01 2.873104413552630132e-01 4.200256992899529807e-01 3.556158799142989935e-01 1.799044758559019963e-01 4.522582065893140241e-02 2.291255159837710109e-01 1.170567475286860004e-01 6.128956484962420209e-02
2.941058523044660089e-01 2.363103996423950026e-01 3.762574762071380086e-01 4.703486542412920191e-01 3.822597519354519746e-01 3.612440205148210182e-01 4.550927397984099732e-01 5.737084194475949861e-01 5.555239123163460135e-01 1.000000000000000000e+00 3.433602957915660170e-01 4.189588012649539950e-01 4.014015256613410187e-01 3.994052213300869902e-01 3.264980385518839734e-01 4.994813630133579929e-01 5.979965001275590331e-02 6.359731716438170313e-02 2.179618202705830010e-01 1.661821547144899935e-01 1.239037188050770011e-01 -4.773584166863360095e-02 1.789952650620069974e-01 2.867627905257050247e-01 1.894946943091370128e-01 2.681471357148920154e-01 1.117813625513079945e-01 8.305932026278349534e-02 4.277652513967970110e-02 1.323645079271739966e-01 1.525040191444199944e-01 1.921828811942329907e-01 1.196910978101889955e-01 1.813061980024849862e-01 1.555119235788690046e-01 2.656817468643999855e-02 -5.806337538438770263e-02 1.026932711885149979e-01 -7.933891810066970307e-02 2.476709100139630124e-02 2.369354296270479998e-01 1.811247657446820036e-01 1.158297952150749988e-01 -1.178768526343920015e-01 1.775335795169059872e-01 1.714659052572510001e-01 2.466631071321890023e-01 1.775226401894590134e-01 2.159557171113860030e-01 2.377175003827040056e-01 2.413495159703719917e-01 2.589033861514070112e-01 4.192314849792679876e-01 5.559305842760250416e-01 4.605941716402580099e-01 5.938698107794629921e-01 1.702602572688300120e-01 1.703825137183820060e-01 2.885355422886800025e-01 5.263765973233339723e-01 2.604295353933600010e-01 2.814107116247739904e-01 2.453506149570650052e-01 1.856619519125849993e-01 1.326512376205369881e-01 8.835074345157370446e-02 5.680419099860700011e-02 7.295398216166749938e-02 2.727966072046840162e-01 -1.846645070314469894e-01 1.908804809260560009e-01 1.514456956942920041e-01 1.390137618111439988e-01 7.936997353620769968e-02 1.790236372380969998e-01 1.516281755258269970e-01 3.492822606258279977e-02 1.276767575866379935e-02 3.385400589216949752e-01 4.468437414817810205e-01 5.328700468570599647e-01 4.913820643863380244e-01 5.473256317320339681e-01 3.832855115086399866e-01 3.386413578957410131e-01 3.443584188826879777e-01 3.259214533908890155e-01 2.652593591659500039e-01 1.443042746691119982e-01
6.384312372255519508e-01 4.176362155683350230e-01 3.887609646490159943e-01 2.925670749879820121e-01 2.551786284348749878e-01 1.436731438439050046e-01 5.792145808313120536e-01 4.136639682937490181e-01 2.378742324597739877e-01 3.433602957915660170e-01 1.000000000000000000e+00 5.859739519136040187e-01 7.609922753970399523e-01 5.285106708961549993e-01 3.614135692470670236e-01 3.189452637985070171e-01 3.881916295184940080e-01 3.979376207636610152e-01 5.600346424903980269e-01 3.219754091817260133e-01 -8.705212703288410514e-02 3.152241013951900123e-02 6.754475111413810184e-02 -3.171191527097599883e-02 3.225363444167139715e-02 6.414555655069849316e-02 2.742576268268839823e-01 2.024439671059840018e-01 -6.776289977328940617e-02 -1.634816754244410031e-01 2.926281200864769838e-01 1.880135703302049932e-01 -9.357089143403010678e-02 -1.683501365414780127e-01 5.821389510405090145e-02 1.973761130980110010e-02 1.190466090752070050e-01 1.326908781763130041e-01 8.370135066218000602e-03 9.777216378641430394e-02 7.435735560399800437e-02 8.103182826756269441e-02 3.200115401093060058e-02 -7.488626319893949834e-02 1.561913651903180100e-01 9.264014958907029751e-02 1.564612863708459978e-01 1.035614818195829956e-01 2.135834431925900112e-01 2.883581947260749900e-01 4.420885722666130224e-01 4.498536841383269924e-01 3.441591476892549850e-01 3.081147626150990138e-01 4.615756377817060163e-01 3.492150714078269824e-01 4.821465720476280081e-01 3.009685183260760177e-01 9.030973448051700381e-02 2.146832381225070030e-01 7.130628084343229589e-02 1.553486824768290052e-02 2.227443452610259889e-01 3.081178767683089847e-01 1.079639668057569973e-01 -7.433932213568310299e-02 1.382606470511709984e-01 8.759814485893059610e-02 3.777633327539750008e-01 -3.576153129641090195e-02 2.687019040947890014e-01 9.827264881199990199e-02 1.997699938926429941e-01 1.644903968129450000e-01 3.439791798773579878e-01 2.647802706022279740e-01 2.311000959962009882e-01 2.530276863639990270e-01 4.831920634024450267e-01 3.829656211415259914e-01 5.061259839129129690e-01 4.055801923547679988e-01 3.138171069389780188e-01 2.931944487770329899e-01 3.161425956185079933e-01 2.147083852929050074e-01 1.049583646105339968e-01 1.971773646941649971e-01 2.192098730165349951e-01
5.036420956935480087e-01 4.976758363237189786e-01 2.797308906080139823e-01 3.764835332390339961e-01 3.228723327860130166e-01 2.437184945199989961e-01 4.789472178170020022e-01 6.386045508772649759e-01 2.843628904437749960e-01 4.189588012649539950e-01 5.859739519136040187e-01 1.000000000000000000e+00 6.018584009351120034e-01 7.576404198086089670e-01 2.266105679400320094e-01 4.234207157413349965e-01 4.527605482809889947e-01 3.732729809970830037e-01 5.081372935229540033e-01 4.861961317845520103e-01 1.354892679796539934e-01 5.075018382136779749e-02 8.018186692676139427e-02 1.051316362116290065e-01 5.841837653165059957e-02 1.596067490814339906e-01 3.608783756545129728e-01 3.838941797806120215e-01 -6.667744785191870305e-02 2.888291579531290093e-02 4.691358907856030269e-01 4.661526151502209947e-01 1.230210966291570007e-01 8.176865819166789784e-02 -5.083190095556439775e-02 5.133393182419419831e-03 -5.195084751746489871e-02 -2.354746723185719912e-02 -1.631912640599349901e-02 2.399042406393039895e-01 8.526702995660659368e-02 1.523981675473259911e-01 6.645665048418850085e-02 -1.182510329453240056e-01 1.513489771641720050e-01 1.870358241741109928e-01 2.232341403712500005e-01 1.632836089572660132e-01 2.343355075434490065e-01 2.051213360247740036e-01 4.599495131447169927e-01 3.685307324195090106e-01 2.489308856347419996e-01 4.474270247971670056e-01 4.700203195902640241e-01 5.729368782699959528e-01 5.226273936756230531e-01 3.997091132372260214e-01 7.216528629064919431e-02 3.302262659160730141e-01 1.430186666675390128e-01 2.038182385088189996e-01 3.475216476458239945e-01 4.028634407431079811e-01 1.829162735082970059e-01 1.440830618869969881e-01 3.176613451714420111e-01 3.764670197184880052e-01 3.344867076232049818e-01 2.057449437499709877e-01 3.888616412636130004e-01 3.487597235099870185e-01 3.483539927465720276e-01 2.750201697638490206e-01 4.674671337290979833e-01 4.207067350478779777e-01 2.184688363577020065e-01 2.370148899084660032e-01 3.604113096551350148e-01 4.499697469018890117e-01 4.727482378848369970e-01 5.028873331683499925e-01 4.999614445760889869e-01 3.483211656539619838e-01 4.406116284541279904e-01 3.019354610579360054e-01 3.922384261310860043e-01 3.016178019719860104e-01 3.245375631895759949e-01
5.736857799251210421e-01 2.409222057475569889e-01 3.976009658790010115e-01 4.281836170207840020e-01 3.424766311029119881e-01 1.237430930841670051e-01 7.327914331494590483e-01 6.021637020023580256e-01 4.286399529617500037e-01 4.014015256613410187e-01 7.609922753970399523e-01 6.018584009351120034e-01 1.000000000000000000e+00 6.861424817018210165e-01 6.194117860388289598e-01 5.964185846774799904e-01 1.881452091905430057e-01 2.128593224986090049e-01 4.557130317497810057e-01 2.740259219496889997e-01 1.101108836493369936e-01 2.504431763422520010e-02 2.129866243681100002e-01 1.863933684895260068e-01 2.629914182050300253e-01 2.504145137098020002e-01 1.796287931907759872e-01 1.894641201001210085e-01 -5.261923873227779963e-02 -6.123127379285030203e-02 1.992586217749240107e-01 1.280030282730479918e-01 8.018336353164370184e-03 -9.273297475784629540e-02 7.626827993934680305e-02 -9.326741299770080484e-02 8.545610896822269931e-02 5.246581821966900261e-02 -1.872118194464600024e-02 1.655668985501539958e-01 8.717666235618949655e-02 8.492994436697970384e-02 3.499779499831660173e-02 -1.404886738690120096e-01 7.953251758878070177e-02 1.124827641186180033e-01 1.890037409619809983e-01 9.547198531846640135e-02 1.075198633170109941e-01 2.037372863941550039e-01 2.841068575263039908e-01 2.818734308829959900e-01 4.510333762932099977e-01 4.095790748773500134e-01 6.370679638709200177e-01 4.877915256042010261e-01 2.935841068067350235e-01 2.605105599771609937e-01 3.353688009311440177e-01 4.389601358039429968e-01 1.211710041300050056e-01 3.239737602561010288e-02 1.400292086255129909e-01 2.290794477852660105e-01 1.962332056426639992e-01 4.381542325377459773e-02 1.725983326710260057e-01 2.176046799930700104e-01 3.619651720060240163e-01 -2.142187442124720079e-02 3.437448023582990175e-01 7.528361801589569802e-02 1.373257063542779877e-01 -7.266438725029890355e-03 2.365068888759430110e-01 2.052097382275729909e-01 2.655769074985440126e-01 2.290834552747459951e-01 5.705246003430120005e-01 4.654213829688559900e-01 5.781697808548430517e-01 3.841554170211939900e-01 4.093660928751379768e-01 3.882859991796839827e-01 3.249577947284830182e-01 2.640283639867360144e-01 2.099538941064990061e-01 3.064715829847889927e-01 1.842726527498710076e-01
4.231665764536560181e-01 3.695502265422659915e-01 2.346632787194689873e-01 3.658705665123480055e-01 2.357262590728730067e-01 1.767904447223750120e-01 5.005552302277580523e-01 6.483715003217369599e-01 2.829895859273319769e-01 3.994052213300869902e-01 5.285106708961549993e-01 7.576404198086089670e-01 6.861424817018210165e-01 1.000000000000000000e+00 4.230081810245490126e-01 6.238419236806399537e-01 4.110603839996829767e-01 3.533126490682679810e-01 4.413758464921350155e-01 4.464879925551170081e-01 3.022081688119149789e-01 1.157926686046339970e-01 1.175866675607860068e-01 1.614119711105110044e-01 2.106586182735409873e-01 2.575281417664430084e-01 4.733109258335739811e-01 4.420953134376289784e-01 1.002703522232530065e-01 6.853239711920490473e-02 4.562648303594429855e-01 4.567213500147159766e-01 9.352256508532759416e-02 7.449622498136229676e-02 5.426032272311089727e-02 -7.208701718968280048e-02 1.069301558817229922e-02 -4.055595618197899849e-02 -1.885345295259750059e-02 2.702011642550550263e-01 9.380969855773950428e-02 2.067617947237889997e-01 1.520013808703530034e-01 -1.116130761219529949e-01 8.981591694270199544e-02 1.987913817538690120e-01 2.691275673325639883e-01 1.865051104643939972e-01 1.879926442656869867e-01 2.905396890743989768e-01 3.930126727066680092e-01 3.529688799217349793e-01 2.657085644555919890e-01 4.546621555217230104e-01 5.135486175210860482e-01 5.914150435165970165e-01 4.355915477805329949e-01 5.502928912201959788e-01 1.051095030101110023e-01 4.015075719942050037e-01 1.345544467055259930e-01 1.937983003778729896e-01 2.917061250356809965e-01 3.810305082066520188e-01 3.387960692851800237e-01 2.348729371284669909e-01 4.466598893974210172e-01 4.389436678519669788e-01 4.355667910104770169e-01 1.922407161513340068e-01 5.695465695234459558e-01 4.124236617146109785e-01 3.400261029051310224e-01 2.117469609922610074e-01 4.055351664021419889e-01 3.969047735913149855e-01 1.947581493961390020e-01 2.330250711152019871e-01 3.048922912285990106e-01 3.723377397801900246e-01 4.261821875616449984e-01 3.993942418766719959e-01 5.095256628696810397e-01 3.019452668946430163e-01 4.968147158379709882e-01 4.098709517072169906e-01 4.552920253468529799e-01 4.749931102131069727e-01 4.113052052798910063e-01
2.415594350898369880e-01 1.081876878353749960e-01 3.959037337399580192e-01 6.122828673706349756e-01 3.767083435114009782e-01 2.681827920468120019e-01 5.651669544217320373e-01 4.885507435166300261e-01 5.989476083314310140e-01 3.264980385518839734e-01 3.614135692470670236e-01 2.266105679400320094e-01 6.194117860388289598e-01 4.230081810245490126e-01 1.000000000000000000e+00 7.971510224325289995e-01 1.335047804215239997e-01 2.061397043995099876e-01 2.131893990802030125e-01 1.108282079004820064e-01 4.229424220927550104e-01 2.302344574022520129e-01 5.024551480040100326e-01 5.698187169002489894e-01 6.321728391114069812e-01 5.386485855395819478e-01 2.533845532356239771e-01 3.008054612222350044e-01 3.226475837924219769e-01 3.596258592408280164e-01 9.502163024124969659e-02 2.187923806115540104e-01 1.134557286626699940e-01 -6.349694844545460126e-02 3.449990825477399770e-01 1.658443491174300122e-01 9.186147092352689447e-02 -6.350829975663120630e-02 1.141617537874230065e-01 3.094564855257139757e-01 2.160041098243400126e-01 1.075886884214549977e-01 2.485281529683399868e-02 -1.019497489442990068e-01 2.272756804523299867e-01 1.117398912243079967e-01 2.093070292465940008e-01 3.217706356796010136e-02 1.060499155596300036e-01 9.348957231011720270e-02 1.532118787247180036e-01 1.910748154060160076e-01 1.964728534602259991e-01 1.386222813643250007e-01 4.108917094084180155e-01 3.102529504234500246e-01 1.138311285825659991e-01 1.960495675362609880e-01 6.183216803076390100e-01 4.139307210651950175e-01 7.278862960150589423e-02 -5.682760428486029886e-02 9.125305532994429369e-02 8.156521077005300657e-02 2.074337315575300045e-01 4.383893812653900240e-02 8.671416186971170337e-02 7.894458044854760215e-02 3.819168262585910245e-01 -1.132411553350479994e-01 2.584689096498349881e-01 1.258050026924349973e-01 2.084592566352859999e-01 9.647622030491770362e-02 2.896974634003510185e-01 1.856857622620020076e-01 3.485608397146959803e-01 3.500507845440600230e-01 6.383031390746789491e-01 5.768294327517899944e-01 4.210639931564659766e-01 1.133109142806429936e-01 4.393165940891050059e-01 4.308539952421299724e-01 3.028185615520900265e-01 1.077977607181979935e-01 2.030559931098679938e-01 2.476718226337160100e-01 2.238332745352530073e-01
3.019001255049639787e-01 2.330313282735879954e-01 3.812410817195949764e-01 6.524679849637540219e-01 3.619622521277979788e-01 3.733209954397230246e-01 5.613248237879899794e-01 7.295862946759920087e-01 5.083204682300419552e-01 4.994813630133579929e-01 3.189452637985070171e-01 4.234207157413349965e-01 5.964185846774799904e-01 6.238419236806399537e-01 7.971510224325289995e-01 1.000000000000000000e+00 2.116138075958310105e-01 1.572496410007080125e-01 3.023282814017829723e-01 2.579951237873009950e-01 4.990842562962650164e-01 2.600392593478190184e-01 4.433271496263890277e-01 5.863366082853149752e-01 5.859377551542359619e-01 5.605104670549999613e-01 3.535778401211029931e-01 3.497110459965990237e-01 3.336287547511749829e-01 4.036547452614659970e-01 2.580992806813400264e-01 3.637249225175669953e-01 2.507100246652519959e-01 1.149520394942439988e-01 2.008554178170260107e-01 8.107443940294410678e-02 -1.738732642217909879e-02 -1.533342212564919871e-01 -4.124631590690250316e-02 2.615157654114479979e-01 2.315232535542960102e-01 2.174127638198130041e-01 1.381630295536999953e-01 -1.367964332817629969e-01 2.026529970152700089e-01 2.061876458899929987e-01 2.824085451363970156e-01 1.167624350055609939e-01 1.534838047715409992e-01 1.812254233962249939e-01 2.342879619472580111e-01 2.348534241271059975e-01 2.388125226723900041e-01 4.030290526166779852e-01 4.904357992889110118e-01 5.884253824558030033e-01 2.353618043548010019e-01 3.460525719757779894e-01 5.697483246988960248e-01 6.448395742369790185e-01 2.468879449278700011e-01 2.026885864648119984e-01 1.497868734940019930e-01 1.657149555498760030e-01 3.220289917600909768e-01 2.103712029289450114e-01 2.317568154248710044e-01 2.371057609519889864e-01 4.220673831735979875e-01 1.836850904309809962e-02 3.880765230899960172e-01 2.714342737316149945e-01 2.729998116547299736e-01 1.692325907891840120e-01 3.391276750143760177e-01 2.788836825219360160e-01 2.874398117183940005e-01 3.095503742446599760e-01 6.165470185727800478e-01 6.057182544252349699e-01 5.000090735388319496e-01 2.790323446987679756e-01 5.846304159916939636e-01 4.390224924086950087e-01 4.428020711075300042e-01 2.711079927470079753e-01 3.668915471425049923e-01 4.155785493023150257e-01 3.144438566036240057e-01
4.147600352816629976e-01 6.062896024086009694e-01 8.768233885894480273e-02 2.079334915541140028e-01 7.777152817162200082e-02 2.108679275640890083e-01 1.357806435428640102e-01 2.732506847383699977e-01 5.950071894675740269e-02 5.979965001275590331e-02 3.881916295184940080e-01 4.527605482809889947e-01 1.881452091905430057e-01 4.110603839996829767e-01 1.335047804215239997e-01 2.116138075958310105e-01 1.000000000000000000e+00 7.119207899478909862e-01 6.289984482143869959e-01 6.742175922580060377e-01 1.382158297306859962e-01 2.684209982676429851e-01 1.198786405851190034e-01 5.570559729969799811e-02 7.197218237410289710e-02 8.636066615626750154e-02 6.646199233937789552e-01 6.396720452650760391e-01 1.620202161488289994e-01 1.863892599697870023e-01 6.010321970603680342e-01 6.015001855820100163e-01 1.000938845659810061e-01 4.286034427634800165e-02 -6.709032347699429855e-02 1.687965346872269956e-01 -5.448434704364359636e-03 -1.512137489457270056e-01 -4.400438588534900247e-02 2.675128101791490187e-01 1.975409266318670087e-01 2.823293511322370053e-01 4.029307887911789954e-01 2.620038813660540145e-01 3.252764588150129921e-01 4.538406757655000234e-01 3.068468522421279876e-01 3.582089846556679724e-01 2.472910505830719918e-01 3.722558140555690120e-01 7.148230511869170245e-01 5.780853018741359817e-01 -3.718794158089960139e-02 1.274256751673150112e-01 5.171886282829180059e-02 1.597503338925750083e-01 6.995857472721279668e-01 6.133839425526089739e-01 -1.333351326376659984e-01 -5.130402320268249994e-02 1.769721945456430023e-01 2.517196146431239789e-01 5.614581766589129552e-01 5.990141326257829579e-01 1.882366799416939906e-01 1.429164900403649963e-01 4.332227608490319959e-01 4.645539644424849790e-01 2.572747066629130219e-01 2.335707641197189988e-01 4.285161130173680277e-01 4.688281493649680276e-01 6.517851125014729741e-01 5.464936061902649911e-01 7.863088664956210394e-01 7.391025006092409866e-01 2.076207949232599936e-01 4.359908926557130027e-01 2.160729115118850130e-01 2.640897011587279852e-01 2.100877058511700091e-01 2.485653604520939863e-01 2.241148380054759914e-01 1.952354143373100093e-01 5.516978728590800074e-01 3.783440469746640056e-01 4.644100533734270009e-01 4.005445633636229852e-01 5.315822976779750464e-01
