1.000000000000000000e+00,8.676083941500303265e-01,9.143950359291801444e-01,7.217016219542020661e-01,7.188649694377402533e-01,9.521114773359377059e-01,9.447967606925100625e-01,8.018707554938770965e-01,8.026244297299323094e-01,9.808446934952301799e-01,9.848796616108249635e-01,9.734426341630121327e-01,9.758402015543885533e-01,9.019246664923048495e-01,9.133744307723470346e-01,9.437162671732250985e-01,8.946846256769125372e-01,8.190066560269333440e-01,9.305522157386307835e-01,8.128894126883161597e-01,8.800998030702675834e-01,9.301019544758446500e-01,8.857824031755852090e-01,9.191439419597071669e-01,9.731797195946569889e-01,8.898627291033573972e-01,8.638914072075981609e-01,8.244398076910139928e-01,9.767104615850820126e-01,8.921896577430185049e-01,8.873518314568863419e-01,9.779733876600769094e-01,9.667717843824609192e-01,8.692529436730763726e-01,8.957524911842815740e-01,7.256003194301225978e-01,9.767174848904407458e-01,9.378064672797661316e-01,9.872302142393355462e-01,9.561049956170224462e-01,8.429690037168042771e-01,7.213110156369489934e-01,9.045930955703421761e-01,9.301432447359474498e-01,8.335194583177836236e-01,8.642241157495261783e-01,8.324011479550499359e-01,8.704259033041548133e-01,9.293804472016672369e-01,9.878125086285953760e-01,9.894711206211196375e-01,9.634242929700179703e-01,9.656419826404278872e-01,8.202736542073036929e-01,9.075448442286415673e-01,8.446954480088124662e-01,8.479964416327312460e-01,6.985359728615785357e-01,9.728836813895784807e-01,9.425118973160681035e-01,9.850189077475328681e-01,9.441297054675665823e-01,8.896984171610953229e-01,8.891944601046379848e-01,9.173393411563292021e-01,8.765519170278749383e-01,9.101889620855477814e-01,9.642721868361491255e-01,7.471810915017380594e-01,8.111577806830050363e-01,9.201138921736573550e-01,9.173547808710157403e-01,8.833791506305421759e-01,9.749785650094621170e-01,9.253710136557615762e-01,9.482140748838046029e-01,9.861000120698467653e-01,8.809080608717796412e-01,8.876317964246921433e-01,9.714898617083937982e-01,8.332466002872396249e-01,7.255232161624572962e-01,8.775677534605567098e-01,9.148746075525495680e-01,8.386470669135290823e-01,8.656591889185556443e-01,9.750855677082794770e-01,8.813549633818036355e-01,8.628851155645231863e-01,9.390545303311819136e-01,9.870189784971739044e-01,9.556706868711967173e-01,9.836608521247515169e-01,8.382900959124812701e-01,9.375017902151714377e-01,9.335919754602173271e-01,8.394584220576601918e-01,8.953570227818133942e-01,7.594941907091523614e-01,9.590114428686936643e-01,9.817938756301296532e-01,9.708206038458520037e-01,8.854162889421437477e-01,9.120880464420025868e-01,5.579586897289290359e-01,5.607180323249461029e-01,9.806341584643452070e-01,9.822945353789656053e-01,9.396059335712575455e-01,9.390057162619622755e-01,7.748626424496614096e-01,7.587243906336276211e-01,8.688998711302957645e-01,8.234257992027295137e-01,9.289078125202459013e-01,9.255961055081085576e-01,9.167437752128807515e-01,9.303513346656939742e-01,8.641360505346837861e-01
8.676083941500303265e-01,9.999999999999998890e-01,8.650990120844823661e-01,9.496267308621149095e-01,9.556172178716629828e-01,8.938321027539986030e-01,9.274321936246239240e-01,9.155074272937009372e-01,9.123761230105904563e-01,8.642432614902004762e-01,8.357621505842879328e-01,8.451288445015960882e-01,8.941471843427024613e-01,9.369912985691286611e-01,9.152792869539836396e-01,9.003644339087095716e-01,9.121954314372286987e-01,9.237751472871031932e-01,9.426877935734903069e-01,9.273395841052312072e-01,9.520175081265542794e-01,7.902366637172484332e-01,8.205594726470536449e-01,9.191040699234854783e-01,8.596977366898201911e-01,7.126123673963500327e-01,8.496566630309563273e-01,6.342497016117367714e-01,8.990102197409803875e-01,8.245269288456347212e-01,6.975257160273922175e-01,8.578405280465826177e-01,8.337947365125397692e-01,9.458401406848981896e-01,8.079125643229665421e-01,7.987095421093601821e-01,8.755318312415729665e-01,7.725767986214624461e-01,8.688213439267908900e-01,9.147011452192603809e-01,9.212816150541536242e-01,5.165863454613816019e-01,7.553259948665391743e-01,8.034648947293830945e-01,8.371146252231594920e-01,8.891132781966659682e-01,8.707390561162824394e-01,8.113754332732163732e-01,8.933074764261572653e-01,8.815048406295280525e-01,8.776708007088386276e-01,9.118828906681566426e-01,9.247102570953034117e-01,9.283323089471750000e-01,8.951790723958339413e-01,8.656586338645054779e-01,9.286443941775494038e-01,8.725665563009021852e-01,8.961162178703484527e-01,7.787111386714773431e-01,8.769440309154248325e-01,8.735077963840813808e-01,9.275017841668817820e-01,9.452492800873476542e-01,8.239897626230920924e-01,9.033487611354145130e-01,9.416837915969800132e-01,8.968226901907466742e-01,9.090758218092038767e-01,9.393958196083096457e-01,9.364166459539934317e-01,8.426047448181288591e-01,8.291222914999569760e-01,9.005839776069948233e-01,9.116032690963398188e-01,7.912862591570345439e-01,8.332105270802161456e-01,7.828296690318581330e-01,7.809271711743865918e-01,8.555867251753288549e-01,9.181260386675689222e-01,8.883439216853060705e-01,8.644162783060449495e-01,8.883231437430418875e-01,8.305026619707465141e-01,9.001373156269855125e-01,9.002205414743907896e-01,6.951959641911847898e-01,9.073063773014424793e-01,9.339997716128323191e-01,8.805685870326779296e-01,9.017569575122246217e-01,8.912408846208984547e-01,6.461562730290109080e-01,8.442857922575466301e-01,8.449762689173743180e-01,8.651574918207387555e-01,8.205075596823260264e-01,8.170282120717390351e-01,8.874100658563203181e-01,8.413405032767580227e-01,8.350127102034391458e-01,7.950611488077443667e-01,8.586573183423450439e-01,7.583008057816345016e-01,7.753634594328211449e-01,8.350688768954891428e-01,8.556539447511911645e-01,7.684120986947478027e-01,7.696044364720089348e-01,6.534629028654144189e-01,6.658247220466280147e-01,9.640249871820411043e-01,9.426107355069224258e-01,9.298728368563861091e-01,9.457127876143586187e-01,9.744797126063021731e-01,9.422180155444881411e-01,9.089774480725536510e-01
9.143950359291801444e-01,8.650990120844823661e-01,1.000000000000000000e+00,7.443993399735399086e-01,7.818616224270710235e-01,9.740575213627231665e-01,8.891408947305693422e-01,8.831795945378049240e-01,9.087069498637794229e-01,8.637513449651793573e-01,8.664159207059166645e-01,8.873354292981754377e-01,8.880574208997009666e-01,8.676396781627984112e-01,8.123664180227057052e-01,8.156442737159936840e-01,8.033091081252907717e-01,9.007782897106971776e-01,8.864082269728211783e-01,8.080850754659648638e-01,8.459029870310605936e-01,7.420970778355471253e-01,7.108619057163253485e-01,8.678942852915836337e-01,8.665084260643027836e-01,6.562463311737686267e-01,7.207746324642329006e-01,5.966240066652328533e-01,9.453680724978794636e-01,7.392366166421915352e-01,6.508415302706691552e-01,8.348792591884743874e-01,8.239668724840734093e-01,8.797569484532316020e-01,7.308990577034935043e-01,8.903219625360943024e-01,9.027837282473359926e-01,7.453482730608343987e-01,8.859058732830189520e-01,9.401845162351791796e-01,8.148566242718600083e-01,4.246041824953413757e-01,7.141027112747510008e-01,7.389563447475873126e-01,6.852018160592416862e-01,7.579217933077078140e-01,7.556640988346727816e-01,7.105287709010535968e-01,9.906086741011914665e-01,9.430710264119779307e-01,9.273872485946192956e-01,9.668012401978847148e-01,8.833788417700147999e-01,8.773022123451383880e-01,9.783950033420998338e-01,9.715128258768266356e-01,8.724239817122803053e-01,8.105022788312583604e-01,8.833687028111880668e-01,7.645716538173568111e-01,8.971532225530540750e-01,8.318287576367535685e-01,8.818671669043858241e-01,8.818832257576579847e-01,7.491441850931670476e-01,7.717239818229099102e-01,9.080101916436562615e-01,8.643434640592825291e-01,8.283638475429739856e-01,8.247423684739690897e-01,8.668271581351340016e-01,7.666442418321417485e-01,7.131553675367621192e-01,9.132631942983175932e-01,8.774102320676571143e-01,7.724402820821042459e-01,8.558537459309250028e-01,6.975515888135980225e-01,6.882776921660322955e-01,8.319769510653403088e-01,8.087378697562588314e-01,7.634368999880829509e-01,7.303953792050101868e-01,8.198357607054765905e-01,6.952054470793125329e-01,7.881736681059807736e-01,9.102929427553329012e-01,6.671916822122077040e-01,9.410629334861608797e-01,9.235544438910635590e-01,9.105383486530176373e-01,9.057830827110460170e-01,8.989401876616294196e-01,5.918224962160292257e-01,8.312405984634048117e-01,7.661200150319644742e-01,7.134886763145544819e-01,7.430986965083729023e-01,9.314568275542982612e-01,9.668238544057744521e-01,8.592621386308372244e-01,8.519419112062951438e-01,8.362206897502648673e-01,9.412563644879415881e-01,5.514594744601073462e-01,5.714110024825758138e-01,8.765427369242257960e-01,9.095269207202441031e-01,7.514696200941893833e-01,7.719104469841467919e-01,6.209520626533440169e-01,6.082041534804990546e-01,8.140687526977747890e-01,7.847323967950066148e-01,9.688615603036798696e-01,9.702313472210536416e-01,8.466354637396882321e-01,8.622440483816629087e-01,8.653148540703884395e-01
7.217016219542020661e-01,9.496267308621149095e-01,7.443993399735399086e-01,9.999999999999998890e-01,9.865321884334324887e-01,7.507705757262685964e-01,8.308699102417727023e-01,8.847738925223711526e-01,8.863623530333282208e-01,7.352030298266003516e-01,6.803880656788525716e-01,7.010053615487098488e-01,7.774431137565819272e-01,8.782985475368464412e-01,8.394415423842711554e-01,8.089834398618575007e-01,8.550281384956400776e-01,8.933655963352467033e-01,8.583245409410736881e-01,9.105741766516530777e-01,8.961286502909262541e-01,6.674021914301316860e-01,7.376769476524210889e-01,8.522906680253472533e-01,7.159116437355901308e-01,5.793213595640518410e-01,7.894417621980773792e-01,4.982650358710265515e-01,7.818303543507052478e-01,7.401947351895457050e-01,5.510603318504468939e-01,7.181335090669460630e-01,6.911986823989220152e-01,9.021100316923851281e-01,7.199236208821300220e-01,7.854789318557460209e-01,7.547682685601652119e-01,6.259011794752709079e-01,7.237620434551965687e-01,8.221721993312736121e-01,8.932009004451668677e-01,4.025423638949540139e-01,6.366570855462529988e-01,6.812210442735717741e-01,7.935394642649633568e-01,8.430057066203797689e-01,8.460587105812359399e-01,7.381819068087831504e-01,7.715161313727287862e-01,7.250913762429820331e-01,7.277897153159350596e-01,7.779247108305709091e-01,8.187399715732839311e-01,9.072936341832757989e-01,7.839411157729092583e-01,7.911240673801847034e-01,8.909136350979937058e-01,8.891889396886190067e-01,7.823183315581909714e-01,6.009314138939205741e-01,7.477221746715363437e-01,7.838985786504920616e-01,8.444585925763508083e-01,8.997527552507177395e-01,7.295340564084081825e-01,8.497166574014877183e-01,8.697897937642886657e-01,7.954682489514286470e-01,9.150313095434357002e-01,9.160250872998364491e-01,8.661712150429207169e-01,7.528799811726492042e-01,7.539256664652529416e-01,7.774708067765361275e-01,8.418056825664737008e-01,6.443055462795572730e-01,6.740127243754876485e-01,6.909691176698998794e-01,6.813232322227996685e-01,7.243851297492450714e-01,9.037826355187693617e-01,9.016812145362632647e-01,8.009775266824565865e-01,8.213330089494808028e-01,7.893565714924298815e-01,8.606039619836881593e-01,7.805062653852357091e-01,5.495500882406616494e-01,8.534853222789290372e-01,8.464081902697917492e-01,7.391552841978925592e-01,7.911719983502709663e-01,7.524715571245439438e-01,5.108664084125336124e-01,7.460009099880535732e-01,7.319101820775483214e-01,8.253801044304417411e-01,7.390496986634769172e-01,7.718377379834040486e-01,7.377259398070976637e-01,6.950870090784755373e-01,6.931908274006137738e-01,6.296700024949696273e-01,7.018512022257437089e-01,8.354815096649303996e-01,8.445430616461282458e-01,6.837866312740890073e-01,6.900967141019026529e-01,6.000801653827851911e-01,6.110902950656953436e-01,5.597202395071640968e-01,5.929751864392851513e-01,9.391588519184137507e-01,9.232256582609432716e-01,8.370570039910578686e-01,8.495501645528020784e-01,9.109202797312687672e-01,8.691296162283473903e-01,8.776348165574388016e-01
7.188649694377402533e-01,9.556172178716629828e-01,7.818616224270710235e-01,9.865321884334324887e-01,1.000000000000000000e+00,7.830296658526447739e-01,8.312920737517839331e-01,9.077420457918644603e-01,9.146251642552795103e-01,7.221431666294779728e-01,6.692119230307849165e-01,7.003613540720583508e-01,7.687508403785645594e-01,8.770370995700946803e-01,8.213107383909358239e-01,7.858791103898649100e-01,8.344173039347071441e-01,9.141775538383272171e-01,8.530634598037241112e-01,9.141924744616511944e-01,8.900533712458478242e-01,6.366417420667839222e-01,7.019561181013841411e-01,8.433082377490812576e-01,7.045906580661884799e-01,5.332989384059021454e-01,7.570160595256185676e-01,4.619829121403985495e-01,7.878927998194660276e-01,7.143273507178841131e-01,5.089657292407540057e-01,6.975530352784704569e-01,6.741293299907684666e-01,9.030764742236849774e-01,6.900503537205313620e-01,8.209280910521870034e-01,7.522029827634639787e-01,5.870903809132967943e-01,7.168391683969602690e-01,8.325883309209862748e-01,8.830500244915706620e-01,3.373369058688502342e-01,6.066347453312355142e-01,6.491866877714469464e-01,7.528119661184294875e-01,8.175717570856029237e-01,8.268604350998006725e-01,7.074979998910209122e-01,8.070009668358359978e-01,7.376843391039400455e-01,7.378018698565234068e-01,8.002809984953923594e-01,8.106313457629437114e-01,9.237718339603444573e-01,8.279654827667135564e-01,8.366324741945183607e-01,8.979292074574779514e-01,9.100230249447927022e-01,7.739646556529409249e-01,5.851681686088823220e-01,7.441561968550312045e-01,7.664437496555607243e-01,8.629505061901491247e-01,8.997888761537062852e-01,6.984068768012425821e-01,8.303370667282403694e-01,8.824176492245634496e-01,7.790314427935887132e-01,9.305347284569032151e-01,9.181242698184459705e-01,8.599562939044618215e-01,7.266862115909031861e-01,7.136138988431308672e-01,7.828262027680419344e-01,8.388653357491542284e-01,6.209320254129324645e-01,6.615189133313170711e-01,6.577113307550211951e-01,6.391865552413102947e-01,7.056050010081211799e-01,8.928033609630441347e-01,9.037249760370591467e-01,7.676499529572152758e-01,8.050374611310315842e-01,7.552883910227325970e-01,8.445634839583924247e-01,7.853791096163295071e-01,5.157868221848102008e-01,8.808318085822639532e-01,8.559006403908557825e-01,7.364830971302556151e-01,7.848410367109701635e-01,7.467359397930177778e-01,4.632957377762743079e-01,7.346636439653349004e-01,7.050898193889540977e-01,7.955035936017491593e-01,7.110538574657467858e-01,8.278829903949123104e-01,7.651085943057485128e-01,6.845418766671295119e-01,6.829696899177389868e-01,6.446699128490724906e-01,7.382160122364822552e-01,8.133764614050554842e-01,8.236710800233070229e-01,6.766914387353378801e-01,6.949546064818487023e-01,5.709024123524297778e-01,5.748099504160558704e-01,5.394734598695185568e-01,5.665578869561177511e-01,9.253981005836613427e-01,9.113829402092572529e-01,8.613200993649547943e-01,8.779967864540416667e-01,8.983807718191818559e-01,8.628911757681214656e-01,8.817611182966815786e-01
9.521114773359377059e-01,8.938321027539986030e-01,9.740575213627231665e-01,7.507705757262685964e-01,7.830296658526447739e-01,1.000000000000000000e+00,9.370382612875626238e-01,8.783805384802776395e-01,8.879771526615403143e-01,9.139634330658489292e-01,9.174497101358969342e-01,9.258006938128481300e-01,9.306942588378855907e-01,8.931733039218210379e-01,8.506348263794607512e-01,8.771686541271557225e-01,8.414619174342982122e-01,8.818983550319772213e-01,9.217546852114008038e-01,8.233726420116629363e-01,8.782172251826148024e-01,8.163238494485023367e-01,7.739995956169631874e-01,9.002810442873098173e-01,9.248695044783645791e-01,7.416227020821913873e-01,7.713359554684320329e-01,6.769777466096986718e-01,9.653837747756135457e-01,7.970398499831317096e-01,7.404324592205312472e-01,9.028189284983036966e-01,8.915118048453729571e-01,8.890222279320301180e-01,7.924276604785024380e-01,8.074986430199186938e-01,9.336800645116012376e-01,8.214481692868028651e-01,9.410667746756323782e-01,9.547989704904578101e-01,8.414556568245609158e-01,5.194918150363059262e-01,7.811476687049716539e-01,8.169741005345403373e-01,7.374367292647268091e-01,8.004855528253201902e-01,7.860997581475117624e-01,7.701304528291355034e-01,9.888155941782688085e-01,9.814404909050025161e-01,9.672690317723636744e-01,9.928480571644222596e-01,9.312190714563994831e-01,8.713832931828167094e-01,9.825043837177815931e-01,9.319989012428560038e-01,8.803077590300802946e-01,7.768652028712352831e-01,9.297970935170507545e-01,8.604009891995345605e-01,9.389005773886468509e-01,8.760216098044244504e-01,9.279192287640689596e-01,8.916800557898363344e-01,8.145228091262630699e-01,8.078011035087395708e-01,9.369476254654964809e-01,9.090905642344060400e-01,8.059291251554536739e-01,8.361049825931181623e-01,9.012825750663722157e-01,8.260796073713677634e-01,7.720987452625256431e-01,9.607157007543972727e-01,9.049949401292942675e-01,8.462446537740929697e-01,9.144161278671079085e-01,7.612061196461046286e-01,7.564878606801249683e-01,8.952129183757560060e-01,8.221070017678839825e-01,7.683385004143628016e-01,7.832177567339091429e-01,8.610893119324305456e-01,7.454979759646616078e-01,8.231342438762059288e-01,9.536162699849266566e-01,7.468664128995610163e-01,9.211765487192250523e-01,9.530605718191342834e-01,9.533601235916003835e-01,9.383308655902851125e-01,9.514292761564128176e-01,6.777314252273752837e-01,8.673082561874347896e-01,8.360357194316386797e-01,7.563408066101122706e-01,7.974832381141350179e-01,8.769712750639383492e-01,9.971745120036616949e-01,9.140484889256041967e-01,9.038705198723477885e-01,9.028189724497328594e-01,9.775345012158431768e-01,5.579489975574521976e-01,5.633233911327175658e-01,9.180495863287393421e-01,9.590955980363262690e-01,8.391597752570605362e-01,8.380839778687496633e-01,6.728499244677971225e-01,6.545906712439630848e-01,8.448471418929721644e-01,8.107237692517829108e-01,9.693876086006685266e-01,9.764385685295717821e-01,8.879727633996896685e-01,8.968095961922412096e-01,8.688793840383355338e-01
9.447967606925100625e-01,9.274321936246239240e-01,8.891408947305693422e-01,8.308699102417727023e-01,8.312920737517839331e-01,9.370382612875626238e-01,1.000000000000000000e+00,9.093771778729313748e-01,9.001879680313096266e-01,9.549493785691279824e-01,9.254225861035960676e-01,9.141792332062450566e-01,9.763169752963033465e-01,9.720011772114212079e-01,9.321658439041846655e-01,9.459585479588639156e-01,9.472168319381419899e-01,9.138005112267881813e-01,9.811589495587137444e-01,9.207632499189305486e-01,9.662077449178614330e-01,8.971874086260511749e-01,8.913111833312781229e-01,9.779197903254402968e-01,9.579305648551388330e-01,8.291722986857208433e-01,8.944677836839195484e-01,7.331838279224718313e-01,9.673431201727316076e-01,8.958177632435821991e-01,8.114397098366874506e-01,9.475925366831929875e-01,9.244427024211303578e-01,9.543142925725651704e-01,9.000764035821914311e-01,7.856596313017514266e-01,9.562650197258295570e-01,8.813501907371584787e-01,9.606636761266953428e-01,9.782761754682818278e-01,9.485490159366445351e-01,6.368895852279226055e-01,8.559512778089014562e-01,9.006224256653923010e-01,8.873776008201824661e-01,9.261118395213903121e-01,9.158759020522144745e-01,8.857732425164679402e-01,9.200323661163976041e-01,9.489454081503496674e-01,9.484222998672224847e-01,9.569587945690853914e-01,9.887372992764719148e-01,9.276302291647353648e-01,9.285789693339100426e-01,8.845733579771649646e-01,9.382457919761798548e-01,8.342242950035798632e-01,9.837645616761165890e-01,8.814030418590814708e-01,9.604823615605796450e-01,9.574272792373792473e-01,9.818403490854002991e-01,9.642705551909442896e-01,9.192579768624326020e-01,9.052591112476917612e-01,9.811680186013862492e-01,9.747585861699893384e-01,8.645868961301316213e-01,9.223163497129889254e-01,9.772079203224831589e-01,9.244358006021345942e-01,8.952890139217425380e-01,9.817457556940298868e-01,9.748286103158452232e-01,8.931325672225148837e-01,9.218047216490254936e-01,8.629323102186736705e-01,8.635529283129599332e-01,9.365386720059379888e-01,9.355616637368497912e-01,8.762256652151394487e-01,9.107834636313371091e-01,9.582910484351340186e-01,8.915431075007154149e-01,9.423566341877878116e-01,9.742661931449769774e-01,7.925908298971966470e-01,9.275972980155625658e-01,9.884743708965173514e-01,9.632670957627091912e-01,9.763723488233309045e-01,9.697313399085828456e-01,7.584491292772407300e-01,9.234453004122076258e-01,9.192631417459699028e-01,8.864633835030009124e-01,8.953073619882535583e-01,8.076410835316132353e-01,9.325529180081846281e-01,9.326230931019816595e-01,9.196874769096521351e-01,8.750351066360437802e-01,9.026208991372268731e-01,7.475396266988666438e-01,7.301578880541211847e-01,9.138890686240476180e-01,9.208457720586895601e-01,8.743094012315523189e-01,8.611426952363689935e-01,7.395584394282008756e-01,7.428610629530230103e-01,9.346656024431272414e-01,9.176099808353670451e-01,9.550633698793837834e-01,9.541572806848916954e-01,9.518865747480187434e-01,9.631440528607826401e-01,9.433449562146613010e-01
8.018707554938770965e-01,9.155074272937009372e-01,8.831795945378049240e-01,8.847738925223711526e-01,9.077420457918644603e-01,8.783805384802776395e-01,9.093771778729313748e-01,1.000000000000000000e+00,9.924539364629731963e-01,7.867906471736046958e-01,7.418189314511129950e-01,7.670962372854923661e-01,8.444477322466332758e-01,9.417858763671757005e-01,8.378931391572075338e-01,7.990471754679987493e-01,8.649170108853001526e-01,9.883627121296560958e-01,9.256666886982607423e-01,9.480060273196332377e-01,9.451335713118255155e-01,6.867243900519237609e-01,7.345594944991693520e-01,9.109098687967682739e-01,7.798599801644958696e-01,5.655294774174594030e-01,7.847319704940772800e-01,4.956736763210201069e-01,8.680558586906681473e-01,7.483506148299365890e-01,5.473247563882850386e-01,7.672621035627114061e-01,7.316889810474405120e-01,9.693088618838892057e-01,7.394428984015175566e-01,8.984071072658245116e-01,8.246111139766734155e-01,6.398158714025410365e-01,7.921551031627147577e-01,9.133588870339901522e-01,9.486649789580422487e-01,3.411413105790019884e-01,6.501170598875380957e-01,6.990504665371866100e-01,7.883106407212699951e-01,8.581670438489890085e-01,8.813667550250978699e-01,7.468929296197002188e-01,9.057512420618738513e-01,8.261162108040956964e-01,8.178312289678428826e-01,8.900585943853247528e-01,8.680979731262999932e-01,9.887747522282349655e-01,9.242311678475565451e-01,9.314785902041515797e-01,9.776094566294362131e-01,9.734622179958201116e-01,8.440035060020074642e-01,6.465141608728898204e-01,8.119566155568630483e-01,8.306105510498158484e-01,9.469936942293136761e-01,9.579504303283902233e-01,7.450153447335645662e-01,8.166619121617928467e-01,9.635516475650967028e-01,8.421575169571469122e-01,9.722729401040859365e-01,9.660487728329254509e-01,9.190127881103726804e-01,7.794182623266743271e-01,7.471261554727517407e-01,8.589359603709484370e-01,9.084037200096416464e-01,6.722085501620936876e-01,7.338486240811544770e-01,6.882868782179167866e-01,6.703205917196262131e-01,7.608837716948682051e-01,9.336982664832211842e-01,9.682854904298807686e-01,7.944794049324815921e-01,8.668694604667939174e-01,7.925077350503046958e-01,8.950708028440260700e-01,8.622589665267934578e-01,5.539342574430980992e-01,9.655328494690695873e-01,9.409598419815523584e-01,8.143131119861403144e-01,8.812288729216604111e-01,8.256868388604889919e-01,4.898018125902089404e-01,7.940998713225280170e-01,7.459525108431118712e-01,8.034320391906529801e-01,7.579778348210812755e-01,9.214788312326011033e-01,8.622074201021445727e-01,7.582382695952258889e-01,7.531960801372714620e-01,7.411442096217251141e-01,8.419463585632969149e-01,8.441326293479636256e-01,8.428679490298575105e-01,7.486298886353277560e-01,7.766571620093400963e-01,6.282744150595860333e-01,6.383601958519085073e-01,5.774232056363347576e-01,6.022081555314107160e-01,9.009257717294683054e-01,9.237384810432700544e-01,9.467350377067792477e-01,9.488481455398560804e-01,8.800433065915965747e-01,8.927495797203550687e-01,9.503604649459749254e-01
8.026244297299323094e-01,9.123761230105904563e-01,9.087069498637794229e-01,8.863623530333282208e-01,9.146251642552795103e-01,8.879771526615403143e-01,9.001879680313096266e-01,9.924539364629731963e-01,1.000000000000000000e+00,7.854229618550225833e-01,7.396279529631459848e-01,7.743164043781364247e-01,8.417569401167199761e-01,9.316802674680548790e-01,8.279196050094249637e-01,7.909399160877906843e-01,8.524956632596853989e-01,9.921366395150139628e-01,9.096968624669370396e-01,9.367869080626000100e-01,9.267901117279515599e-01,6.745048554032452293e-01,7.149266234259499253e-01,9.045992742159665312e-01,7.756508047171024600e-01,5.505771937908666702e-01,7.647508011734192035e-01,4.827948821630749787e-01,8.778412657573054778e-01,7.360330969121355871e-01,5.312466403214008981e-01,7.541465515379711659e-01,7.256482346061177147e-01,9.614629850326794624e-01,7.247143882399089687e-01,9.363627118944098937e-01,8.315714165584136008e-01,6.267304880374403586e-01,7.899472259015674069e-01,9.211437545310365849e-01,9.305630172414925960e-01,3.208973026039619869e-01,6.401135562129499634e-01,6.813228670257132080e-01,7.614482327150351448e-01,8.370254003056043501e-01,8.645908895157626839e-01,7.299634251387149275e-01,9.220568505019300920e-01,8.300486640757586132e-01,8.229965281355409168e-01,8.958313007021426744e-01,8.611580623650553212e-01,9.880675972728215628e-01,9.386994475601310173e-01,9.606772472711044841e-01,9.693649792350454986e-01,9.719838610183213490e-01,8.411744309210128501e-01,6.299692157729672726e-01,8.159381685076554369e-01,8.233066936227269039e-01,9.339819739050128078e-01,9.529713482456442231e-01,7.305487010653703983e-01,8.087866043537625949e-01,9.568628637176401774e-01,8.369774610575375640e-01,9.713680520674111696e-01,9.500805071974670613e-01,9.087376271184530729e-01,7.637839426795858255e-01,7.268238285544024180e-01,8.587175067990905353e-01,9.063136054606738545e-01,6.635390727735548388e-01,7.273485215543495919e-01,6.743188546374985215e-01,6.523606001921152808e-01,7.530432680119303335e-01,9.245614046031521704e-01,9.487671874154416374e-01,7.729847692571223394e-01,8.562327159850742220e-01,7.711882343002354201e-01,8.788397464511590318e-01,8.625419116327517344e-01,5.434336563835737710e-01,9.813639464116916677e-01,9.365346192197797626e-01,8.149133063424927048e-01,8.726538219030142152e-01,8.199912790169897603e-01,4.744261966776921469e-01,7.953154992133670831e-01,7.295033071497289967e-01,7.854157833595887261e-01,7.443152437340557759e-01,9.537471309174856415e-01,8.687514101131045274e-01,7.551066035738205340e-01,7.519053899687206943e-01,7.333396520497417193e-01,8.482414705916305753e-01,8.162720185741729750e-01,8.178015798678068826e-01,7.533276251023725001e-01,7.763778025026315532e-01,6.154840812302380115e-01,6.274713566493348438e-01,5.726957124264082655e-01,5.939365648241352602e-01,8.933396413268142044e-01,9.050910101882853054e-01,9.570562505801812891e-01,9.570154489644293605e-01,8.721953506189893401e-01,8.861774683798384622e-01,9.494881227710685323e-01
9.808446934952301799e-01,8.642432614902004762e-01,8.637513449651793573e-01,7.352030298266003516e-01,7.221431666294779728e-01,9.139634330658489292e-01,9.549493785691279824e-01,7.867906471736046958e-01,7.854229618550225833e-01,1.000000000000000000e+00,9.860941127239500892e-01,9.799659324788941861e-01,9.892317256881263399e-01,9.216452642832644315e-01,9.495930192524255631e-01,9.780977856098951317e-01,9.372626928574198102e-01,8.121953826697958512e-01,9.252089297819612312e-01,8.409309266705382591e-01,8.962888353199085500e-01,9.715618467433995153e-01,9.417295745179508071e-01,9.453847346282213682e-01,9.722148414882130218e-01,9.403535927366881708e-01,9.211742803739288998e-01,8.731147404988113259e-01,9.695971262310358885e-01,9.450172726489094455e-01,9.309497812347296009e-01,9.908284203274514423e-01,9.892755389104174180e-01,8.805316675220906664e-01,9.503843347714834300e-01,7.140508159924682241e-01,9.879916168888551731e-01,9.632567019394866481e-01,9.873785608864236174e-01,9.523389658024842275e-01,8.742192746708572493e-01,8.022838077264844436e-01,9.519881745458462774e-01,9.692703810683704901e-01,8.941246587581456184e-01,9.132805107435546521e-01,8.835009323107930745e-01,9.299895447753236954e-01,8.860300179619625682e-01,9.602135160709766026e-01,9.776034087838096909e-01,9.367975739942981939e-01,9.795408355533060663e-01,8.243435385963534534e-01,8.668501603696363578e-01,8.111680263202978303e-01,8.585661364220353864e-01,6.981092309424169473e-01,9.885308830719827800e-01,9.488518547723336916e-01,9.951988717489403946e-01,9.779650625533908848e-01,8.904141972286765405e-01,9.033445619071858168e-01,9.710174854092817887e-01,9.234672903078082751e-01,9.143246448233284251e-01,9.883207046593811551e-01,7.509209017258662300e-01,8.238962787678041355e-01,9.459651290289714520e-01,9.638631016069538759e-01,9.415421681284090738e-01,9.724212783540724381e-01,9.514673024522030120e-01,9.788814387572111197e-01,9.834032643881223112e-01,9.379588345261273830e-01,9.452301127162886507e-01,9.889624496966522571e-01,8.691496882993265949e-01,7.446869982294641588e-01,9.322615572361308001e-01,9.553940307823534095e-01,9.027699113030075440e-01,9.077973547845432645e-01,9.807614394011584524e-01,9.222707416435287353e-01,8.558159521376049739e-01,9.385655164327646460e-01,9.799694155952161090e-01,9.379542567155625399e-01,9.821714736616562469e-01,8.959038614480935303e-01,9.709233917427479987e-01,9.736907934762371042e-01,8.983810387940805997e-01,9.475248174460234596e-01,7.200250914847394768e-01,9.163579276391751183e-01,9.851134778501369205e-01,9.822832090262534344e-01,8.358077408088288029e-01,8.557317406958685480e-01,6.184937199378771622e-01,6.150132263486220996e-01,9.827858717546495981e-01,9.628450016760007335e-01,9.579211374778202615e-01,9.494556688108839460e-01,8.232520915846922582e-01,8.159033125239951723e-01,8.980613934337280391e-01,8.552069978493321845e-01,9.143251981195739120e-01,9.000476936279983020e-01,9.339970832483429630e-01,9.541178047771332604e-01,8.846484905651340602e-01
9.848796616108249635e-01,8.357621505842879328e-01,8.664159207059166645e-01,6.803880656788525716e-01,6.692119230307849165e-01,9.174497101358969342e-01,9.254225861035960676e-01,7.418189314511129950e-01,7.396279529631459848e-01,9.860941127239500892e-01,1.000000000000000000e+00,9.767989157607639417e-01,9.742050192123741237e-01,8.806773448776201718e-01,9.163096166472192161e-01,9.521938021156769461e-01,8.851482969270403345e-01,7.635298573917996823e-01,9.004833157201319604e-01,7.804008448586056135e-01,8.548728512574834681e-01,9.586293499280726937e-01,9.106139158733853600e-01,8.964754361968085838e-01,9.738361256393862631e-01,9.314532470207008696e-01,8.818978135804149687e-01,8.783433044062001205e-01,9.534084849131850836e-01,9.147911441380538466e-01,9.343157278555227485e-01,9.872669713564641292e-01,9.805245765130059521e-01,8.310079597402151297e-01,9.186601012692282575e-01,6.667336919478317192e-01,9.755508530686907154e-01,9.636391226488142392e-01,9.876971432199801448e-01,9.208266321430269574e-01,8.158107156921972081e-01,7.971120916954730351e-01,9.389447603182625723e-01,9.567933191615523025e-01,8.494875551170886219e-01,8.650983213172585007e-01,8.238006778533637497e-01,8.950580219315686925e-01,8.803175878627911288e-01,9.701748353767096766e-01,9.810025109035889201e-01,9.330218988118686996e-01,9.556640352855931830e-01,7.694631259224375963e-01,8.556073637261014664e-01,7.881303393492999909e-01,8.063451161105106291e-01,6.357801289286554303e-01,9.659937189666953916e-01,9.687177884774795800e-01,9.825838781801727873e-01,9.449668884904132149e-01,8.578168180994288905e-01,8.562871419344978419e-01,9.384411331418620605e-01,8.832324535994893200e-01,8.737448131005716156e-01,9.588948216294113092e-01,6.846318718095779632e-01,7.716800099117647749e-01,9.034558990714092186e-01,9.324534547979244081e-01,9.057000535571522182e-01,9.544997463173712227e-01,9.027134870139614797e-01,9.794844676961237395e-01,9.962263934482764594e-01,9.117657723367900147e-01,9.233370975214297838e-01,9.844031388869063370e-01,8.029658662552573434e-01,6.746282055369923203e-01,8.914126274090611313e-01,9.100433876165913150e-01,8.491207976331291984e-01,8.553068357524418186e-01,9.614594267595487631e-01,9.238322006299358735e-01,8.114375244705003265e-01,9.049503010394013280e-01,9.780396595104871027e-01,9.286966811985596371e-01,9.785741668538201488e-01,8.959412624092610855e-01,9.438403938882731214e-01,9.548456753808454156e-01,8.491876086882872432e-01,9.133216445946641393e-01,6.839304792445988213e-01,9.237807619398559211e-01,9.896278938657218083e-01,9.828858886543080375e-01,8.702667557148142663e-01,8.744913876683633180e-01,5.207854974574493978e-01,5.305972130733249692e-01,9.894787446061767966e-01,9.779027681214100820e-01,9.708835332995291445e-01,9.588388450135076901e-01,8.082800464686192843e-01,7.920803811600196642e-01,8.523354371369551430e-01,8.023911810823918245e-01,8.903959307601263529e-01,8.805062356442565630e-01,9.044582855433151991e-01,9.196247676960332962e-01,8.292138044374225414e-01
9.734426341630121327e-01,8.451288445015960882e-01,8.873354292981754377e-01,7.010053615487098488e-01,7.003613540720583508e-01,9.258006938128481300e-01,9.141792332062450566e-01,7.670962372854923661e-01,7.743164043781364247e-01,9.799659324788941861e-01,9.767989157607639417e-01,1.000000000000000000e+00,9.655904975000138002e-01,8.901266309045924308e-01,9.307805916597378104e-01,9.610738044940039249e-01,9.014948682095440535e-01,7.948517825090805067e-01,8.810563412749907730e-01,8.104790049167993615e-01,8.578839600005060406e-01,9.468362385355300059e-01,9.081550393994864967e-01,9.095887308296953799e-01,9.364851294330308606e-01,9.100237239075998907e-01,8.863423813492975478e-01,8.721526687943301770e-01,9.575964317109200152e-01,9.194891723742109058e-01,9.120426041179856558e-01,9.678523302651335092e-01,9.810799479603882212e-01,8.526812257873276346e-01,9.156886275541946674e-01,7.302312524478040690e-01,9.759799801166186839e-01,9.318263546014160514e-01,9.676271604132500315e-01,9.313650758265177299e-01,8.348933566535930995e-01,7.780185947833850868e-01,9.353104648897438977e-01,9.450153286210225545e-01,8.439922011698628435e-01,8.751364295154041573e-01,8.476405170427568914e-01,9.025055395162939753e-01,9.021797286166273189e-01,9.599186899726346311e-01,9.782229632988869161e-01,9.399593556995124999e-01,9.469254750389395348e-01,8.000134180461213607e-01,8.719245794412754380e-01,8.207571384258900427e-01,8.435429249074950508e-01,6.750318743250385278e-01,9.573811245406969039e-01,9.353982380702233757e-01,9.835994453290193285e-01,9.507892542059697139e-01,8.501538572492505219e-01,8.719757242918354523e-01,9.379448227273464722e-01,8.987449358712582548e-01,8.913185729062660378e-01,9.599107609207441216e-01,7.265008213872983234e-01,7.882790562221473341e-01,9.194956713767111767e-01,9.348427794766200893e-01,9.044359209340726569e-01,9.456617196873475795e-01,9.258115530806025895e-01,9.616270475923411887e-01,9.734259864360407244e-01,9.147672108898319276e-01,9.144799537181242943e-01,9.703670530604534550e-01,8.266389020084398132e-01,7.012406088021799766e-01,8.931592541616976133e-01,9.254690211759244445e-01,8.627675270558650134e-01,8.689408065905456224e-01,9.726047097536224539e-01,9.288437209169555508e-01,8.515946572608354970e-01,9.121152438348222313e-01,9.582439763600073546e-01,8.929085154882114850e-01,9.622890386196665258e-01,8.730006832751991963e-01,9.635249117604394176e-01,9.493374502365270473e-01,8.664934982704464161e-01,9.286085013229155027e-01,7.465565553954813804e-01,9.267465065327094020e-01,9.711689031320465126e-01,9.765917697281880638e-01,8.079758283195358493e-01,8.618489689654296182e-01,5.525425978414675310e-01,5.704344468550197611e-01,9.916351042603367416e-01,9.745943806318126956e-01,9.415409509737827642e-01,9.338078018360835841e-01,8.058730993457718927e-01,7.936999202405645715e-01,8.683815088165147689e-01,8.222071688611112261e-01,9.188567714709328094e-01,8.983575160954391237e-01,9.116191501178478873e-01,9.332134375394131043e-01,8.561859944785247256e-01
9.758402015543885533e-01,8.941471843427024613e-01,8.880574208997009666e-01,7.774431137565819272e-01,7.687508403785645594e-01,9.306942588378855907e-01,9.763169752963033465e-01,8.444477322466332758e-01,8.417569401167199761e-01,9.892317256881263399e-01,9.742050192123741237e-01,9.655904975000138002e-01,1.000000000000000000e+00,9.556923998159541078e-01,9.575859415493097604e-01,9.712650865050034277e-01,9.433600256481929902e-01,8.621363419788048432e-01,9.500385867047429489e-01,8.846235147534486920e-01,9.326553704422120283e-01,9.563348733537830881e-01,9.379008137982247639e-01,9.598527621927118725e-01,9.690465127799687828e-01,8.971668099574888755e-01,9.283512431160616529e-01,8.393801633349291524e-01,9.767859624516801453e-01,9.437423759080318941e-01,8.935689143714087290e-01,9.801051583319553284e-01,9.660936904835356609e-01,9.158671853833111332e-01,9.471405858886496887e-01,7.609089533772279701e-01,9.918651115958130315e-01,9.295797136839534236e-01,9.841160730634634923e-01,9.692267374058383123e-01,9.094098558550363087e-01,7.471667003229045534e-01,9.301993545346962655e-01,9.534357420354344637e-01,9.090845525596207288e-01,9.321218189404407717e-01,9.140316501838178231e-01,9.329107790014820045e-01,9.075192399423450684e-01,9.635219553549216887e-01,9.770116017303607236e-01,9.479281531293874963e-01,9.869422770144031798e-01,8.767790761797037424e-01,8.987312637899448342e-01,8.559790723813858193e-01,8.994991637847644661e-01,7.640838305638834038e-01,9.907788460802458008e-01,9.248519539329245198e-01,9.880459070558200718e-01,9.826852609496002922e-01,9.288079844541703434e-01,9.386362809419681597e-01,9.594183418662831642e-01,9.325397586531096739e-01,9.462068236333609494e-01,9.876317357584618595e-01,8.023274243586487886e-01,8.729974737185698386e-01,9.637732380343395633e-01,9.622552348011297330e-01,9.355728616062459757e-01,9.781015237792919370e-01,9.657590413221159853e-01,9.540324532885593456e-01,9.675847004950464125e-01,9.265102698095809552e-01,9.251084976077217359e-01,9.797421131769595837e-01,9.033274684553852518e-01,8.029290923884591091e-01,9.374865551468970493e-01,9.689741530684380377e-01,9.133609350358637968e-01,9.372595923495037340e-01,9.886390507382498694e-01,8.833606916732190673e-01,8.962371752518141221e-01,9.614431923347228626e-01,9.750813695373958812e-01,9.601142886086517780e-01,9.793650561284807932e-01,8.488955403497613350e-01,9.725154277974988881e-01,9.622977115916189206e-01,9.106899398231282916e-01,9.433107116220981192e-01,7.689094906531580564e-01,9.292471017818211276e-01,9.815901071792371146e-01,9.752197162894883364e-01,8.657745361049244970e-01,8.846460815732700711e-01,6.780961977846828859e-01,6.751935435537940178e-01,9.707155944098928568e-01,9.496502488585143453e-01,9.279519456679158340e-01,9.130922530495160228e-01,8.140639692184612475e-01,8.117767424278179433e-01,9.240813344143868902e-01,8.910156197840495285e-01,9.415443668977576674e-01,9.281739017274706072e-01,9.489948535455401402e-01,9.702780848756208387e-01,9.225525907430796035e-01
