1.000000000000000000e+00,9.688268618232876994e-01,9.745241966511664078e-01,8.332651466367251292e-01,9.434512934756718039e-01,9.739425745771240761e-01,9.572924721671094428e-01,9.080503276772944332e-01,9.285716278198233864e-01,9.723342958042159312e-01,9.853945559934755849e-01,9.768703021562394895e-01,9.500211382924866887e-01,8.261894493108493664e-01,9.067113878047223796e-01,9.685101610878313894e-01,8.301317897457339834e-01,9.100972932621194111e-01,9.399343127107442353e-01,8.671316893783503899e-01,7.653307535680101692e-01,9.682506278217006823e-01,9.644113702400336496e-01,9.239543450273786096e-01,9.492901752609703703e-01,9.124107181445444414e-01,9.273354393766128911e-01,9.718480177382882168e-01,9.638288482968480064e-01,8.110164245143761663e-01,9.247862596002343061e-01,9.452289130674904616e-01,9.722587902851846930e-01,9.371446253396009674e-01,9.702286950114269448e-01,8.931069171746790492e-01,9.711369308910436926e-01,9.766899792856108542e-01,9.831750316650307298e-01,9.677393949598958045e-01,9.526368342935366273e-01,9.101932261138095948e-01,9.534990442013953071e-01,9.889625678198897818e-01,8.559520394599386961e-01,7.737232191407708015e-01,9.046307456638654765e-01,9.591120658392768838e-01,9.698154999946749788e-01,9.722006656722375073e-01,9.859898601662980822e-01,9.897668401419273954e-01,9.570955610157967364e-01,9.140043098115878673e-01,9.706064515154307903e-01,9.352989716791084707e-01,9.627402665715871777e-01,8.477485174336283347e-01,9.511364259334328386e-01,8.868314860768309327e-01,9.523260827825218433e-01,9.667151964126493580e-01,9.536683759302496677e-01,8.383340348296085542e-01,7.289007054773916083e-01,9.020523051391724501e-01,9.594872411991596239e-01,9.224289490186342588e-01,9.136074380402894324e-01,9.152162504126639675e-01,7.429188693780418573e-01,9.835947622021830039e-01,9.741277446778601190e-01,9.785908705339976255e-01,8.815463090220242437e-01,9.243107544838221612e-01,9.655847076549519681e-01,9.411506702482413944e-01,9.125736182982668865e-01,9.596996374678311570e-01,8.543644512974588601e-01,9.159255788537673526e-01,8.535461381559874550e-01,9.789723022291983989e-01,9.633328250146078187e-01,9.475078967609268377e-01,9.742923734286185189e-01,9.234723583241835065e-01,9.372950486259018499e-01,9.685810712011067025e-01,9.522696001450375869e-01,9.735327721337225793e-01,9.821964979643538207e-01,8.722550073545416449e-01,9.481407351519413051e-01,9.367055982585463791e-01,8.095514191778592217e-01,9.565228105327493457e-01,9.598317256582098445e-01,9.807055304149142616e-01,9.466548611704326266e-01,9.448207791099288988e-01,7.518561052565875258e-01,7.594524764315704335e-01,7.146985098698523942e-01,7.164386564587876816e-01,9.765717227410953827e-01,9.698421600791906627e-01,8.356376763407089570e-01,7.663895242854256162e-01,7.107725015530423907e-01,7.027338162723291148e-01,8.677733821156679017e-01,8.702489160491236886e-01,9.536208428054890884e-01,9.749398362443151278e-01,9.375233572312623442e-01,9.250248875071920285e-01,8.701727472955964604e-01
9.688268618232876994e-01,1.000000000000000000e+00,9.400705885762882241e-01,8.789870989287783543e-01,9.792348542471218664e-01,9.531523102650820700e-01,9.330267395457108037e-01,9.156811628423634497e-01,9.489407573307114818e-01,9.362883363886197463e-01,9.609508895778471338e-01,9.564438533946334475e-01,9.312833469133192654e-01,8.884279140099726746e-01,9.259959706676819113e-01,9.431415115710821695e-01,8.554181651386822960e-01,9.275288487626756062e-01,9.536495944861532736e-01,8.863004344701432835e-01,8.132436649607234225e-01,9.394447526183453689e-01,9.696827554933284965e-01,9.297702496784538972e-01,9.038926019302108150e-01,8.304934212535673987e-01,9.169733623980969028e-01,9.458653550651374697e-01,9.325488254248203157e-01,8.384398643698622866e-01,8.633885227536620688e-01,9.115746955566875753e-01,9.370728448990908177e-01,9.219984135758861887e-01,9.373039370444957719e-01,9.157062136075064807e-01,9.413428675255219868e-01,9.360322547161169515e-01,9.575187202908213013e-01,9.500159731068528179e-01,9.482271164494023852e-01,8.720493695327918848e-01,9.218072677759856504e-01,9.474549112199942558e-01,8.945929886698436029e-01,8.514349028890165760e-01,9.028074041308199460e-01,9.610144612779565332e-01,9.493333369878497185e-01,9.129408127306392062e-01,9.650606075484328139e-01,9.641953946498252881e-01,9.518902176443674312e-01,9.369678332653441633e-01,9.336688428891875002e-01,9.237810474222247770e-01,9.450433422517686699e-01,8.598000743201723584e-01,9.232600331856135600e-01,7.981999644217705470e-01,9.515200658288569535e-01,9.413223105774908284e-01,9.459442692390944707e-01,8.616205504566047946e-01,7.591852275520128979e-01,9.225492101662101652e-01,9.343383336855867194e-01,9.158995467913717548e-01,9.147418332471688451e-01,9.215372687044787181e-01,7.983789962003089435e-01,9.340018307959458976e-01,9.569218085021271580e-01,9.587184551837315549e-01,8.762354423590971164e-01,8.508942829916863460e-01,9.562128081738533458e-01,9.338406859228904899e-01,8.587915537661814369e-01,9.176177323768390792e-01,8.580013007625741928e-01,9.018362645279667245e-01,8.953490861779382914e-01,9.313472164704243994e-01,9.477681400436439585e-01,9.276559823829844120e-01,9.246586578085375097e-01,8.803785500456563495e-01,9.612463332152109130e-01,9.316857323555156611e-01,9.338029573417477858e-01,9.410429135737348183e-01,9.495762611292799527e-01,8.180200741729499736e-01,9.014772755033988449e-01,8.932522015027821727e-01,8.634789263339623933e-01,9.424701872777752065e-01,9.468363247910009939e-01,9.351907098378703376e-01,8.922423550737963449e-01,8.835573439996721179e-01,7.001654667558464551e-01,7.130540697460512334e-01,7.738909619832772258e-01,7.431926473777281661e-01,9.259713690990790669e-01,9.158132729665908744e-01,7.458439094540310066e-01,6.519487203916809470e-01,6.280506743683482718e-01,6.194806004871864502e-01,9.120638938222691561e-01,8.866609569295853532e-01,9.456754483156556423e-01,9.589415257676927595e-01,9.239237252821190793e-01,9.096970093605244445e-01,8.670859472396186263e-01
9.745241966511664078e-01,9.400705885762882241e-01,1.000000000000000000e+00,7.520467550899216924e-01,8.803254945757470473e-01,9.823896960197789907e-01,9.245401311769828601e-01,8.991638833640609452e-01,9.056247662245470176e-01,9.440420966596453356e-01,9.929099699668766377e-01,9.643290324686472070e-01,9.360921481000118449e-01,7.851620805202742526e-01,8.670413052094030348e-01,9.182860242000639994e-01,7.819312658390756843e-01,8.581280895208980297e-01,8.948540125607755691e-01,8.622690137601325411e-01,7.066106059407110118e-01,9.262537185941676077e-01,9.381933812962192087e-01,8.605023328495003954e-01,9.221919671107075001e-01,8.785667818163160891e-01,8.758791297675277976e-01,9.494561643561575393e-01,9.705488984602653746e-01,7.606399045714289375e-01,8.698649747856813663e-01,8.914646186602953604e-01,9.596332664871504159e-01,9.045332921229790601e-01,9.379930809136927117e-01,8.467400428311090410e-01,9.435159804468664646e-01,9.598856597977235561e-01,9.534905887836150340e-01,9.398123560507888330e-01,9.299673217465637132e-01,8.364075691634994536e-01,9.092560045180039241e-01,9.554893479938533218e-01,7.548939230224450680e-01,6.866883887891099825e-01,8.704048059307857299e-01,9.471531425049477537e-01,9.577756009002785786e-01,9.601642900848753603e-01,9.643821709343471937e-01,9.904302566616165482e-01,8.962403314636699925e-01,8.662179690257035825e-01,9.878553571689083768e-01,9.461620312490831575e-01,9.443042926731332054e-01,8.738694115153466946e-01,9.082908344177692550e-01,8.577747629779575167e-01,9.209426678223925355e-01,9.669789524874664588e-01,9.664922201088173015e-01,8.346392395933299735e-01,7.089512378843549900e-01,8.722625135017586517e-01,9.311146971613277756e-01,9.183305512807753423e-01,8.849103596737799560e-01,8.871922635713193062e-01,6.894804953283349969e-01,9.688717173586548492e-01,9.431124398720858171e-01,9.689100635796443761e-01,8.420191544321964372e-01,8.756022537194190214e-01,9.274388267301152400e-01,8.948271958953770699e-01,8.401550502817648480e-01,9.218066598428543701e-01,8.360381452132469304e-01,9.064780753064901608e-01,7.486690418627630628e-01,9.553034403503792849e-01,9.456302173068045214e-01,9.343781231948143917e-01,9.612190801812506846e-01,8.899090017979442990e-01,9.305677002641919993e-01,9.524352169559644476e-01,9.286109765788523873e-01,9.588722227235397799e-01,9.359642479549787897e-01,7.979866130871958729e-01,8.944494093465206186e-01,8.790245772585173478e-01,7.358700602122137946e-01,9.121387962033483676e-01,9.662646398599457065e-01,9.841276206444413699e-01,9.027267752180945237e-01,9.153394886922384677e-01,6.683827082511056838e-01,6.754074968032961479e-01,6.041604290184863224e-01,6.189895510745730967e-01,9.815617015817238444e-01,9.787781917904522233e-01,8.039727378907424171e-01,7.070311328462118849e-01,6.430664899881382013e-01,6.274276081696764651e-01,7.789827191498788217e-01,7.801417349463090067e-01,9.169276427994011991e-01,9.223055173885595925e-01,8.734707454947475691e-01,8.611422762306462086e-01,7.821367557036781326e-01
8.332651466367251292e-01,8.789870989287783543e-01,7.520467550899216924e-01,1.000000000000000000e+00,9.370236528845117263e-01,8.323213083496585618e-01,9.109290167868954180e-01,9.191903469107998159e-01,9.105211856764947598e-01,8.580121621577874169e-01,8.041226041284379455e-01,8.812717888444068226e-01,8.985440910336186526e-01,9.630132732745823043e-01,9.613248869992623291e-01,8.621185297772216982e-01,9.682837925858306383e-01,9.735559638001880511e-01,9.464601391471635372e-01,9.109642565994435781e-01,9.653263973408652276e-01,8.810463488634747709e-01,9.273938874948794986e-01,9.686894779036018255e-01,8.003494676522617812e-01,6.677354274316853466e-01,9.535281494634875177e-01,8.776140672977073010e-01,8.293271022533603709e-01,9.633118017158279756e-01,7.365383113568644280e-01,8.482164490163763837e-01,8.471120652255174077e-01,9.125575905916649688e-01,8.827446533081575453e-01,9.662003540132643176e-01,8.670910542179289804e-01,8.101132646584152663e-01,8.909419932092019767e-01,8.989079184918020715e-01,9.279878820176078458e-01,8.188058546258621950e-01,8.747302289140987952e-01,8.236253447619408252e-01,9.616467945137561202e-01,9.807991645339293463e-01,9.454308580849766219e-01,9.080696709778641740e-01,8.369093778733113220e-01,7.284511468346118734e-01,8.858700210647423301e-01,8.077865951807936540e-01,9.421286917536311201e-01,9.665167119399795670e-01,7.397819877199409699e-01,8.529684551430297690e-01,9.045897996299644417e-01,8.409347282929745537e-01,8.620674706951547694e-01,5.694181877861831387e-01,9.305957257469201771e-01,8.570302023579354778e-01,8.483433741723580557e-01,9.030280517041998634e-01,9.052688206091815681e-01,9.516466137129113712e-01,8.939840453426934896e-01,9.002942761112872061e-01,9.342182780547845233e-01,9.419269756685065831e-01,9.535404407213077249e-01,8.056756237973619061e-01,9.070553457025707367e-01,8.754967051397787303e-01,9.439284709204223134e-01,7.358905576525188730e-01,9.112598850328121891e-01,9.334341646771595613e-01,7.844732464157566643e-01,8.260079121773120647e-01,9.291459112693389866e-01,8.907457210393335822e-01,9.392718887937069328e-01,8.276581085744323385e-01,9.045590277662201029e-01,9.019563157107797213e-01,7.980087203275516572e-01,8.550004684580018166e-01,9.001822428784362895e-01,8.605777092143855889e-01,8.976024993781075434e-01,8.578879714064049367e-01,8.486275812964708676e-01,7.393416748336683053e-01,8.520669070628714703e-01,8.162094496410190470e-01,9.891516449737525196e-01,9.385541945922418750e-01,8.483130103809508604e-01,7.541325384281349908e-01,7.859366602557922299e-01,7.479366778197147347e-01,6.291693735217060990e-01,6.085783824964268174e-01,9.678571299317806353e-01,9.383920187618690623e-01,7.246329024760386206e-01,6.915526649905133771e-01,5.413694297745582640e-01,4.475836830716085624e-01,5.493244229246757593e-01,5.495438513624657517e-01,9.645487969710933029e-01,9.472908741895740281e-01,9.119804593371014789e-01,8.901810625266834975e-01,8.660292101723328084e-01,8.710170182091564461e-01,8.992568081767291499e-01
9.434512934756718039e-01,9.792348542471218664e-01,8.803254945757470473e-01,9.370236528845117263e-01,1.000000000000000000e+00,9.221651419945082750e-01,9.365579108920685236e-01,9.117511875646016062e-01,9.326277959722176769e-01,9.165498366998493518e-01,9.151648479360148247e-01,9.398555763227880444e-01,9.258687579623906538e-01,9.095056149591389527e-01,9.427393072176483146e-01,9.379574444436955538e-01,8.950626657160356547e-01,9.499476013472921698e-01,9.574528205016061833e-01,8.849554161344810321e-01,8.605529578767548982e-01,9.374040911789658370e-01,9.636019856957938057e-01,9.589212978687897682e-01,8.758430999354690494e-01,8.020447307849659646e-01,9.407640230315045260e-01,9.328445619318577187e-01,8.960735893182102396e-01,8.787997491091538160e-01,8.504724180788654220e-01,9.065437774968954088e-01,9.146083295830270687e-01,9.159461523274901040e-01,9.321177866398067113e-01,9.303303810809960828e-01,9.349322875564998192e-01,9.025859577535042533e-01,9.496540290538058038e-01,9.422013467530634401e-01,9.508132266481676975e-01,8.780487167888206823e-01,9.190750059297770891e-01,9.262114833203191067e-01,9.404670013797531425e-01,9.059194192536026424e-01,9.222029758849000780e-01,9.454843585483361235e-01,9.119816689441722080e-01,8.724406597392035945e-01,9.539970094203845674e-01,9.222173399666847571e-01,9.739788525645465267e-01,9.533893531666625121e-01,8.837587379735682980e-01,8.905798944407123940e-01,9.389212417087504647e-01,8.313505519610318029e-01,9.168849640135443568e-01,7.466477855447010148e-01,9.589563076832476884e-01,9.188201744283029937e-01,9.076831942315750634e-01,8.623488375977174103e-01,7.825072746020137471e-01,9.336846047478166710e-01,9.308615021954281810e-01,9.085860739116331519e-01,9.236255071377756920e-01,9.258735367484238754e-01,8.437859548352821815e-01,9.031376804997161001e-01,9.474690936783838335e-01,9.415208718714082048e-01,9.011866520197975294e-01,8.428122443119411278e-01,9.497886982315797422e-01,9.424577016997903733e-01,8.591369637455124053e-01,8.992540944582603224e-01,8.787653170898583888e-01,8.979956868513626622e-01,9.391934942151919374e-01,9.129148763015964008e-01,9.441985569124146105e-01,9.249567182620008765e-01,8.997049331017005214e-01,8.810659471029848033e-01,9.380810716021817930e-01,9.188178737166222687e-01,9.265571492678121857e-01,9.174099917205172927e-01,9.390996536011030349e-01,8.176040163071491840e-01,9.049194508914302215e-01,8.878632794964869124e-01,9.113838229697541760e-01,9.550305324291420428e-01,9.099469112624406497e-01,8.885645771772434642e-01,8.761956441224458825e-01,8.546391112287610170e-01,7.016525562721149800e-01,7.069532782699530227e-01,8.547827601000199671e-01,8.127774102679601320e-01,8.739472406686545902e-01,8.513108875963280031e-01,6.998734541226929728e-01,6.220592293527158478e-01,6.142086394585352105e-01,6.130495059656146939e-01,9.526480779709635138e-01,9.262372566538543683e-01,9.419586841680562816e-01,9.553917877314853646e-01,9.272430447118855668e-01,9.138051340879611573e-01,8.965908113929919043e-01
9.739425745771240761e-01,9.531523102650820700e-01,9.823896960197789907e-01,8.323213083496585618e-01,9.221651419945082750e-01,1.000000000000000000e+00,9.494919590266069909e-01,9.389898626399950654e-01,9.282508131214765035e-01,9.424208106009333008e-01,9.843569760184045503e-01,9.799942017260540039e-01,9.615610052241239103e-01,8.486159982268401958e-01,9.150197466803566826e-01,9.132805041542952917e-01,8.604724311725510111e-01,9.119474234352379360e-01,9.318867566110178302e-01,9.073742091655458974e-01,7.859753925667904983e-01,9.308176376360215443e-01,9.649489895142046025e-01,9.050893291958446163e-01,9.036708662631037781e-01,8.323654970392410091e-01,9.197596790516225918e-01,9.569110808486418485e-01,9.724041630366360156e-01,8.337657998996498288e-01,8.357027810389261457e-01,8.852767788893010081e-01,9.602397454167769242e-01,9.257131714489802432e-01,9.488248317331288151e-01,8.950939788406415687e-01,9.492661501571438842e-01,9.410567952644200984e-01,9.687597053126277835e-01,9.550715511503595767e-01,9.670850255181934196e-01,8.233318134110987341e-01,9.114146486332068697e-01,9.439105284139583940e-01,8.034004402857273242e-01,7.634065648020309514e-01,9.179835374175184803e-01,9.748461126553549239e-01,9.451873770438576905e-01,9.286304895667244486e-01,9.821925051075680591e-01,9.781667579835461312e-01,9.293313452099687400e-01,9.166121650148691957e-01,9.771750888494786791e-01,9.568897759339305420e-01,9.698924923924262531e-01,9.044800623631055192e-01,9.035678892220962988e-01,7.864241584789039008e-01,9.514605708516292726e-01,9.761727640934340089e-01,9.759262686664781361e-01,8.863833347149315811e-01,7.832625381172013679e-01,9.198501119893954803e-01,9.465613760165919599e-01,9.523694852131951993e-01,9.286838359022816514e-01,9.287231322217215368e-01,7.751238163424563066e-01,9.554141950147998497e-01,9.621531353148112808e-01,9.826675737598860039e-01,8.959078704118993430e-01,8.483259427200328107e-01,9.423767156730780137e-01,9.206240759872668100e-01,8.183478942567367076e-01,9.074381264028833494e-01,8.963624718158476057e-01,9.370465717060274535e-01,7.867126008668519077e-01,9.478616515414207688e-01,9.724938968945341378e-01,9.643743641021551571e-01,9.480757148381387944e-01,8.962532861996098665e-01,9.579146237869566871e-01,9.597137790957056547e-01,9.468780692883518313e-01,9.610928942336196545e-01,9.313633613977748693e-01,7.653134940177835910e-01,8.930136288479095796e-01,8.618584753354370243e-01,8.108463850305638321e-01,9.473150705415751549e-01,9.705221868132681839e-01,9.605742011785931567e-01,8.790088008623999638e-01,8.810269498369410757e-01,6.275503617404624146e-01,6.277453213915109576e-01,6.899968470775367235e-01,6.907172508589917159e-01,9.519847301696133801e-01,9.369237574822919523e-01,7.329998734637149793e-01,6.333849378767182348e-01,5.938727983690620382e-01,5.799142981973087752e-01,8.262285835398331946e-01,8.185819360497930131e-01,9.319310009595361821e-01,9.272053812659445393e-01,8.744189597096813094e-01,8.630123623390009158e-01,7.996211802065320562e-01
9.572924721671094428e-01,9.330267395457108037e-01,9.245401311769828601e-01,9.109290167868954180e-01,9.365579108920685236e-01,9.494919590266069909e-01,1.000000000000000000e+00,9.708959300923094560e-01,9.588993551110898128e-01,9.809678220352517908e-01,9.534975700976342505e-01,9.886813096441241511e-01,9.937534000573244874e-01,9.046064024520470426e-01,9.744580399366169488e-01,9.676107170887794373e-01,9.259607609791746796e-01,9.661296021619008023e-01,9.711037349005124941e-01,9.493126136805165594e-01,8.891189766276652584e-01,9.802884050358732226e-01,9.838378988110150214e-01,9.782221951095502188e-01,9.465517335079721706e-01,8.762459277835457083e-01,9.877198542843691476e-01,9.939397416628434900e-01,9.724521048848039362e-01,9.263351869784215431e-01,8.974492107888689674e-01,9.495126129310522689e-01,9.858646176949595885e-01,9.821588172526859450e-01,9.928142361209141287e-01,9.566645097090230587e-01,9.842597751896104974e-01,9.614826172019277362e-01,9.919093301895056669e-01,9.914305791440746196e-01,9.900398901199267687e-01,9.183842221720286414e-01,9.834611027966889685e-01,9.623135267197868714e-01,9.085676117713640254e-01,8.634146732357703691e-01,9.820975843314265763e-01,9.803648698271394402e-01,9.683912624759527521e-01,9.181816462406711121e-01,9.848014554259729714e-01,9.515946123148838476e-01,9.840656849344638912e-01,9.657540784532481215e-01,8.992440970405179979e-01,9.686435232704564413e-01,9.931307442511729811e-01,9.193317755998284824e-01,9.714490213901145754e-01,7.996873289481803981e-01,9.895248081924226113e-01,9.843041619183645619e-01,9.626025611859652109e-01,9.257819563736895407e-01,8.631091440565177297e-01,9.713569721669254031e-01,9.955269556536471276e-01,9.763742930763542605e-01,9.816386166776307487e-01,9.763655075382349224e-01,8.586124315517335015e-01,9.661604071736781263e-01,9.886443784777221300e-01,9.852304897853345622e-01,9.682806523832803158e-01,9.041962062480060069e-01,9.888740673828400052e-01,9.918827066888753485e-01,9.091723433610253702e-01,9.605471459903067721e-01,9.546955719271176255e-01,9.833616122615681521e-01,8.824829957737221342e-01,9.769281085909047313e-01,9.910741331863834880e-01,9.931629911330479565e-01,9.646747423248271947e-01,9.795739921494475144e-01,9.437815564368118304e-01,9.908434628442949199e-01,9.906328582126933124e-01,9.777740862682212653e-01,9.626388905537930363e-01,8.722850296253897850e-01,9.692183947405706990e-01,9.420646872290379115e-01,9.026171302495684667e-01,9.892993264261905617e-01,9.677497703965198816e-01,9.318219152730193855e-01,9.394565616820029774e-01,9.297847087268429345e-01,7.394727502303446443e-01,7.229262301794460166e-01,8.347454570374313043e-01,8.575066145894946201e-01,9.112206335480292907e-01,8.921170148786835563e-01,7.655702983948156071e-01,6.702679481377034065e-01,7.052524139871811926e-01,6.984986093138716434e-01,9.167381025828374996e-01,9.257425769364864276e-01,9.898612053955117007e-01,9.747189391859849561e-01,9.489361719826094888e-01,9.427233099999127175e-01,9.289402757895952600e-01
9.080503276772944332e-01,9.156811628423634497e-01,8.991638833640609452e-01,9.191903469107998159e-01,9.117511875646016062e-01,9.389898626399950654e-01,9.708959300923094560e-01,9.999999999999998890e-01,9.752958503026947223e-01,9.422104194124567567e-01,9.317011475621882477e-01,9.702226017148934956e-01,9.850996839542287553e-01,9.568071222634711992e-01,9.864342205040375067e-01,8.985751632595903038e-01,9.641743430717795160e-01,9.738010282346413193e-01,9.664683591623137726e-01,9.905852127917419425e-01,9.333434588481260841e-01,9.328342395165680756e-01,9.744580084843196266e-01,9.593582323927767330e-01,8.902480818852591682e-01,7.599529323139477821e-01,9.661997370721777667e-01,9.618472516866017896e-01,9.588585130905814546e-01,9.609976126806099028e-01,7.833981147807262957e-01,8.886995947320561751e-01,9.522453034980761233e-01,9.759875124594670215e-01,9.517483619880214851e-01,9.747757600986857174e-01,9.382812714092089168e-01,9.126888598027516064e-01,9.563743467316541125e-01,9.691799022979632472e-01,9.864199868473479960e-01,8.301454152528958685e-01,9.316812220992257698e-01,8.929687168138639164e-01,8.717651113376736483e-01,8.879855642374648861e-01,9.887038433134940352e-01,9.862568050191747870e-01,9.445995764914676407e-01,8.363197966365234493e-01,9.579497405253408759e-01,9.182056310569063351e-01,9.459990853013980905e-01,9.759431992923388588e-01,8.626448963719953733e-01,9.823961158056171428e-01,9.837371277736963737e-01,9.795892622019911622e-01,9.151368695241125506e-01,6.716141834531084154e-01,9.727800565004556255e-01,9.651798221613540063e-01,9.765580334978156696e-01,9.865347480570840766e-01,9.366073267879265751e-01,9.941161448178713611e-01,9.645085420137499144e-01,9.965516272863298441e-01,9.933049528991892974e-01,9.936833736318534394e-01,9.252523571648177958e-01,9.126156141251984266e-01,9.669942185503724863e-01,9.642582052303168005e-01,9.822219034957825334e-01,7.868502181336340939e-01,9.606768539794207085e-01,9.679981792890142156e-01,8.054247082785916945e-01,8.991744627532312073e-01,9.870654446491139433e-01,9.874152248083718497e-01,8.399649090048618705e-01,9.148693024355669667e-01,9.720162167700099332e-01,9.842699573698643345e-01,9.034971363332577887e-01,9.359349509893244434e-01,9.749369901153849272e-01,9.583722367612822479e-01,9.748937601827987187e-01,9.528182798143158827e-01,8.982601809131377513e-01,7.592888789009376582e-01,8.915090849687252739e-01,8.521340298871424856e-01,9.285420708634364306e-01,9.603736347631905979e-01,9.671011949908655536e-01,8.772771357016675431e-01,8.539631525972268822e-01,8.396074712605681167e-01,6.266562756766973497e-01,6.054580748007011293e-01,8.400824035902991760e-01,8.541567293902532221e-01,8.475533149015972434e-01,8.313629882037969487e-01,6.366473771093477119e-01,5.025322105265570549e-01,5.947060013758900254e-01,5.775956318353477892e-01,8.995449492205688236e-01,8.966756346017383805e-01,9.630029097498371549e-01,9.175606380918517324e-01,8.846395553419670321e-01,8.847902455854267378e-01,8.686143050179391256e-01
9.285716278198233864e-01,9.489407573307114818e-01,9.056247662245470176e-01,9.105211856764947598e-01,9.326277959722176769e-01,9.282508131214765035e-01,9.588993551110898128e-01,9.752958503026947223e-01,1.000000000000000000e+00,9.631745689552462242e-01,9.402746400350753264e-01,9.589284398749958749e-01,9.630036937732104896e-01,9.533852073240292047e-01,9.749001493502501559e-01,9.225386643218362881e-01,9.335138602383239448e-01,9.679839584471783276e-01,9.848404049681849237e-01,9.656243098875845199e-01,9.125743485658941445e-01,9.504674816431618600e-01,9.724390538499082526e-01,9.608977574994012061e-01,9.227345245297563503e-01,7.922662082901373859e-01,9.512120415954030683e-01,9.582295345270431808e-01,9.595318242828224653e-01,9.327964190525998012e-01,8.209077291657886910e-01,9.259028309752899144e-01,9.543461722510057088e-01,9.797077754611596134e-01,9.564623419201743193e-01,9.742096804976991820e-01,9.280753439136334437e-01,9.354474842655327027e-01,9.592635787783900803e-01,9.719334947301658811e-01,9.667230172566168012e-01,8.768891328602648194e-01,9.456075881605146005e-01,9.118606061297014342e-01,9.064462175508517516e-01,9.006473587145007453e-01,9.601872426217119560e-01,9.791410233242230365e-01,9.678013513592134132e-01,8.494088551250904562e-01,9.551862727416469134e-01,9.282848527381070136e-01,9.498769895308892819e-01,9.777495633569938116e-01,8.633681374078613358e-01,9.728648241172176414e-01,9.701954794692541073e-01,9.505107136231294440e-01,9.352117020521403257e-01,7.265860362645316650e-01,9.575105599646791532e-01,9.460740147517734400e-01,9.682601705289999305e-01,9.573001089466711688e-01,8.967277814163323590e-01,9.777137647741136472e-01,9.636496159305586451e-01,9.679559925409976229e-01,9.776579258660034188e-01,9.842199133607475448e-01,9.042795031578841902e-01,9.299886175212632722e-01,9.759398955165305978e-01,9.551671090834585875e-01,9.572887000016498948e-01,8.079097842402144236e-01,9.780975496834599658e-01,9.716370049064844139e-01,8.500033161762150513e-01,9.286218581719436482e-01,9.418347571708388655e-01,9.622304509189836264e-01,8.817231283390432051e-01,9.181495769634890891e-01,9.513079030310107598e-01,9.573204740935363777e-01,9.007355372785816883e-01,9.316956124685711327e-01,9.790098388393517759e-01,9.505530402184774186e-01,9.764288033053971638e-01,9.645244384539579663e-01,9.300176532725832335e-01,8.085878729337325765e-01,9.057078643975049470e-01,8.801398399507535109e-01,9.247889884959032969e-01,9.491803089412580441e-01,9.718590576967846006e-01,8.815769923003600184e-01,8.871604084183358774e-01,8.684391998055371875e-01,7.080917083318056804e-01,7.005895838433988665e-01,8.408942747039057641e-01,8.520003987130436718e-01,8.588592104594654497e-01,8.587944019376225757e-01,6.970391242453369829e-01,5.817657505684303842e-01,6.842352405339042765e-01,6.643758997441446823e-01,9.324145392858618209e-01,9.249298539234978023e-01,9.736908657791731869e-01,9.469399715047432942e-01,9.242399705180841529e-01,9.241951890833839389e-01,9.027768559605825471e-01
9.723342958042159312e-01,9.362883363886197463e-01,9.440420966596453356e-01,8.580121621577874169e-01,9.165498366998493518e-01,9.424208106009333008e-01,9.809678220352517908e-01,9.422104194124567567e-01,9.631745689552462242e-01,1.000000000000000000e+00,9.673951527743792633e-01,9.776616294691389264e-01,9.716869843007960306e-01,8.675773741892061075e-01,9.420007974307014198e-01,9.767218694675522395e-01,8.736773214673947408e-01,9.348287802621642051e-01,9.606579515420903270e-01,9.158051956300049534e-01,8.329337514439230095e-01,9.908168558748320365e-01,9.669356018437270661e-01,9.537843475118565895e-01,9.812174869791971954e-01,9.180113831820641002e-01,9.554978811640570946e-01,9.882377375392967789e-01,9.783363753595454293e-01,8.733617089788145993e-01,9.297563599770445331e-01,9.781994600291321618e-01,9.920221816118788283e-01,9.787367979131822437e-01,9.938299259435556809e-01,9.315370071299016175e-01,9.734379310254032136e-01,9.896521343669111292e-01,9.881342623226344601e-01,9.879838333452768406e-01,9.625266364646769546e-01,9.480193601324405916e-01,9.894238832633278635e-01,9.770642422339350652e-01,8.857410661591147427e-01,8.163517812457158351e-01,9.438925966861244632e-01,9.650526250469928513e-01,9.913823049069071525e-01,9.403455037081591694e-01,9.774723357966550452e-01,9.666621667669538231e-01,9.660750379562269563e-01,9.391455837988567090e-01,9.123887144814815109e-01,9.647653972615459761e-01,9.780550498554289041e-01,8.970187925522402628e-01,9.835030749576221254e-01,8.657596407664759353e-01,9.631717511759363415e-01,9.715787481325637298e-01,9.604451732573209277e-01,8.912685183718798143e-01,8.099148457668091661e-01,9.381685857879492607e-01,9.893881505740791393e-01,9.503533703899312846e-01,9.542217416981638722e-01,9.543047519841183490e-01,8.055207317230455022e-01,9.899879887664344569e-01,9.874264323577677249e-01,9.762465273407773259e-01,9.347724896914041404e-01,9.266913879727418646e-01,9.903793644809869567e-01,9.787676165968309805e-01,9.403237713658056940e-01,9.877712511825511577e-01,9.050146098537658057e-01,9.574338952215574183e-01,8.693163060327669944e-01,9.829286313708059941e-01,9.669509559326263659e-01,9.663377280117795287e-01,9.712235677936110756e-01,9.776609479926930968e-01,9.372240709358847788e-01,9.881789165035848033e-01,9.879273985218542942e-01,9.936585739169943032e-01,9.838566211967072483e-01,9.077689006618971934e-01,9.755436769420740006e-01,9.576469079102734039e-01,8.545249129563742274e-01,9.641197633429841041e-01,9.748859698457799094e-01,9.485868748030340525e-01,9.698748560034895494e-01,9.611804313892307050e-01,8.065362656242998085e-01,8.026598193052137953e-01,7.762072334767358139e-01,8.118327096322859315e-01,9.350961105547795915e-01,9.356280868480894020e-01,8.390351471270475203e-01,7.578740746802081762e-01,7.926842478063420572e-01,7.814810719207373468e-01,9.010840999933549256e-01,9.179745020597384064e-01,9.864478414851078902e-01,9.836756822633427877e-01,9.647311162923419836e-01,9.616236621587337385e-01,9.280802120552240631e-01
9.853945559934755849e-01,9.609508895778471338e-01,9.929099699668766377e-01,8.041226041284379455e-01,9.151648479360148247e-01,9.843569760184045503e-01,9.534975700976342505e-01,9.317011475621882477e-01,9.402746400350753264e-01,9.673951527743792633e-01,1.000000000000000000e+00,9.830148509813048108e-01,9.613489928260570139e-01,8.347502767120476008e-01,9.086782291137820433e-01,9.439773965714390869e-01,8.315015393140353650e-01,9.010895709937168929e-01,9.315181733677579956e-01,8.975777313165519411e-01,7.677334463120807362e-01,9.535696592816805817e-01,9.642189886590741832e-01,9.038447816577162008e-01,9.407743670700519090e-01,8.852897038143678898e-01,9.130028796679821035e-01,9.737234616619350192e-01,9.833000233416498981e-01,8.158698696226849290e-01,8.863312716451394735e-01,9.199417725004380708e-01,9.777894771940337515e-01,9.400383096405743322e-01,9.630022708919214747e-01,8.909033408517195163e-01,9.656081758043112417e-01,9.744018577074261556e-01,9.755865399989152031e-01,9.667818633816179785e-01,9.566723262397729410e-01,8.702573570785251400e-01,9.406426156977326647e-01,9.696736806558594601e-01,8.107574123503027419e-01,7.513905017639900263e-01,9.107302023926122647e-01,9.712357629945672644e-01,9.791954834756153581e-01,9.601939885697539090e-01,9.829573040047938637e-01,9.955606653458555222e-01,9.320879380008341153e-01,9.093897914203590283e-01,9.758729201410926146e-01,9.666420654680207836e-01,9.693402385845091285e-01,9.007854810529944967e-01,9.368191672577294016e-01,8.545694861322115088e-01,9.493087050229860324e-01,9.810602488706450242e-01,9.824364594352369418e-01,8.748395496080897393e-01,7.583451891782563292e-01,9.135537641538904463e-01,9.576817993830464282e-01,9.467254013835579851e-01,9.240620680213027516e-01,9.247470847820284945e-01,7.501841851293860053e-01,9.798377693375180941e-01,9.689108362250317130e-01,9.839659785181033014e-01,8.860497764272228238e-01,8.860013753663961156e-01,9.581257964820594220e-01,9.327057918609511500e-01,8.684486679368630391e-01,9.449720482941325050e-01,8.747093852541338865e-01,9.363761056006802974e-01,8.007635910135020296e-01,9.697269357005637858e-01,9.655130149574500109e-01,9.578474452440037812e-01,9.712192318594030649e-01,9.218097858169486125e-01,9.555956582379533382e-01,9.730375046291175334e-01,9.566699529715207984e-01,9.757921059351271076e-01,9.579567843848180164e-01,8.281601959147610881e-01,9.208540367596680376e-01,9.058813635662954500e-01,7.948247042213540947e-01,9.406756443154351555e-01,9.808694329958391744e-01,9.826451828205127192e-01,9.232494520657142933e-01,9.277796528843105239e-01,6.973782070100383867e-01,7.017916985581783562e-01,6.765074197500658970e-01,6.884499070028726742e-01,9.741134990742645883e-01,9.713262772644981613e-01,8.030893776615984914e-01,7.032334808412092908e-01,6.679864040093186350e-01,6.524994676829291018e-01,8.332061544646089946e-01,8.334159964064937753e-01,9.488838736661636686e-01,9.500037878381514256e-01,9.093635549292843345e-01,8.965101648073519058e-01,8.329521824737119440e-01
9.768703021562394895e-01,9.564438533946334475e-01,9.643290324686472070e-01,8.812717888444068226e-01,9.398555763227880444e-01,9.799942017260540039e-01,9.886813096441241511e-01,9.702226017148934956e-01,9.589284398749958749e-01,9.776616294691389264e-01,9.830148509813048108e-01,1.000000000000000000e+00,9.915964605102289831e-01,8.898917981837224378e-01,9.585176658141579820e-01,9.593079890407296695e-01,9.051444072163202792e-01,9.524824580250952355e-01,9.626208994319228607e-01,9.394280444363760640e-01,8.526235213298800630e-01,9.726222946367237832e-01,9.899724425725517918e-01,9.568618587914580198e-01,9.420485368558553230e-01,8.720606894474804971e-01,9.682522965734196019e-01,9.928574446198875636e-01,9.821182147717243405e-01,8.946838261708989215e-01,8.854299309209556768e-01,9.340086641832756609e-01,9.882567946192558628e-01,9.726827148086876207e-01,9.852537482722202311e-01,9.401477656356130863e-01,9.863878712401685789e-01,9.695328975150032669e-01,9.932504157553123658e-01,9.871373895807258325e-01,9.914686867323253550e-01,8.885219747679478086e-01,9.663593707679765110e-01,9.696603142397866026e-01,8.710221060235227020e-01,8.271822675149400617e-01,9.657487488668010656e-01,9.914234114473684523e-01,9.774109204150674968e-01,9.412152477593149769e-01,9.956089203891842487e-01,9.810502680427179989e-01,9.703430847168418305e-01,9.542072461861426103e-01,9.476510065827274953e-01,9.769706058984261032e-01,9.957047797149450874e-01,9.265047902110554734e-01,9.576138855335054600e-01,8.144611967371798711e-01,9.857557310867032241e-01,9.959185110467085877e-01,9.861995513291837989e-01,9.201699679673474019e-01,8.356422760996916610e-01,9.611354480313784032e-01,9.846707467987358964e-01,9.798267594430765115e-01,9.681778824766105185e-01,9.671552540427387212e-01,8.290814597240522277e-01,9.747375765653374380e-01,9.893863514978413765e-01,9.962994641867073398e-01,9.469196133693913442e-01,8.936088453540004251e-01,9.817718819943372921e-01,9.740349381662294359e-01,8.817600216649336131e-01,9.515452867350840949e-01,9.378653710014686062e-01,9.725613150880283442e-01,8.498149012750049192e-01,9.791565759022025084e-01,9.955398039001956967e-01,9.913909426066319641e-01,9.745206686096924420e-01,9.553881754283026773e-01,9.657485611516857249e-01,9.912518454789118749e-01,9.817904982533198766e-01,9.829336807919117902e-01,9.611565270698954055e-01,8.392950277716934027e-01,9.494673504499518968e-01,9.224011557223790181e-01,8.716292222745383178e-01,9.822156560059781549e-01,9.810726830468101678e-01,9.642119018516361884e-01,9.262080482681391835e-01,9.234293848588590592e-01,6.981676178739357752e-01,6.913155351416802041e-01,7.778242875144164570e-01,7.899217257699384653e-01,9.474305099457316359e-01,9.316590342186713558e-01,7.681800698063725452e-01,6.635860305079666066e-01,6.610932574569409192e-01,6.517019178499703358e-01,8.853019791292902063e-01,8.870029335199047793e-01,9.774341153201322463e-01,9.673300691747366287e-01,9.292431207808647953e-01,9.197448779848760303e-01,8.821915396561126332e-01
9.500211382924866887e-01,9.312833469133192654e-01,9.360921481000118449e-01,8.985440910336186526e-01,9.258687579623906538e-01,9.615610052241239103e-01,9.937534000573244874e-01,9.850996839542287553e-01,9.630036937732104896e-01,9.716869843007960306e-01,9.613489928260570139e-01,9.915964605102289831e-01,1.000000000000000000e+00,9.142769333794902309e-01,9.768800160175891145e-01,9.474289454269300137e-01,9.286258123467107106e-01,9.620108363081553149e-01,9.626382807264836083e-01,9.681314490948486062e-01,8.876223349114102934e-01,9.676265271125097378e-01,9.833537760626931412e-01,9.645383986845956770e-01,9.323916992386908076e-01,8.497401908932026293e-01,9.765652412205942934e-01,9.911028712392651041e-01,9.815237808365335770e-01,9.267433207424313757e-01,8.654225489498214019e-01,9.299676797271099193e-01,9.845301804621526820e-01,9.768736440721641490e-01,9.836652059583631535e-01,9.558019759546789729e-01,9.789447451520805199e-01,9.550575690986540245e-01,9.861316319340955872e-01,9.897339782964188482e-01,9.937236117345322750e-01,8.860104265161138359e-01,9.683606036268483930e-01,9.472656716423197842e-01,8.752597982396697063e-01,8.508099104810746827e-01,9.846871252763471638e-01,9.878795495606883525e-01,9.676387018016693320e-01,9.077835035852607204e-01,9.845520012760111683e-01,9.552974561961925515e-01,9.705447458194029764e-01,9.625714212269105285e-01,9.070103213634309602e-01,9.843183482807609241e-01,9.966613022366375141e-01,9.494276974950790482e-01,9.550277122895597381e-01,7.693215780172508733e-01,9.894411129889020273e-01,9.914126482493539338e-01,9.790710856781201787e-01,9.485653108778309139e-01,8.781475110318932575e-01,9.783467401394219110e-01,9.904361296994432795e-01,9.906658057073615131e-01,9.857855323159555594e-01,9.803018276492068139e-01,8.665328757770069945e-01,9.591318683426918179e-01,9.821186785793993845e-01,9.903792768338932628e-01,9.690362178370142132e-01,8.716215056418095131e-01,9.788464126185136838e-01,9.813378953694575912e-01,8.732358578357192203e-01,9.447714188394947810e-01,9.664672237627824902e-01,9.924328725131948969e-01,8.534361481016707884e-01,9.663960537475471124e-01,9.919559104626045620e-01,9.987416987880189945e-01,9.586483028638521642e-01,9.703641263304387810e-01,9.592620741205977186e-01,9.899426235868109547e-01,9.903123578864764243e-01,9.781866639106695516e-01,9.462890233895328018e-01,8.343091298582648863e-01,9.438800910564826285e-01,9.139370991565475277e-01,8.935043049106664581e-01,9.790380949535918420e-01,9.785050980922770369e-01,9.315194417085379541e-01,9.172070172119097808e-01,9.097163740348688243e-01,6.970568855193108870e-01,6.790187941969985097e-01,8.087330627220651325e-01,8.300405265122272613e-01,9.081814523207665246e-01,8.897804558901332150e-01,7.332434096165660886e-01,6.202492869242243190e-01,6.604685688688621825e-01,6.490213238378228500e-01,8.973805053599509529e-01,9.045252501185653271e-01,9.816759676565345316e-01,9.546548568376012067e-01,9.243008268133233729e-01,9.194097136443593055e-01,8.973022256247937811e-01
