1.000000000000000000e+00,9.858764622615057149e-01,9.670298329729565268e-01,9.208683068023065799e-01,8.297985712939164316e-01,8.515829368045071401e-01,9.810286781716944793e-01,9.716845687087960481e-01,8.553480788393997836e-01,8.274078283075879670e-01,9.679734910150115113e-01,9.785846475513457765e-01,9.757476526024367880e-01,9.472935648688316501e-01,9.209214661366071919e-01,9.237564572072218816e-01,9.768550262232377213e-01,9.678358510846931662e-01,9.753159302708538370e-01,9.195320647100775346e-01,5.747127842523838126e-01,6.062168648337472598e-01,8.988699255962619983e-01,8.741947455833442016e-01,6.461036268415067951e-01,8.042921958070193833e-01,9.635501992082230460e-01,9.188780926749268163e-01,8.579872120133271718e-01,9.745116278294125856e-01,9.490747548058617866e-01,9.832262173547916539e-01,9.675468457842995029e-01,8.942200821673716993e-01,9.807739495296478038e-01,9.724917554893287575e-01,8.011839719095046330e-01,8.862646077899098973e-01,9.117162386732904356e-01,9.632619954238799131e-01,9.341281742023240797e-01,9.548288047500090858e-01,9.470880095245575170e-01,9.826035254527145657e-01,9.452030654855785308e-01,9.679696060006062197e-01,9.868905702639004796e-01,9.754560564101895093e-01,9.643793638815144620e-01,9.783664189843088721e-01,9.822530550668835403e-01,9.672826456412018103e-01,8.765215279394723558e-01,8.989860573520334075e-01,9.750467447676328669e-01,9.865760759429936799e-01,9.660062099756167031e-01,9.756224150155905495e-01,9.740696460362645581e-01,9.643943687177141122e-01,9.674336812628899773e-01,9.458676447564545731e-01,9.500057118648301824e-01,9.651198762958614896e-01,9.123102113164168747e-01,8.812577062432819242e-01,9.596193933519628905e-01,9.716164576760665250e-01,8.764414224862643321e-01,8.340222513183482844e-01,9.674035008433710114e-01,9.671689152405669176e-01,8.360031027259138270e-01,9.333724969947845285e-01,8.913493007731794204e-01,9.298655914470616013e-01,7.356627651830833781e-01,7.957983095725813527e-01,8.870554491186699586e-01,8.203918043038549435e-01,8.023947728731499751e-01,7.791582159038985544e-01,6.297654754677692868e-01,6.964864784871969139e-01,6.469982741533685244e-01,7.121024464349879901e-01,6.471035259360520264e-01,6.684233727273323211e-01,5.565261911508083692e-01
9.858764622615057149e-01,9.999999999999997780e-01,9.767914156688781713e-01,9.510209432523143436e-01,8.862926050438165726e-01,8.957586143290851011e-01,9.899489691607696873e-01,9.893227404039520723e-01,9.073686357925621060e-01,8.906979220287137844e-01,9.494021795803870845e-01,9.913382923072144859e-01,9.865975120513851282e-01,9.809456381227505961e-01,9.640481879436301194e-01,9.626926755195956975e-01,9.592606936979408694e-01,9.436521263926302971e-01,9.470302925341275158e-01,8.704608230576138528e-01,6.581727635204455140e-01,6.878474599698707337e-01,9.332353430194050281e-01,9.159042637201824100e-01,7.332401060514192048e-01,8.650643391163272966e-01,9.482128197073500520e-01,9.420473029675149323e-01,9.006817432712408422e-01,9.786380917662663714e-01,9.380902065728768946e-01,9.550521558728737315e-01,9.699527886722296710e-01,9.230764018331265586e-01,9.676840469442812287e-01,9.429726081094025325e-01,8.609647003762630479e-01,9.248381122244333508e-01,9.299285506052233918e-01,9.689103399037339859e-01,9.413324080836088514e-01,9.615149829850782037e-01,9.482120733820132985e-01,9.718505013186601316e-01,9.357111651842637823e-01,9.624647251370359591e-01,9.914368572988552231e-01,9.886969275782067079e-01,9.812179832659830847e-01,9.858533682389247765e-01,9.755011044380095253e-01,9.855530309698814495e-01,8.317270515018233557e-01,8.772156621398565779e-01,9.408304214648490760e-01,9.680618825180263842e-01,9.745879828379202525e-01,9.915690125005882649e-01,9.791621845700623217e-01,9.862794712998850244e-01,9.379702782802095129e-01,9.248431821538865005e-01,9.655257629195127533e-01,9.620239766170337603e-01,9.401259536092250180e-01,9.148555134700803171e-01,9.599952386188067566e-01,9.778420886300017711e-01,9.042751252022163122e-01,8.828648082210227566e-01,9.407547456718410306e-01,9.383601556307131775e-01,8.686944625167167811e-01,9.478040110432304211e-01,9.320358573193185947e-01,9.660443191921006534e-01,8.134229717102545720e-01,8.595096178670753595e-01,9.218072447488196985e-01,8.741661994381537681e-01,8.621149923451891794e-01,8.509754347338095437e-01,7.217373911643406581e-01,7.793304099111417749e-01,7.335391028885991371e-01,7.916550275826432781e-01,7.347414598639157024e-01,7.538066652457051653e-01,6.547096789523240146e-01
9.670298329729565268e-01,9.767914156688781713e-01,1.000000000000000000e+00,9.775005712720619133e-01,9.064745492307362262e-01,9.138215042838215840e-01,9.932175538526645253e-01,9.902263391801942038e-01,9.277172923759271495e-01,9.078050962234914811e-01,9.259485961831267486e-01,9.707784860221233547e-01,9.729856777386188815e-01,9.667101445655350567e-01,9.625637197719389970e-01,9.569175248586843097e-01,9.561154472122888048e-01,9.201619810834416047e-01,9.505140512598454494e-01,8.799928404220496159e-01,7.268806243655135946e-01,7.268624911309240488e-01,9.618576198184887183e-01,9.571974579973439035e-01,7.728954264773129079e-01,8.943347719459282530e-01,9.643376325444813491e-01,9.556148294721202863e-01,9.265589720720746048e-01,9.900312036406029303e-01,9.723640060849284561e-01,9.546022898115420485e-01,9.769007782592610267e-01,9.488242098220276421e-01,9.767293412373989625e-01,9.484303669939261328e-01,8.965668537078644862e-01,9.396832177607150616e-01,9.625004676609816290e-01,9.733428226332145883e-01,9.428041369064166233e-01,9.794155517287410628e-01,9.561015732654019050e-01,9.745670869799296643e-01,9.454593452469901571e-01,9.776218322036931418e-01,9.864612048835689206e-01,9.843882454722019393e-01,9.877840793048396906e-01,9.868449752496151195e-01,9.630213637048765651e-01,9.601416682790040458e-01,8.043298827670340989e-01,8.420847556626063213e-01,9.388705382765902829e-01,9.380765060822722212e-01,9.910280667419061329e-01,9.736909971322180724e-01,9.784593772009710921e-01,9.628462391882528504e-01,9.345075602333483555e-01,9.398546637982063690e-01,9.762534174517968344e-01,9.480866512342497332e-01,9.764032395346577964e-01,9.593883188665539574e-01,9.685869859807499926e-01,9.857634663069883008e-01,9.245400093308837608e-01,9.158598665057977595e-01,9.581759016823193642e-01,9.381208089577079967e-01,8.235230442360321756e-01,9.378537223200098527e-01,9.328618416919578493e-01,9.545835905885050598e-01,8.438860274654662597e-01,8.901135074355031040e-01,9.613728819761133693e-01,8.950421735769251708e-01,8.996899024762319286e-01,8.684983864061557313e-01,7.757641773973764643e-01,8.259144743400574917e-01,7.740488626318412502e-01,8.287715583949344378e-01,7.940183680538106525e-01,8.105547655887349601e-01,7.034294090829125157e-01
9.208683068023065799e-01,9.510209432523143436e-01,9.775005712720619133e-01,9.999999999999998890e-01,9.667328598883083712e-01,9.604594918394365743e-01,9.726593441978361732e-01,9.810007444957283829e-01,9.548831354105724589e-01,9.468079101331048353e-01,8.598805506218557548e-01,9.508770652883709040e-01,9.639556805159191777e-01,9.681413160720782063e-01,9.786253840295902062e-01,9.652020924166059279e-01,9.238359109209277609e-01,8.654105660718468540e-01,8.981396176766593964e-01,7.717846763696554202e-01,8.199247520913027776e-01,8.374748841879511296e-01,9.859452138650448560e-01,9.728686540165952801e-01,8.762431428272037248e-01,9.572590520582541229e-01,9.280840152614509009e-01,9.777377895357466375e-01,9.762433738320668297e-01,9.616239819321685811e-01,9.470797237907370159e-01,9.022225843897876407e-01,9.664867350165810000e-01,9.844142319673393482e-01,9.345111980096825199e-01,8.801836370341189486e-01,9.550302509496282344e-01,9.751191506910467099e-01,9.598935071465501956e-01,9.364750295850677864e-01,9.064501832705674778e-01,9.796666892480480060e-01,9.131976309466740549e-01,9.375381616628422066e-01,8.828960170152085896e-01,9.301590100277240536e-01,9.546043809741894259e-01,9.637486952260653217e-01,9.616248833819003305e-01,9.514984713185242748e-01,9.220365680023969723e-01,9.486857067893772477e-01,6.789337485156750063e-01,7.459487131092779055e-01,8.594421042460713700e-01,8.701872280578252239e-01,9.765450290621793261e-01,9.627458195709904798e-01,9.587614022900039501e-01,9.494351775934131155e-01,8.597397027745119491e-01,8.717285557954861375e-01,9.829411110990824429e-01,9.229842053794501400e-01,9.799617567402441054e-01,9.530467806507657569e-01,9.591351700344115105e-01,9.677550298356590863e-01,9.701477236511576452e-01,9.751099336396384931e-01,8.986215215826913738e-01,8.686752260363228562e-01,8.632568293208393584e-01,9.557002914785706071e-01,9.687121975936395790e-01,9.732470749628174822e-01,8.964855228246830787e-01,9.167488810275606914e-01,9.933120557100099113e-01,9.590948963944168071e-01,9.658394507001990537e-01,9.408335076261911123e-01,8.567933700611698455e-01,8.865116143456293063e-01,8.743984158653534955e-01,9.077800478800978068e-01,8.814541059314568994e-01,8.835265799773643902e-01,8.163044558360608161e-01
8.297985712939164316e-01,8.862926050438165726e-01,9.064745492307362262e-01,9.667328598883083712e-01,1.000000000000000000e+00,9.670540012498066718e-01,9.002053452626932462e-01,9.221778873793774478e-01,9.205373239277343522e-01,9.343461590050566867e-01,7.351853116303103119e-01,8.859061449452457770e-01,9.083362298926836997e-01,9.285845044103198109e-01,9.535261660743854506e-01,9.320494105514693928e-01,8.373588104007563260e-01,7.469946356106967889e-01,7.913684494295708527e-01,6.148695672878103924e-01,8.580923831781259725e-01,9.187854264969845808e-01,9.655923526602477880e-01,9.422022511496652708e-01,9.547719922658990388e-01,9.859284149337140812e-01,8.302887080795924302e-01,9.547589690750339919e-01,9.773405484709455360e-01,8.940539660054828142e-01,8.537208404980713983e-01,8.011117158000746752e-01,9.124863684403078379e-01,9.678225651602271329e-01,8.450637107251876001e-01,7.579799957959415524e-01,9.648996984053371806e-01,9.747149429520118868e-01,9.053117645176532724e-01,8.646931784539229060e-01,8.077605167617590842e-01,9.276122096776178161e-01,8.159566431142382115e-01,8.350112048771399786e-01,7.696363058942504720e-01,8.356295640798031554e-01,8.738821497931897886e-01,8.969077204456535890e-01,8.929403194825438206e-01,8.797594905214961569e-01,8.349711296525005322e-01,9.020251975301037950e-01,5.021213701249751526e-01,5.918605524635469628e-01,7.301187776259854267e-01,7.701568638047664450e-01,9.185102276070160610e-01,9.180134134345157015e-01,9.075701627480607936e-01,9.051799348189857319e-01,7.329968186708905042e-01,7.519491905509761986e-01,9.489442244596479892e-01,8.711477375818019731e-01,9.346936996892227789e-01,9.015467749349974635e-01,9.021388998448524044e-01,9.112827017031002175e-01,9.634177571779365401e-01,9.893296162692007956e-01,7.833584954973301651e-01,7.588154032133214155e-01,9.093477399712897036e-01,9.337541864192573371e-01,9.832389339568892161e-01,9.654111082031857638e-01,8.907747110166408522e-01,8.848519003021246832e-01,9.712084685063617773e-01,9.921856609006396432e-01,9.883011671671699805e-01,9.772283046230031411e-01,8.913402681806450456e-01,9.001709718293713358e-01,9.442819734096196127e-01,9.578859178760426030e-01,9.304257739937044080e-01,9.088344852539802510e-01,9.038119999455563880e-01
8.515829368045071401e-01,8.957586143290851011e-01,9.138215042838215840e-01,9.604594918394365743e-01,9.670540012498066718e-01,1.000000000000000000e+00,9.100993753085883098e-01,9.341048111882547245e-01,9.010243019305770318e-01,8.953212346858420156e-01,7.831361071003245522e-01,8.979035626061901976e-01,9.301360538668299593e-01,9.193326110831490094e-01,9.421750255895346982e-01,9.291209780687723629e-01,8.775147357203414433e-01,8.117826185124339400e-01,8.421626819069021330e-01,6.637844186168966321e-01,8.683043357585437105e-01,8.336239583640978612e-01,9.789490119516480737e-01,9.556635426367189323e-01,8.866421004876847700e-01,9.515422305823075799e-01,8.879549747537780480e-01,9.804296250926787248e-01,9.872324891105763722e-01,9.121318254225226907e-01,8.892403155644710289e-01,8.405762910991971815e-01,9.284180083000579398e-01,9.528692621337868651e-01,8.627662087581435824e-01,8.061872725804392070e-01,9.622771794613755869e-01,9.871117678435602505e-01,9.514619109546057496e-01,8.862058765209832600e-01,8.685877002024949833e-01,9.409665319076780943e-01,8.738433303963781817e-01,8.694932202128866638e-01,8.394114561182461909e-01,8.796866823722981898e-01,9.015870079628661715e-01,9.206378737925302591e-01,9.048410089349641083e-01,8.977578736555372751e-01,8.802562775896093372e-01,9.090565663174041688e-01,5.610290838267275593e-01,6.492599007649528797e-01,7.782684570557714121e-01,7.908422618608903498e-01,9.298772413017428740e-01,9.180688151365027361e-01,8.996999311039033387e-01,8.892384064032587965e-01,7.950223501356439293e-01,8.164370437675056991e-01,9.565439062613303456e-01,9.162492602121148355e-01,9.102423439468982913e-01,9.094575784697320753e-01,8.999138265681098092e-01,9.005839071657439909e-01,9.474506062845996501e-01,9.609067446956777170e-01,8.193018330388146531e-01,8.004883628692878172e-01,8.950985068928765109e-01,9.448830801425686099e-01,9.692286454043695931e-01,9.462123044206293132e-01,8.580886848899520469e-01,8.499727492543189822e-01,9.634066513950023669e-01,9.414090189894175342e-01,9.573179284547782553e-01,9.227465079005146009e-01,8.646468021451316766e-01,8.921567908823062609e-01,9.040708788609546076e-01,9.419023624729232491e-01,8.920779854585139113e-01,8.794267126428092496e-01,8.421673169872535558e-01
9.810286781716944793e-01,9.899489691607696873e-01,9.932175538526645253e-01,9.726593441978361732e-01,9.002053452626932462e-01,9.100993753085883098e-01,1.000000000000000000e+00,9.953269179771659925e-01,9.285753371656848554e-01,9.075845126832015053e-01,9.454976824032365057e-01,9.856983845516678056e-01,9.856534867640116548e-01,9.766456731421956361e-01,9.668010119222805177e-01,9.637101453616684354e-01,9.678455943181435428e-01,9.417772976783568284e-01,9.563558987625881969e-01,8.769935520053147027e-01,6.978223022315576118e-01,7.148711815664067215e-01,9.515498836633087265e-01,9.382396175257889936e-01,7.575753528166877526e-01,8.835025545228183397e-01,9.638436466865372143e-01,9.550998257142128134e-01,9.214311519248155058e-01,9.860560392045440992e-01,9.676381135771869868e-01,9.611531648185200893e-01,9.786155701253465011e-01,9.467406960744272348e-01,9.772632035254421590e-01,9.511475217301821328e-01,8.847153508278959855e-01,9.358251346621802025e-01,9.502271864246178978e-01,9.673955835681723459e-01,9.478390424649989487e-01,9.797617264981783869e-01,9.555912733307212470e-01,9.847349696468250535e-01,9.417823716477000673e-01,9.729547593451801646e-01,9.941226244574536963e-01,9.906235371835778736e-01,9.855298974023839476e-01,9.858714061038157395e-01,9.741518247408121889e-01,9.759792292681578330e-01,8.208300706956073167e-01,8.651667482065165116e-01,9.444138086624950246e-01,9.518423922651083613e-01,9.872369899115915892e-01,9.851194236307366792e-01,9.800053068493249642e-01,9.758002653346014021e-01,9.397384497868375153e-01,9.354052858645809376e-01,9.767167943537830022e-01,9.545470975828564963e-01,9.629613264184717636e-01,9.373372939206215948e-01,9.712970649964076664e-01,9.847148156490307391e-01,9.272476804458967825e-01,9.091452777012603015e-01,9.562057926246937400e-01,9.400988367099090137e-01,8.418040861348573545e-01,9.497806031223056111e-01,9.327820644954162299e-01,9.619349501520837453e-01,8.351183366670129615e-01,8.828795224550674003e-01,9.516000320418004366e-01,8.903228379700277584e-01,8.876069005375943899e-01,8.652766258204270811e-01,7.529019531826528500e-01,8.037001344118683832e-01,7.569898922096649496e-01,8.104281403068869238e-01,7.686334021412390971e-01,7.867782429141736422e-01,6.813547083697446549e-01
9.716845687087960481e-01,9.893227404039520723e-01,9.902263391801942038e-01,9.810007444957283829e-01,9.221778873793774478e-01,9.341048111882547245e-01,9.953269179771659925e-01,1.000000000000000000e+00,9.392988283870133959e-01,9.216203028573759504e-01,9.292353346381091450e-01,9.856327750761519901e-01,9.905969658291197133e-01,9.862403523326008781e-01,9.786902860847499497e-01,9.753806835761864580e-01,9.586135944513269891e-01,9.317561359816584066e-01,9.420760350352526125e-01,8.456188204078531889e-01,7.345862913001619532e-01,7.442608373111876396e-01,9.669193283476866796e-01,9.531079531148918260e-01,7.890310980560079068e-01,9.062227788797343475e-01,9.569473056468121852e-01,9.680562607402838360e-01,9.409377814450522459e-01,9.833993226705955992e-01,9.571393190542876184e-01,9.473071382513305050e-01,9.783520850385258871e-01,9.530210625643844580e-01,9.641213644519710524e-01,9.327095464304868688e-01,9.089121785931963959e-01,9.569650367945685687e-01,9.592880183590195564e-01,9.673902910387249809e-01,9.456507927630328769e-01,9.796732914410701820e-01,9.515886899735203075e-01,9.733371491964681876e-01,9.365156310758488978e-01,9.661896806065928267e-01,9.914955017329762921e-01,9.940497994434016604e-01,9.853066400051390117e-01,9.826554363956625515e-01,9.715397547846547077e-01,9.814232783996357234e-01,7.873121250574675045e-01,8.442966875469010146e-01,9.240632735879348303e-01,9.389505603580801107e-01,9.868936019436145290e-01,9.883206882676858207e-01,9.789540746806014715e-01,9.782208889189891732e-01,9.230248085435295291e-01,9.205261326136097155e-01,9.817102990857442535e-01,9.593932648693384024e-01,9.646067831695099848e-01,9.435856198653187477e-01,9.661194625821218906e-01,9.806298279382732463e-01,9.368233224940811787e-01,9.247833846148088011e-01,9.370931059360183557e-01,9.221854524623149807e-01,8.669047865378174400e-01,9.605193243988114915e-01,9.512185174281497790e-01,9.738192836469857783e-01,8.557963185288909314e-01,8.945823648695692132e-01,9.602808557892011931e-01,9.096469520921864893e-01,9.097924819510957439e-01,8.896052268734093715e-01,7.844597501495504943e-01,8.334578463055793973e-01,7.919969642417845623e-01,8.439439122799938797e-01,7.995690496271222747e-01,8.150444296504946173e-01,7.189981241520739808e-01
8.553480788393997836e-01,9.073686357925621060e-01,9.277172923759271495e-01,9.548831354105724589e-01,9.205373239277343522e-01,9.010243019305770318e-01,9.285753371656848554e-01,9.392988283870133959e-01,9.999999999999998890e-01,9.845410638440935669e-01,8.187599832528453803e-01,9.119013832890213722e-01,9.105392381515341471e-01,9.549354981089610561e-01,9.663517129881478152e-01,9.660189725699717123e-01,8.334657651796748556e-01,8.090134486330146091e-01,8.001371191401212002e-01,6.942714482609089188e-01,8.240337184881740829e-01,8.379966584236258065e-01,9.351994622371716526e-01,9.450933453995941091e-01,8.665824847389884678e-01,9.298519473969739657e-01,8.417135540954612249e-01,8.995371077512948066e-01,9.192653199431632949e-01,8.911086388291697968e-01,8.689782788663131807e-01,8.040731684241471111e-01,8.789242048227821069e-01,9.223487104233147882e-01,8.469107249717948704e-01,7.980053808490221723e-01,9.366547176647801454e-01,9.197121021106129390e-01,8.975887614638782264e-01,8.721562111265729333e-01,8.888347109384051592e-01,8.985156384379658911e-01,8.658140795333786333e-01,8.832708282339509775e-01,8.427718823293330885e-01,8.673610568613936422e-01,9.088141711549597712e-01,9.276667297813689927e-01,9.254362547288474961e-01,8.886474323217952165e-01,8.627802989269282019e-01,9.106297451823394118e-01,6.569599746764895887e-01,7.569860696739183492e-01,7.833964743011757603e-01,8.066040693132296990e-01,9.066179543018597631e-01,9.064537225284039490e-01,8.844114064900563399e-01,9.201413264626527866e-01,7.817855852289273821e-01,7.974204187529075893e-01,9.036444890527968177e-01,8.237509260390463162e-01,9.496529681683482105e-01,9.290968030510218245e-01,8.727589574918724891e-01,9.031882232162254942e-01,8.989094796067109705e-01,9.266900305341250199e-01,8.087885754582709863e-01,7.680792790030265271e-01,7.664530481487522584e-01,8.742279664954003549e-01,8.968679560344944290e-01,9.278845786774506665e-01,9.571852855805352833e-01,9.749759052369963985e-01,9.457756457559661767e-01,9.161102597658568047e-01,9.375781231023154749e-01,9.421289702759119145e-01,9.024123516341902018e-01,9.225949604725821596e-01,8.661064727087675053e-01,8.903023407810037870e-01,8.954941972497785230e-01,9.214648882888967218e-01,8.274710892628833747e-01
8.274078283075879670e-01,8.906979220287137844e-01,9.078050962234914811e-01,9.468079101331048353e-01,9.343461590050566867e-01,8.953212346858420156e-01,9.075845126832015053e-01,9.216203028573759504e-01,9.845410638440935669e-01,1.000000000000000000e+00,7.784808888234318047e-01,8.940326047356936812e-01,8.933858308611063448e-01,9.475264247638539583e-01,9.659577638411676048e-01,9.510297931256833648e-01,7.997775066425431012e-01,7.647453615114748748e-01,7.625687494583672787e-01,6.455696949426961151e-01,8.307307722052498233e-01,8.650572608224089688e-01,9.219297445260431489e-01,9.296713829636119586e-01,9.028946245020810224e-01,9.378855457559296394e-01,8.018632953565163479e-01,8.875456157638084154e-01,9.133156661309561608e-01,8.682713442418632521e-01,8.360143593698159403e-01,7.689375948110930281e-01,8.583847902434096344e-01,9.159181646450036407e-01,8.229680027810812870e-01,7.545176587358191078e-01,9.361502910158785440e-01,9.078015994973468450e-01,8.668049470099895570e-01,8.503853772497699248e-01,8.443779455628984687e-01,8.813974394608095064e-01,8.281738902653763557e-01,8.510631228718299468e-01,7.946107375021618235e-01,8.301440802348885040e-01,8.830540845987411291e-01,9.027532957474274644e-01,9.060810655429210048e-01,8.673509972310455840e-01,8.291700703242974591e-01,8.955998767295458851e-01,6.026822445416000207e-01,7.078653431488272085e-01,7.394461046440478080e-01,7.779249871139148897e-01,8.860753272131413061e-01,8.990665156126909086e-01,8.758732573265806121e-01,9.140473820422443385e-01,7.369743157599433214e-01,7.510295066229241145e-01,8.927000509564410047e-01,8.010704217131332516e-01,9.378933325417520006e-01,9.094566249474140829e-01,8.561583363349729581e-01,8.869582460466530760e-01,9.033903073872429079e-01,9.361085213481783462e-01,7.720461334417068056e-01,7.332947866168282314e-01,7.821836102043558947e-01,8.660913516202034534e-01,9.064449763981277108e-01,9.303520696417387770e-01,9.612325929474209163e-01,9.805199516418648953e-01,9.381698274875973631e-01,9.340518789125057397e-01,9.453239441293488365e-01,9.625399302585710970e-01,9.098545250841503229e-01,9.233277271605870862e-01,8.909825106029356512e-01,9.070306397753775673e-01,9.129651740154061113e-01,9.302583021727559576e-01,8.598513952971922336e-01
9.679734910150115113e-01,9.494021795803870845e-01,9.259485961831267486e-01,8.598805506218557548e-01,7.351853116303103119e-01,7.831361071003245522e-01,9.454976824032365057e-01,9.292353346381091450e-01,8.187599832528453803e-01,7.784808888234318047e-01,9.999999999999997780e-01,9.568684899768763463e-01,9.292544118508641038e-01,8.960660437379305288e-01,8.689637769883051810e-01,8.772182276187396877e-01,9.542481650301872786e-01,9.840986888860107085e-01,9.636246116439148857e-01,9.314812357500148465e-01,5.131326016475679097e-01,4.901238088630517353e-01,8.335421646233160953e-01,8.195216159382345822e-01,5.352576599147919056e-01,7.119572678699774837e-01,9.494349579993561772e-01,8.606478266715633652e-01,7.909902182222707800e-01,9.293446632819324371e-01,9.292688133830464547e-01,9.627082849792101271e-01,9.156338472498619652e-01,8.289683007170813855e-01,9.494376558915420539e-01,9.677938754689383583e-01,7.286602958772213645e-01,8.128891353738149084e-01,8.709799772604530643e-01,9.226956780924496782e-01,9.450919909436903410e-01,9.058404009399385615e-01,9.317048653350314957e-01,9.694432237483165959e-01,9.435919414335500743e-01,9.468508493493899003e-01,9.632596874214671701e-01,9.336916768662224531e-01,9.229416878555054549e-01,9.364713916283065043e-01,9.676332494148949248e-01,9.309501369928256942e-01,9.293652684442542666e-01,9.616072757894388312e-01,9.740060952184358412e-01,9.543960184458497586e-01,9.155892453605519732e-01,9.232742832936221555e-01,9.136519999651442347e-01,9.063636467912697947e-01,9.646120948079268675e-01,9.410030641269617746e-01,8.880401546369821597e-01,9.153716014842396831e-01,8.524523150818488215e-01,8.351818881325849819e-01,9.075912719862264666e-01,9.106013616293893165e-01,8.103627794157903796e-01,7.547817583414055953e-01,9.537480425752055124e-01,9.460432290659556154e-01,7.344127592186597830e-01,8.742752649677939525e-01,8.021299458148136718e-01,8.548690088020336475e-01,6.968479396599097653e-01,7.622920605096715763e-01,8.264284641067421999e-01,7.219012166982446965e-01,7.176142785303778471e-01,6.929166614950590386e-01,5.616680793013033579e-01,6.368618245678216994e-01,5.463669308562257854e-01,6.197172398673647109e-01,5.591139015900398190e-01,5.996734858808528967e-01,4.501652938775116963e-01
9.785846475513457765e-01,9.913382923072144859e-01,9.707784860221233547e-01,9.508770652883709040e-01,8.859061449452457770e-01,8.979035626061901976e-01,9.856983845516678056e-01,9.856327750761519901e-01,9.119013832890213722e-01,8.940326047356936812e-01,9.568684899768763463e-01,1.000000000000000000e+00,9.841500227321366978e-01,9.746465039506605477e-01,9.643250964271742331e-01,9.637312602954969387e-01,9.618457116789741468e-01,9.509473317122674185e-01,9.473446809880787800e-01,8.560506416166291377e-01,6.564710513322160601e-01,6.889178694699420458e-01,9.295969480862218415e-01,9.084006045270636154e-01,7.329347616714336766e-01,8.605455484638915298e-01,9.477784707904743922e-01,9.452695261079547828e-01,9.045561161551952667e-01,9.697017519825552601e-01,9.412497105565675870e-01,9.543076890387540701e-01,9.687227744581228261e-01,9.269399489561712668e-01,9.607322973999462556e-01,9.383828693864464388e-01,8.580036037819005479e-01,9.249336152698047764e-01,9.230385092170654282e-01,9.554408564434829776e-01,9.445119413894491611e-01,9.639420220356005320e-01,9.324456256963621348e-01,9.708920398042482081e-01,9.249292234763391019e-01,9.553159641524946455e-01,9.882806058695221552e-01,9.793530380309866112e-01,9.662415693018285845e-01,9.720062052524780505e-01,9.789339534185129699e-01,9.920172013512664755e-01,8.206077798569567650e-01,8.837628947540623336e-01,9.326429915909688617e-01,9.511452816595007409e-01,9.696971286072821883e-01,9.869227809833134302e-01,9.717923237980493623e-01,9.744430054557867704e-01,9.260585825559258799e-01,9.097256434508245171e-01,9.650057875954447528e-01,9.585413504159543407e-01,9.331113039153913213e-01,9.009940766089038489e-01,9.571418827303870280e-01,9.699402389751212716e-01,9.154570307316884925e-01,8.887969459885738388e-01,9.346261064444788547e-01,9.257603570555057448e-01,8.690953419529890978e-01,9.558580533514454691e-01,9.288878453872979613e-01,9.605499234525214369e-01,8.124801163587929143e-01,8.567814533734881000e-01,9.251294243448793253e-01,8.761815955147292945e-01,8.629167900469525421e-01,8.522268262558807539e-01,7.154438558167939277e-01,7.698299115921443114e-01,7.296921032897791815e-01,7.834496006729544382e-01,7.293199733840494137e-01,7.483775102545898728e-01,6.489687816255012009e-01
9.757476526024367880e-01,9.865975120513851282e-01,9.729856777386188815e-01,9.639556805159191777e-01,9.083362298926836997e-01,9.301360538668299593e-01,9.856534867640116548e-01,9.905969658291197133e-01,9.105392381515341471e-01,8.933858308611063448e-01,9.292544118508641038e-01,9.841500227321366978e-01,1.000000000000000000e+00,9.760592378428268878e-01,9.655239544665844553e-01,9.655445091272446545e-01,9.654591523681811394e-01,9.465852739151272566e-01,9.443935741105091708e-01,8.328362209642861114e-01,6.931992999363325580e-01,7.107711783344126122e-01,9.500547968665320475e-01,9.231989423627371405e-01,7.585519357245212868e-01,8.789273235333754375e-01,9.516372494395888282e-01,9.672467313763053465e-01,9.280853019090433698e-01,9.705382151902173238e-01,9.442254110774077613e-01,9.502204238650547863e-01,9.762016100591823786e-01,9.392403525870960390e-01,9.544340256566138381e-01,9.292989165484726310e-01,8.837360882682226970e-01,9.520216089960877870e-01,9.410277691249868681e-01,9.520854829795412089e-01,9.299624565027186929e-01,9.730606915460522366e-01,9.353181016359120026e-01,9.718690720803837557e-01,9.241425594305839875e-01,9.554677476708238748e-01,9.848144371133129571e-01,9.874359631291405037e-01,9.647913496474218586e-01,9.698117097010197085e-01,9.791438392864501017e-01,9.849398315724852138e-01,7.843275999188289438e-01,8.406258440839395885e-01,9.223383582971809158e-01,9.425880020396596448e-01,9.769040401148519903e-01,9.879904723661769861e-01,9.707022248654066932e-01,9.732638654641626585e-01,9.214216091534360720e-01,9.051280895348110533e-01,9.775969552813779107e-01,9.715953095138734064e-01,9.313563185335353989e-01,9.047630457331694576e-01,9.558803976853383899e-01,9.692710410744429517e-01,9.289725346876901435e-01,9.078564043065624478e-01,9.274313859404983429e-01,9.195469811113352598e-01,8.922858326303649834e-01,9.726483459035725199e-01,9.485326450682737276e-01,9.677654614836381786e-01,8.087771990077748940e-01,8.561195421885718915e-01,9.400116392804356291e-01,8.926892032911037944e-01,8.837665383502093519e-01,8.628999290961530955e-01,7.332792257458740082e-01,7.856396417158331147e-01,7.570570145342985224e-01,8.113032222746369149e-01,7.546797041710249232e-01,7.653283033307236582e-01,6.751386046396121721e-01
9.472935648688316501e-01,9.809456381227505961e-01,9.667101445655350567e-01,9.681413160720782063e-01,9.285845044103198109e-01,9.193326110831490094e-01,9.766456731421956361e-01,9.862403523326008781e-01,9.549354981089610561e-01,9.475264247638539583e-01,8.960660437379305288e-01,9.746465039506605477e-01,9.760592378428268878e-01,1.000000000000000000e+00,9.878744796489451474e-01,9.830499684419051754e-01,9.138233369099645342e-01,8.910267555516347970e-01,8.890145127789679247e-01,7.896609852795843931e-01,7.395563051868569993e-01,7.780449027683069563e-01,9.508390408156682794e-01,9.419111796434982420e-01,8.183326587588172218e-01,9.180238683597430338e-01,9.060141683788125455e-01,9.421429415600555135e-01,9.273541706439937249e-01,9.561035595425119160e-01,9.053611239134904398e-01,8.986590106807730294e-01,9.458304654412750256e-01,9.356558370998275809e-01,9.253612412502383311e-01,8.822654438427510737e-01,9.137941303074894606e-01,9.453754077307647830e-01,9.228053699755347505e-01,9.475398147156607331e-01,9.172068086361097050e-01,9.457424708398276536e-01,9.188319692758217805e-01,9.381768217060673098e-01,9.003343635282938795e-01,9.290774909522465652e-01,9.702266549126292716e-01,9.813419418336274402e-01,9.741281413729144800e-01,9.602139114624645977e-01,9.397392655068623757e-01,9.771780962552376604e-01,7.488636272487475543e-01,8.208987486776477827e-01,8.754678390028847179e-01,9.195829444467628067e-01,9.588375797884735041e-01,9.813752193819322844e-01,9.639034596445583691e-01,9.875382451423994068e-01,8.732777591191630551e-01,8.687170254805289815e-01,9.567483652217765311e-01,9.260217094010941841e-01,9.566544662231604157e-01,9.310050148097193112e-01,9.366498202174162735e-01,9.630433433434488766e-01,9.206672776535074210e-01,9.199110612933284470e-01,8.844010569413459644e-01,8.709068588923281062e-01,8.744336331905547821e-01,9.428485970853563991e-01,9.496521964926178949e-01,9.813865086144011318e-01,8.879782351750276082e-01,9.208970803474456623e-01,9.421284171622775760e-01,9.208073635416403890e-01,9.148703866313193656e-01,9.190140718533192921e-01,8.131402542520549392e-01,8.555286900360912217e-01,8.173966528742120374e-01,8.603743423926819567e-01,8.212578811792068390e-01,8.406118346956846787e-01,7.551591883610904166e-01
9.209214661366071919e-01,9.640481879436301194e-01,9.625637197719389970e-01,9.786253840295902062e-01,9.535261660743854506e-01,9.421750255895346982e-01,9.668010119222805177e-01,9.786902860847499497e-01,9.663517129881478152e-01,9.659577638411676048e-01,8.689637769883051810e-01,9.643250964271742331e-01,9.655239544665844553e-01,9.878744796489451474e-01,1.000000000000000000e+00,9.872678883089407442e-01,8.940133730868452533e-01,8.642435930610354866e-01,8.684448659012682370e-01,7.534709665030666637e-01,7.910450923202523299e-01,8.216654788131813048e-01,9.669127417408300840e-01,9.575963537886710286e-01,8.637857354178206659e-01,9.443484841434797161e-01,8.927493140676159289e-01,9.531942298101413469e-01,9.463255744857759222e-01,9.463631825652913943e-01,8.994364888271713099e-01,8.759939752818929337e-01,9.381856891777666796e-01,9.477563885372082275e-01,9.090988704690272648e-01,8.577482206055180303e-01,9.414165988272510388e-01,9.598448362104177178e-01,9.267508778158909388e-01,9.368184846612697125e-01,9.037304937646221115e-01,9.466956993001294229e-01,8.980655162251087731e-01,9.199082176585300363e-01,8.808816889356598789e-01,9.153190775599312490e-01,9.554414232618988478e-01,9.672695748525930171e-01,9.631082959904299079e-01,9.454394208690577450e-01,9.238543387589148725e-01,9.700419580554260346e-01,7.022262983123339630e-01,7.854306923540755880e-01,8.444697032343063681e-01,8.816352565309426570e-01,9.568691571943280794e-01,9.709040288659258611e-01,9.535241054361187629e-01,9.735641547679094732e-01,8.411760801692800271e-01,8.448260728768623995e-01,9.598114556608124959e-01,9.137339915129734091e-01,9.640194113426853173e-01,9.365789356207580019e-01,9.254121748534587244e-01,9.568458470412355421e-01,9.373666204468398266e-01,9.453030354081928266e-01,8.621303329371778901e-01,8.428777208250011199e-01,8.759490334029669256e-01,9.439043480786843965e-01,9.622601720165212535e-01,9.840161588745596211e-01,9.151479860591908988e-01,9.381229722631823087e-01,9.603512418277840856e-01,9.462306678881851063e-01,9.434721648584791787e-01,9.461344780239674401e-01,8.520439160647934607e-01,8.879978012290199452e-01,8.593199974456989798e-01,8.958262925033000368e-01,8.641719395178176777e-01,8.768208806323753990e-01,8.023869295202596952e-01
9.237564572072218816e-01,9.626926755195956975e-01,9.569175248586843097e-01,9.652020924166059279e-01,9.320494105514693928e-01,9.291209780687723629e-01,9.637101453616684354e-01,9.753806835761864580e-01,9.660189725699717123e-01,9.510297931256833648e-01,8.772182276187396877e-01,9.637312602954969387e-01,9.655445091272446545e-01,9.830499684419051754e-01,9.872678883089407442e-01,1.000000000000000000e+00,8.969268303187853952e-01,8.763962729895580228e-01,8.688629764668496236e-01,7.617843467476177466e-01,7.658064157840813735e-01,7.909274401699635249e-01,9.575659064804435960e-01,9.487645769140281571e-01,8.279611990107071939e-01,9.214924947915856812e-01,8.933224085493793876e-01,9.445235796267976713e-01,9.295721509656043047e-01,9.417268477624229917e-01,8.939361659167893714e-01,8.783913074717253355e-01,9.309736742676166799e-01,9.299869724925349246e-01,9.024199983816071358e-01,8.653427277045080412e-01,9.270683328773794418e-01,9.540678553572137233e-01,9.247442733614344990e-01,9.320712291182275955e-01,9.185960119393639101e-01,9.366015635430198216e-01,9.002224023363603056e-01,9.213842633699124152e-01,8.918083756074260959e-01,9.202976444374975085e-01,9.557040967940209075e-01,9.690123365789027332e-01,9.570562888409847035e-01,9.421822314149287392e-01,9.344312693315603990e-01,9.740948681324776981e-01,7.234592795692142975e-01,8.082124413601836643e-01,8.536850397894742981e-01,8.866144357354714955e-01,9.545762504791099889e-01,9.630875732281355406e-01,9.421192555946504843e-01,9.650970798065345857e-01,8.498246272118804567e-01,8.497613792392617604e-01,9.486816379342046801e-01,9.142561837664375801e-01,9.506238509728697217e-01,9.318083681091384740e-01,9.123650520869051039e-01,9.497272025514077454e-01,9.137680562563026410e-01,9.206879776408893878e-01,8.617984339745254907e-01,8.450434198218146342e-01,8.634710131317353543e-01,9.361621452942486821e-01,9.441458522427441657e-01,9.698238563681744751e-01,8.967669130419764212e-01,9.239925767541112833e-01,9.451637988788047506e-01,9.200336515939135928e-01,9.194183958582147209e-01,9.200031438848288445e-01,8.306491581103137012e-01,8.722692012189869892e-01,8.265272411880281167e-01,8.681506457104851693e-01,8.358090165342546562e-01,8.556348525250574433e-01,7.654793459882265338e-01
9.768550262232377213e-01,9.592606936979408694e-01,9.561154472122888048e-01,9.238359109209277609e-01,8.373588104007563260e-01,8.775147357203414433e-01,9.678455943181435428e-01,9.586135944513269891e-01,8.334657651796748556e-01,7.997775066425431012e-01,9.542481650301872786e-01,9.618457116789741468e-01,9.654591523681811394e-01,9.138233369099645342e-01,8.940133730868452533e-01,8.969268303187853952e-01,1.000000000000000000e+00,9.658606707251834456e-01,9.871316661480782351e-01,8.964521660904092304e-01,6.074908414534522239e-01,6.075609455517616553e-01,9.047327296341479697e-01,8.725054218853780519e-01,6.529109722498414037e-01,8.027391635145824100e-01,9.823918764174007778e-01,9.429468658994629715e-01,8.858842055315434560e-01,9.654969887418557439e-01,9.751139391179287630e-01,9.874593832348728117e-01,9.774165767292654072e-01,9.191831769778107120e-01,9.801191043148627102e-01,9.719677056460246378e-01,8.084509891116095082e-01,8.976748861693212289e-01,9.312828167104016952e-01,9.384473522832665893e-01,9.344069712432125918e-01,9.724157891983616908e-01,9.428708595954848892e-01,9.833754032726916838e-01,9.256751934790495850e-01,9.629125528088934294e-01,9.715548004025197359e-01,9.538619845212330528e-01,9.357854146954684982e-01,9.610441867771004620e-01,9.739245687463066181e-01,9.448744331322854739e-01,8.275032174418582853e-01,8.533309641065123241e-01,9.629761215704110144e-01,9.452145352820391366e-01,9.642866405072787472e-01,9.546502600263535587e-01,9.515341748819687862e-01,9.216247909028255636e-01,9.623896775163176542e-01,9.465413014641221867e-01,9.597007112414921437e-01,9.658569008908405307e-01,8.948338169862684044e-01,8.680897819088049250e-01,9.681985448420696860e-01,9.519583674535565532e-01,9.042404509480640451e-01,8.588841187791176335e-01,9.734876969105108468e-01,9.639426207405090707e-01,8.321186670719169509e-01,9.492557836553134898e-01,8.917577072138255234e-01,9.087251599261060298e-01,7.066378956806385059e-01,7.611453074234157956e-01,9.075774148705697542e-01,8.204680278161132767e-01,8.126288765375727641e-01,7.658569851047782873e-01,6.257597138483691479e-01,6.854009878731734950e-01,6.577111866013664043e-01,7.189111069839826396e-01,6.539686583487502869e-01,6.632968571043920125e-01,5.631889287616498319e-01
