1.000000000000000000e+00 3.042861103001689993e-01 3.113207565103450203e-01 1.807519472276009898e-01 2.547590947047170262e-01 3.301905665797340017e-01 3.050195990273970037e-01 2.327502148668240123e-01 2.524266649546599850e-01 2.807169118549169839e-01 2.485473365282550029e-01 2.140054692451489882e-01 3.121914112452440215e-01 3.463780939362480216e-01 3.633335437570139881e-01 4.478928749689859989e-01 3.490327044381010269e-01 3.301003018971280234e-01 3.134586757973930049e-01 3.114833204550540025e-01 2.518223699272850169e-01 3.575474921102930193e-01 4.016687723750990147e-01 2.593439332202520098e-01 2.953558098059719805e-01 2.291503353593689896e-01 2.961044071348040152e-01 3.675050814797349852e-01 4.510316364476880113e-01 4.095814563395410168e-01 2.733163404406410146e-01 4.395819430169140007e-01 3.294997896160820061e-01 3.702836182301589840e-01 3.785283394960540226e-01 3.153526830835090000e-01 3.749802931106990256e-01 3.206109978972619956e-01 1.615838365602929871e-01 3.097648899104499809e-01 1.797288662122439873e-01 2.721906729689789750e-01 -3.650120486690199700e-02 4.654342544491320011e-01 6.997562242956420486e-02 2.564928261646789998e-01 3.730650662057379829e-01 3.882418307400170021e-01 4.564049701588280272e-01 3.328496017378529959e-01 6.307826804377879570e-01 3.291394075574209932e-01 2.892232084887499943e-01 1.909636105378919868e-01 2.969657073053830199e-01 3.837430078589790239e-01 2.417001930036040136e-01 2.431471276577210072e-01 2.449972207065830021e-01 2.234374611253029941e-01 2.038910725993390016e-01 3.158750447010459927e-01 3.257213630540909954e-01 2.516198374887009814e-01 2.382131358627830042e-01 3.100953668596679869e-01 3.437176316719700031e-01 2.305283446782069867e-01 3.354477745613489992e-01 3.864942691314010026e-01 3.362237638694010045e-01 2.281355332948440118e-01 3.449788586382639965e-01 1.722105534929850024e-01 1.959801575421540043e-01 2.461650472531340117e-01 4.417262845336680233e-01 3.321507426507029903e-01 3.952580576048549954e-01 3.628166086084220199e-01 2.170786584586280044e-01 2.480534798204520053e-01 2.431592988470919914e-03 2.680915542969840026e-01 2.438794241013770014e-01 2.352619229725959882e-01 3.536759100814170220e-01 3.375525950784969975e-01 3.942698976284689794e-01 1.816109125111050049e-01 3.163401066322170108e-01 1.629324420247129923e-01 1.756654168191000009e-01 3.230175347727349822e-01 8.859171264109809429e-02 4.429526506027420263e-01 2.531369301735060251e-01 3.526772041328919971e-01 4.476074124864620196e-01 2.944998909075969840e-01 3.690644102563380158e-01 3.054957995995760123e-01 2.657537932253700164e-01 1.820591820878079969e-01 3.723612074896680002e-01 3.092487219381809815e-01 4.101895345586800135e-01 3.806163814188179839e-01 2.674763120547439810e-01 4.034437356344000025e-01 4.206321763567479888e-01 3.172261160422120141e-01 2.295664625396399983e-01 1.927872959504779993e-01 3.533485619377559894e-01 3.359612861584940213e-01 2.644578610484469849e-01 3.053842120387649794e-01 3.001136398975209896e-01
3.042861103001689993e-01 1.000000000000000000e+00 6.159490907631770540e-01 6.884672119901299459e-01 7.688391002211120151e-01 6.349997852602340398e-01 6.866878429406050310e-01 8.033862977600160216e-01 7.626529089923279603e-01 5.801089038688540533e-01 4.416116098970649939e-01 4.900702096649909856e-01 4.415220538915490267e-01 6.526332458961739968e-01 5.603480045244220165e-01 6.216827270984439657e-01 5.178518758187550253e-01 6.105041360739089651e-01 4.452164111764920218e-01 5.519722314631919646e-01 6.229909484150329968e-01 5.178068420930499460e-01 5.687712861653370089e-01 5.250132523175170540e-01 4.368642144783310144e-01 5.032905172169199748e-01 5.857722703299359512e-01 5.751106986062319848e-01 5.200036912843569725e-01 5.052597719826500411e-01 4.640475568358409797e-01 6.134965458404899596e-01 4.208250936631259820e-01 4.503521303246230123e-01 4.922123672382400228e-01 5.639649396753410038e-01 5.113045743889139683e-01 4.835764148608360236e-01 5.749971825353710209e-01 6.622771183358090452e-01 3.568033352220850163e-01 5.638857865360189514e-01 4.590364050072729962e-01 3.635900677536400005e-01 4.271417063734470054e-01 4.957525531994930179e-01 3.832504015791060037e-01 4.189223585333339828e-01 2.598678236941259767e-01 2.667914502851529979e-01 4.771180475928449849e-01 8.054201553326030272e-01 7.140844469805950334e-01 7.162318707065370438e-01 7.652867590364440531e-01 5.965806153162910297e-01 8.087621669637210520e-01 7.942055092282459539e-01 5.943540303951969639e-01 5.682093461536069645e-01 4.731707377215059740e-01 4.022512594598119939e-01 5.261111331836070271e-01 4.567039986878789759e-01 4.969398147796370013e-01 5.879512663322969956e-01 5.279988269135760248e-01 4.491048750502359965e-01 3.562679511579350256e-01 6.018896753526219445e-01 6.220900396110949915e-01 5.089150987825149519e-01 5.841627827933639772e-01 4.930839174918509871e-01 4.679457328640129754e-01 5.442637405550719842e-01 6.241123348730179821e-01 4.820009636690280042e-01 3.954305415179439898e-01 5.892573533481240133e-01 2.590476496474840018e-01 2.179547861933920083e-01 4.424283734394219847e-01 4.679143429056190073e-01 5.730265450421889728e-01 4.825020492144380113e-01 3.488104877771510126e-01 4.389969214867129876e-01 5.247564265439610409e-01 2.445998686679209944e-01 2.987781638357980274e-01 5.057260442054709593e-01 6.029557036694559446e-01 5.517422360175040508e-01 4.685039741711389816e-01 3.623575165954009969e-01 5.243717924452120371e-01 2.557311746008910092e-01 2.491008792168210029e-01 1.991084922884689967e-01 3.570834251230050049e-01 2.906325600120799879e-01 4.164263451160259977e-01 3.254199835105610061e-01 4.128312092483940043e-01 4.006618660384069774e-01 3.837551991820790098e-01 4.675659277396039815e-01 2.308737144788159945e-01 1.941275709792500137e-01 5.464527997801860160e-01 5.717857128622020335e-01 5.995120535663509553e-01 5.623588685380920271e-01 7.769412247257380111e-01 7.529706519588440505e-01 6.185748675247340067e-01 6.535877109162560039e-01 6.550796252861510460e-01
3.113207565103450203e-01 6.159490907631770540e-01 1.000000000000000000e+00 3.859636182202449972e-01 4.661487075240359768e-01 8.253185213808560405e-01 4.760939634424899980e-01 6.966013355687340480e-01 8.310490799408150053e-01 5.860332444088950377e-01 5.291356041767639740e-01 6.574312483711389765e-01 4.774486929336529961e-01 7.430710077572459937e-01 5.751156088354789642e-01 4.909061096793980172e-01 4.405671279604280177e-01 5.024535363925629605e-01 5.866380404683829708e-01 4.824776260338590195e-01 5.669363055554069719e-01 4.494463937534730058e-01 5.798138756114610270e-01 5.071614817865049973e-01 5.340614386231620214e-01 5.371879657869409463e-01 4.996590907729819842e-01 6.165411330286379998e-01 6.208462681313310361e-01 5.774259207667470362e-01 3.002330948690740131e-01 5.059823619358410074e-01 2.778909620049940243e-01 3.566852467526699932e-01 4.164909588453469813e-01 6.570025993883340520e-01 4.880563726072439934e-01 4.199480923397450050e-01 4.794190602243479926e-01 4.994527104882690027e-01 2.247715832143220085e-02 4.648057428709589933e-01 9.063317457811599642e-02 3.924739495866150230e-01 1.250574242198440045e-01 2.101796741123480028e-01 1.509476504331160041e-01 2.399480395284969980e-01 2.783280396942769963e-01 2.034886261891319936e-01 3.608941049982780092e-01 8.381309111688669544e-01 5.920782236521729969e-01 3.460542321168579849e-01 7.950355258880730247e-01 8.283277073756669662e-01 6.249786860204009642e-01 6.711519602785009919e-01 5.585271791813349873e-01 5.059873639458509764e-01 6.327988568829250315e-01 4.776459715271110240e-01 7.180016502066149942e-01 4.005361531297960132e-01 4.984268619501029951e-01 5.456972814297660346e-01 4.753266298255329758e-01 5.017599710443050309e-01 3.165107808733360062e-01 4.561068390049650145e-01 5.266573857757309574e-01 6.292315042617150356e-01 6.625827885985799970e-01 4.058648661984459727e-01 5.441570323440899637e-01 6.556647725045400277e-01 6.551837173257080149e-01 6.807338335114549999e-01 3.292086587747710125e-01 4.118112716324620060e-01 2.600082164331630197e-01 4.804101452415070195e-02 1.152242164135069968e-01 3.712659033169469769e-01 4.442744629490720243e-01 4.181384104410080238e-01 3.739768054804100128e-01 4.726495605477850082e-01 5.579262476297419671e-01 9.924058275075260671e-02 1.344914635464539987e-01 4.641644872428880020e-01 5.334135975879580327e-01 6.369320818492030245e-01 2.692568904750229919e-01 3.682300345011689791e-01 3.547296843204780226e-01 1.621001365432090113e-01 2.558031502114589961e-01 1.604325211114910055e-01 4.865224305717210096e-01 3.498808759273049906e-01 4.289425010101289848e-01 4.466647454210789792e-01 4.659134681372499864e-01 3.636343993777390038e-01 4.664166267272429889e-01 5.457666231796379774e-01 3.830205489696060228e-01 4.036889601273910277e-01 6.372446572804989495e-01 5.951246000999610430e-01 4.169847140428210031e-01 3.816778313250659971e-01 7.121679974738860386e-01 6.225657390991410356e-01 4.700091675147060055e-01 5.114748694481570102e-01 5.765317916336220039e-01
1.807519472276009898e-01 6.884672119901299459e-01 3.859636182202449972e-01 1.000000000000000000e+00 5.492775400106280070e-01 3.912169874560280092e-01 7.126589853905319627e-01 7.544522340287109774e-01 5.937733791560499963e-01 5.410553919119519550e-01 3.865948329454059751e-01 4.210872023380580198e-01 4.333183235141460088e-01 6.169121580111199821e-01 5.885533527197319703e-01 5.975726934068680274e-01 5.084049662885410381e-01 6.437555830349259711e-01 4.872320666118559740e-01 6.557059581417069571e-01 6.804716862165719471e-01 3.866563186283969999e-01 5.402518406711660504e-01 4.931871264885560047e-01 3.783821158604769863e-01 4.264511110731579735e-01 6.140629631141449885e-01 4.804661651924739818e-01 3.868339346915249943e-01 4.718030130920650156e-01 4.004071412528050211e-01 5.972961490818949892e-01 4.556531351762649895e-01 5.354617378730669452e-01 5.273114567846759471e-01 5.159168861697650543e-01 4.647356739443559981e-01 5.006799030973340114e-01 6.097555012416879805e-01 6.320959968219269642e-01 4.481103001688619969e-01 4.271018898628979876e-01 5.758667722816029899e-01 1.434017284456119978e-01 5.632905100231220263e-01 4.871412727497290152e-01 4.082746301226909957e-01 4.088138929492060036e-01 2.136417497138440036e-01 3.290785611106130104e-01 4.107381679001280150e-01 5.795062936655559493e-01 7.433917761665199686e-01 8.757982097980280267e-01 4.701278732631840040e-01 4.832071451564570186e-01 8.051699635478080097e-01 7.818410600862379933e-01 5.210586217867479997e-01 3.929162360900250173e-01 3.502128553064640104e-01 3.860364278333989763e-01 4.274496362042989883e-01 4.698539522331480200e-01 5.510945616441099704e-01 6.107454485323700055e-01 5.746033096280700470e-01 4.900851324361020223e-01 4.010890040835740078e-01 6.313521877015489947e-01 7.064167647223500435e-01 4.346959033965759889e-01 5.453948986197050264e-01 5.592208281441669593e-01 4.097848374203529875e-01 4.769352770845999845e-01 5.556097000455669788e-01 4.172565433692930204e-01 3.968159431895890155e-01 5.224130117212639757e-01 3.365550559307989853e-01 4.001732611290079733e-01 6.234665120989609788e-01 5.503260263804290453e-01 6.267431494157219563e-01 4.849220795625450164e-01 3.293795859384099911e-01 3.395681778768059877e-01 5.530122271118520505e-01 3.960527472874110222e-01 2.812309197526999816e-01 4.861826069904710002e-01 6.084519400593919602e-01 4.665551521042550220e-01 4.308934248981209914e-01 2.485781459457039877e-01 5.613591483944430083e-01 3.027178065361689763e-01 2.788122737115619754e-01 2.484513924179130029e-01 4.073755810460529814e-01 4.304890324730180073e-01 3.479023742910359873e-01 2.763668569518210050e-01 4.259343937508400235e-01 4.099162955771050165e-01 3.985854172592470102e-01 3.635592842825179916e-01 2.216689499291789878e-01 1.484702516905559988e-01 5.262875977702879959e-01 5.491448025216230100e-01 7.285848588628529576e-01 6.989332645500550001e-01 7.323391824661099614e-01 7.351424762948820524e-01 7.134514509217030342e-01 7.056313573944850148e-01 6.853074228107259858e-01
2.547590947047170262e-01 7.688391002211120151e-01 4.661487075240359768e-01 5.492775400106280070e-01 1.000000000000000000e+00 6.803570463009189773e-01 4.442014955999279979e-01 7.078212072644709529e-01 7.216250203755210091e-01 4.035789908185459796e-01 3.766717284170320035e-01 3.685517551327049945e-01 3.550678256886309891e-01 5.041112749426489570e-01 4.412230920510920029e-01 4.224443748759730277e-01 3.032791915631130042e-01 5.078268985029710247e-01 2.674088894194440180e-01 4.988539060359810096e-01 5.129131353686829931e-01 5.218212825773660413e-01 4.283926742993179881e-01 3.670029086047750244e-01 3.000026244862720182e-01 3.114908160217110256e-01 4.294009026925930117e-01 4.461791017619590183e-01 3.499448214014709846e-01 3.874563451620859911e-01 3.072505922377080090e-01 4.336018788315519901e-01 3.583332951448430226e-01 3.976698985614079973e-01 3.984216986984909781e-01 5.646958697527609816e-01 4.649678739606479816e-01 3.905316665459779846e-01 4.306946533035109770e-01 4.991216999214149741e-01 3.196656012787519874e-01 3.276945097731530088e-01 3.282312334150739863e-01 3.187864668919719868e-01 2.765847525763320269e-01 4.740205178394439889e-01 3.932121581014599854e-01 3.116052784457030156e-01 2.525706079411130234e-01 2.787788286435540219e-01 3.145685766408150008e-01 6.549040880374179530e-01 5.540198596237370099e-01 7.244180522630500052e-01 7.867294659835719628e-01 4.954791437775429852e-01 6.582949247656320058e-01 7.386749714636250408e-01 4.304648187800110271e-01 4.360103752927830256e-01 4.631330333396859733e-01 4.037979053650099792e-01 3.735669515661719786e-01 4.437377150476289889e-01 4.619892693955359730e-01 5.283173788659339953e-01 3.298055356069409805e-01 4.018667108637580254e-01 2.495031925983449972e-01 5.277651810193040305e-01 4.609469282281800084e-01 4.977022243929259959e-01 5.220663077287389653e-01 3.816378006338099760e-01 3.694605112982379813e-01 3.834068324925289928e-01 4.864573090022369928e-01 3.467400195137940178e-01 3.199616815172369733e-01 3.619250477602030114e-01 9.359461300229850178e-02 1.928559611427839993e-01 3.312274093124319974e-01 2.899015152677609786e-01 4.639003606555079928e-01 4.919065185410499974e-01 2.552210758458979822e-01 3.317390326193759842e-01 4.773700199808900146e-01 1.180585531101859958e-01 3.054930554126619735e-01 3.386595935902890209e-01 4.964963683626240076e-01 4.120603020522899951e-01 2.765019780228419877e-01 3.206713205234180131e-01 4.542288721537989793e-01 2.669846493396559883e-01 2.659822685793529762e-01 2.283414995574760131e-01 2.974796506317040068e-01 2.158149184622699945e-01 3.763421988730220047e-01 2.373286231554070091e-01 2.770797166864489847e-01 2.676983316669789836e-01 1.917780078175490011e-01 2.673232219482030159e-01 1.490538913533089871e-01 -6.645804661300090156e-03 4.232877643674640145e-01 4.037187599226400025e-01 5.453417452901919704e-01 5.236790514499259919e-01 6.275963755494800012e-01 5.616800231739109694e-01 4.393244280852179884e-01 4.563605616485730265e-01 4.783220800818709928e-01
3.301905665797340017e-01 6.349997852602340398e-01 8.253185213808560405e-01 3.912169874560280092e-01 6.803570463009189773e-01 1.000000000000000000e+00 5.030977779764860269e-01 7.329727899489000276e-01 8.742088533529529526e-01 5.364575456561629929e-01 5.859008650019319475e-01 6.334017732692760472e-01 5.109519506982079795e-01 7.332557891605540057e-01 6.300713364512670056e-01 5.447258132057010149e-01 4.077134889523850170e-01 6.654244845342589532e-01 5.430710078685789810e-01 6.402684190352110338e-01 6.330979681115870283e-01 5.760864265656240324e-01 6.153586688691360385e-01 4.746427284301280025e-01 5.082860552997739978e-01 5.244194941361589590e-01 5.612486350806199509e-01 6.188863793326460083e-01 6.411730291231360068e-01 5.983907113881390405e-01 2.844906046257449916e-01 4.843220931811639818e-01 3.844829954859260157e-01 4.972744981432080102e-01 4.937369629449119834e-01 7.644028849515029922e-01 6.084248882077050169e-01 4.418283551637819939e-01 4.832997497011239929e-01 5.863198200420399742e-01 1.571050577162730055e-01 4.418113883530689900e-01 4.543534732522280101e-02 5.062786757659549775e-01 1.286521725635990099e-01 3.437458876107269967e-01 3.253854758583070161e-01 2.906101842726550033e-01 4.689367238061030174e-01 3.358809838839340034e-01 4.036277811947229788e-01 7.902442889545130411e-01 6.516618310476040010e-01 4.747616358126159897e-01 8.690480588088530522e-01 8.624733555440120547e-01 6.541301389537540478e-01 7.305477900318020357e-01 5.061564150897830405e-01 4.790657347766860141e-01 7.034987488228090502e-01 5.754997490833120288e-01 6.661743918169880097e-01 4.964834732818529939e-01 5.640953084612410073e-01 6.264859036339800458e-01 4.810617725170109882e-01 5.644528539601409989e-01 4.038217336450690143e-01 5.940188582652909943e-01 6.023951829481469789e-01 6.724053672051649722e-01 7.313995314571030137e-01 3.624621526238450131e-01 5.139600100739249999e-01 6.024076346893799672e-01 6.735754719182189820e-01 6.592852517820010361e-01 3.883439139851490030e-01 3.853631603943730166e-01 2.117172016959260050e-01 1.395816683952129933e-01 1.205157454974459946e-01 3.541534041951380218e-01 5.121862390613309834e-01 5.553530000611489603e-01 4.564632084441169746e-01 4.582035079091840157e-01 6.747031485630440306e-01 8.290747388155669806e-02 2.828440066483760007e-01 3.805504039098450142e-01 5.402763806012069736e-01 6.672249693384360025e-01 2.466915907502159888e-01 4.902491397507490190e-01 4.614923022344539771e-01 3.286419036254640269e-01 4.069031681597160000e-01 2.824629099052790027e-01 5.288009713931900446e-01 4.218760169535230031e-01 4.465173823453790214e-01 4.670893092524929791e-01 5.147362741999309543e-01 4.036822892066029844e-01 3.975793037577839972e-01 5.247457425069269599e-01 4.350203756604970051e-01 2.615864332032959982e-01 6.597744687065050240e-01 6.451484443626319676e-01 5.183100775247789782e-01 4.987816174559959737e-01 6.924598647829840470e-01 6.189503708031349749e-01 5.037622414095039858e-01 5.581359301427970543e-01 5.933888203640259595e-01
3.050195990273970037e-01 6.866878429406050310e-01 4.760939634424899980e-01 7.126589853905319627e-01 4.442014955999279979e-01 5.030977779764860269e-01 1.000000000000000000e+00 6.937711949154660163e-01 5.936701983595840115e-01 6.973511539272040372e-01 5.198786312263570242e-01 6.190535149191039865e-01 5.527764747184660266e-01 7.549431222396030261e-01 7.592234658503359546e-01 7.847494737542940468e-01 7.321639497545939790e-01 7.521851060130919642e-01 6.057663015680889718e-01 7.219964465118939856e-01 7.377364991376309522e-01 4.530458839374900126e-01 6.863775265458239572e-01 6.982456984626009833e-01 5.281565659916519495e-01 6.010437795996730337e-01 7.536049248111800214e-01 6.359929911948190018e-01 6.022436145917090533e-01 5.877979349295040512e-01 5.359401716413519923e-01 5.983059414108760077e-01 5.860247457068179511e-01 6.445986975122810492e-01 6.286155368249389808e-01 5.838722142656309622e-01 6.426103839652039795e-01 5.657614879182629730e-01 5.724719044176680427e-01 7.623345618027830284e-01 5.098413921073839949e-01 5.187972887803500299e-01 4.673822158875560184e-01 3.852499363861969783e-01 5.687583563736500203e-01 5.638991785150160307e-01 4.933224328259739888e-01 4.972406463785000175e-01 3.552109634572310215e-01 4.378532602553439901e-01 5.581028807162109473e-01 6.618380483721310048e-01 8.450368324187279567e-01 6.169706391258310552e-01 4.701900018847219864e-01 5.782910214890030209e-01 7.252078901576329839e-01 6.720338687674259903e-01 6.725868562976029530e-01 5.995806628852140552e-01 5.288442247032909549e-01 5.721006309101830389e-01 6.353330014894620348e-01 6.156559845442810541e-01 7.044706926908810285e-01 7.617017858196100111e-01 7.617346779792639744e-01 6.555010639458509480e-01 5.525533971631250152e-01 6.637789076259540400e-01 8.093268020088409953e-01 5.198434959329000238e-01 6.551446871881280165e-01 5.603505419886040118e-01 6.350337290034350213e-01 6.351026411800120286e-01 6.863236919120530022e-01 6.514206507938460344e-01 5.690357842038129554e-01 6.010880663630480125e-01 4.847395453765520057e-01 3.525613732416639778e-01 5.240544571107940142e-01 6.055408052250089712e-01 6.800266341010290372e-01 4.799013003225969798e-01 4.349347269585089881e-01 4.303114326950410184e-01 6.283443691612839999e-01 3.663740962082219776e-01 3.736162650418859976e-01 5.390001312621960361e-01 6.710996777201490016e-01 5.959164127706899627e-01 4.499813135775250217e-01 4.081909258283880071e-01 6.418240597825499716e-01 3.764715020684519797e-01 3.499223412969820202e-01 3.546154162489300044e-01 4.069687525614800183e-01 4.765378613372640015e-01 4.276052487566999738e-01 5.238284452020970372e-01 5.453360764612259493e-01 5.039049084181840277e-01 5.387749772587230312e-01 5.680752357506829719e-01 4.094335599490410149e-01 3.693618261004870118e-01 6.244634238888859823e-01 6.839397884350010282e-01 6.841443113750530491e-01 6.935109238306920165e-01 8.054775880734500459e-01 7.973850964446870249e-01 8.032818448511379605e-01 8.263634262563079869e-01 7.560439870634869663e-01
2.327502148668240123e-01 8.033862977600160216e-01 6.966013355687340480e-01 7.544522340287109774e-01 7.078212072644709529e-01 7.329727899489000276e-01 6.937711949154660163e-01 1.000000000000000000e+00 8.972618405089409777e-01 5.177529508229999911e-01 4.508346427032909887e-01 5.045306185006760424e-01 4.240108236114700224e-01 6.738712930799080070e-01 5.786568777475400438e-01 5.960630867384989484e-01 4.171227277396419852e-01 7.305682116765920275e-01 4.826055883901519961e-01 6.725814205429360149e-01 7.147340433195760179e-01 4.880131124226820272e-01 5.606224020303189892e-01 4.440478999910549840e-01 4.001501842590760027e-01 4.745874403254580209e-01 6.012826828594719508e-01 5.192058338551429619e-01 5.001666041067269752e-01 4.658030274072549881e-01 3.485404722756429985e-01 5.279255212654679896e-01 3.692912090695130156e-01 4.900810889079920130e-01 4.869629650667379739e-01 7.132388929180689674e-01 5.064201782628340309e-01 4.858129007820560230e-01 6.063241416033909870e-01 6.213116617327429925e-01 2.681962590339549979e-01 3.970674436919600092e-01 4.346426969012500141e-01 3.099473394858420217e-01 4.460940271327150097e-01 4.241651482704599796e-01 3.501057479690640184e-01 3.147878919516560181e-01 3.060316197497789936e-01 3.107065259204209728e-01 3.920629171790430134e-01 8.154996637397999848e-01 7.763089038671869835e-01 7.429487008657650327e-01 7.497916918922700180e-01 6.776619173401520202e-01 9.239649813528989508e-01 9.307995748787919466e-01 5.380235380433310288e-01 4.732016832382490157e-01 5.219397744267350037e-01 4.221354253090089936e-01 5.313201741023479974e-01 4.029211123394120242e-01 5.235070643880810337e-01 6.146964539329520250e-01 5.084568995055730456e-01 4.662738658199440112e-01 3.108736911006290127e-01 6.504371991454900304e-01 6.881319984688190061e-01 5.630667155529359702e-01 6.245884851074979816e-01 4.444663045043760197e-01 4.209227978724029984e-01 5.435870847002060025e-01 6.042126339063399465e-01 4.996952378326159905e-01 3.336705821595409849e-01 4.534638500076429990e-01 2.162371088125550067e-01 1.606610062505149927e-01 4.639148701364809724e-01 4.117504582463030194e-01 5.434812572946500220e-01 4.612165596330319861e-01 3.196899569533420138e-01 3.769748701352910181e-01 6.459040256019979998e-01 1.558431260181810107e-01 2.139355745480620019e-01 4.781666637327969815e-01 6.120545786314169900e-01 5.561498854435860117e-01 3.444739935001169817e-01 3.205821025674699953e-01 4.941472210838759871e-01 2.126087958396009892e-01 2.464673873233199919e-01 2.057466270433039868e-01 4.830096325288070203e-01 4.094125945820379919e-01 4.271341197318270222e-01 3.153356781775640272e-01 4.244513044221400189e-01 3.365875751875599953e-01 3.833460880765049983e-01 4.189948838245040053e-01 3.105411890987019863e-01 1.327064577138629964e-01 5.972886886184439748e-01 5.994544135953100428e-01 6.480333163536099450e-01 6.661269381906459452e-01 7.904088188329380094e-01 7.325502517052959739e-01 6.328964683812150493e-01 6.713326498317530033e-01 6.902809589049140326e-01
2.524266649546599850e-01 7.626529089923279603e-01 8.310490799408150053e-01 5.937733791560499963e-01 7.216250203755210091e-01 8.742088533529529526e-01 5.936701983595840115e-01 8.972618405089409777e-01 1.000000000000000000e+00 5.274994667096200018e-01 4.981183916836590120e-01 5.870125545126599897e-01 4.408747117966619888e-01 7.040060409926840457e-01 5.920127860491150029e-01 5.717036878194979854e-01 3.982796767665919835e-01 6.964583180206129764e-01 5.358429926842539492e-01 6.569000365024419974e-01 6.881688802598040500e-01 5.162386280414870132e-01 5.885164267340730060e-01 4.717513804703720171e-01 4.454996775817099963e-01 5.508865556320130530e-01 5.990250783643330523e-01 5.941985380580190323e-01 5.634635785457140500e-01 5.297671417855199794e-01 2.967393715080610117e-01 5.199775715568909495e-01 3.814430170975139922e-01 4.939907208856360032e-01 4.971736858303669737e-01 7.871292829074949537e-01 5.673904907264739617e-01 4.829456826643749867e-01 5.702446245006379533e-01 6.152100222509589988e-01 2.426686364713259991e-01 4.637505731586820112e-01 2.894546552985680088e-01 3.639483187779339879e-01 2.967007995309879909e-01 3.962866274972879910e-01 3.311622886727429993e-01 3.162269945030949936e-01 3.171919998562909848e-01 3.125982421477350170e-01 3.814331727707899744e-01 8.636103958881780063e-01 7.268236780923990059e-01 6.243972567390290163e-01 8.838062722144940375e-01 7.748029664539429762e-01 8.239602565811250390e-01 8.876533045656930243e-01 5.405377190082579775e-01 5.319975668390090062e-01 6.410933987914070320e-01 4.785483225112630024e-01 6.314978838262299554e-01 4.396199149927090266e-01 5.259070956178719669e-01 6.238816951943070288e-01 4.864146853631849954e-01 5.106474158099769678e-01 3.169708803964549904e-01 6.161323118171739832e-01 6.452100843734249747e-01 6.276808160695610539e-01 6.728120438354430188e-01 4.436299182567869925e-01 5.016064792283420060e-01 6.165729835340679754e-01 6.520483644991480476e-01 5.924735373259599758e-01 3.338629453776940093e-01 4.456677462773039888e-01 2.297402321292139893e-01 1.394440227884999883e-01 3.163327717034449815e-01 3.833671981935989903e-01 5.444452777254630282e-01 5.058581749961680307e-01 3.487231677288160081e-01 4.410072985071509799e-01 6.773305042686570410e-01 1.346470372193359910e-01 2.175405847061309961e-01 4.353276038832599726e-01 6.106101898948740336e-01 6.060753850212350358e-01 2.914327654832529757e-01 3.703573181313060125e-01 4.672330418649749961e-01 2.237300704320289990e-01 2.888262320782170045e-01 2.310379317842010116e-01 4.807591093911059987e-01 4.061358764584490078e-01 4.309649318351250202e-01 3.931509564008139890e-01 4.459502070429099962e-01 3.653320079513259766e-01 3.982670689323900004e-01 4.592670874690319982e-01 3.495403076100310202e-01 1.517370291387359904e-01 6.322685867118710279e-01 6.075209868197669616e-01 5.773872513524499483e-01 5.862009044595709595e-01 7.715562712225030317e-01 6.779036667526110449e-01 5.453143388072839715e-01 6.158476248820889953e-01 6.354918641060639528e-01
2.807169118549169839e-01 5.801089038688540533e-01 5.860332444088950377e-01 5.410553919119519550e-01 4.035789908185459796e-01 5.364575456561629929e-01 6.973511539272040372e-01 5.177529508229999911e-01 5.274994667096200018e-01 1.000000000000000000e+00 6.868603561973030125e-01 8.327820037416130416e-01 6.685528850758909458e-01 8.322277805260439587e-01 7.901723558014690507e-01 6.839343904162720200e-01 7.789831478692079703e-01 5.672416669361119990e-01 6.309393914890180088e-01 5.643338786520609718e-01 5.349395330306100371e-01 5.670198865861919568e-01 7.275230712168749836e-01 7.707107808494999546e-01 7.637792921531759704e-01 6.757920604362850359e-01 6.233454812582860383e-01 7.486359816426070291e-01 6.667515036930630190e-01 7.048241026460030367e-01 5.154298506121689494e-01 4.979338134790550208e-01 4.669912970474099922e-01 5.323881007722389702e-01 6.730990048769980305e-01 5.320485151973880500e-01 6.255869277560890396e-01 4.802761599776970147e-01 6.137438108693340499e-01 7.102191262588539722e-01 3.031495615076780226e-01 5.868811322738100023e-01 2.847175699416479855e-01 3.578946498152509870e-01 3.659616142190190158e-01 3.311793760874510162e-01 3.367757572846509784e-01 4.328398440987950013e-01 2.756184947192880097e-01 2.177082590294960041e-01 5.274121978871779692e-01 6.251466377677989961e-01 6.581623201291899594e-01 4.290083822189050267e-01 4.771068397604449896e-01 6.338706341137420042e-01 5.173606117424800477e-01 5.385172924516210546e-01 8.451705432682540264e-01 6.850617608103870548e-01 6.667023449632589749e-01 6.458536234839219459e-01 7.605785199087850001e-01 6.111240197465119817e-01 6.434067463685340105e-01 7.482651769351640336e-01 7.502579695285600536e-01 6.499230957910769879e-01 5.698096289220939692e-01 5.634563185706790156e-01 6.260245719863199998e-01 7.023756850305660215e-01 7.095496470083699769e-01 6.766289679612790264e-01 7.305196366849250333e-01 8.043730367873910270e-01 7.377070368692689728e-01 7.742237382524970180e-01 5.499043147061889458e-01 5.651643660331839847e-01 5.605012639951300057e-01 3.823742380449929867e-01 3.860880353609050242e-01 6.757868721796129741e-01 6.738602984172129551e-01 5.554070159975099674e-01 5.657320659168589838e-01 6.568465994542449504e-01 5.918283130657210345e-01 4.940185097784070001e-01 4.145182203517799868e-01 6.928664386684909582e-01 7.228001297275750137e-01 6.989380475743880439e-01 5.164725804760850192e-01 4.089294826487699930e-01 5.300510100436539584e-01 4.137650608786149764e-01 3.007456115321410217e-01 2.699880803209249724e-01 3.927918935530669842e-01 2.301937827985809926e-01 4.639179096477760167e-01 5.330233614155539534e-01 6.297087942886370193e-01 5.723140707205890410e-01 6.876446496857799850e-01 7.194593122802409590e-01 4.900682787167979781e-01 4.802175434958069755e-01 7.315921498071630280e-01 7.349642838492269625e-01 5.113023311820249495e-01 4.153559409893289867e-01 7.598060878559219633e-01 7.022324163500499594e-01 6.424151234181100234e-01 6.243123194398449982e-01 6.307323462814470316e-01
2.485473365282550029e-01 4.416116098970649939e-01 5.291356041767639740e-01 3.865948329454059751e-01 3.766717284170320035e-01 5.859008650019319475e-01 5.198786312263570242e-01 4.508346427032909887e-01 4.981183916836590120e-01 6.868603561973030125e-01 1.000000000000000000e+00 6.980117276692719974e-01 6.534557654786550263e-01 7.268771901290820292e-01 7.214268356603920074e-01 5.783649591685350311e-01 6.013441307317609619e-01 5.478213903878069724e-01 7.127355672555319988e-01 5.646261528676299601e-01 5.528497314689130304e-01 4.914535578878679867e-01 6.751354568253450372e-01 5.334410388274859471e-01 5.741026997883029726e-01 4.939086700035040245e-01 5.662640962199270156e-01 6.244629925392439773e-01 5.861724374729080367e-01 6.663973418454319786e-01 4.932564541562560190e-01 5.426099310217410432e-01 5.283134068860919630e-01 5.117274522948129789e-01 5.297613740367490553e-01 5.740900703884379563e-01 6.329160091189509618e-01 5.945487879694200117e-01 5.769761647207639621e-01 6.175595771877170348e-01 2.995441345741859940e-01 4.449019621944609870e-01 1.204335189501229975e-01 6.092205815733939822e-01 2.711299655205540171e-01 4.477123570185930213e-01 3.931065869784730049e-01 3.898918126038530274e-01 3.963576587581090216e-01 4.559769563778779955e-01 5.239333103692840332e-01 4.950302149164569898e-01 5.501616282286949655e-01 3.791078306722739932e-01 5.029127623932859725e-01 6.055641464541999808e-01 4.308011884156759952e-01 5.118574554160549850e-01 5.751413806830749653e-01 5.278575860848719881e-01 6.396316494953130372e-01 6.753823108174029644e-01 6.380223525967080311e-01 5.704400818632060499e-01 6.274983669203240133e-01 7.050488762318170011e-01 5.055666859264339452e-01 6.445901174758089658e-01 4.103193421565730081e-01 5.266463857752420319e-01 5.941243219198270031e-01 6.702682219062090496e-01 6.292442908958479908e-01 5.290450298366790038e-01 5.411982726728099546e-01 5.903365432455369710e-01 5.521168053441110057e-01 6.191194013978880140e-01 5.150797006221780050e-01 5.606353855260559627e-01 2.655110344178049919e-01 3.021024634906189776e-01 2.164138944072900028e-01 4.336351179524359778e-01 5.340346793553070182e-01 5.659970865397659923e-01 5.532564831209859646e-01 4.381083647402240211e-01 5.614988777698199929e-01 2.088769629522269911e-01 4.712228647539720150e-01 4.666451187499490172e-01 6.485487230155609906e-01 6.508056741482609597e-01 4.564197140968889732e-01 6.100854041053950239e-01 6.079543453167790545e-01 4.754845264369390034e-01 3.868139250637149806e-01 4.375421703371780158e-01 5.681898445590850555e-01 3.393789137566959879e-01 4.922068791299979984e-01 4.869089191735619937e-01 6.040954609645829976e-01 5.571415080907089479e-01 5.904433810441870323e-01 6.164722946073629695e-01 5.153930022583630421e-01 3.696395194722050248e-01 6.543857918040389965e-01 5.982882420422419578e-01 5.768661592046949727e-01 4.969945012681369900e-01 6.130531237731999816e-01 6.538053072150680212e-01 5.777737808245769768e-01 6.013312265555850189e-01 6.244487011790620379e-01
2.140054692451489882e-01 4.900702096649909856e-01 6.574312483711389765e-01 4.210872023380580198e-01 3.685517551327049945e-01 6.334017732692760472e-01 6.190535149191039865e-01 5.045306185006760424e-01 5.870125545126599897e-01 8.327820037416130416e-01 6.980117276692719974e-01 1.000000000000000000e+00 7.629160972450950151e-01 8.440801775890239833e-01 7.929240065275979799e-01 6.303826531500920094e-01 7.629145843099730540e-01 5.551407792615760117e-01 7.229957566639669819e-01 5.732847295951539746e-01 6.256081269412659962e-01 5.662971283605120476e-01 7.589254152962899846e-01 7.925551746746120063e-01 7.920467326098189487e-01 7.133275310089449706e-01 6.524649567911160464e-01 7.501445205455780085e-01 6.813830367516739983e-01 7.856643486271509547e-01 4.210880697968830133e-01 5.375339975881220367e-01 4.623947305669799945e-01 5.253116122495790075e-01 6.166569472944689601e-01 5.925781842471830041e-01 6.310357096679239941e-01 5.163154788181030241e-01 5.372179210977160446e-01 6.754886032347019453e-01 2.803638593711649807e-01 5.755745226435620143e-01 1.693935945916429930e-01 3.967308400247960276e-01 2.419657131132109951e-01 3.911686541467609968e-01 3.356410025906709782e-01 3.849191029764990057e-01 2.679670389943880071e-01 2.615051035184540185e-01 4.304979416773129786e-01 6.314838075673330220e-01 6.510142821064790475e-01 3.485987077731320105e-01 5.367522060058460553e-01 6.422863538622100021e-01 4.766895241010379869e-01 5.243976983714090379e-01 7.503478381569600453e-01 6.901625634763169925e-01 7.966021230485760274e-01 7.742036799607699971e-01 8.200302353129450550e-01 7.025862427464120152e-01 7.275040014970289848e-01 8.003670186277079823e-01 6.471670765964689931e-01 7.892214905677880088e-01 5.269544715909759702e-01 4.747883471785029896e-01 6.548940440940169694e-01 7.636765769184610253e-01 7.239977129205159567e-01 5.938466468074720117e-01 8.114884355502010038e-01 8.239964593419569772e-01 6.912150336456529542e-01 8.583358606997429918e-01 5.066786463866690404e-01 5.489655588807470510e-01 4.705181450949380006e-01 2.179580159868939881e-01 2.351025083595630061e-01 5.326456137811460545e-01 6.084336556972940180e-01 5.474901031224269632e-01 4.676597762101910027e-01 5.740182475838919718e-01 5.670896890564930404e-01 2.856278122991690038e-01 3.532809126954110091e-01 5.268194327873370053e-01 6.674869473441219503e-01 7.066475541050030174e-01 4.003595381037610146e-01 4.549974616693889806e-01 5.282693739674250155e-01 3.383507159640969930e-01 2.869988669026919959e-01 2.247463872067410051e-01 4.292371152297499992e-01 2.771906492722350235e-01 4.497494045356150161e-01 6.440820229467879576e-01 5.725845266800210220e-01 5.075539965236099960e-01 6.094342977849279697e-01 6.858921680313709857e-01 4.946373239378170084e-01 4.204385789067560109e-01 7.757365386455480349e-01 7.267786881844819913e-01 4.772937478121420107e-01 4.328586168766639930e-01 7.471707011460190229e-01 6.533518639383060211e-01 5.796828858156860553e-01 6.042132807895890245e-01 5.857741681317389926e-01
3.121914112452440215e-01 4.415220538915490267e-01 4.774486929336529961e-01 4.333183235141460088e-01 3.550678256886309891e-01 5.109519506982079795e-01 5.527764747184660266e-01 4.240108236114700224e-01 4.408747117966619888e-01 6.685528850758909458e-01 6.534557654786550263e-01 7.629160972450950151e-01 1.000000000000000000e+00 7.162008458401499800e-01 7.130534553438530043e-01 6.192794242716309627e-01 6.924099734123849714e-01 5.560168067940659542e-01 6.186406144504750237e-01 5.540428442133290554e-01 5.488714934322860284e-01 6.545682307887109586e-01 6.744838549055039989e-01 5.629338979820880384e-01 5.766276218524040154e-01 5.096194108216040020e-01 5.575354183356390214e-01 5.947428539689649796e-01 4.230078128846200269e-01 8.004807398397849605e-01 4.516127016010840212e-01 5.807955665623419916e-01 6.064812658929870093e-01 5.845774098985649925e-01 5.735027268075699736e-01 4.694408288941119833e-01 5.228003033398469501e-01 6.062791661969529899e-01 5.620809646210900290e-01 5.858204688754430345e-01 4.150356226458760123e-01 5.020263883660109894e-01 1.975255298172700069e-01 4.129607301426809762e-01 2.284495011410100085e-01 5.473613094986820027e-01 4.550593827199510000e-01 4.382959957748450153e-01 3.209864216385929780e-01 3.918060143883709823e-01 4.814431449502020177e-01 4.892544144131930062e-01 5.824877720877910114e-01 4.089307575722340160e-01 4.547376956869059739e-01 4.629823552978870049e-01 4.210549734436079827e-01 4.240587045261179910e-01 4.954225849677579840e-01 5.066559177809419889e-01 6.214381472456930178e-01 8.776942589233900360e-01 6.042100689762539556e-01 6.481256317386709931e-01 6.317734341171470369e-01 6.903484357377219771e-01 5.589290146364800371e-01 7.555192830105339485e-01 4.772374553868620195e-01 5.504244553576970178e-01 5.757559979199780020e-01 6.373757687556870222e-01 6.226480778024009455e-01 4.676917656818869728e-01 5.424282880976539767e-01 5.853837389246809852e-01 4.510586707851880206e-01 6.496756269635070025e-01 4.531929075821830022e-01 4.794782855762099727e-01 3.265236618674450253e-01 3.383840697298750033e-01 2.357572567346049863e-01 4.456529787837780199e-01 5.166550396438900350e-01 4.918701882412420123e-01 4.428564662694630116e-01 4.115514533814950138e-01 4.375622893657850065e-01 1.858563952540349951e-01 4.657746773841339727e-01 3.035831772719829735e-01 5.810274117012930173e-01 5.662032913284760216e-01 3.820402084055580239e-01 4.845626469189739938e-01 5.392671251756040451e-01 4.637503184621030172e-01 2.640169364140410035e-01 3.172543571379199956e-01 4.880405928770140123e-01 3.609660834998980050e-01 4.818823872292369859e-01 5.283183050189309560e-01 6.615389488204780344e-01 5.238538814158499868e-01 5.853836700079789734e-01 6.204430675430859798e-01 5.117204417253690130e-01 3.485630860382349927e-01 7.107134923740080490e-01 5.910878136720689735e-01 5.850888647908499829e-01 5.373851466274129907e-01 6.374054753764030190e-01 6.701567143718559771e-01 5.430345312687170356e-01 6.024348360942080038e-01 5.718095983240140123e-01
