1.000000000000000000e+00 6.543371853268360461e-01 6.817987639974320002e-01 3.596439449470459904e-01 5.248912303898970455e-01 6.924754588272520328e-01 5.382823131986339549e-01 5.408484515480870281e-01 5.251267834461199602e-01 4.084036741889540134e-01 4.404775696583320133e-01 4.192698677918749728e-01 5.787942252855999836e-01 5.507881215414780485e-01 5.092282117631139471e-01 6.611682274686050409e-01 4.343862835267969791e-01 5.840029797937460465e-01 5.855503059999419557e-01 5.543819323884580097e-01 5.461707441667970064e-01 5.222623133384509675e-01 6.343969391106030198e-01 4.355225219486780208e-01 4.448712514559720055e-01 4.074911310399509934e-01 5.820803832490549778e-01 5.662414436686169505e-01 5.230092337998539787e-01 4.283517651202040089e-01 4.113760274635590020e-01 5.547896546959659725e-01 5.038902286331540248e-01 5.446927198050549590e-01 5.750056747056589979e-01 4.813046904229160150e-01 4.740873926999499832e-01 5.264781637942269610e-01 3.713536008026179780e-01 4.319305325146750030e-01 5.191905165548900136e-01 5.236839724736700452e-01 4.836356474888969803e-01 5.067522871950520535e-01 5.098411309976309536e-01 5.638863507269350483e-01 5.053429809816180063e-01 6.169717334568389777e-01 6.589770240568959547e-01 5.340292378757329761e-01 7.798980673985970169e-01 6.274629168515020172e-01 6.157570458029110183e-01 5.380769659750730405e-01 6.370365420325939665e-01 7.248130595813420118e-01 5.211041311936279730e-01 4.473785726456109835e-01 3.804560367408549859e-01 3.148921762233369837e-01 3.817821178686700012e-01 5.159555261704790174e-01 5.295686882681890362e-01 5.005362857380709629e-01 4.721899279484230161e-01 5.533031784787050267e-01 5.770971710645750319e-01 4.772698266494159736e-01 5.037473480255599823e-01 5.478575808378030043e-01 5.454267869397440016e-01 5.903641547741189655e-01 6.183987516242189786e-01 4.853144031390290158e-01 4.269272114468050106e-01 4.692301949892270230e-01 5.588078102469079544e-01 5.868437677082699588e-01 5.545474524824369755e-01 5.706594885709089793e-01 2.808760473332759799e-01 2.918955739744680256e-01 5.078313670571710237e-01 6.022027908552850528e-01 5.103626163027460416e-01 5.625129951850239562e-01 4.387397345008700045e-01 5.227492331682439541e-01 5.123417910402230380e-01 2.963322623522279819e-01 4.959269013383110214e-01 4.684968317169930230e-01 4.993699601311790137e-01 4.185268394342330223e-01 4.577007691013870172e-01 5.125735451442350321e-01 5.219349742663980107e-01 5.446916394981989873e-01 6.983373302566889818e-01 4.892841179232980120e-01 5.097613170984780506e-01 3.123629047956210103e-01 4.473348981034159788e-01 5.076698841004200213e-01 4.788048070538939993e-01 4.988481829407699908e-01 5.660800817014569608e-01 5.039946854710739554e-01 2.757532978994379769e-01 4.035021534132339771e-01 4.701623588904659812e-01 4.509906398129570060e-01 5.414008440224430396e-01 5.442726628701569647e-01 6.413189092191250440e-01 6.336596269933120196e-01 5.863356734837410489e-01 5.694164987820460322e-01 6.465401141754779646e-01
6.543371853268360461e-01 1.000000000000000000e+00 9.202744436737460010e-01 6.842082058549550094e-01 8.306632139837879514e-01 8.885743345908140300e-01 8.481562708266670025e-01 9.088723208255909958e-01 8.986505660060759570e-01 8.174144430503239578e-01 7.315387314247090433e-01 7.509420460011180243e-01 8.155184947377379645e-01 8.855893687024980476e-01 8.136525216634800106e-01 8.834826937772589650e-01 7.109224174213349956e-01 8.907780865290060301e-01 8.582138373601310155e-01 8.547078604869700058e-01 8.519103526793539993e-01 7.106729989471960440e-01 8.390442661315500317e-01 7.683553054740219768e-01 7.323405996942909946e-01 6.636404029623640399e-01 8.791595153978849497e-01 8.001815050622620440e-01 8.695879141970379589e-01 7.027456551295280240e-01 5.667892420962280520e-01 6.855850872034060517e-01 6.210894024740479802e-01 7.605194821090589530e-01 6.907910885590979877e-01 8.481505289850900242e-01 7.185683104978609625e-01 6.911635035821579454e-01 6.609186991562859825e-01 7.863562792702090132e-01 4.837122827424050198e-01 6.656113345835229511e-01 6.032708792811950493e-01 6.281557749789520306e-01 7.729977548125419595e-01 6.857876282318889904e-01 6.078169368137119610e-01 6.651630827864519757e-01 5.600042010741700382e-01 6.893844233856439851e-01 8.059827685166319755e-01 8.806890259980140190e-01 8.789165966695889898e-01 8.889524234792719470e-01 8.984513051515989890e-01 8.588779005534670219e-01 8.540988430001850151e-01 8.539698911306350393e-01 7.929165944048299774e-01 5.400654367457500271e-01 7.075666595377749779e-01 7.514091601218400029e-01 7.864896829127180355e-01 7.514777374380909869e-01 6.384653306420130514e-01 8.081305631129199751e-01 7.567699847830899884e-01 7.186835775524520464e-01 7.313541747905349943e-01 8.170129353841210085e-01 8.726522092146420384e-01 7.507348030906400016e-01 8.783727399699280403e-01 7.782664060417460172e-01 7.430137416854010191e-01 7.179144282768440410e-01 8.933313925102629449e-01 8.519472947152959552e-01 7.119345711285970379e-01 6.321160841101319816e-01 5.711570276556570125e-01 3.221659498467590033e-01 7.847094122557329854e-01 7.346225278713840456e-01 8.275490224627860547e-01 7.415916551008420177e-01 6.637835501156370555e-01 7.804564132175839664e-01 8.726870073161899777e-01 3.274108643561430276e-01 6.999874968164350175e-01 7.313887126594870169e-01 7.991382968661380204e-01 4.749938738821939954e-01 6.357096906568070471e-01 5.832445830250959640e-01 6.910751684873680523e-01 6.988378313090439775e-01 5.452701290536270395e-01 6.597439148750929849e-01 7.250920952551239695e-01 5.824567766921949774e-01 6.776029403623240466e-01 6.382544175677710152e-01 7.502435195492379583e-01 7.631476071794659477e-01 7.423291905430520199e-01 7.325078847938110149e-01 5.254993457071549523e-01 6.168321634874900372e-01 7.589385611802920151e-01 7.055560403754770338e-01 8.728983243877499465e-01 8.272356773768919647e-01 9.374535276040240062e-01 9.318820737872489657e-01 9.069530445004629904e-01 8.950242226182170135e-01 8.955154220964239853e-01
6.817987639974320002e-01 9.202744436737460010e-01 1.000000000000000000e+00 5.030733137497379603e-01 7.484201057374240129e-01 9.325012032499769843e-01 8.244379552839780079e-01 8.769111267457869729e-01 8.872812410119229609e-01 7.390661938884219850e-01 6.979082549973929517e-01 7.246483008768670464e-01 8.184140408309530379e-01 8.277372637667439470e-01 7.324396377710330475e-01 8.166891377797980134e-01 6.464334644867549828e-01 8.452765763157920054e-01 7.896313172056690366e-01 7.761747823014230052e-01 7.798521279340040468e-01 6.639632892141510423e-01 8.150227159057289450e-01 6.780746308710090542e-01 6.984527074579740535e-01 6.188822767784649681e-01 8.133692339264050331e-01 7.603014310516480467e-01 7.990251288368239724e-01 6.729682903488140022e-01 5.086854141793729633e-01 6.916074733751880199e-01 5.468300903609599750e-01 6.990008561759140093e-01 6.518360854755560485e-01 8.497654235020509761e-01 6.446323447514340499e-01 6.639962259331190220e-01 5.871458743872060015e-01 7.172052266300770196e-01 4.558080689370530014e-01 6.205774710623359613e-01 5.642893251113929587e-01 5.620219193071640529e-01 6.537914427682409713e-01 6.395931925137060547e-01 6.021524738555550371e-01 6.251536037623870445e-01 6.014716536920120538e-01 6.483614538802839888e-01 8.060616182488870018e-01 9.130307792948130219e-01 8.193613216219020057e-01 8.025266883368969983e-01 9.030876488472430186e-01 9.107754593387330511e-01 8.028483399155289524e-01 7.884032733817309957e-01 7.173347401293760361e-01 5.139557796290029623e-01 7.005001898728290266e-01 7.366482441100179468e-01 7.938657130338490076e-01 6.991943565427339857e-01 5.760448031113970524e-01 7.510488220344869736e-01 6.906631178127089488e-01 6.359557833644280400e-01 6.354715062126989888e-01 7.291265186265389886e-01 7.970934368869869724e-01 6.827277529450179738e-01 8.225404777006259938e-01 7.053256496879769522e-01 7.198260795166649961e-01 6.987243282101980313e-01 8.341871036885889490e-01 8.316301234310859991e-01 6.238330390040699447e-01 6.315997242924370481e-01 4.884436915273739910e-01 2.722160065093159886e-01 6.701912764041000337e-01 6.612841069412199735e-01 7.339927957137379888e-01 6.968031279596229588e-01 6.226348000963920493e-01 7.127024039320779547e-01 8.350353266527830165e-01 2.918397174974319830e-01 6.282741816589250128e-01 7.010684839622050024e-01 7.463312783202460388e-01 4.433998199325779876e-01 6.015214760761149471e-01 4.928705253796050179e-01 6.180272748867069454e-01 6.492075328468900342e-01 5.461354894098490176e-01 6.069886609801670163e-01 6.787154219557069990e-01 5.002689240086169997e-01 6.446895413910840311e-01 6.416828704050430154e-01 6.366729573366010086e-01 6.730088491663640538e-01 7.601426110957050231e-01 7.451449499900389961e-01 5.413684119493770153e-01 6.389044005142749949e-01 6.429280571659340415e-01 5.993763929348610020e-01 7.586746926399779989e-01 7.184585037626779469e-01 9.025293614452339908e-01 8.729471678501149468e-01 8.436322271760570146e-01 8.060176384361309454e-01 8.859379332395169726e-01
3.596439449470459904e-01 6.842082058549550094e-01 5.030733137497379603e-01 1.000000000000000000e+00 7.481513606289900142e-01 4.341899072877499766e-01 6.129020048891049566e-01 7.097860702894159823e-01 5.873699041051360092e-01 6.503516646044540384e-01 5.329801938045739540e-01 4.955643808233820002e-01 4.415529158648069941e-01 6.539875753237199829e-01 6.967434253876629846e-01 5.941171774921260029e-01 3.445123586339849941e-01 6.855671334168700337e-01 5.635067574205619989e-01 6.746425753751520427e-01 7.291874859844690304e-01 3.094591418140529848e-01 4.318713708509259730e-01 4.718860961774170026e-01 4.390491421691299911e-01 4.327933119981919874e-01 5.730138474023589445e-01 4.292441899980800057e-01 6.287915811739379635e-01 3.847067274346189780e-01 3.419255182057969744e-01 3.499204536385909781e-01 3.482833520005290118e-01 4.741227383233579951e-01 2.866830295464369849e-01 5.638886729809330367e-01 4.296298489936959952e-01 2.936938025600929758e-01 3.281433661987009920e-01 5.187134561885999862e-01 1.803275164288919985e-01 3.845189573526029969e-01 2.996551758604579785e-01 4.059198116362660036e-01 6.906150661067389507e-01 4.143444058861169843e-01 2.190795257851969879e-01 3.287063480124879922e-01 1.684287126331300011e-01 4.018940570921790134e-01 4.098006558640640007e-01 4.989036910406149938e-01 6.162863012568400300e-01 7.960088803498690524e-01 5.072078098938680446e-01 4.128450827248020261e-01 6.951662622183769624e-01 7.641462301936049473e-01 6.801197269637020426e-01 3.748036479428260015e-01 5.578857766742439939e-01 4.710180304144370167e-01 4.084126025248889791e-01 5.210873191676870242e-01 3.997303011472240208e-01 6.393290929806749734e-01 4.087144853470049966e-01 4.613140289500379798e-01 4.571127523121660263e-01 5.675375625921510458e-01 6.895075732756660303e-01 3.953092244090830043e-01 5.332827678110170222e-01 5.058430134223500518e-01 4.559040913504259773e-01 4.459912401007590232e-01 6.417599084116010211e-01 5.203245459967169584e-01 4.753909562910679787e-01 2.529568942807020049e-01 2.880254157715160246e-01 1.155513544088599964e-01 6.020112148636499461e-01 3.641875585885749889e-01 5.803741554770299738e-01 3.720168530906219906e-01 3.437940478178230230e-01 4.434623412185960123e-01 6.390367487735030272e-01 6.121487098542219979e-02 3.608849303702100220e-01 3.894068518015429969e-01 4.999532410584670017e-01 1.477865922141889943e-01 2.856957306071900016e-01 3.358206461104860097e-01 4.211301817482590026e-01 3.628099234318529764e-01 1.462042081301410112e-01 3.924739501043120193e-01 4.887413097740619938e-01 6.980219557318839696e-01 3.128909171003450007e-01 2.357531093056129956e-01 6.903302042710039998e-01 6.697743323679410388e-01 3.466432338394360158e-01 3.502195775956770118e-01 2.120837740084020040e-01 2.884834016530959944e-01 6.505570257000390377e-01 6.072040301251879768e-01 7.170076365742890090e-01 7.312815562705069494e-01 6.317894314625660535e-01 6.358211713311809898e-01 6.597865365167779883e-01 7.047801466365489764e-01 5.323069092863970120e-01
5.248912303898970455e-01 8.306632139837879514e-01 7.484201057374240129e-01 7.481513606289900142e-01 1.000000000000000000e+00 7.304911585714389810e-01 7.372944678263959606e-01 7.659485910335389613e-01 8.174021080761120217e-01 7.922758396707080264e-01 6.446703059076579478e-01 6.535409600467619873e-01 6.873451653273959794e-01 7.984400677082520437e-01 8.362786832034440065e-01 7.176529516824819988e-01 5.279964238523390252e-01 8.303712234590040486e-01 7.300241866827410497e-01 8.773382631620190164e-01 8.682932169903819775e-01 5.514178384605129546e-01 6.937850592045450293e-01 6.131493310657649687e-01 5.283522389628909632e-01 5.885095610272630395e-01 7.700812693729800484e-01 6.768099626272120473e-01 7.788696520415320235e-01 5.841916230123550546e-01 5.140085553891230452e-01 5.794980913208890305e-01 5.934019503065030010e-01 7.153686296859309568e-01 5.572639709593579793e-01 7.611862741015840150e-01 6.018929945487110356e-01 6.190969050987540356e-01 5.764541527766630091e-01 7.048420757228770483e-01 4.507729476774640087e-01 6.171365353002999932e-01 5.420574165433820202e-01 6.465250553660859545e-01 8.219540021933620100e-01 6.623462447936050435e-01 4.968623078015370065e-01 6.243878157700060161e-01 4.720107275292769744e-01 6.581079193372869618e-01 6.402842674858929550e-01 6.735997911449980169e-01 7.180804159183430402e-01 7.723797459527279585e-01 7.933699386083350458e-01 6.631201030923290496e-01 7.165162343036060033e-01 8.325604775671290314e-01 7.747591523667509694e-01 4.382690592992690148e-01 6.610859866347289504e-01 6.595698936211830121e-01 5.703933591504619649e-01 6.430809105413539672e-01 5.955392964871429884e-01 7.910820254551269581e-01 6.327102713507279930e-01 5.909147835185120101e-01 6.325173069735310349e-01 7.290231865647499587e-01 8.417447137465430274e-01 5.664781357723790434e-01 7.384810070582450425e-01 6.978090444609079679e-01 5.650862617650189712e-01 5.934252482590770539e-01 7.789620879224420369e-01 7.171800515353069505e-01 6.994745544449979535e-01 5.144576303398049610e-01 4.222951128512830166e-01 3.197026243446899896e-01 7.142779343086860244e-01 5.616154038612629629e-01 7.068622289023489547e-01 6.203449075904999832e-01 5.481175334684660339e-01 6.527195507274440311e-01 8.119326551590889673e-01 3.141692769149169728e-01 6.560764866633540526e-01 5.714138043776280096e-01 7.119899209766510362e-01 3.865212331456089889e-01 4.961106487987509972e-01 6.064429627573969528e-01 6.349689972644599889e-01 6.107307759831149818e-01 4.160637752805130263e-01 6.331552301744259870e-01 6.723408624534590317e-01 7.673331271831950184e-01 5.545292315218970369e-01 4.507974092813070155e-01 8.508547301073989821e-01 8.134580549776669889e-01 6.003490314430760533e-01 5.440052732191780205e-01 4.052792722438189887e-01 4.357707754265610078e-01 8.464355161139940353e-01 7.970108090948589963e-01 8.667929910794920367e-01 8.872247207069220432e-01 8.194036295748300391e-01 8.077541619745529644e-01 7.838240505827469562e-01 8.471859589101680132e-01 7.273899848727870543e-01
6.924754588272520328e-01 8.885743345908140300e-01 9.325012032499769843e-01 4.341899072877499766e-01 7.304911585714389810e-01 1.000000000000000000e+00 8.025678280335669657e-01 8.314246029566779717e-01 9.114634175817649675e-01 7.544113514448319568e-01 7.109079029587820342e-01 7.147038639905950452e-01 8.200248905004220434e-01 8.231289891751150112e-01 7.333413863432749480e-01 8.028238381817019986e-01 6.670144770289270220e-01 8.007218235097659509e-01 7.821661132361350521e-01 7.794633827007789728e-01 7.551726347873789491e-01 6.958742743252760432e-01 8.407347297307119494e-01 7.085330718344250434e-01 7.194782485053089482e-01 6.170528016237569746e-01 8.142063455133790040e-01 7.972719465872980527e-01 8.007067707502619758e-01 7.180449161931370394e-01 5.389912411452919550e-01 7.209592247040289559e-01 5.821423779800439791e-01 7.120380891228159648e-01 6.776380591763100369e-01 8.665984255482349630e-01 6.849900973246849656e-01 7.591494936430319695e-01 6.897205974800869610e-01 7.581092466329639734e-01 5.407052887929200136e-01 7.034293495139040120e-01 6.128737797201809778e-01 6.015326716279679742e-01 6.711156242756339818e-01 6.856782325277099854e-01 6.596516220201450453e-01 6.738207810838999778e-01 6.983222437274539951e-01 7.091637226054150478e-01 8.232402951613470021e-01 8.747700093475689886e-01 8.056975772159340465e-01 7.488755826546029670e-01 9.373592069242979719e-01 9.378696814666910297e-01 7.449572700350589605e-01 7.586900980269379868e-01 7.139580774022239451e-01 5.199924879071869954e-01 6.814700786221680184e-01 7.413118921372120473e-01 7.861652450814470283e-01 7.236739795076649884e-01 6.615372433086229575e-01 7.613703783785219503e-01 7.279611081111749815e-01 6.581074343279199601e-01 6.711227469016549652e-01 7.236445227240999589e-01 7.777449215187419718e-01 7.211791201073870505e-01 8.386533721426899790e-01 7.697018536491020413e-01 6.971789503993699455e-01 7.021247608117859862e-01 8.248705426048820177e-01 8.479452113616909870e-01 6.567162053629219676e-01 7.009547263427869934e-01 5.162802053888699838e-01 3.516732118671430096e-01 6.830804564105630305e-01 7.148271748354400046e-01 7.260550512640919774e-01 7.462482834301840118e-01 6.586731864895729593e-01 7.535589710003589570e-01 8.388066383172589902e-01 3.870195771438080246e-01 6.908006954518699505e-01 7.460905435488890403e-01 8.149031365738970134e-01 5.682847817538909663e-01 6.738599646346029592e-01 5.781308058046199516e-01 6.551607238162520108e-01 6.791585334828450504e-01 6.362603173254000044e-01 6.666793189148839671e-01 7.114742942708519591e-01 4.532808122824509844e-01 7.121476065433990366e-01 6.882018260183320191e-01 6.581045353639759510e-01 6.773376877045289568e-01 7.758663771109609586e-01 7.599059841169679697e-01 5.705807363553090372e-01 6.658443318978409797e-01 6.969451199923349938e-01 6.413841884158889561e-01 7.613123712138200050e-01 7.205387698885149517e-01 8.856658451952880151e-01 8.629445467287190086e-01 8.216732635852519451e-01 8.028606290489830322e-01 8.741323960570980267e-01
5.382823131986339549e-01 8.481562708266670025e-01 8.244379552839780079e-01 6.129020048891049566e-01 7.372944678263959606e-01 8.025678280335669657e-01 1.000000000000000000e+00 8.805237057613809482e-01 8.325790338826130066e-01 7.392797717031269755e-01 6.215269954938760222e-01 7.135076978215659782e-01 6.937377022808609572e-01 8.014755457417690465e-01 6.963305012886730205e-01 8.602207389329710185e-01 6.594537339320549751e-01 8.924576786395690409e-01 8.176757291509669789e-01 8.077478323839970553e-01 8.196448872796310292e-01 5.362372516395159661e-01 6.876332089728199870e-01 6.608863700111810013e-01 6.833148594807000320e-01 6.116799041079630239e-01 7.668101395572559653e-01 6.328562861661729544e-01 7.879519824091899549e-01 5.215519469290500476e-01 5.121619800204150197e-01 5.235322300034269682e-01 3.879226170324199807e-01 6.053941903526589563e-01 4.816145184371780075e-01 8.005088716665500481e-01 4.919042393334370211e-01 4.601689588282060206e-01 4.541229772807249820e-01 8.355538110222470172e-01 2.812083765206250252e-01 4.267972951593499986e-01 2.961648726525680231e-01 4.206826777575879972e-01 5.643328659444429851e-01 3.996420137445150234e-01 3.716194428498190150e-01 4.478456194696540105e-01 4.470213847987690170e-01 5.002024569267740084e-01 6.799618289135409555e-01 8.419632461000929879e-01 8.775389797297219463e-01 8.075218939203200330e-01 7.896974682159569880e-01 7.948735514084059872e-01 9.110174677692990386e-01 8.538111893065010172e-01 7.356377365423379944e-01 5.164189811841629618e-01 6.448810986943800394e-01 6.449197426745000294e-01 6.701410064632159491e-01 6.033555507209580338e-01 5.733174164243759474e-01 6.482014743034929527e-01 7.773062892755809861e-01 6.695203082388230253e-01 6.192013246692149586e-01 7.545243996282670063e-01 8.054608397643590045e-01 6.491887829924940512e-01 7.749952536611529608e-01 7.448580895889459486e-01 8.003191063742279843e-01 6.978177780881710257e-01 8.429126586777490049e-01 7.037090405724419906e-01 5.468358081838889939e-01 4.803573029017960128e-01 4.239997308182469893e-01 8.820837339357059936e-02 5.752138225983860487e-01 5.401848525715460259e-01 6.502460741694340296e-01 5.384480301553109527e-01 4.528800264316489854e-01 5.826459692256049649e-01 8.434829504694150160e-01 1.074213415614249933e-01 5.185928761561859890e-01 5.553586233704520536e-01 6.604551252888499757e-01 2.685544572936249819e-01 4.720109199924230059e-01 3.601628198243799761e-01 3.999040759821729796e-01 4.952790263441739782e-01 4.677795029121050163e-01 4.863398686477189981e-01 6.408580506004279975e-01 5.500830273154969641e-01 5.991905447147649610e-01 5.388849696476689655e-01 5.951726921612100485e-01 5.676438816606650395e-01 5.318406185446640233e-01 5.480122754201189883e-01 3.568728749895980212e-01 4.706710826312450191e-01 6.581245912562170286e-01 6.149109812084300186e-01 7.210346955967330551e-01 6.439999657910879804e-01 8.214747342396530039e-01 7.886914510319169569e-01 8.388339939845359527e-01 8.235931478287269458e-01 7.634126256941839994e-01
5.408484515480870281e-01 9.088723208255909958e-01 8.769111267457869729e-01 7.097860702894159823e-01 7.659485910335389613e-01 8.314246029566779717e-01 8.805237057613809482e-01 1.000000000000000000e+00 9.013214593995999557e-01 7.874483036763939570e-01 7.224260422945729676e-01 7.419051689229410051e-01 7.650975120505120186e-01 8.649601363842960300e-01 7.758159091625900228e-01 8.196672971455130075e-01 6.289594732696840440e-01 8.911757580846519922e-01 7.968297122227390172e-01 7.942874647367279550e-01 8.092123030482399892e-01 5.921414842941099543e-01 7.414663842184959774e-01 7.012292128548339720e-01 6.704185056241209750e-01 5.830940525474680447e-01 8.030944749890990275e-01 7.044089754287570226e-01 8.388332860525550272e-01 6.399493548829799927e-01 4.629530924631760080e-01 5.951878622500149651e-01 4.742599200558589856e-01 6.754207865075819717e-01 5.435953739982679611e-01 8.352043203798099613e-01 6.305566837745819608e-01 5.795828774400080263e-01 5.803268671236869736e-01 7.623954696666069841e-01 3.697689968445990183e-01 5.082409967203219692e-01 4.597778511643619836e-01 4.932978846143269980e-01 6.921589298949589741e-01 5.625668758095999644e-01 4.824583740587730096e-01 5.322850023010660125e-01 4.702927928445149730e-01 5.988192409086100509e-01 6.974902380679179892e-01 8.865591709049730484e-01 8.743828126555189817e-01 8.984875819795840046e-01 8.687440349679580454e-01 8.097845320506079636e-01 9.312343197173139631e-01 9.205776716060900533e-01 7.787099460230629822e-01 5.509956593599679708e-01 7.037717171495030399e-01 7.208609015980980139e-01 7.590019416906600425e-01 7.549334203937390075e-01 5.961546440557240478e-01 7.765296289258629692e-01 6.966806530035639655e-01 6.477233063792799950e-01 6.224146857806820421e-01 7.412927660730580515e-01 8.268140760429499858e-01 6.075555024674269555e-01 7.896477277921639670e-01 7.304864165945420540e-01 7.001203674957620082e-01 6.340458755844630145e-01 8.720072082765409904e-01 7.754434048865329610e-01 5.900703209455350207e-01 5.426065626920899554e-01 4.676526249330160145e-01 2.008627912200270094e-01 6.838324768776830043e-01 6.011783942872099828e-01 7.455979055862770322e-01 6.286002669477489535e-01 5.887789561646360470e-01 6.854937725780759772e-01 8.696364360982310471e-01 2.184159076580650116e-01 5.701616476943509593e-01 6.495111192415079504e-01 7.518010687657320501e-01 3.524537630489830153e-01 5.267768100559759858e-01 4.398267629910109777e-01 5.475010030406519679e-01 5.840459718231609809e-01 4.438778249778639884e-01 5.836857451030249555e-01 6.719413623641640188e-01 5.728140330978539474e-01 5.802238516728189799e-01 5.408774740895859745e-01 6.806489740261449928e-01 7.015348805844779934e-01 6.471779809605889833e-01 6.871990438843079696e-01 4.700447667632089987e-01 6.010819964809279714e-01 6.666574185183919976e-01 6.259188303938559850e-01 8.025822429943350045e-01 7.507063411716310419e-01 8.930544807665850016e-01 8.849493857608570213e-01 8.707889100696889484e-01 8.521747926357049474e-01 8.353331212029629915e-01
5.251267834461199602e-01 8.986505660060759570e-01 8.872812410119229609e-01 5.873699041051360092e-01 8.174021080761120217e-01 9.114634175817649675e-01 8.325790338826130066e-01 9.013214593995999557e-01 1.000000000000000000e+00 8.419587430575630194e-01 7.327143733816809945e-01 7.480207735881809761e-01 7.953570984984590364e-01 8.790981671894080307e-01 8.084212858849260108e-01 7.975335829703390500e-01 6.888759401844000152e-01 8.570132353944860393e-01 8.183700800108419937e-01 8.556196858415460182e-01 8.395396229743350425e-01 6.560982425052810374e-01 8.084387850789479524e-01 7.785306996519779643e-01 7.101522753122979648e-01 6.445821886690999980e-01 8.443412375188790175e-01 7.827044987983540203e-01 8.707030382971879812e-01 6.840013222391679859e-01 5.455241933057050074e-01 6.815169124497699737e-01 5.732960387865509988e-01 7.406756199631590043e-01 6.293401991159239817e-01 9.107061394998969828e-01 7.102893922122399673e-01 7.288282688886430494e-01 7.075688407266179647e-01 8.380976725314069897e-01 5.048456366209059798e-01 6.481656346201100094e-01 5.714722524738780063e-01 6.295903862649190330e-01 7.327557050780599823e-01 6.814501014371120435e-01 5.922749182676390056e-01 6.403207102847620069e-01 5.752154119627319595e-01 7.127484656664140328e-01 7.311967391368160429e-01 8.500832398498809894e-01 8.173527319979639882e-01 8.057502645954720544e-01 9.308125326946570244e-01 8.589903728092850299e-01 8.128372737034580409e-01 8.824698446136599594e-01 8.066668918178490078e-01 5.570378754846609937e-01 7.403367636508529914e-01 7.426845608284320388e-01 7.676960239094969829e-01 7.778337547718660039e-01 6.896713861899139708e-01 8.078240887114459534e-01 7.363905346986600042e-01 6.672008270714410161e-01 6.685337475223690484e-01 7.492179188831260550e-01 8.493818587136350295e-01 6.435355644781749485e-01 8.440566383295079467e-01 8.009134222104490330e-01 7.485352128338610411e-01 7.090874775997300095e-01 8.746321286025350306e-01 8.346143999004820291e-01 6.793212539838270336e-01 6.422952921275999483e-01 5.769149840012089969e-01 3.388678402264390099e-01 7.294935521587420091e-01 6.704730981062969608e-01 7.863273270006679860e-01 7.146511852524880526e-01 6.785777762477089858e-01 7.608655668648820480e-01 9.017435435226489604e-01 3.692550254018119871e-01 7.078110027659150205e-01 7.338801320455879962e-01 8.290356500146259799e-01 5.207836138781549717e-01 6.327817660205520278e-01 5.964763328889010063e-01 6.599801427738170023e-01 6.642275642227859489e-01 4.935918225900209899e-01 6.873386817200169974e-01 7.504598357657320529e-01 5.957283980876889595e-01 6.720375181423879907e-01 6.109733685907959844e-01 7.631171057702510474e-01 7.697574934970420335e-01 7.201222195929569692e-01 7.413296511503320030e-01 5.446236122513490319e-01 6.483250439082359762e-01 7.624179741297799628e-01 7.097124329210110494e-01 8.510891504136050001e-01 8.077517716756339450e-01 8.983980216980520517e-01 8.950512492345259474e-01 8.696847297309630020e-01 8.744732232108649583e-01 8.527738728459659523e-01
4.084036741889540134e-01 8.174144430503239578e-01 7.390661938884219850e-01 6.503516646044540384e-01 7.922758396707080264e-01 7.544113514448319568e-01 7.392797717031269755e-01 7.874483036763939570e-01 8.419587430575630194e-01 1.000000000000000000e+00 8.527195752437130016e-01 8.753721775126890314e-01 8.109899215255750304e-01 8.902762550224889715e-01 8.772243930467690243e-01 7.395620452308410142e-01 6.631888345655819750e-01 7.623911366639349874e-01 7.400821458833779509e-01 7.394554741561409905e-01 8.032341155085620521e-01 5.872383195578020354e-01 7.655522384412070114e-01 7.000125783848419880e-01 7.522296122235270222e-01 7.565474314505690190e-01 7.640922791669000347e-01 7.523949771104050388e-01 8.486244547339529820e-01 6.842773171621719941e-01 5.332404698614700012e-01 5.899602476189510503e-01 5.548073028795159622e-01 6.388541309557409509e-01 5.463897309736680530e-01 8.069317846465779986e-01 6.837691931289879843e-01 6.846657832286070500e-01 7.174987413617910370e-01 7.866798582161059761e-01 3.816225472901499938e-01 5.852670380211579815e-01 4.892784929406540084e-01 6.275264459150919905e-01 6.967181533927180315e-01 6.053798878453969801e-01 4.536551045644520164e-01 5.388365317065290094e-01 4.552822609035759860e-01 5.997243674355939858e-01 6.195526728870129896e-01 7.061871366048280141e-01 7.796579714514519921e-01 7.622514093559380477e-01 7.622918910280590543e-01 7.137363742772130371e-01 7.317683253714519775e-01 8.430320945983369452e-01 9.581091917658699497e-01 7.006795860452750269e-01 8.360258379760650005e-01 7.813275474100159768e-01 7.631581171601580227e-01 7.932777242219829494e-01 7.003375383523620101e-01 8.425032780188169701e-01 6.351813429405559486e-01 7.109707920978369788e-01 6.371057997603859491e-01 6.968645421976800147e-01 7.962870834379399687e-01 6.159039329657189921e-01 8.040143127834019632e-01 7.751977983891480406e-01 7.335917690297929505e-01 7.354559223875759555e-01 8.416119299430010470e-01 8.026657873042970515e-01 6.875647627017109631e-01 5.420572776950569605e-01 5.295203046963420368e-01 2.751196429222659834e-01 7.361791923156629780e-01 6.226876869655140201e-01 7.409695828755950009e-01 6.093081941572200400e-01 6.119685489730890549e-01 7.073219164946420445e-01 8.152273597333480337e-01 2.628103286203439803e-01 6.573175053710720306e-01 7.466603779233990101e-01 8.311518838526750219e-01 4.198954595100989895e-01 5.214136452015389889e-01 5.644338336725299721e-01 5.818049560833560285e-01 5.904334864668979721e-01 4.043630174701149937e-01 5.854738157423330369e-01 7.222446621230710351e-01 6.654777294948339694e-01 6.480810516533720422e-01 6.210644095525359454e-01 7.723316556966389745e-01 7.655555819091639513e-01 6.691297379289949943e-01 6.635549785780670007e-01 4.892786949854809886e-01 5.895305225464280152e-01 7.667646815170969798e-01 7.276552393963999776e-01 8.135419987751549842e-01 7.753647964331520370e-01 8.433386472964390368e-01 8.455401775608130110e-01 8.283398261629529857e-01 8.480546299717229841e-01 7.602380389471270483e-01
4.404775696583320133e-01 7.315387314247090433e-01 6.979082549973929517e-01 5.329801938045739540e-01 6.446703059076579478e-01 7.109079029587820342e-01 6.215269954938760222e-01 7.224260422945729676e-01 7.327143733816809945e-01 8.527195752437130016e-01 1.000000000000000000e+00 7.649989207220719845e-01 7.552639378485549448e-01 7.513647726447599817e-01 7.683425310985689816e-01 6.245520210073229883e-01 5.043133231274450345e-01 6.275035919627870440e-01 5.593130372675390038e-01 6.118555967675629592e-01 6.313973448299899927e-01 4.785240446216419974e-01 6.506085773645100545e-01 6.253663094117599686e-01 6.541074243203549576e-01 6.606967322641149609e-01 6.388594000046510235e-01 6.818833189928360516e-01 7.603586861083529991e-01 5.671792611994239675e-01 4.508438486476409879e-01 6.034541160721930142e-01 5.098741231007589692e-01 5.560299107044639477e-01 4.923558948396040136e-01 7.184616891504670422e-01 6.832019895446530544e-01 6.659677496899170102e-01 6.529384263210009642e-01 6.401303529305170104e-01 4.496422158155359838e-01 5.580241538130209511e-01 5.038001405786259879e-01 6.452138321980259716e-01 6.228442991653110328e-01 6.255578325396069506e-01 4.618606263290909730e-01 5.349822479533710151e-01 4.695298801514519726e-01 6.107580462787089992e-01 6.191267163597270473e-01 6.401043946969370291e-01 6.868286019167290091e-01 6.888450120287910039e-01 6.781420773801020152e-01 6.567673722449940410e-01 6.365464893427420501e-01 7.489630355542470364e-01 8.250642779005880056e-01 6.843669207964260259e-01 7.529373167132009659e-01 7.558238862725279450e-01 7.117997611974390404e-01 7.434283907809999814e-01 5.751138428882499598e-01 7.574659253550209970e-01 5.341274961964069812e-01 5.900532229025730047e-01 5.124038791989280472e-01 5.826689191271330337e-01 6.464594556777140122e-01 5.025589325075849878e-01 6.459010264657659706e-01 6.775913732332660144e-01 6.224048636743869656e-01 5.969637329623980193e-01 7.113589996347510214e-01 7.186448318509079947e-01 6.477986232864849647e-01 5.710428774771389993e-01 4.425362077525499815e-01 3.396992603451050030e-01 6.337844487909120028e-01 5.568286063858790547e-01 6.238964925253239757e-01 5.778783595148420105e-01 5.715311646377579935e-01 6.565899479751780010e-01 6.996943915949269677e-01 3.619016231902479896e-01 6.210863596915829898e-01 7.125860329091859846e-01 8.146199197658680058e-01 4.626418073396110220e-01 5.418418549714799637e-01 5.703894317156350535e-01 6.024848584530529960e-01 5.250507866373419485e-01 4.348172406075569985e-01 5.736693984704770433e-01 6.440907782479919907e-01 5.336516526757649759e-01 6.355318987591560553e-01 5.860238138409199493e-01 6.167286432407750318e-01 6.771861473973109780e-01 6.532434704697129835e-01 6.618245572320700099e-01 4.092434095688239903e-01 6.749256674816109802e-01 6.696085811827310330e-01 6.378113608800559664e-01 6.974191840646210006e-01 6.626032841225859560e-01 7.639087514128160006e-01 7.559079163938150492e-01 7.272075678511670249e-01 7.185301220921940235e-01 6.945640271122079934e-01
4.192698677918749728e-01 7.509420460011180243e-01 7.246483008768670464e-01 4.955643808233820002e-01 6.535409600467619873e-01 7.147038639905950452e-01 7.135076978215659782e-01 7.419051689229410051e-01 7.480207735881809761e-01 8.753721775126890314e-01 7.649989207220719845e-01 1.000000000000000000e+00 8.010224807891650478e-01 8.189036945816280388e-01 7.587599898323580394e-01 7.234307713163009579e-01 6.595434363325719529e-01 6.981606936208010206e-01 7.220223370844489619e-01 5.903625482182139894e-01 6.855647122266109728e-01 5.960328585861950357e-01 7.340543074829869452e-01 6.319284462842590377e-01 7.833998494039640104e-01 7.758963807300359727e-01 6.772938844542030212e-01 7.283872889920539606e-01 7.320093155546629760e-01 7.003879207577959898e-01 5.138939462184179963e-01 5.704729759014149915e-01 4.527809041297560233e-01 5.504504427886079965e-01 4.919396452162559941e-01 7.297171505662990443e-01 5.703867544729740446e-01 6.226984510384809823e-01 6.364080718302289608e-01 7.442974769371010213e-01 2.636846911998019793e-01 5.300837432480329792e-01 3.860545600494609819e-01 5.358175083785560178e-01 5.486509171142800456e-01 4.757004202781769941e-01 4.034941364491779758e-01 4.058638853375660105e-01 4.357239493129160257e-01 4.968980437443630271e-01 6.257627420165670085e-01 6.893571610071930200e-01 7.697949308609169927e-01 6.722727466442850464e-01 6.867851294839150134e-01 7.217895290760499849e-01 6.923859825920619659e-01 7.436839900251650537e-01 8.622784526021489704e-01 7.301852839654959793e-01 7.884128691600289507e-01 7.606316368519600024e-01 7.446086301627019566e-01 7.202891858816340420e-01 6.743350293917650395e-01 7.527660402553539853e-01 5.888018672738849491e-01 7.148059934751309630e-01 5.963884593074280094e-01 6.585965782552719583e-01 7.101176868804399689e-01 6.105762101222810267e-01 7.508447482303970411e-01 6.915625023814340189e-01 7.498213934687260052e-01 7.479461958689960221e-01 7.963852021916969504e-01 7.604805405276380270e-01 5.755053113990580282e-01 5.205028656794900010e-01 4.586292211587740253e-01 1.438694784286100037e-01 5.760577026512460064e-01 5.596183993911949539e-01 6.280842144554670270e-01 5.142242295247779760e-01 5.166588190352829901e-01 6.634906840709160480e-01 7.313406453532299567e-01 1.201536050586529958e-01 5.379638553439040072e-01 7.416781383368209468e-01 7.357834328424349701e-01 3.571959140559129997e-01 4.876662764810130168e-01 4.381003539792360235e-01 4.511984633623580265e-01 4.993606231548780028e-01 4.086462249095970112e-01 4.892554877370500210e-01 6.924884335411499725e-01 5.527017575737620536e-01 6.140259140764999790e-01 6.062261434707459928e-01 6.108640459791629951e-01 6.347721802125360080e-01 6.771726467438460295e-01 6.485568799108879512e-01 4.934226207625819760e-01 5.379773378668939454e-01 6.979978162440719780e-01 6.308946255922179835e-01 6.635374001104239472e-01 6.046454802657570404e-01 8.083406862041490060e-01 7.861312246007570170e-01 7.798696069533319619e-01 7.759308808108780209e-01 7.534205353759000356e-01
5.787942252855999836e-01 8.155184947377379645e-01 8.184140408309530379e-01 4.415529158648069941e-01 6.873451653273959794e-01 8.200248905004220434e-01 6.937377022808609572e-01 7.650975120505120186e-01 7.953570984984590364e-01 8.109899215255750304e-01 7.552639378485549448e-01 8.010224807891650478e-01 1.000000000000000000e+00 8.876818810494799816e-01 7.982476290990160317e-01 8.197587736887049781e-01 7.740693591442630028e-01 7.573906536660860445e-01 7.914790886591169805e-01 6.793373944217570015e-01 7.326236458895950543e-01 7.865909802740379542e-01 8.974434857138070543e-01 7.401316733293850092e-01 6.970860866112279508e-01 6.428138071291259470e-01 7.483524491754509622e-01 7.986491311070570420e-01 7.880874137823620229e-01 8.097394514941199661e-01 4.872676482373570206e-01 7.346489698901379484e-01 6.784966185577939735e-01 7.384089919554219783e-01 7.472092626546700256e-01 7.117490560065520278e-01 6.915036396608370550e-01 7.715868835611440213e-01 7.577939415968919512e-01 7.411025225005090089e-01 5.423388662566259733e-01 6.641025559284640112e-01 6.680201494885970037e-01 5.365583326401940356e-01 6.294027882505489613e-01 6.996766821524640356e-01 6.653956591464039727e-01 6.831973182134889466e-01 5.620800715435180228e-01 6.342123165816719865e-01 7.632783438087360484e-01 7.782747094446650360e-01 8.316697734480840154e-01 7.284522177635609497e-01 8.203152161718829660e-01 7.894734905903060262e-01 7.015833986066719596e-01 7.125768325880179610e-01 7.549991408649979752e-01 5.730914811846029577e-01 7.311545440226729919e-01 8.988734093976410433e-01 8.655618096160380137e-01 8.322860405254040028e-01 7.431276656149959914e-01 8.470325452094290553e-01 7.155890474705379756e-01 7.889070293832359804e-01 7.236456166607599938e-01 7.404681822058349905e-01 7.657080906031039635e-01 7.779152167675380536e-01 8.669825216462400119e-01 7.500011162189910152e-01 6.674277372582090306e-01 6.749580528582289629e-01 8.017698615037429644e-01 8.597590283118450305e-01 6.302203765636850141e-01 7.036503688573889637e-01 5.484586039450070061e-01 3.750089839269409864e-01 6.856263938894230359e-01 7.611298395455560195e-01 7.101580231935430421e-01 7.394718566629070455e-01 6.402584018409690492e-01 7.041348813100199999e-01 7.475673101862140291e-01 3.731423118508739867e-01 7.132649450288820470e-01 7.703288113761449507e-01 8.126439306931899642e-01 5.393521577695460367e-01 6.809684588137480121e-01 5.564734705168119522e-01 6.755845831560779446e-01 6.840030151020539684e-01 5.476452713348779477e-01 5.919125338362020150e-01 6.958924943947899511e-01 4.636131521634599961e-01 6.326972675665859525e-01 7.242667357803640460e-01 6.597104346398520169e-01 6.797041831252690347e-01 7.936332265454070223e-01 8.016386062212870200e-01 5.733741712817750358e-01 6.862656396823040295e-01 6.815650350166200244e-01 6.645519190364499451e-01 7.472286215149289701e-01 7.105408785273960026e-01 8.567627482867590238e-01 8.734756453699999978e-01 8.198867792580240010e-01 7.965970152440330354e-01 8.099601266373910313e-01
