1.000000000000000000e+00 5.587646749632240173e-01 7.483804404066040084e-01 2.172782631752860072e-01 3.988119025381640093e-01 7.468011860169689875e-01 6.320065211529140026e-01 5.336109388348130311e-01 6.189551439136119493e-01 6.658110882381099715e-01 5.755383241718610154e-01 6.494380215003839885e-01 5.851217560705109788e-01 6.648414642494490101e-01 6.602251816267019624e-01 4.882079756468190035e-01 6.924760615412389742e-01 5.554430589046079891e-01 6.304151671719729899e-01 5.135702296052749860e-01 5.233886907595419746e-01 5.367697547638450306e-01 5.444290616610779621e-01 5.624957117107880489e-01 6.336134084959470503e-01 5.393945696932980205e-01 3.184199167471309933e-01 5.291786053466750461e-01 5.948227970760120442e-01 5.002678902903650027e-01 5.369711945444769485e-01 5.949466891340069452e-01 4.971423004147019764e-01 5.162592586177350285e-01 3.708722250402319842e-01 6.430242376356369860e-01 5.220576171694469858e-01 5.465677912214940148e-01 6.004796632266720113e-01 5.002954698074999484e-01 1.524198029920950104e-01 6.073841636465620031e-01 3.837967017337580167e-01 3.721295789457039760e-01 2.006707994476109869e-01 3.623477606691660191e-01 3.341406740837999934e-01 4.354512366327920048e-01 7.318434096222710128e-01 5.013154631237100034e-01 7.071026662029199494e-01 6.191716954362560532e-01 5.477999307840689669e-01 4.565035455006830056e-01 7.500007593380799698e-01 8.089848136919840504e-01 6.562156900480260457e-01 6.223568160739739730e-01 6.929474997952019821e-01 6.403150564849789950e-01 6.511667907574519853e-01 5.628315435565880431e-01 4.678632889167009812e-01 6.056017370951489731e-01 6.043289116710249820e-01 6.251950426220790336e-01 4.913354803430889928e-01 6.361169115685529896e-01 5.936006202751770156e-01 4.541690349877329780e-01 5.828450914384619708e-01 5.325026437027839954e-01 4.363435894738659782e-01 5.326116901728660258e-01 6.586043575119170379e-01 6.017760920653909551e-01 5.946146500422420100e-01 4.789927664550520103e-01 5.255524419963290006e-01 5.348666874821610406e-01 3.748128689758820076e-01 3.776346834507290223e-02 1.752253055413380001e-01 2.264461228490539935e-01 1.674519926662610125e-01 2.533829609798010085e-01 4.649317952081690186e-01 4.427478536515940255e-01 5.725308316065730319e-01 9.179374979329550654e-02 4.745775120220889765e-01 5.338429539096459786e-01 6.216216274804150510e-01 5.038186600991709785e-01 4.104521940008529768e-01 4.389040591780509759e-01 2.844982306326520050e-01 3.606238162706090211e-01 5.461125589564369553e-01 4.630850303803619727e-01 4.076206407432350076e-01 1.688085256662330003e-01 1.872953180572410059e-01 2.955450281081740127e-01 2.288210546003049961e-01 3.224560450917099974e-01 2.832337736505829984e-01 3.943000663130279970e-01 3.256404974649679818e-01 4.257361547067409768e-01 2.962995938840289889e-01 3.959009872389689932e-01 1.795949915299960009e-01 1.298016316577950136e-01 4.152238608565310130e-01 2.157864780708209917e-01 3.915173532536370127e-01 2.773110181002860219e-01 4.856519538168659889e-01
5.587646749632240173e-01 1.000000000000000000e+00 6.781046296825490316e-01 5.424128484473560441e-01 7.758167818678139982e-01 7.612435293434020034e-01 6.603433356822180356e-01 8.552232327324570393e-01 8.606461019453900407e-01 6.506982492850970079e-01 6.259695310593970108e-01 6.264443972777049563e-01 5.192934288381599872e-01 7.246061307153119913e-01 6.488354488047379798e-01 9.040924384753780130e-01 6.898056299196819730e-01 8.587383195111349954e-01 6.814238143154289773e-01 8.341337075614839724e-01 7.530175602753329533e-01 5.563868934073860073e-01 5.344104471430930481e-01 5.575556935602899999e-01 6.039655031247249672e-01 6.015817128984070061e-01 5.992319977849660528e-01 7.000900284406800234e-01 6.831369256255439559e-01 5.210146426557360488e-01 7.225957546122150355e-01 6.125981709403119924e-01 6.723213254474530443e-01 6.651052159309499556e-01 5.277485985598430185e-01 8.320027039549909853e-01 5.990339912565939562e-01 4.465530499456120128e-01 6.319204045549440263e-01 5.489965144057189494e-01 3.697554214567940201e-01 6.919881571772099615e-01 6.382036111935409650e-01 6.948156154670750428e-01 5.758726547926860118e-01 5.330085821023620163e-01 5.626826446163469830e-01 5.280816485362399559e-01 5.270900003010410284e-01 6.976720358757669826e-01 7.334028140519339711e-01 9.172678886011890187e-01 8.338032475194160353e-01 7.579247908407690248e-01 7.519844864760889536e-01 6.455153979446810464e-01 6.688647050275779993e-01 8.727054590453050542e-01 6.865152647224830318e-01 6.711666104870309679e-01 5.571315117112679571e-01 5.302349294654089551e-01 7.114536336519510229e-01 7.448718628186179469e-01 6.875336896163769529e-01 6.066732168892130517e-01 6.701178675788209693e-01 6.790264805966800266e-01 8.552714114464450290e-01 7.031800309307489893e-01 8.177911215248400145e-01 6.750024154699320045e-01 5.559765979545779890e-01 6.415977829270940180e-01 6.585183392451100515e-01 6.317664845235280158e-01 6.431287547262419801e-01 5.657914237806590529e-01 6.421276437159250117e-01 6.922311214529249801e-01 5.697315457466110011e-01 1.805486140723230049e-01 5.406453304829880180e-01 4.576650190615200176e-01 4.382067249099089734e-01 5.478889370168570361e-01 5.106314940650470424e-01 5.878017428601349792e-01 7.838267479160220264e-01 4.153592945070669895e-01 6.148762888416190453e-01 5.165094283092579452e-01 6.661837351809849483e-01 6.524112716996559591e-01 7.594223487078070045e-01 6.643377692371510435e-01 5.184960463063560399e-01 5.732156050148139448e-01 4.424658043875109859e-01 6.200045180713259496e-01 4.604497757937560110e-01 4.803525718826989754e-01 6.185979688648410302e-02 2.509829827228349797e-01 6.813566336584080396e-01 6.253761742200429907e-01 5.411402237245770408e-01 5.389389672517499452e-01 3.756078288703100232e-01 3.544354062688500062e-01 5.687440992659900107e-01 5.087213764476929967e-01 7.007885679367480414e-01 6.824887977076079526e-01 6.603925749654020461e-01 6.330187455975559985e-01 7.666985890141619908e-01 7.683581187461050455e-01 6.446913786534550495e-01
7.483804404066040084e-01 6.781046296825490316e-01 1.000000000000000000e+00 1.149835909934159989e-01 3.895191296909870093e-01 8.522456346220189660e-01 7.441442907048150257e-01 5.520163479898300141e-01 8.255405361381360496e-01 7.106236568449010305e-01 7.224411161728889752e-01 7.264281752910579648e-01 7.566323271641079984e-01 8.242285831284990039e-01 7.765366900893769797e-01 5.642792281747870398e-01 7.343681072185640479e-01 5.953543189614169950e-01 6.710057070506160182e-01 5.542762975571190465e-01 6.517322294930220083e-01 5.395948699022370398e-01 5.950036959643020262e-01 4.995687324025149811e-01 6.759849905681909465e-01 6.270257618119470244e-01 3.220689400551249859e-01 5.531668406327550080e-01 7.046466496797000323e-01 5.372074251753420349e-01 5.684342447027530554e-01 6.300809266731429714e-01 4.395290621563350264e-01 5.096607613552349703e-01 3.663712471369630075e-01 6.795184844814550207e-01 4.272146640720769772e-01 5.800717788996919699e-01 6.865236057833410399e-01 5.352761385507930347e-01 7.218462181062590410e-02 5.969070382187470214e-01 4.077706876160199778e-01 4.373356054986720087e-01 2.246605001970440052e-01 3.559370005681700144e-01 3.307627931677650235e-01 3.514938759963909809e-01 6.738365537569249719e-01 4.390165819425190241e-01 6.234566757828680084e-01 7.658823186107369674e-01 5.560046257270340186e-01 4.163967444290920250e-01 9.205446196910449519e-01 8.662198813991830448e-01 6.834989298072610131e-01 7.503240804418209731e-01 7.202424688609739833e-01 7.374048394027079567e-01 6.939223167987520480e-01 7.121538193479030054e-01 6.231123029626699505e-01 8.007839978410300485e-01 7.927279591520900448e-01 7.710681648028610002e-01 4.783879465530430086e-01 7.914976469422380090e-01 6.555126806158709796e-01 3.804037731135149758e-01 6.451941722031220294e-01 5.183087817032899780e-01 4.988375154993430205e-01 5.455006274566319702e-01 6.698831012233690263e-01 6.755076288228549775e-01 6.904416805277819869e-01 5.415493269056840253e-01 5.063427190972940029e-01 6.137963234631129694e-01 3.385812135139210088e-01 -6.819017949643180199e-02 1.409239546914420049e-01 1.316125641574490135e-01 1.883604821382640071e-01 2.583832696731679923e-01 3.536058061980720257e-01 4.235040399178889858e-01 5.668499210764770257e-01 1.032797310438570010e-01 4.244517127457890227e-01 6.368349410199799498e-01 7.059062173495610493e-01 5.519104951241130541e-01 4.459001895142349903e-01 4.384975937980339911e-01 2.007401750144270081e-01 3.342235857706409852e-01 3.726296340179359734e-01 3.508345313314750191e-01 5.066677209745900079e-01 2.803096950463029868e-01 2.808541867479339982e-01 4.294814120361269971e-01 2.927721802390100270e-01 3.604040008496959824e-01 2.507024372032140014e-01 3.716063733554110238e-01 3.117282248642649911e-01 3.045172722843190183e-01 1.719469079565789926e-01 2.565318788595229993e-01 1.991750441234740043e-01 1.795787771189160109e-01 3.919560093216910013e-01 2.343394808888379921e-01 3.650049167160209773e-01 3.759329928223409945e-01 4.385874441547389924e-01
2.172782631752860072e-01 5.424128484473560441e-01 1.149835909934159989e-01 1.000000000000000000e+00 7.943020414308550325e-01 3.843346467145499767e-01 2.023583811328210080e-01 6.531696694375479506e-01 4.261718900438939972e-01 3.640938301570699753e-01 2.407317215156180024e-01 3.332645922096569846e-01 6.022096365077619917e-02 2.963621296638530023e-01 3.230379013825530055e-01 6.523529458425729732e-01 3.674087267132939982e-01 6.126379259997399851e-01 3.779388254218790100e-01 7.065450896149969573e-01 4.462528499543769733e-01 3.635401431845959874e-01 4.014299654227490022e-01 5.370038688525180515e-01 3.393314363833390135e-01 4.770518122033859942e-01 8.026971179920030508e-01 6.611851624687800077e-01 3.679245373773369909e-01 4.614723365998280036e-01 4.691248499296060137e-01 1.323428574401080138e-01 5.782454850896330267e-01 5.771218463591110126e-01 5.428362116780159896e-01 5.036185982901170144e-01 6.417764140971480291e-01 -7.403582849474420191e-03 2.504606189991520071e-01 1.731991443656429874e-01 3.233632476082060059e-01 4.254204087405640267e-01 5.492232404109429478e-01 3.441332844812460268e-01 7.444556368750609998e-01 4.270603118179659985e-01 6.356793975569110522e-01 4.028674237595870067e-01 1.399570101466300065e-01 5.569729915113540430e-01 3.774230776785780228e-01 4.578868079873499863e-01 6.647084801820030142e-01 8.586101928715149656e-01 2.634620422990829880e-01 2.123127654127300035e-01 3.102828789090190109e-01 5.277142560197140009e-01 3.808627502870700066e-01 3.787515252631780127e-01 3.547482735182210245e-01 2.101703887525090131e-02 4.125558522161950070e-01 2.603845116985820107e-01 1.574704195286920072e-01 2.081024964761440110e-01 4.513932935085949727e-01 1.572274760087619960e-01 5.871050167464110237e-01 6.809325694842980337e-01 4.778966863504410245e-01 5.012241298942520240e-01 5.411971480434299986e-01 5.114105715744200475e-01 4.447842613728609784e-01 3.834229182954960180e-01 3.003508021668430117e-01 5.747939247978010036e-01 3.726588081676570074e-01 2.230831496605389930e-01 6.106400054083059858e-01 3.305142018757319944e-01 7.522446675048209963e-01 6.376213675262939473e-01 7.404040971147789474e-01 7.361246877769780372e-01 5.791209787243869478e-01 6.401844883942660047e-01 6.743151786522100233e-01 6.439467828478699918e-01 5.749709394884829905e-01 3.230329386702820299e-02 2.373595311925960072e-01 3.765233248738629745e-01 5.495011826215869810e-01 3.625664906053739922e-01 5.516375807788009844e-01 7.381520826472179886e-01 2.891914779167900074e-01 6.712120822988659752e-01 1.405326827291699943e-01 1.513713018951539924e-01 -3.375460479391609869e-01 -1.939015894313440014e-01 6.048394996308610327e-01 5.174445060792269846e-01 4.547719332074089960e-01 4.132829963085359881e-01 3.300597135524609982e-01 4.265782396520009789e-01 8.096697085545999650e-01 7.772883696649870444e-01 7.050398050992610077e-01 6.092068288601579784e-01 6.742623868630549522e-01 5.714628160827810444e-01 7.234826116776299498e-01 5.201289691405559523e-01 6.720170689362260363e-01
3.988119025381640093e-01 7.758167818678139982e-01 3.895191296909870093e-01 7.943020414308550325e-01 1.000000000000000000e+00 6.450330824022280085e-01 4.257610214562539963e-01 8.020128726156220411e-01 6.841460109154769986e-01 5.742285794607450145e-01 5.173925267667850436e-01 5.461147909666840272e-01 3.134935028975749938e-01 5.656167295479890278e-01 5.349100603538370358e-01 8.173313699784969799e-01 5.904695693522900024e-01 8.079740604473190091e-01 5.356501878466860544e-01 8.865011600417219695e-01 6.943272014281900439e-01 5.471633173742299627e-01 4.981353280619699730e-01 6.396411590300820071e-01 5.707131294469599547e-01 6.039455157873300228e-01 7.427204505523700151e-01 8.062054707210050131e-01 5.485540062938130124e-01 5.554054426618639795e-01 7.054630946206790210e-01 3.828598343494349909e-01 7.268889850127460139e-01 7.535500402773439577e-01 6.523587468542679790e-01 7.876232067815960303e-01 7.265583312675799599e-01 1.082015320011179976e-01 4.593306893404139890e-01 3.718067014359959788e-01 4.618372445622639932e-01 6.196135402706319795e-01 6.608811494160860001e-01 6.296576023551210266e-01 6.586809144279219819e-01 5.543495650489690396e-01 6.783504827411279692e-01 5.404564962466249511e-01 3.833921885507090010e-01 7.431924436316480476e-01 5.834469816031200295e-01 6.723712596328009772e-01 7.900089318130050220e-01 8.362732968612169859e-01 5.473853002009220203e-01 4.280539662541690271e-01 4.484174248728249879e-01 7.368259343681869966e-01 6.218023535954040337e-01 5.846349229651439661e-01 4.972040941014539972e-01 2.562331304988060277e-01 5.778697350026590351e-01 5.090076101127050112e-01 4.253917354884739765e-01 4.023781964166340264e-01 6.864883394062679667e-01 4.160241962139190064e-01 7.989077958040969873e-01 8.041864381350729563e-01 7.181632452696310454e-01 6.868326034351059928e-01 6.027536966103279603e-01 6.031260331548580211e-01 5.918486475330889673e-01 5.767535815528109788e-01 4.964988899188029770e-01 6.715810463905009797e-01 5.638857300614550372e-01 4.975164602601550023e-01 6.917749805779339622e-01 3.709226586344139820e-01 7.027508505432910058e-01 6.733745214068139751e-01 6.297631999506899669e-01 7.219187537396629661e-01 7.175812660917869623e-01 7.375540576723770281e-01 8.135068018369300269e-01 6.195918757729750315e-01 7.032883610579020450e-01 2.502946089858549827e-01 4.663042705215250106e-01 5.370351967943429727e-01 7.225553669823819858e-01 6.484190473789419595e-01 6.459070043894470370e-01 7.277473732223950220e-01 4.830236559553919840e-01 7.928767339257369873e-01 2.605379175185699725e-01 2.903178639644730108e-01 -2.195420509535770115e-01 1.651907131363899994e-02 6.471771656570619591e-01 5.807692592499299478e-01 4.902287809360760251e-01 4.464792575443570222e-01 3.360799425974699828e-01 3.785445713068000262e-01 7.762016711254540180e-01 7.355190321956690536e-01 7.124844458537480385e-01 6.253298532941430343e-01 6.890241102749420365e-01 5.933172064669719470e-01 8.099649527740280242e-01 6.964479301631120167e-01 6.924339343082840381e-01
7.468011860169689875e-01 7.612435293434020034e-01 8.522456346220189660e-01 3.843346467145499767e-01 6.450330824022280085e-01 1.000000000000000000e+00 6.746075197262499934e-01 7.074602216700990320e-01 8.902308952073539894e-01 7.973837246517599953e-01 7.641714219307920164e-01 7.940740346003399841e-01 6.826405699724109599e-01 8.512753348888409954e-01 8.217406051761360075e-01 6.983532498744720041e-01 7.962350196073230135e-01 7.414728485943580250e-01 7.472494366349280437e-01 7.500768369708049610e-01 7.714276141582200319e-01 6.155696406390149811e-01 6.129100120313529798e-01 7.006011063352860502e-01 8.076105113917949607e-01 7.794578138127510325e-01 4.866100766996990235e-01 7.307659046963099758e-01 7.687050801161779967e-01 6.023398972539729668e-01 6.899379108040070152e-01 6.362489205494890054e-01 5.792009488644069837e-01 6.487111534282700154e-01 5.051325792516420110e-01 8.338495793286819779e-01 6.371617607801800531e-01 4.719686573252460104e-01 7.106537212739669762e-01 5.311329011359640084e-01 1.595923575617989865e-01 7.127296726891070300e-01 5.060237584908320319e-01 5.235626905740280446e-01 3.646373934534359873e-01 3.954642820934640146e-01 4.453185846494370215e-01 3.839344481850979762e-01 6.909368252767630336e-01 5.872571496509120248e-01 6.719039077691469908e-01 7.964256367697509775e-01 6.943416076237669543e-01 6.359463548448379688e-01 9.233377167137569730e-01 8.865137617847850260e-01 6.839285576348019813e-01 8.510871526789189900e-01 8.452544861175670388e-01 8.088771810309459687e-01 7.680954215063919843e-01 6.405568604949479772e-01 6.722586844400999517e-01 7.898250361621920179e-01 7.750090291809409448e-01 7.560411386119959554e-01 6.234943009224449550e-01 7.585836014189749621e-01 7.766743499114610039e-01 5.619425645981099837e-01 7.645043207630339843e-01 6.625671187269770446e-01 5.835974812173969628e-01 7.201783978659730412e-01 7.583279344410389644e-01 7.835787447700349739e-01 7.459945213705230227e-01 6.769881817043309491e-01 6.220700448941890448e-01 6.194089118526869830e-01 5.093201447708040064e-01 3.656443817675229802e-02 3.171621886783019817e-01 3.196082855102390097e-01 3.439339166351350063e-01 3.867738119502689975e-01 5.607105407143929687e-01 6.090597990861189581e-01 7.425882110637459510e-01 3.008296577717319842e-01 5.711519304611150094e-01 5.788395801672170382e-01 7.233285502862459859e-01 6.114620736838860537e-01 6.007357576522800446e-01 5.502754983704190028e-01 3.699088201974929935e-01 4.600173538573900101e-01 5.011239289129929553e-01 5.440496031561019574e-01 4.220819782117160024e-01 2.413480190086320087e-01 9.431848362574229983e-02 3.015574012936659831e-01 3.769564845502800243e-01 3.970087667965599976e-01 3.341966153425339758e-01 4.032574805257210238e-01 3.875214292267840088e-01 3.347719925572000266e-01 4.114121453780280047e-01 4.609094919030999882e-01 3.421718419580139781e-01 2.760352968189460077e-01 5.015963883221860042e-01 3.232552324934470089e-01 5.509868909260300374e-01 4.744700033615780188e-01 5.983829766364819891e-01
6.320065211529140026e-01 6.603433356822180356e-01 7.441442907048150257e-01 2.023583811328210080e-01 4.257610214562539963e-01 6.746075197262499934e-01 1.000000000000000000e+00 5.320240944922259851e-01 6.835023157418700368e-01 7.103429237053050516e-01 6.996995676750880078e-01 6.924383144465899864e-01 7.102246192412580150e-01 7.815798789838159788e-01 7.223476545789050407e-01 6.488951691798530153e-01 7.329175867522720322e-01 6.467917731924019975e-01 6.717852442885500208e-01 5.508319454992099962e-01 6.331072722078140425e-01 5.083668255529779634e-01 4.760375494947379771e-01 4.106938977307950100e-01 5.469566494426609804e-01 4.207105404528719839e-01 2.844067113803530056e-01 4.381432067879130199e-01 7.073801867306620528e-01 3.855265214479999814e-01 6.025577455455159992e-01 6.412594742710230333e-01 4.897627965675250272e-01 4.736789185178310047e-01 3.804331971172419946e-01 6.673263532501549911e-01 4.547681202357369834e-01 6.507241687895140014e-01 6.928519987559019766e-01 7.125739880813239946e-01 3.062224254947080171e-01 6.458754924520510032e-01 4.979733539154629907e-01 6.593917396300690292e-01 2.451156660388849884e-01 5.115052106969409929e-01 3.263912112824660094e-01 4.622489308547659825e-01 7.562853387595630528e-01 6.393619817206640521e-01 6.562121480261069451e-01 7.114498481270069563e-01 5.755071189498930373e-01 4.221304520338050037e-01 7.274876298081119907e-01 7.426720091778890032e-01 6.182229707425970222e-01 6.289129668365710524e-01 6.767652079343100535e-01 6.722048837318520542e-01 5.924928892956640158e-01 6.968990214943470152e-01 5.775478546587420325e-01 8.022872504891369605e-01 7.709189137146680304e-01 7.482919563764059978e-01 5.677143685147859609e-01 7.630219988349310478e-01 6.095427529813609580e-01 4.528311809681709876e-01 6.834786432149889679e-01 4.686018372184500014e-01 3.167134062730819766e-01 5.860058149754410195e-01 6.449268783366719493e-01 5.139011371237659498e-01 6.799560712014970365e-01 3.233413935693569830e-01 5.510981599085910121e-01 6.674240674996909650e-01 2.574104169583529833e-01 6.541308085325660271e-02 2.170906152345890017e-01 1.126054027210720010e-01 9.482147607110050225e-02 2.468288239784819926e-01 3.548261291318189903e-01 3.714151235524970063e-01 5.514854753575449964e-01 3.317699269191700089e-03 5.175762385948039501e-01 6.401791721359050280e-01 7.583548672762779885e-01 5.864548317094779861e-01 5.264888735245000229e-01 6.393322842836840492e-01 3.528583251126640175e-01 3.853681678549230050e-01 5.963275535445029529e-01 4.895046144025210211e-01 5.771551414154599824e-01 5.211335444027349606e-01 2.760449160552789771e-01 4.174308802751859893e-01 5.327342669637079586e-01 5.285891586628600480e-01 4.173111749664760173e-01 4.515888343186399978e-01 3.909601247270639846e-01 3.270235349723060181e-01 3.620494865169959775e-01 3.255132876995669999e-01 4.223959537840220047e-01 4.443824611611990050e-01 5.193110386987169758e-01 4.491398037556719736e-01 4.927318303607209904e-01 5.515919596052409890e-01 4.977873285566020156e-01
5.336109388348130311e-01 8.552232327324570393e-01 5.520163479898300141e-01 6.531696694375479506e-01 8.020128726156220411e-01 7.074602216700990320e-01 5.320240944922259851e-01 1.000000000000000000e+00 7.773545376741629598e-01 5.433005267677030181e-01 5.017102123845730288e-01 5.143505711060319951e-01 4.048644899071360270e-01 6.330899881165880094e-01 5.744446129947660129e-01 8.415665357058440543e-01 6.108717283187300451e-01 8.790514414636769747e-01 6.251830863240499525e-01 8.344434858769580465e-01 6.942553220663759683e-01 5.462787549994669867e-01 5.159822861549480111e-01 5.896609916030089993e-01 5.555175869711029835e-01 6.071019101775290139e-01 6.688735255962250381e-01 7.158155319158460150e-01 6.398995576911219452e-01 5.090134711672229528e-01 6.851062972520119976e-01 5.113626777916620014e-01 6.674746399291280330e-01 6.843009218989090092e-01 5.636865319970659760e-01 7.554749975778130011e-01 6.602995674263459902e-01 2.950374415296220243e-01 5.337722990986659699e-01 4.003304913840149970e-01 3.858154305220279912e-01 6.203744935487639500e-01 5.909515811018289932e-01 5.578088699630699976e-01 6.247673798800490452e-01 4.552560807659939979e-01 5.727735228645960408e-01 4.735790951188120212e-01 4.293605432635890229e-01 6.852845922638080012e-01 6.677381919173579483e-01 8.705273375668599600e-01 8.366887082207290494e-01 8.372376852452979579e-01 7.079978827826860499e-01 6.010894655527410091e-01 7.317788680694869985e-01 8.871028931083390079e-01 6.128609360665380201e-01 5.863555524981139966e-01 5.081399577868339623e-01 4.175552218980170260e-01 7.085870273979349987e-01 6.205848860308510462e-01 5.397759173389610199e-01 5.068205370769389706e-01 6.148873153830649585e-01 5.302479335786609571e-01 8.001172019998049612e-01 7.222761437355219583e-01 7.476681397529469919e-01 6.616136358349079538e-01 5.747538366294290268e-01 5.888332789534650447e-01 6.039912183350859554e-01 6.106261577267410035e-01 6.016811205713470390e-01 5.871971944400800059e-01 5.448285814492089818e-01 5.852366519158299640e-01 5.963910684095470316e-01 2.136824549257849981e-01 5.591363898663790355e-01 5.541295659564660081e-01 5.527189475766149940e-01 6.286755831422079499e-01 6.064206476946250035e-01 6.440566471668830451e-01 8.418674437895610208e-01 5.111097078293139750e-01 6.001561107852240173e-01 3.641096810436489917e-01 5.198467840398659501e-01 5.652198803610619660e-01 6.559525297325999871e-01 5.356627072645649967e-01 4.851373492865880266e-01 6.064436609633110375e-01 4.214002129421149934e-01 6.778955093760840045e-01 3.661768503004260156e-01 4.085354405587819926e-01 -3.184182883407409709e-02 2.138728253508919985e-01 6.311823371113439718e-01 5.837946857422650071e-01 5.184000733164280117e-01 4.851127971009520090e-01 3.526030852095369816e-01 3.886231534249119934e-01 6.372505806424390018e-01 6.047511537320030550e-01 6.993036538984930273e-01 6.613171727190160221e-01 6.986518566507740058e-01 6.309704397498220318e-01 7.586022207486230462e-01 6.935363526295920122e-01 7.164230109843090499e-01
6.189551439136119493e-01 8.606461019453900407e-01 8.255405361381360496e-01 4.261718900438939972e-01 6.841460109154769986e-01 8.902308952073539894e-01 6.835023157418700368e-01 7.773545376741629598e-01 1.000000000000000000e+00 7.297054675995470197e-01 7.086095816430399985e-01 7.205085121659779990e-01 6.123339049324160177e-01 7.943514698781259931e-01 7.323826265771260502e-01 8.030664198499569695e-01 7.489624268956690534e-01 7.779869237652909941e-01 7.364993055795080457e-01 7.883367973269239659e-01 7.682585975352670404e-01 5.498224117967940305e-01 5.520360746041890199e-01 6.035099216297510338e-01 6.818288810435060299e-01 6.910211098379710482e-01 5.300025144464559634e-01 7.185441689120589670e-01 7.157323454442019450e-01 5.298310886831240074e-01 6.686980385511700486e-01 6.178391720419820210e-01 6.355169142195219445e-01 6.345148516719100185e-01 5.004815756519349623e-01 8.443644574058819519e-01 5.851166586985989682e-01 4.264244308003800055e-01 6.918829779908109989e-01 5.707772985274599531e-01 2.403949733937700006e-01 6.761007945236759964e-01 5.923597606200660115e-01 6.007930342667340273e-01 5.076687571905630358e-01 4.906284695024080156e-01 5.106128804636179686e-01 4.128839642088609763e-01 5.678123024535709495e-01 6.104601348133510408e-01 6.815834594770949773e-01 8.921894331848939652e-01 7.424121039216250439e-01 6.688098528109369667e-01 8.735665967348059668e-01 7.753739951532989672e-01 7.065500831736439835e-01 9.124363303522340374e-01 7.333492945879740432e-01 7.266600039996750082e-01 6.636341415019549883e-01 5.897984001421919809e-01 6.740983712898810376e-01 7.910513904171280197e-01 7.366170801449090089e-01 6.537183483156500108e-01 6.371496644526759567e-01 7.403004857737409683e-01 8.021230300279540426e-01 5.770616588922119483e-01 7.651888353818330213e-01 6.090379369224609984e-01 5.148102321199009568e-01 6.834289670094040314e-01 6.727994090612560152e-01 6.874760584439699729e-01 6.636577920435360323e-01 6.141966849864309852e-01 5.986183393207960002e-01 6.956070138805530156e-01 5.002029710902849979e-01 4.804479534697689985e-02 4.145364310489780268e-01 3.311912006549099785e-01 3.727462017974970121e-01 4.676403425797669988e-01 4.885333676902219868e-01 5.976865973004189536e-01 7.510147885079729857e-01 3.557762305778209844e-01 5.946875331998130454e-01 5.156524080959240530e-01 6.841442208297909833e-01 6.140037386481520532e-01 6.442838878255710000e-01 5.815187174428150252e-01 4.240500430810290045e-01 5.067217506969520224e-01 3.697413327068950206e-01 5.586562445841100066e-01 3.926924404523050027e-01 3.056096105331729818e-01 7.785794076143570663e-02 2.438225931830169946e-01 4.646587217893929922e-01 4.649774206251510167e-01 3.616255794927509815e-01 4.164043662742680230e-01 3.420220862307130072e-01 2.959556599207889827e-01 4.311967847443949897e-01 4.178920624155870178e-01 4.622710077797340111e-01 4.309565422260969725e-01 5.265197730232910045e-01 4.188972065167759773e-01 6.151310965428400390e-01 5.978594255447420291e-01 5.735932826495999670e-01
6.658110882381099715e-01 6.506982492850970079e-01 7.106236568449010305e-01 3.640938301570699753e-01 5.742285794607450145e-01 7.973837246517599953e-01 7.103429237053050516e-01 5.433005267677030181e-01 7.297054675995470197e-01 1.000000000000000000e+00 8.059489142789080240e-01 9.016655375300920428e-01 8.145586170185690200e-01 8.414266977661050140e-01 8.984415806050219944e-01 7.031791690468259803e-01 8.431851224983000215e-01 6.419550193259020432e-01 7.301211735758400545e-01 6.704604011384599493e-01 7.075124044968990056e-01 6.966128886376989904e-01 6.182090405962270552e-01 6.885417440289760549e-01 8.620920046998999942e-01 7.498368308069259802e-01 4.440901612121609943e-01 6.911806057774040335e-01 8.508262706569950096e-01 6.242800546491820146e-01 7.410471172413669594e-01 6.604824628381690266e-01 5.396692597650469825e-01 5.992007036854489765e-01 5.399223815088659562e-01 7.337560116576700153e-01 6.339008210231179552e-01 5.769514638881989566e-01 7.987446843516580186e-01 5.462260702369899912e-01 1.901199490802930048e-01 7.846797784321759561e-01 5.684355005615180367e-01 5.071145256357160180e-01 3.094955570167050030e-01 4.669198036129389995e-01 4.563398878978319750e-01 4.651970437517249923e-01 6.613838808183859497e-01 5.254578775442400040e-01 7.448116121288740343e-01 6.741055087941679735e-01 6.852246041610380312e-01 4.968622782469879762e-01 7.374183290295199811e-01 7.502558043324679682e-01 5.634525919149959705e-01 6.461436842700829519e-01 9.337544304903869774e-01 8.689790671264550070e-01 8.550365044885169796e-01 7.357078497133010542e-01 5.655369439758299865e-01 7.797977601095590350e-01 8.112386812191859642e-01 8.384320401044800253e-01 6.048277829035729747e-01 8.065218303906990238e-01 7.169613614693739478e-01 5.210093165913339819e-01 7.504459065880729751e-01 7.227853033417149797e-01 5.348723186458810286e-01 7.778479837773419892e-01 7.832851967732640253e-01 8.168381797416079948e-01 8.156824870581460551e-01 6.896828104440400065e-01 5.585571637384839638e-01 6.697202112528100049e-01 4.816350546427090040e-01 1.210733884803980032e-01 3.526759475408879907e-01 3.518786100219750135e-01 3.021419863877690126e-01 3.799493378364919849e-01 5.312025980531890346e-01 6.042382018891869766e-01 6.332764310148649711e-01 2.591501343081989983e-01 5.695125730095149663e-01 6.787088525014579599e-01 8.164632642936490159e-01 6.569733382380710252e-01 6.974808473282180232e-01 5.690752260377960337e-01 4.199954392410629733e-01 4.572849890977649934e-01 4.845007349371199812e-01 4.655045941663080167e-01 4.239873051601609766e-01 2.348029487477439892e-01 1.140459442616969937e-01 3.179804825742469920e-01 3.934945994760919996e-01 4.451390622332220270e-01 3.821119739395790194e-01 5.648290577522380174e-01 3.729441793862049992e-01 4.999041227163280032e-01 4.193067840221880171e-01 4.475134391202950090e-01 2.807338575918310042e-01 2.471252578156490076e-01 4.557512728864490104e-01 2.830018344336109881e-01 4.444864072277660005e-01 4.556356766731199937e-01 5.266258947198609874e-01
5.755383241718610154e-01 6.259695310593970108e-01 7.224411161728889752e-01 2.407317215156180024e-01 5.173925267667850436e-01 7.641714219307920164e-01 6.996995676750880078e-01 5.017102123845730288e-01 7.086095816430399985e-01 8.059489142789080240e-01 1.000000000000000000e+00 8.531012656309010511e-01 7.675592325093849588e-01 7.881654110239799671e-01 8.366273536763509933e-01 6.166561212105069467e-01 7.673093177648150354e-01 6.087756204111679503e-01 6.809906592259330482e-01 6.132674627300099823e-01 7.116291875350180263e-01 4.906194976069500058e-01 4.853912316486089784e-01 5.936940359272869783e-01 8.086345403841950219e-01 6.828750268237030463e-01 4.019772300254890185e-01 6.285877354932639660e-01 7.756261234052009845e-01 4.813832597598369789e-01 6.493301845859350552e-01 6.020390915834199497e-01 3.993479920711570097e-01 5.061070229575550528e-01 4.136719041816470099e-01 7.037886552215959490e-01 5.634725299081809746e-01 5.361756375280479769e-01 7.156684528555939950e-01 5.236797924574909668e-01 1.659780772491659950e-01 7.048621201015510263e-01 4.033900590793599861e-01 6.106926659405470525e-01 2.659987195046479846e-01 4.208208442454560161e-01 3.332682569670230022e-01 3.775356539432019876e-01 6.751772843374039823e-01 5.091491270469290509e-01 5.818746519514109705e-01 6.375967317056160377e-01 6.039293173046950125e-01 4.274282704010100020e-01 7.572263427514299705e-01 7.165611097600309565e-01 5.955384199310830295e-01 6.392033229434499475e-01 8.193918903432410028e-01 7.863114237451339639e-01 7.208867828447229620e-01 6.941476297246620408e-01 6.222709271804469644e-01 7.629816699700190386e-01 7.560816376609860168e-01 8.043802579993489799e-01 5.389157195785869714e-01 8.103196629093839531e-01 6.941183602192260160e-01 4.437437191899479827e-01 6.907508728476420279e-01 5.216248846636669656e-01 4.605560011074220084e-01 6.506478103611880170e-01 7.330087483753450206e-01 7.775302264325270052e-01 8.073725258869980381e-01 5.983237527437510472e-01 6.407583814701030001e-01 6.195038721420930150e-01 4.243783443195650040e-01 1.611043885735189904e-02 2.285332387538800136e-01 2.293402697934590062e-01 2.444589345694599958e-01 2.706968669909449732e-01 4.747072447297099873e-01 5.372003978775049537e-01 6.080018989346329672e-01 2.296175011476770111e-01 4.632491252755699951e-01 7.088157057543870154e-01 7.428144105832820143e-01 6.002861617534339667e-01 5.753695792242740081e-01 5.814532715262169527e-01 3.457081696298650031e-01 3.745944722033999752e-01 4.423786997332129767e-01 4.293077490891940018e-01 4.815453824713740172e-01 2.480218279852740015e-01 1.952003806827919963e-01 3.769327404281599958e-01 3.946096325273489858e-01 3.772663481755619830e-01 3.326808983263940256e-01 4.772152535001250029e-01 3.461420955662860011e-01 3.202785618629009901e-01 3.136915537113840191e-01 3.533477944916980085e-01 2.541670871185809921e-01 2.240503168457549932e-01 4.003656419641519748e-01 2.476853662207529894e-01 4.212714384104330190e-01 4.631456931034970137e-01 4.339781783855620190e-01
6.494380215003839885e-01 6.264443972777049563e-01 7.264281752910579648e-01 3.332645922096569846e-01 5.461147909666840272e-01 7.940740346003399841e-01 6.924383144465899864e-01 5.143505711060319951e-01 7.205085121659779990e-01 9.016655375300920428e-01 8.531012656309010511e-01 1.000000000000000000e+00 7.930074101936770425e-01 8.322486748831410264e-01 8.858040917809060222e-01 6.387004349128989622e-01 8.229959193824030184e-01 6.210779541546049831e-01 6.910166497893479587e-01 6.451564270464249518e-01 7.461172855233519918e-01 5.611973393383109521e-01 5.203016163530219673e-01 7.291665544051270098e-01 8.522544188330429815e-01 7.546050766417869982e-01 4.782093061279160118e-01 6.657114953525250511e-01 8.244528574837840518e-01 4.957330235551499764e-01 7.166851861347589558e-01 5.544941597318350235e-01 4.214077170539770045e-01 4.995405299847229807e-01 4.513810330700029905e-01 7.031301921171739799e-01 6.454768384721349950e-01 5.341201107678360538e-01 7.140208264449819930e-01 4.781829543460660026e-01 1.033070381277550048e-01 7.093912487658150523e-01 4.399441713353949845e-01 5.255638292333110195e-01 3.225545543832210038e-01 4.573628275892779871e-01 3.612928428446799956e-01 3.822489059482159779e-01 6.620855599233089750e-01 5.080334909197770088e-01 6.689197880530109996e-01 6.612840411707789912e-01 6.378159375233140027e-01 4.764138866488529800e-01 7.317480545185409690e-01 7.396014840926079525e-01 6.035472985898659992e-01 6.503683561398260204e-01 9.045713402310140427e-01 8.522809325039479855e-01 8.332082418707900118e-01 6.998858721826900497e-01 5.958794149830529685e-01 7.900251623696550318e-01 7.679041374480950477e-01 8.598784354219689563e-01 5.874310077519070417e-01 7.919815963945969761e-01 7.044195483720490092e-01 4.874670148966049887e-01 7.371158782638780327e-01 6.037050984380569751e-01 5.033003959913500136e-01 7.557028490349200212e-01 8.444307757722420149e-01 8.549906172258679993e-01 8.259742833996449596e-01 6.656477859042460032e-01 6.375068096011350383e-01 6.064226210624249491e-01 5.301193343415709913e-01 3.676940409285379963e-02 3.174473149719079790e-01 3.643244374460750112e-01 3.909214374529950131e-01 3.343311510516450147e-01 5.572095536512120528e-01 5.795483488794199722e-01 6.381029017738070186e-01 2.945794279846160046e-01 4.833973523966960117e-01 7.068261790463700178e-01 7.578186076862210019e-01 6.093075741986809790e-01 6.542696728416960150e-01 5.479335220581720289e-01 3.959551949810550253e-01 4.232896534757589757e-01 4.445215592428560236e-01 4.714247441997759802e-01 4.433446380747639859e-01 2.472635390171999958e-01 1.425400988833359917e-01 2.936720831793849795e-01 3.810250189680979838e-01 4.401412134940639875e-01 3.209553199380150157e-01 5.260765892594959636e-01 3.628171751633280095e-01 4.417712803253219800e-01 4.127187640791890044e-01 4.618074811935359847e-01 2.795785404493150161e-01 2.270868553106110133e-01 4.686568323824770177e-01 2.880632181876680020e-01 4.792784045986370201e-01 4.766950764429129794e-01 5.378857261384809574e-01
5.851217560705109788e-01 5.192934288381599872e-01 7.566323271641079984e-01 6.022096365077619917e-02 3.134935028975749938e-01 6.826405699724109599e-01 7.102246192412580150e-01 4.048644899071360270e-01 6.123339049324160177e-01 8.145586170185690200e-01 7.675592325093849588e-01 7.930074101936770425e-01 1.000000000000000000e+00 8.188484789736250047e-01 8.532614810440980468e-01 5.189234691278029610e-01 8.262777265675329552e-01 5.118703623449289974e-01 6.130714161744219570e-01 4.674611008668649870e-01 6.034105773559129693e-01 6.170318718505329869e-01 5.403357039737779477e-01 4.644047638300020098e-01 7.215828372423810366e-01 5.948006694133809447e-01 1.859467357060479997e-01 4.649980512161029922e-01 7.574852104882200399e-01 4.872584170260019776e-01 5.834537190680869623e-01 6.568914637960769909e-01 3.197560252805110026e-01 4.433132902646340079e-01 3.384105781188099793e-01 5.867959234023030213e-01 3.995244489689270262e-01 7.182980745085789653e-01 7.637828285224880220e-01 4.856987867987659913e-01 1.065606953735779988e-01 6.852781955795049784e-01 3.957463070071680078e-01 3.875536261373089819e-01 9.464792471486140057e-02 2.954808828033599899e-01 2.871243279190129893e-01 3.422499658252969867e-01 6.171107028971090092e-01 3.437123687095670066e-01 6.048063476077110145e-01 6.145923878656659456e-01 5.164699318040929521e-01 2.540468867334420011e-01 7.275083716345559504e-01 7.394165022634670015e-01 6.046435464493850054e-01 5.360769188930799567e-01 7.861163158415650498e-01 7.334455835021530534e-01 7.761432991479360055e-01 9.359198956793080004e-01 4.876007243552279991e-01 7.722664541012750350e-01 8.453146275672950294e-01 8.273830825878769613e-01 4.148536169104070082e-01 8.740666095037680217e-01 5.985083969023350381e-01 3.645735623378850154e-01 6.272348722789660158e-01 5.899644078042209916e-01 4.365192427191479929e-01 5.568781857785669587e-01 6.966479648695349525e-01 6.715016345870099546e-01 7.223356282616899549e-01 4.881018995623540024e-01 4.731278636560540263e-01 6.004371232984639928e-01 2.934976258523990245e-01 9.612097500251640114e-02 1.219992583780160067e-01 1.327784344618269941e-01 8.428706608676220235e-02 2.193162558551620123e-01 3.160362870027589866e-01 3.900258282790670106e-01 4.506573938486519992e-01 2.303049385849099961e-02 3.718356594216810085e-01 7.380376607693509561e-01 7.634486263067760126e-01 5.780591906665110136e-01 4.653816751884010117e-01 4.582702580145450177e-01 1.850905020752189878e-01 2.464697406564259896e-01 3.738617408036269962e-01 2.400093657318529972e-01 4.646411772770719928e-01 2.367803141301960124e-01 3.170149250566750010e-01 4.433663691453770261e-01 2.152361344563870071e-01 2.862900002765950136e-01 2.056865896166769903e-01 3.934209502822130222e-01 2.892489206676009950e-01 3.824500919063519855e-01 9.210290540928199599e-02 1.541985463798090095e-01 1.030283975698420007e-01 1.048314874586540046e-01 2.708753608943200164e-01 1.323598655730179874e-01 2.021560300156189927e-01 3.381614598898859958e-01 3.110297655151950114e-01
