1.000000000000000000e+00 4.372834822513579911e-01 5.433768603452170387e-01 1.646256782448810019e-02 4.843620887139239994e-01 6.536885715049419732e-01 4.467101223204469895e-01 3.998436309407339961e-01 5.557086435070359709e-01 3.063847641068490057e-01 2.181026149499840083e-01 2.394265798016680102e-01 1.278591446108819918e-01 3.748010995695340020e-01 3.656374161265800171e-01 4.933771075475130163e-01 1.342791510209900008e-01 3.940556193636030047e-01 1.857013417490759877e-01 4.215929028827949954e-01 3.461871268021100012e-01 2.132641401313130070e-01 4.041471843570130229e-01 1.237558264588379947e-01 1.391939783538090059e-01 1.388698242686380036e-01 4.552078715157049926e-02 2.626097388977199909e-01 3.780811189488860191e-01 2.052297144894829894e-01 3.721142729543169825e-01 3.412704192953670002e-01 2.905194069718999850e-01 2.088541556195649962e-01 9.262953218012240364e-02 4.644682921363890160e-01 2.714635350519100099e-01 2.889004373598459963e-01 2.326425494726430121e-01 3.206326133514719734e-01 2.205827324441360093e-01 3.865616831249450019e-02 1.808345018634550105e-01 1.318473474573459980e-01 3.001683381710429921e-01 8.650142766388159432e-02 5.297865874225139715e-02 2.352573988095240098e-01 5.167575532716920383e-01 3.931805305124059791e-01 4.522702129989359943e-01 5.198850329205090270e-01 4.026033216693630234e-01 4.001602649667829747e-01 5.772957957184869926e-01 6.112541517395989610e-01 4.541872645190460078e-01 3.903267695004130067e-01 2.603453753211690258e-01 2.032659534942460045e-01 1.903374805961250138e-01 2.331943148821279954e-01 3.845797156161659958e-01 3.447344745000309740e-01 3.095550089588829934e-01 2.891907813544060124e-01 4.545294202619499790e-01 2.011614503431330137e-01 2.153819962480260086e-01 3.744318077275080037e-01 3.471462122442390275e-01 4.110189525957529955e-01 3.965231486087330004e-01 2.153552282336959889e-01 2.041679318968450119e-01 2.322712915760750119e-01 3.064808015838810240e-01 2.476412277132659934e-01 5.566969723593849784e-01 4.676551120221710267e-01 1.511976802364430050e-01 1.211449418045049964e-01 1.969975363824900128e-01 1.622289861941899891e-01 -1.197937866720349964e-01 1.037674400092449961e-01 3.103365619397139841e-01 1.163077162394230007e-01 4.990547220228179759e-01 1.815843050468939901e-01 3.151918429121789988e-01 3.900222341524379743e-01 2.809057874139599953e-01 3.006513866892829845e-01 1.830936060012610112e-01 2.222781239865309899e-01 -3.905245537037049797e-02 3.203508906462940176e-01 5.722299607254619502e-01 3.848788442948979927e-01 5.041027870003039757e-01 4.360720738072190183e-01 3.058179611042070034e-01 2.507910318966720120e-01 4.749487264090619942e-01 3.394651426882610012e-01 2.724157068799609727e-01 2.083865561155290036e-01 2.509004239333140207e-01 2.050904210216550061e-01 3.999096988905900263e-01 3.683614234062059789e-01 4.122688540340230245e-01 3.503406266193179741e-01 5.922668632401040245e-01 5.836195712397910240e-01 4.377878702850139803e-01 4.318793787882719837e-01 5.112911802222519508e-01
4.372834822513579911e-01 1.000000000000000000e+00 6.749847450485380040e-01 5.782691133485019508e-01 8.014911022381560057e-01 5.878281308617200329e-01 5.758420937971450160e-01 6.717623521393649710e-01 7.318560857566820399e-01 6.362564923463199795e-01 6.512984482301189537e-01 5.961951946603469832e-01 5.822481449588200464e-01 6.005172939181300240e-01 6.757399698102090069e-01 6.484072964271589967e-01 5.263405160012589734e-01 3.467957515612750119e-01 6.110947037857440423e-01 3.776518129435310067e-01 5.434198204346779582e-01 5.716299998697079721e-01 5.005639417893970045e-01 5.054686877986189764e-01 3.305317912757830268e-01 5.212463084675880154e-01 4.215983514793669729e-01 4.814719829007270135e-01 6.099095685351589857e-01 5.132113278051040339e-01 3.738089614095260194e-01 3.963002819947260003e-01 2.614795681751709844e-01 3.830786235706740150e-01 3.674108713305480056e-01 6.762969545228390000e-01 2.701000820688330140e-01 5.272891174004320503e-01 4.581596405590869781e-01 4.483199716921930089e-01 1.387021132212470087e-01 3.364914911847869949e-01 3.936967723855270274e-01 1.618255385641020061e-01 3.621030400685669726e-01 1.542672550821579947e-01 2.527903119850180014e-01 1.861961787923500089e-01 3.669490689112829829e-01 3.949342471415939748e-01 5.188960373101889623e-01 7.809683770788889978e-01 6.776063315274709620e-01 6.044812090129889626e-01 7.642552546866200336e-01 6.865801923397479856e-01 6.885781400816809450e-01 8.072403792591089644e-01 6.995827416678980226e-01 4.435014774390029779e-01 4.859092592709209901e-01 5.657787754775589484e-01 6.266271935962539619e-01 6.450798731849319845e-01 6.025398615046340112e-01 5.959646224731229847e-01 3.595927362813740036e-01 5.341393702245359476e-01 4.823098894090639965e-01 3.051156126089319964e-01 4.691005349253499768e-01 5.837563843789730367e-01 5.320314315451619702e-01 5.702237346317949873e-01 5.915822625757209963e-01 4.520975234488570083e-01 5.400587052417380463e-01 6.332080214312799660e-01 3.714606873824299882e-01 4.182395545568199924e-01 2.720440907976269806e-01 -1.545473637615310059e-03 4.587604404422930271e-01 4.373358572928000010e-01 3.217507133437689792e-01 3.212022271014799979e-01 3.817220544127040149e-01 3.998330072090000020e-01 6.176130514050820475e-01 9.215180960473699778e-02 3.407588228623519844e-01 4.078450231207049748e-01 5.957167539210730389e-01 3.434864098472820149e-01 3.404027453749060017e-01 2.006357301410829908e-01 1.620525455981439850e-02 3.029367773486679738e-01 3.250922553056320163e-01 3.064780534897850184e-01 5.095702657845220251e-01 4.511752273569110128e-01 1.514745719104139965e-01 1.437233151019050026e-01 6.678573645325519559e-01 6.599469760926309769e-01 5.135317300641899507e-01 4.114397101294769987e-01 3.726172974007300187e-01 3.026801796493189811e-01 6.258795852237749591e-01 5.194457189617589510e-01 6.792268713886939757e-01 5.111132379824350203e-01 7.691515408197280301e-01 7.723410737126900072e-01 5.736925650199650173e-01 6.447628622759989936e-01 7.007933272012919490e-01
5.433768603452170387e-01 6.749847450485380040e-01 1.000000000000000000e+00 2.300909650439519893e-01 6.763755467304799485e-01 8.120005850508840162e-01 6.197718050676890300e-01 8.041035091414590052e-01 8.741858077556959872e-01 5.103913593792459569e-01 4.754404371534299845e-01 4.706191136410020071e-01 4.539746669692790171e-01 3.966402298042729924e-01 4.835791671668679959e-01 6.531334859313360219e-01 2.983943727336250129e-01 3.303893671558399969e-01 3.731799200306369912e-01 3.970848051494019759e-01 4.977478490472799777e-01 4.021303523226509857e-01 3.866668939463269727e-01 2.843555110416809972e-01 4.640581697202389999e-01 3.231477557734089845e-01 2.334087770421020003e-01 3.336075813506529930e-01 5.502888658368300101e-01 3.788405041572059928e-01 1.890739180894989990e-01 2.501010880821999960e-01 3.298644228634319830e-01 2.154802439918669932e-01 2.066586106214700069e-01 7.726825561991359503e-01 1.494862693653110086e-01 3.813810178187599931e-01 2.783049458162700218e-01 4.037606717546159962e-01 -4.571690902752090224e-02 3.019333242049950239e-01 2.226444809617250109e-01 -2.755855918760629839e-02 1.594316270129310098e-01 -5.909669720764820083e-02 -1.553366569313400017e-02 -2.399785209720189938e-02 3.694341401847059947e-01 2.596268429579680070e-01 5.912432327525819487e-01 7.889602700374009903e-01 5.571801805588889600e-01 3.031179627031950208e-01 7.776265767654659822e-01 8.738510257724410035e-01 6.994078628958949606e-01 7.432931620197560374e-01 5.696962677405980058e-01 3.442466155588809751e-01 4.914651137555660076e-01 4.682070606514699973e-01 5.521393755145960203e-01 4.336607835435670188e-01 4.325504664117030273e-01 4.142881893496330181e-01 2.520670819978160226e-01 3.644829856459320117e-01 4.236983300785279738e-01 3.100514536645360142e-01 4.699600754831089744e-01 5.370095303550620480e-01 4.158257871192009847e-01 4.470231204376349798e-01 4.543888487139239873e-01 5.192238033802309971e-01 4.934991405855240210e-01 5.436878431128649991e-01 3.747516879746239926e-01 2.115973222860410008e-01 2.192628533435430072e-01 -1.599229804956190104e-01 1.958808516535310018e-01 2.559382256453660021e-01 1.229129962257420050e-01 1.097280496659750054e-01 2.983072848020290047e-01 2.925077393021839889e-01 6.653275369266490324e-01 -3.709956275440619896e-03 3.349186727095350147e-01 2.876123651415969928e-01 4.629739195493199899e-01 2.765191415942360176e-01 3.250137848171710253e-01 8.390401966907380660e-02 -1.473345087483929894e-01 1.428018467685779891e-01 4.880931227226150138e-01 2.687262126373500259e-01 4.010625665912549986e-01 5.123582315354280325e-01 2.594896310277020057e-01 2.406768665498709991e-01 4.542100902630260006e-01 3.608949372605699812e-01 3.787714658586410210e-01 3.287957046019769902e-01 3.477369736490509844e-01 2.116808547115429928e-01 4.988772003526220078e-01 4.325101128065059752e-01 4.524286794467020090e-01 2.594680579765439865e-01 7.699055961766619882e-01 6.976369374573979654e-01 4.198121747815399818e-01 4.482176771447620167e-01 6.521521941106960263e-01
1.646256782448810019e-02 5.782691133485019508e-01 2.300909650439519893e-01 1.000000000000000000e+00 5.624080697460199785e-01 9.192620272440919782e-02 1.674865847730379886e-01 2.984661194933569961e-01 2.688746962101710158e-01 3.304020245451479987e-01 4.300325557973920243e-01 1.784165743196970133e-01 3.359755545555669909e-01 2.897221454982030209e-01 3.727702076924270247e-01 2.536432735474790090e-01 3.569187889277140036e-01 -2.520048721882709938e-02 2.854037321550350059e-01 -2.417471127951199839e-02 2.466632887927719953e-01 2.814001998831289764e-01 1.557338517055829874e-01 2.757146842044519985e-01 1.817924654456359868e-01 2.604164203247680276e-01 3.110163255374699953e-01 2.423438168528040115e-01 2.157741145152529960e-01 2.877519208844520060e-01 3.776749804208009986e-01 2.811723077723309872e-01 -6.647909769100250610e-02 2.734418852657439780e-01 2.697838644803010055e-01 1.572663417999599911e-01 1.338659055974540102e-01 4.167505680565680160e-01 3.358071375083300225e-01 2.613526951422629960e-02 8.424193646519939627e-02 3.194153877013359843e-01 8.767248615269479517e-02 3.463473292670389836e-01 3.167108703049170138e-01 2.198516122110439897e-01 3.439642142248129919e-01 2.160126601934229951e-01 7.791226262906110478e-02 2.102405936867000058e-01 1.666502607491699983e-01 3.129966156501450270e-01 3.045620254777979818e-01 3.677632623772130183e-01 2.410293189985150131e-01 1.613988125070769941e-01 3.198714181872979734e-01 4.731789533667539738e-01 4.293492534102489877e-01 3.106237167096300156e-01 2.840983965096199881e-01 2.167408181515899923e-01 3.870073026305509978e-01 3.538672729922340277e-01 2.596600800624719874e-01 3.249661424301240054e-01 7.239195217557059525e-02 1.990809132211610044e-01 1.936905424602390069e-01 9.571733822632580435e-02 8.028482916097870459e-02 2.317415656156900094e-01 1.748580320331100113e-01 2.844661474881750030e-01 2.556655481016589793e-01 1.986663155014390114e-01 9.702271889735560040e-02 2.992656840345560010e-01 3.872871360351620024e-02 1.692709076771539978e-01 3.205006292347360036e-02 2.410084136059870152e-02 4.317946050766279797e-01 3.752950154899579727e-01 3.098158148761879782e-01 2.932562509924250271e-01 1.883386902180589906e-01 3.592041587978390127e-01 1.873145250436220044e-01 -9.368861086141459793e-02 8.308364190842869312e-02 3.742144707661850256e-01 3.004908802471720208e-01 1.328801818231299947e-01 -1.136520262849890009e-02 3.052626339249630005e-01 1.977857004252490114e-01 1.704710039774199881e-01 2.246855930442469979e-02 1.534984347669469951e-01 1.339518149699940042e-01 2.864307964825740238e-01 1.147424952202650006e-01 5.224896423749220142e-02 3.314000244890940028e-01 4.097083835854539724e-01 3.159940691074299979e-01 2.519646467096530174e-01 2.047025178670169865e-01 2.409729029694729907e-01 3.559335144258309880e-01 3.472013787894069892e-01 2.783468443275429749e-01 2.036599606740500112e-01 2.110851252961910007e-01 2.519347051912930180e-01 6.776937707624050566e-02 1.954147827582949914e-01 1.638130553293210001e-01
4.843620887139239994e-01 8.014911022381560057e-01 6.763755467304799485e-01 5.624080697460199785e-01 1.000000000000000000e+00 6.656828943963940537e-01 4.499384586411229736e-01 5.779642930919179911e-01 7.698151684173609732e-01 6.803605010674279585e-01 6.388343457079610488e-01 5.706056307042729481e-01 5.910030581175439446e-01 6.934717128002859665e-01 7.666829240518580058e-01 5.712031017781930009e-01 5.260150183784280120e-01 3.662438551600409875e-01 5.670645174585390302e-01 4.381201166012689829e-01 6.188073972222789543e-01 5.252652221813649547e-01 5.339306736806840314e-01 4.278297657325870196e-01 4.577358413871350229e-01 4.044584290027030127e-01 3.517112953810869747e-01 4.986372830232589926e-01 6.385818244338450356e-01 5.258306543042350345e-01 4.383459062530419836e-01 5.051449417445840195e-01 2.802767850952829765e-01 4.281001101817880072e-01 3.033502487861989838e-01 6.351119032559140454e-01 3.282254625580229845e-01 5.599541474181599643e-01 5.351570748163659852e-01 3.967340105440950171e-01 2.574082625151409842e-01 4.250081143352369972e-01 3.437937848409899910e-01 2.704645816469499753e-01 4.291628635180599893e-01 2.497495820132860089e-01 3.004045735759540148e-01 2.428529208346200119e-01 4.735648066029590209e-01 4.917019672408500242e-01 5.694193221711749686e-01 7.410255680298849512e-01 6.099350778268409767e-01 6.763793027963459492e-01 7.912513469163610091e-01 7.297305477788319505e-01 6.240232116938010387e-01 7.652566226260220095e-01 7.365651608615459978e-01 4.752792141142320181e-01 4.892183116481410021e-01 6.069384303273609449e-01 6.960983345229130315e-01 7.094568930474409729e-01 6.370125868647410483e-01 6.970845883523639763e-01 3.950328456403520150e-01 5.657825265183370478e-01 4.761716678590730001e-01 3.537254952117430129e-01 4.871994823861039992e-01 6.291876436361379943e-01 5.777997101086510545e-01 5.080991169573070287e-01 5.448635250119250317e-01 5.407812848481170498e-01 5.432660193162119899e-01 6.856484676074640072e-01 4.561180266578560016e-01 5.001140397554849626e-01 3.339271522906410161e-01 1.076302034925520068e-01 5.061299656690190218e-01 4.013566832935980266e-01 2.271215393351959932e-01 3.434832962862059969e-01 4.501429341504230019e-01 5.126238903107850353e-01 6.497002427324599649e-01 1.526917550779990085e-01 4.117479599050070105e-01 5.262235630971630052e-01 6.313612481391800424e-01 4.719589904509339795e-01 3.678017336981430074e-01 3.581039487958520007e-01 1.285345747996489985e-01 3.920201336956750104e-01 4.207101383164970065e-01 4.099868024293240043e-01 5.966012415609409647e-01 5.885232376991580416e-01 2.993101443386529947e-01 2.866737589805379849e-01 6.408893011552040386e-01 6.233768211144650184e-01 5.901021766616080244e-01 4.979669549746669754e-01 3.688709471607010126e-01 3.704630008678709840e-01 7.050186474467620146e-01 6.793713488737740391e-01 6.865306895015299560e-01 5.136756204999569642e-01 7.493820180391059793e-01 7.545870416138179548e-01 5.350881125712529940e-01 5.559179078616389713e-01 7.063935550327780089e-01
6.536885715049419732e-01 5.878281308617200329e-01 8.120005850508840162e-01 9.192620272440919782e-02 6.656828943963940537e-01 1.000000000000000000e+00 6.268959026008219526e-01 6.127898324754179615e-01 8.184151524855559634e-01 5.269299028436860155e-01 4.407148468907530203e-01 5.092459969339540038e-01 4.795022588275100195e-01 5.225121242668939736e-01 5.618319668694420344e-01 6.086777960782080443e-01 2.790364821434779818e-01 4.590037775177259749e-01 4.373617214724719870e-01 5.855263312403410358e-01 5.081828970175810145e-01 3.841659023866029754e-01 4.721664962460169757e-01 2.232492596023510079e-01 3.719085269720729947e-01 2.865923138928280212e-01 1.064239448030940005e-01 3.576406387854310087e-01 5.367348807584030324e-01 3.302621108189959798e-01 2.983774786252900157e-01 4.145156770108630040e-01 4.573866400906529961e-01 3.113412466880219887e-01 1.431411157915860044e-01 7.601776989561539466e-01 3.998403210970239985e-01 4.365267843667959835e-01 3.555212072446479743e-01 5.250536641992410436e-01 2.188899217411000020e-01 2.591797116990359751e-01 2.816489404393319740e-01 2.013221129474760118e-01 2.426081698562599920e-01 8.375726016857029665e-02 1.084648911370759972e-01 1.785456500644889977e-01 6.862770093132000149e-01 5.488133557943849494e-01 6.272994824386129986e-01 7.194491085442830114e-01 5.235494861367749886e-01 4.419636933612139940e-01 8.123539267545309972e-01 9.052672187822680128e-01 6.449507611679700103e-01 6.236619442475059838e-01 5.192376267600740114e-01 3.330327169126129916e-01 4.545513432102840090e-01 5.297556901276190278e-01 5.822640239100700388e-01 5.234258797738839952e-01 5.051715782481299710e-01 4.676001573214160212e-01 5.045299775624350058e-01 4.470208112256570110e-01 4.094771732008329890e-01 4.384833678122980194e-01 5.648468349158319857e-01 5.345955640085060523e-01 5.114269882501979447e-01 4.477020253979719921e-01 3.925640417471529808e-01 4.338570989482770091e-01 5.298312947092810310e-01 4.347109827052820230e-01 5.736808031729450086e-01 4.385220080600270021e-01 2.760038576256629850e-01 6.881509691009310425e-02 2.555303350603699841e-01 2.094626345034880099e-01 -1.086674281219589949e-02 1.776787095028609931e-01 5.015953765521370400e-01 3.340631557463810131e-01 7.796284200906019590e-01 2.319298822388000114e-01 4.436965288588339829e-01 2.652671785704709961e-01 4.959397189501030256e-01 4.206823215326500054e-01 4.324104882598370225e-01 3.275646401849430234e-01 3.394039391778119752e-02 3.458747435101359735e-01 7.009420099333270038e-01 5.612903293925960435e-01 5.374987331159459814e-01 5.710383228064309646e-01 3.497237058829489875e-01 2.892534238421959891e-01 5.251362036016550272e-01 4.349376655159369887e-01 4.567464438808960248e-01 3.623236304566950228e-01 2.095455211056770073e-01 2.203569559381539922e-01 5.640120762854099468e-01 5.243898359971920220e-01 5.574692025489009772e-01 3.905542192255380129e-01 7.967483487414519505e-01 6.966386288734169874e-01 5.935118495471140010e-01 5.492452045033929808e-01 7.297674658851519558e-01
4.467101223204469895e-01 5.758420937971450160e-01 6.197718050676890300e-01 1.674865847730379886e-01 4.499384586411229736e-01 6.268959026008219526e-01 1.000000000000000000e+00 6.261562413506660540e-01 6.333011679807990513e-01 4.157107478722250060e-01 3.922393245182109744e-01 3.556609404524739837e-01 3.329682383666119905e-01 3.331687276745660120e-01 3.972719955841380046e-01 7.169582284773110548e-01 4.307803393724550234e-01 6.136199054355470084e-01 4.134587772848449805e-01 5.080806074819209650e-01 6.056653459657660443e-01 5.277080764107620059e-01 5.756957594601870287e-01 4.830866166057469768e-01 2.269757058064220123e-01 4.788105368031829734e-01 4.361046564519079904e-01 3.560964521137199856e-01 6.080221372868469532e-01 3.131696000899690246e-01 1.918563076971890047e-01 2.458568770500869916e-01 4.546573759261500203e-01 3.944940747588360219e-01 4.105175818052470005e-01 7.290228208837099544e-01 9.177973398045340125e-02 2.259993242622569953e-01 2.534616196395049759e-01 5.064341696495789913e-01 5.630422056532800174e-02 1.813839844256829870e-01 2.362474498554300029e-01 -4.378266175493659984e-02 1.916173781367880025e-01 -2.996269150560250047e-02 9.136113306333809581e-02 1.464056567700869893e-01 3.637773815400590083e-01 2.279300231555189959e-01 5.263804562543710208e-01 6.391411951581159601e-01 5.405524042334149959e-01 3.774899881520100142e-01 5.748329246552249527e-01 6.010782267802400325e-01 6.222005099148190110e-01 5.010437782771659521e-01 4.082003436048720069e-01 3.195640045265160101e-01 2.845493032855159754e-01 3.195574039334069805e-01 4.018366380138170268e-01 3.305241080146619770e-01 4.199544149312839925e-01 2.857267527789559836e-01 5.644744249957339699e-01 3.661134678400350118e-01 5.420444375121350467e-01 5.848300222869560194e-01 6.671397870093499494e-01 5.484876097956400409e-01 5.353403594936050336e-01 4.948924445988779897e-01 4.555018601233989939e-01 3.217580240583740037e-01 5.083245818518029591e-01 3.695646153477140095e-01 3.510656505311109954e-01 2.340596280921589945e-01 2.922097426259600006e-01 -4.769398428862649947e-02 2.757411497065290207e-01 3.766325678765790053e-01 1.230641309841010028e-01 2.414406289503789882e-01 2.524421457817510039e-01 1.604374362054900027e-01 6.313471484870599726e-01 2.540541403190609837e-01 3.269084935975770101e-01 1.087774473868479974e-01 4.297099793533449841e-01 2.261465605649110033e-01 2.787747303772549756e-01 5.872610503025749856e-02 -3.581097197914709894e-03 2.828682087947609891e-01 4.662353373869910222e-01 2.327720207673379949e-01 3.643436812451070206e-01 3.708168276453039924e-01 1.383094462860950113e-01 1.407954368547089941e-01 4.463666259197989761e-01 3.118279450703420053e-01 3.859814836907379809e-01 3.258040240785770036e-01 2.038731668117219897e-01 4.173343029157450257e-01 4.456100640596630247e-01 3.485261281669029820e-01 4.803524090337670249e-01 3.579008403018700268e-01 6.252625287734929760e-01 5.919495862208610237e-01 5.551985056102439753e-01 5.897292801682509911e-01 5.333042149165879708e-01
3.998436309407339961e-01 6.717623521393649710e-01 8.041035091414590052e-01 2.984661194933569961e-01 5.779642930919179911e-01 6.127898324754179615e-01 6.261562413506660540e-01 1.000000000000000000e+00 8.416254579109709866e-01 4.534371991587110018e-01 4.141668114205669937e-01 3.921289356272649740e-01 4.433676759686400182e-01 3.015516489709549885e-01 3.589096499878809965e-01 6.526016817647000146e-01 3.125048811608390209e-01 2.972696459770730049e-01 3.574438809428640007e-01 2.891885588728489997e-01 4.892063407502170169e-01 4.092259399331110159e-01 3.574151739179309839e-01 3.251855601864649947e-01 2.270791620128939925e-01 3.921299882388509794e-01 2.542911488723609836e-01 2.834470580284599861e-01 4.890525687454549963e-01 3.317338252313979940e-01 5.515153120549860094e-02 2.481306748626349867e-01 1.867473381062360049e-01 1.440679259685239966e-01 2.267784984125930103e-01 7.314004205508689571e-01 7.622263059955010356e-02 2.286918799298509886e-01 2.068971293042309867e-01 3.258288413355879820e-01 -9.716439727481669675e-02 2.247670654227350018e-01 2.216821674487650107e-01 -1.528252621442940107e-01 1.112378547194410039e-01 -1.043700165359800064e-01 -4.282938910533840016e-02 -1.439641229753430007e-01 2.113771298942840049e-01 1.227135991933109987e-01 4.736796556521999935e-01 7.540969658876940374e-01 6.099810558564590091e-01 2.206607322127250026e-01 6.382664555940520401e-01 7.273174279363769923e-01 8.553548690023660139e-01 8.379375900484179462e-01 4.709606208672980077e-01 2.395466465151870061e-01 4.408150237581400233e-01 4.634917767619999851e-01 5.345758118489669641e-01 3.689017347475970210e-01 3.873393947539909843e-01 3.438937715780799875e-01 1.817434492875769914e-01 3.308517253453099882e-01 3.251075902009720187e-01 2.539473111850880094e-01 3.988142690744719832e-01 4.765960368805819969e-01 3.143692270640079944e-01 4.028611800565120027e-01 4.551242083967059759e-01 3.867087526394920038e-01 4.483651751453279766e-01 4.331374632791469836e-01 2.292301992600480065e-01 1.346002840931999900e-01 1.207338758821659974e-01 -3.276750423993869954e-01 1.589885540527730123e-01 1.813608349822279919e-01 1.159782932549389967e-01 3.347339051976400137e-02 1.344827909897360063e-01 1.306115030358689921e-01 5.479524253732509509e-01 -8.064758877516280122e-02 1.334101326892870032e-01 7.042919771800640327e-02 2.996329613664759917e-01 1.329329166418710129e-01 2.878283250638760116e-01 -9.282478585818790262e-02 -1.864268524312459874e-01 -2.208328564889150067e-02 3.158313468482200070e-01 1.271797169409999984e-01 2.458781844138399897e-01 2.627046985707919835e-01 9.603296814462210229e-02 6.603925877876419548e-02 3.428670817690809836e-01 2.615695421301669765e-01 2.394350019724169887e-01 2.086884562358370110e-01 2.655998675388370200e-01 1.911060820455099951e-01 4.119811088884730021e-01 2.884163094240990155e-01 4.533432365924339735e-01 3.120500942559290003e-01 6.803184464883570426e-01 6.283947932152800231e-01 3.462051803548389928e-01 4.281884305393700019e-01 5.037183916360430391e-01
5.557086435070359709e-01 7.318560857566820399e-01 8.741858077556959872e-01 2.688746962101710158e-01 7.698151684173609732e-01 8.184151524855559634e-01 6.333011679807990513e-01 8.416254579109709866e-01 1.000000000000000000e+00 6.733050533817109828e-01 5.491984497590549630e-01 5.977827991826339948e-01 5.862388871457050454e-01 5.376802379143900135e-01 6.036569034884150531e-01 6.616518115174240267e-01 4.123887405773329906e-01 4.391487153109129848e-01 4.774956668666470172e-01 5.316111109789519729e-01 5.907976491092770122e-01 5.064962660097249714e-01 5.027825828518659446e-01 3.929988248545789875e-01 3.788778632436790028e-01 4.300122849467910013e-01 2.750052686956229731e-01 4.658424939505940165e-01 6.691504021503780208e-01 4.710468462605579831e-01 2.236663668918509873e-01 3.768299204068970010e-01 3.563864729757389993e-01 2.857190919912769855e-01 2.319192284920499891e-01 8.548555485324419445e-01 2.925707041650230100e-01 3.974262943030740236e-01 3.909942739665330236e-01 5.115944694476619592e-01 1.124338501282590025e-01 3.351026584132950070e-01 3.339912725931170057e-01 4.472168108527910246e-02 2.314038643522040029e-01 2.345857832824859920e-02 5.948813396260570208e-02 6.289396947688009887e-02 4.443872635331490017e-01 3.802164853858620019e-01 6.119693847416169952e-01 8.340669139265419751e-01 6.410917972523529906e-01 5.005502699990069804e-01 8.629755335817289597e-01 9.091350511362840114e-01 8.027152226146939684e-01 8.775750752360309548e-01 6.625247553146119683e-01 3.980957088993650195e-01 5.113275060878460510e-01 6.372879296234289503e-01 6.865176484228919795e-01 5.802459153648940049e-01 5.769588443633320018e-01 5.402752794354690469e-01 3.932220372445139889e-01 4.827394005001259814e-01 4.641576938227229832e-01 3.806784692015570126e-01 5.345968430900389645e-01 6.305996128713859949e-01 5.300536132892470498e-01 5.679279768865750366e-01 5.619568582880920538e-01 5.167606979804649781e-01 6.243354959215009492e-01 6.133345264979319644e-01 4.326626838662510077e-01 3.537952721709209936e-01 2.880242108964670145e-01 -1.185397671447900037e-01 2.971231700417070187e-01 2.730948577373840114e-01 9.046020228373230498e-02 1.544108126444969920e-01 3.777019183669759750e-01 2.972969734422780119e-01 7.679203801010500152e-01 1.262589049134950070e-01 3.752253263967760266e-01 2.733008859106629829e-01 5.628299324802620296e-01 3.490538657685670065e-01 4.133972057293729963e-01 1.625915547312249965e-01 -6.951350957909939454e-02 2.076437590714859949e-01 5.198595352343230447e-01 3.598636828260580178e-01 4.723701659269790021e-01 5.089308857659999852e-01 2.042911173985829942e-01 1.575458512748030004e-01 5.503620159827470326e-01 4.841389233705870043e-01 4.328650381127300273e-01 3.932986308388790042e-01 3.393417711828740080e-01 2.793110266660350227e-01 6.057771610695860121e-01 5.101135265436680388e-01 6.418442040928470371e-01 4.569994360082599849e-01 8.472678214105060501e-01 7.932800165266430392e-01 5.658898737761179909e-01 5.862761869376720281e-01 7.406428703473070252e-01
3.063847641068490057e-01 6.362564923463199795e-01 5.103913593792459569e-01 3.304020245451479987e-01 6.803605010674279585e-01 5.269299028436860155e-01 4.157107478722250060e-01 4.534371991587110018e-01 6.733050533817109828e-01 1.000000000000000000e+00 7.343122348276339695e-01 8.663160212371679991e-01 7.345785188860110004e-01 7.719192906089380468e-01 8.124172969669749556e-01 5.752844719886239799e-01 6.222414129080939826e-01 5.220404854211390111e-01 6.271351371112350304e-01 6.078565084307240296e-01 6.894151417077070132e-01 7.271376586108270201e-01 6.560145844327239795e-01 6.556349736450349797e-01 5.233023845069340041e-01 5.647247903947629766e-01 4.629213438785390045e-01 6.458407900074240038e-01 7.591795597463769640e-01 6.250090636325660309e-01 1.938167688237640018e-01 3.951101903424499850e-01 4.700497238149319856e-01 4.850292915361260060e-01 3.847546465339299893e-01 6.149708426784910031e-01 4.342045222243530178e-01 5.482569948773330371e-01 6.972349311387330273e-01 7.093143656545729536e-01 3.579843540628789844e-01 5.071583276257980444e-01 5.272691504443679511e-01 2.001881732140939896e-01 3.309491580219059981e-01 2.772776672998810144e-01 3.386965401511000118e-01 2.599986250520979758e-01 3.919577209109230131e-01 4.903177640952979810e-01 5.581404970447020331e-01 6.492637706801660524e-01 6.408410525977119576e-01 6.655978723118920470e-01 6.942989056573940498e-01 6.151257107360950105e-01 5.381234750483390172e-01 6.203484863183620357e-01 8.875936524227210356e-01 6.338318130115699889e-01 6.117361127196460080e-01 8.035223734369819626e-01 7.726244429449099504e-01 7.816035159806610233e-01 7.947607202839559459e-01 7.745582978498579685e-01 4.227464941493149775e-01 7.688803009905970098e-01 5.945309735692849706e-01 3.400768837241009979e-01 6.259576683969140243e-01 7.123182139403040347e-01 7.079146890282640436e-01 7.789644253686730524e-01 7.806102783940660483e-01 6.454423757207590207e-01 7.217822338355109890e-01 7.810452432598570249e-01 3.777672047039070113e-01 4.424457702777709889e-01 5.021306226851169896e-01 3.835063643763009927e-02 4.552641205797520185e-01 4.554284329328670000e-01 2.888696026474290024e-01 3.541318599776059894e-01 4.451476146646780041e-01 4.585782682066589788e-01 6.396422063139910463e-01 2.984594756498399892e-01 6.043858862893379813e-01 4.216388067152659902e-01 7.885116704706359725e-01 5.214811043051089667e-01 5.890292894374550281e-01 2.301350956174459950e-01 1.450427722156819865e-01 3.870661701226820184e-01 3.197752980197869910e-01 3.530561982776719843e-01 4.911886860131959853e-01 5.042259179370619515e-01 2.150036044505040100e-01 1.755424540888149976e-01 6.312951307262589795e-01 6.694134436132409549e-01 5.983473402767129912e-01 5.584991591963599511e-01 2.415377766103909973e-01 2.203295923628739994e-01 7.462723174239409563e-01 6.959718042349769540e-01 7.537028560392029508e-01 6.045025088379569755e-01 7.573024845942449845e-01 7.515176765597380015e-01 6.843392286588410034e-01 6.949844657194510500e-01 7.796517225195129797e-01
2.181026149499840083e-01 6.512984482301189537e-01 4.754404371534299845e-01 4.300325557973920243e-01 6.388343457079610488e-01 4.407148468907530203e-01 3.922393245182109744e-01 4.141668114205669937e-01 5.491984497590549630e-01 7.343122348276339695e-01 1.000000000000000000e+00 5.784724033714540026e-01 5.851306496669780310e-01 6.458000438498090467e-01 6.369945229205199455e-01 4.811179539080289724e-01 5.348217213727789465e-01 3.246220083340650153e-01 5.556754967650270327e-01 3.618849582507310259e-01 4.442255650416270241e-01 5.534584326217989458e-01 4.866795076405249776e-01 4.929415541566299908e-01 3.370387860576389838e-01 5.175867098532880295e-01 3.876668661019420092e-01 4.730402709455779897e-01 5.887266665599689697e-01 5.194276299165639932e-01 3.043950485284189766e-01 3.939101555341369965e-01 2.615131920263529808e-01 3.793484556421020115e-01 3.337408393328890055e-01 4.569458051519750263e-01 3.141969442184610051e-01 5.912325385498290453e-01 5.480564394369249470e-01 5.298174666548970402e-01 2.423950098070009884e-01 2.793483264451219750e-01 3.713232804872410031e-01 2.393812234040300080e-01 3.114012481974309798e-01 2.342015961589080097e-01 3.393870142949820257e-01 2.694730909466889757e-01 3.751483565564630029e-01 4.119574322916870202e-01 4.473211864745439970e-01 5.893828391286080048e-01 5.601542513492150377e-01 5.706885962647030297e-01 5.946067104227019673e-01 5.286424949133939899e-01 4.552957510428489729e-01 5.568381557730089915e-01 7.122819080747090359e-01 4.545530021713060087e-01 4.869876759726020077e-01 5.710630291892160315e-01 5.723462532087120191e-01 5.500259421835670404e-01 5.370254410375610021e-01 5.359823752878180025e-01 3.437299690396299900e-01 5.559614935017760384e-01 4.183689236274710233e-01 2.625558529191420187e-01 4.227976231315899724e-01 5.036912630234120503e-01 5.357564182392230423e-01 6.029033739245569512e-01 6.108570336500369624e-01 4.229991209916310058e-01 5.191061817023390201e-01 6.107853967094619696e-01 2.861436723933620252e-01 3.781172917252679788e-01 3.301289441217860055e-01 1.282967030356630123e-01 4.312459202047639883e-01 4.252561877351559994e-01 2.597905945027519925e-01 3.682732319409239841e-01 4.287091528536510210e-01 4.859253832423839903e-01 4.862743391978380236e-01 2.355910906480029876e-01 4.834769530308850038e-01 3.863195628105750012e-01 5.944653791313140312e-01 4.270517988054600145e-01 3.808354053475350165e-01 2.210477313275860112e-01 1.325485893253620095e-01 3.490746265184189734e-01 3.114978517783369982e-01 3.212823485448410010e-01 4.289912322365320163e-01 5.061361162351090126e-01 1.464995822078410115e-01 1.365859078957570028e-01 5.081204460763429909e-01 5.826866117186330074e-01 5.510003583344990075e-01 5.067626072573010454e-01 2.425011240889060060e-01 2.890231686298789793e-01 5.364647362302350508e-01 5.401591261427639568e-01 6.123252678449759845e-01 4.745830329585229990e-01 5.798806875644729741e-01 6.191341851829099685e-01 5.196216779436360067e-01 5.718927739591720405e-01 6.287956781733480272e-01
2.394265798016680102e-01 5.961951946603469832e-01 4.706191136410020071e-01 1.784165743196970133e-01 5.706056307042729481e-01 5.092459969339540038e-01 3.556609404524739837e-01 3.921289356272649740e-01 5.977827991826339948e-01 8.663160212371679991e-01 5.784724033714540026e-01 1.000000000000000000e+00 6.883012602498179699e-01 6.649277219470259848e-01 7.091955704411679884e-01 4.860367333498060161e-01 4.937636036869739731e-01 3.970147751777000078e-01 6.207317436517020282e-01 4.933123341552109742e-01 5.560241623790700416e-01 6.730246854118310251e-01 5.637029974486239547e-01 6.168424913972999635e-01 5.240533273355310051e-01 5.241325538902410486e-01 3.547942181447660270e-01 5.954910905431229917e-01 6.737128767032659615e-01 5.575239607172930434e-01 7.841678357941689326e-02 2.957284466937100120e-01 4.629124606014090038e-01 3.574051134489800163e-01 2.769174589142969767e-01 5.728246394191730539e-01 3.805223911423050165e-01 4.517609269810329842e-01 6.002419081002490220e-01 6.776607996414090174e-01 2.692828999755120245e-01 4.683857590217430089e-01 4.688206125040669803e-01 1.146684754639770015e-01 2.072424362129909881e-01 2.174176800387180031e-01 2.405944229984250116e-01 1.527812066404979907e-01 3.201147094068880206e-01 4.040472949758490140e-01 5.074851582121979732e-01 5.467529705492130132e-01 5.315270479847690188e-01 5.643819383458660299e-01 6.720003002803860426e-01 5.728373997473159562e-01 4.554379135389550193e-01 5.240018096006809900e-01 7.806837164301070331e-01 5.972981894559710181e-01 5.967148628774360253e-01 7.402660545508390477e-01 6.534292481097120353e-01 6.871943135556389803e-01 7.098392973287059871e-01 6.580789242869079514e-01 3.272141008300800125e-01 7.546890658757829939e-01 5.174823774899020012e-01 1.993757825777890125e-01 5.611748730680129471e-01 6.163358094537110254e-01 6.029065093523560126e-01 6.803658930378819747e-01 7.896583066481249746e-01 6.651464095736919768e-01 6.754158181707470288e-01 7.410993835082709813e-01 3.454204191841799831e-01 3.404304668617130214e-01 4.924612315199239920e-01 -2.033854891824640049e-02 3.390702757059310124e-01 3.783753028603820123e-01 3.346873456491969989e-01 2.698844759505670265e-01 3.911430585069189947e-01 4.129786845353329849e-01 5.465120370871000555e-01 2.502901974891379999e-01 5.035256226398250323e-01 3.179934663402069761e-01 6.725782996391760360e-01 4.713832025484619992e-01 5.707484735520600427e-01 1.096321570519210031e-01 7.999458766681920296e-02 2.972615313808170123e-01 2.532169372383549777e-01 2.627654704597510160e-01 4.642252979999850204e-01 3.996113233007170251e-01 1.635452768385700084e-01 1.433674729135969994e-01 5.301607557967970008e-01 5.737282350596200065e-01 5.316030932004549570e-01 5.018400781459210203e-01 1.378350483745330035e-01 1.545048870466730062e-01 6.004769570589150174e-01 5.472450424164230220e-01 6.339929958785720521e-01 4.929154388947800114e-01 7.138790010255700036e-01 6.678534839599109540e-01 6.362992189297249634e-01 6.320181996357420173e-01 7.360840299412509946e-01
1.278591446108819918e-01 5.822481449588200464e-01 4.539746669692790171e-01 3.359755545555669909e-01 5.910030581175439446e-01 4.795022588275100195e-01 3.329682383666119905e-01 4.433676759686400182e-01 5.862388871457050454e-01 7.345785188860110004e-01 5.851306496669780310e-01 6.883012602498179699e-01 1.000000000000000000e+00 6.980149687024620464e-01 7.257433370455349531e-01 4.418357567329649904e-01 5.423868518448600184e-01 4.465457556946360040e-01 5.522887708553529951e-01 5.265768846016980476e-01 4.973898980330440089e-01 6.335921765237340075e-01 5.219019480918040133e-01 4.571704318801719791e-01 3.869983344986990259e-01 3.404116538502899858e-01 4.360794214390619761e-01 4.769481649384090249e-01 5.577055804695300045e-01 4.472237981661389972e-01 2.055457306563210074e-01 3.944601671379669994e-01 4.085162626569109889e-01 4.395243221053899974e-01 4.256096103973729949e-01 5.837680183003259859e-01 4.328119668018030053e-01 4.753247655156799811e-01 5.579319628845990087e-01 5.522125230837330312e-01 3.478086708950060002e-01 4.993400925112940203e-01 5.417515861323229931e-01 2.828564012377879910e-01 3.177345043083080189e-01 3.058520650212629977e-01 3.230458734983189806e-01 2.452823941551149911e-01 3.489874930420219790e-01 4.689333751214119772e-01 5.046797154237540051e-01 5.546823120442869737e-01 6.319147416403390061e-01 5.948833210961910201e-01 6.065550478168779680e-01 5.552061635823649643e-01 5.505598650629790480e-01 5.676647522895169606e-01 7.289294460248080254e-01 5.110485403079799704e-01 4.539550154427869910e-01 8.599512119449640446e-01 7.545489634194250117e-01 7.412868410279570552e-01 7.545346986760339547e-01 7.464924862813779871e-01 3.841108134807880159e-01 6.574573868079109928e-01 5.504224973827850365e-01 3.631555406583040213e-01 5.345660738411139867e-01 6.673772449882839908e-01 5.702746245594839669e-01 6.550232331440869471e-01 5.596718028693999925e-01 4.653920800455429996e-01 5.846640511568890197e-01 6.443396751618379881e-01 4.093642440798069826e-01 3.609634228094300012e-01 4.572869301882229731e-01 1.154652912793709962e-01 4.080658998084660261e-01 3.676291389761590089e-01 2.089006601473309965e-01 4.082975536954859819e-01 3.975417287220670004e-01 4.125666338330459815e-01 6.368117714944819818e-01 2.976677085991399907e-01 5.216678952863560426e-01 2.247888760174669986e-01 6.930195505978979931e-01 5.016602939734550182e-01 6.206209430939170213e-01 2.991221744410009764e-01 1.877941574694609872e-01 3.749267015935089931e-01 2.938509125172150127e-01 3.562188922171189986e-01 4.051053051716340114e-01 3.534575633132390204e-01 7.851781948265020017e-02 9.451246850146609313e-02 4.475264928200899939e-01 5.015244902556930118e-01 4.462164793068930102e-01 4.361222752726450214e-01 1.359655269390870058e-01 1.931273588387049933e-01 6.139437407278010017e-01 5.548624456759190249e-01 7.121679384775989607e-01 5.804126033242019700e-01 6.286200626733500219e-01 6.112564783431240212e-01 5.882119318365349736e-01 5.321762656576639605e-01 6.464008813191489677e-01
