1.000000000000000000e+00 4.613592465371960105e-01 4.102773931293040022e-01 4.013208736200939986e-01 3.674615871652660015e-01 3.594900930482879953e-01 4.401064207815599816e-01 3.479051790509760100e-01 2.789280693029039804e-01 3.542099263323950087e-01 4.056531143710530030e-01 2.811511316763259938e-01 3.174165002937919811e-01 3.298531174011790079e-01 4.905979162411159833e-01 5.634087875072419926e-01 2.232859648093379890e-01 4.739615388347919733e-01 2.607087191740150023e-01 4.304453656071650092e-01 2.895860549578380128e-01 2.848879291706810091e-01 4.045244445325890115e-01 3.227193349662709765e-01 3.657699065715290243e-01 2.032820394337719883e-01 3.535552126886700175e-01 4.829832088745270036e-01 5.620405679574179691e-01 3.804699362783879879e-01 5.478105643459989516e-01 6.484618167206099848e-01 5.045180290775770349e-01 4.657156243857130118e-01 4.009370119830710233e-01 4.470434058378530140e-01 5.885966254456540536e-01 4.280835024439260117e-01 4.567563489395189968e-01 3.116424951202130256e-01 4.743899313637999771e-01 3.988149226340449993e-01 4.191821727467779923e-01 5.253234315227740536e-01 2.737272308993869974e-01 3.968330534225790185e-01 4.234344232179800271e-01 5.783407971652140267e-01 7.154088795675700441e-01 4.918047501631300222e-01 7.657915066226389511e-01 4.858187060394960066e-01 4.016023117459119884e-01 3.886651747342370067e-01 4.285490145795349815e-01 4.447942966914589791e-01 3.642267128096379758e-01 3.882760101249940199e-01 4.093536222125430113e-01 4.123808053600129808e-01 1.661345252383389925e-01 2.783070838967299787e-01 3.349964576557170060e-01 3.505975044545129871e-01 3.832421242672229833e-01 4.776744023914020199e-01 4.983425145822210078e-01 2.715808517285099866e-01 3.098535306900859765e-01 5.031744683921830497e-01 4.389279242549329885e-01 2.085811143058909911e-01 3.837023864413289798e-01 3.976439908546269830e-01 2.066841350323679882e-01 2.250233914891849873e-01 5.661746490242339780e-01 3.580233437341799885e-01 3.944328045148329798e-01 2.367402561698269958e-01 8.162525249951929282e-03 4.228675168850269950e-01 2.361640903467739916e-01 1.057198368572259961e-01 3.043666603925149761e-01 3.674997498797539786e-01 5.837922917805109524e-01 3.714167168367519811e-01 4.580495321958790167e-01 3.090595463633630247e-01 5.509546894770730452e-01 1.574725773251360039e-01 4.941930520421299877e-01 4.040786699081759803e-01 4.176590996259509914e-01 5.885546414845990171e-01 3.730499247248350025e-01 5.154149677045150035e-01 6.982064807074379598e-01 5.025847129469089847e-01 5.899828038486220061e-01 2.861304839347669771e-01 4.748694286057880132e-01 4.383379014701819787e-01 4.961248587581810199e-01 4.574064281385569752e-01 4.374155205566370164e-01 3.422017427525599897e-01 3.056588426626319910e-01 4.001742229607029855e-01 4.933193881884230247e-01 3.878192603979669917e-01 3.132655479706810131e-01 2.746501932849310101e-01 5.337414347396880476e-01 5.043016899742599479e-01 5.098437155710749957e-01 4.900140970646649774e-01 5.302056935563960183e-01
4.613592465371960105e-01 1.000000000000000000e+00 6.083336598208549661e-01 8.237875830133399857e-01 7.421117930211059699e-01 5.287599847452030266e-01 6.864892163432969596e-01 7.830898980334679571e-01 4.691423824191959802e-01 5.419707701493789997e-01 5.533827062291629684e-01 4.685804678547290103e-01 4.730020465216600023e-01 4.808116658623429740e-01 5.959178895744100535e-01 8.174677061904600528e-01 3.698759432783990109e-01 6.005802948460839952e-01 4.049025805128099731e-01 5.497596639576209920e-01 5.226355664226519648e-01 5.223883282444869991e-01 4.528973669171489913e-01 4.079817205660150048e-01 5.405001950351490114e-01 4.111013565990069840e-01 5.213883384079589511e-01 5.898694369760609790e-01 6.212132792271699566e-01 5.222971486610720193e-01 6.323023158276389610e-01 5.643716514874419499e-01 4.594516120852800145e-01 4.609950414099380223e-01 5.253099049202909487e-01 5.819593462614199852e-01 5.303120076213500012e-01 4.965967262312490083e-01 5.434276296404390028e-01 4.655232964193489753e-01 4.520086132792699996e-01 6.026951435004810342e-01 4.889212289840890180e-01 4.894836391422939803e-01 5.350538664104780295e-01 4.677595460447169784e-01 5.151686124328219707e-01 4.282510210364859904e-01 5.474987739630110539e-01 5.143566380273350003e-01 6.481102774486540152e-01 8.778111132036390263e-01 7.601193909145780303e-01 7.608533337141699660e-01 7.293602074370150179e-01 6.491678108491759636e-01 7.691399775942999728e-01 6.815108670842620064e-01 5.918933976333009550e-01 4.844560957827889758e-01 3.857242149899740014e-01 4.634686571179240100e-01 4.389293339125490134e-01 4.495005797395140168e-01 4.443880165491450041e-01 5.554150168394540454e-01 6.691048030855389905e-01 4.522888593284770109e-01 4.656411786589280122e-01 6.078091794710129836e-01 4.542010586232950176e-01 4.852109206753120185e-01 3.659847325500569792e-01 5.165840399624790358e-01 3.692017935148759755e-01 4.769030899658219802e-01 6.317918451017080494e-01 4.259771484428669930e-01 6.015165003071309968e-01 3.302504681824040000e-01 7.892652524270349357e-02 3.405547512603819826e-01 4.678648023933499878e-01 3.292423383457189767e-01 4.010895202307290242e-01 5.409221891670540350e-01 4.916879791229180063e-01 4.777284849288739865e-01 6.418421010725100517e-01 3.771985300817580211e-01 4.958576291339499842e-01 3.782204381349509870e-01 5.752326071206550484e-01 5.108931187757039805e-01 4.410852538773040177e-01 4.882914710890279841e-01 4.573117587769309766e-01 4.548950523455729811e-01 5.562458360342350527e-01 4.868485312279239863e-01 5.996331382683659506e-01 4.340817510319500139e-01 5.000680937995100050e-01 4.127594562183540261e-01 5.888870513988819777e-01 5.113558673033520297e-01 4.852797671141069746e-01 3.690318799863709920e-01 2.790217696558219829e-01 4.284476502536029852e-01 5.591754365930230453e-01 5.113416127893859464e-01 5.291036813774070424e-01 4.890138860534359866e-01 6.351477112389299906e-01 6.588090964072049749e-01 6.119003322225969876e-01 6.532526007873920015e-01 6.268376323724610399e-01
4.102773931293040022e-01 6.083336598208549661e-01 1.000000000000000000e+00 2.918479511172130114e-01 5.662313737137190106e-01 8.546933427243630366e-01 7.339127827658109560e-01 6.343268415496899904e-01 8.175248004860530271e-01 4.054519140638550012e-01 5.317482674935080089e-01 4.030307852589090079e-01 4.054289384139579955e-01 5.013257517135040198e-01 5.147733808719380244e-01 6.621908629201730401e-01 3.608457431329850085e-01 4.123410382215719761e-01 3.898650456009810084e-01 4.737072264595559856e-01 4.789557287058620050e-01 4.368208020792609947e-01 4.614276947907209880e-01 3.374429816835100016e-01 5.162801296965090492e-01 4.271882104926539858e-01 3.654271538949719900e-01 4.527311110460500165e-01 6.544356689136490157e-01 4.646176735931110136e-01 4.870193903310819916e-01 4.526532198015890129e-01 3.677398321567449946e-01 2.108687983964450119e-01 3.142170210913580175e-01 6.263525729057249913e-01 3.015066420149850046e-01 3.611929807768199940e-01 4.003097085450629811e-01 5.154019855323800359e-01 1.988257623693469867e-01 4.422156029803619992e-01 4.065191337046080156e-01 2.851100803183460042e-01 2.535515821838270067e-01 2.205679090609780069e-01 2.288048987425080061e-01 2.683971620848790152e-01 5.450685449069150312e-01 2.816477080607939776e-01 5.944064476445689582e-01 6.382373965512070368e-01 5.348871920167740379e-01 2.284726011112679922e-01 7.615864918430119701e-01 8.030217896980269554e-01 5.661215560156700466e-01 6.930223583882669791e-01 4.959686240035450222e-01 5.017234770298290014e-01 2.868853553027139736e-01 3.483022857198689870e-01 3.503113999105100240e-01 4.363740397415730166e-01 4.657882480574430106e-01 4.931356987656079771e-01 6.870537055600559606e-01 4.571478226769349895e-01 3.908523771324480256e-01 4.410525708274319889e-01 4.857723041690120147e-01 4.369652144226400248e-01 3.801199773229499979e-01 5.137666296908609542e-01 3.205118228048199902e-01 3.916014685513979909e-01 6.761896420633379812e-01 4.546479639920349980e-01 4.311368757020930254e-01 2.553624345584469824e-01 5.489812009535029874e-02 8.542694719627899613e-02 2.560620715775069889e-01 1.538854582903949886e-01 3.125795638763200213e-01 3.597944781852659979e-01 2.888000294620690078e-01 4.971071225233499868e-01 5.339446444236629619e-01 1.494882665534340016e-01 4.488928770856610018e-01 1.756645860411089888e-01 5.591640498279879523e-01 3.951481375383579797e-01 4.358506879505220089e-01 3.373911234889550026e-01 2.314538564985129943e-01 3.473558092828740174e-01 6.030887688119560552e-01 2.774972089011489840e-01 4.976412417535199806e-01 2.238904331022739946e-01 3.323638292620950119e-01 4.015093948436390114e-01 4.915603508762049767e-01 4.672147119129619885e-01 3.392813650150289795e-01 3.187216231639289910e-01 2.911712886647689902e-01 4.371040336076990052e-01 4.160356834683079930e-01 4.126561265019759728e-01 3.099785132830790157e-01 2.325903923302869991e-01 6.071417640015629447e-01 5.344638496588609566e-01 5.576128192803310180e-01 5.421855537585269502e-01 5.927207785167609710e-01
4.013208736200939986e-01 8.237875830133399857e-01 2.918479511172130114e-01 1.000000000000000000e+00 6.396268337743270527e-01 3.038739170557500091e-01 4.933002359718109964e-01 7.327959626901859869e-01 1.925145894300739902e-01 4.994139007990799906e-01 4.201977670719569957e-01 3.828462092962590102e-01 4.121624966613849916e-01 3.949267604229330098e-01 5.247650781220859484e-01 7.081821803587170505e-01 2.773238714053060106e-01 5.583291440742219613e-01 3.145981147228050223e-01 4.088298405315510253e-01 4.809082416371440183e-01 4.261092108883129947e-01 3.659104283072370234e-01 3.340932160625140201e-01 4.139518869102040144e-01 3.058249051930190254e-01 4.412638059351419728e-01 5.341248028292939765e-01 4.454487839911199787e-01 4.380674645362260256e-01 5.829259587349889804e-01 5.172856342551359621e-01 4.188809273893540075e-01 4.757477267514120256e-01 5.324885538194310541e-01 3.582648163825800092e-01 5.058511766888319494e-01 4.649729116678140151e-01 5.313631589373459807e-01 3.958967917294060057e-01 4.862521682641460230e-01 5.765810701953909545e-01 4.752888547373420036e-01 5.115368308505310324e-01 5.517119445498690489e-01 5.470934101775100089e-01 5.665800026772529474e-01 3.732703701246560257e-01 4.034161571049449946e-01 4.905860704761519919e-01 5.165552369184609471e-01 7.796935236364179733e-01 7.145115344726979956e-01 8.969080521001170370e-01 4.822750678618870079e-01 4.556157696753280195e-01 7.411903864341039538e-01 5.959971690988260518e-01 5.301552555952779855e-01 3.479378846691200122e-01 3.204793153702770181e-01 4.084503272174759836e-01 3.569610014183909885e-01 3.820798915593999756e-01 3.560708655485609886e-01 4.847219801869799838e-01 5.345774330169089650e-01 3.699891953810299783e-01 3.494992383419949777e-01 5.610072737876370397e-01 3.737573594266579979e-01 4.057786486032690099e-01 2.928142191731589739e-01 4.476128453247880112e-01 3.011112885649139814e-01 4.069998515461660249e-01 4.705739721896070038e-01 2.895656781899120236e-01 5.923592225950590207e-01 3.170661982314459948e-01 4.566012834523860107e-03 3.598328405166469901e-01 4.632056662019369830e-01 3.364460462674240260e-01 3.324250964098119931e-01 5.280338642216559908e-01 4.389575446152300109e-01 3.769329370903100052e-01 4.878935359856639842e-01 3.959715876636800136e-01 4.266987368952929738e-01 4.135340875154540075e-01 4.731801809182850094e-01 5.200308449066189942e-01 3.535520668139079947e-01 4.472696134247999833e-01 4.853665284567659777e-01 3.994728492027049827e-01 4.331724722911929892e-01 4.304085291185820172e-01 5.533523168009599758e-01 5.134233758784719770e-01 4.925238153825199916e-01 3.679855784222569870e-01 5.530998885784099706e-01 4.544429840747140070e-01 3.995819279981809857e-01 2.907144731194890031e-01 2.016539511650629890e-01 3.042529653107620136e-01 5.022026789385990453e-01 4.610628653351919737e-01 5.763606333677590010e-01 5.634430992936410032e-01 5.375672582412369671e-01 5.930253050170010143e-01 5.371275776838410065e-01 5.714744962849299670e-01 5.356409146185859838e-01
3.674615871652660015e-01 7.421117930211059699e-01 5.662313737137190106e-01 6.396268337743270527e-01 1.000000000000000000e+00 7.118298323805749561e-01 5.854003149752829982e-01 5.650313859450679654e-01 6.090214427790290319e-01 5.889569589248500048e-01 6.058576960640860154e-01 5.953378738729100395e-01 6.098741171752020129e-01 5.210191547369530385e-01 6.639494714007809772e-01 6.649108994127379546e-01 4.461992975122289762e-01 5.581281740957669824e-01 3.857022494227709819e-01 6.823209893931000414e-01 4.678823373852459833e-01 5.431913855898460319e-01 4.733624958538860117e-01 5.337688646568989892e-01 6.198306365272050478e-01 5.535794484703130403e-01 5.430176844300259598e-01 6.738919392363680316e-01 6.377523963436499965e-01 5.839382153014669452e-01 6.561564001961529558e-01 5.076571599756419806e-01 4.472632766978679730e-01 4.400687664571409918e-01 4.969785841159919948e-01 6.341595994297110073e-01 5.349566423745240051e-01 4.627447430991940003e-01 5.015817971405369669e-01 4.545524162994359907e-01 4.562997888363650167e-01 5.940023449024429691e-01 5.090416014632860309e-01 4.647952846969199969e-01 5.785512700475440306e-01 4.658454982946220180e-01 4.491217935569020159e-01 3.559317788264170224e-01 4.295082696521960175e-01 4.567156386800910184e-01 5.129869072575450328e-01 7.937576649030529952e-01 7.021456180762669641e-01 6.265288857265119971e-01 8.283173569238759804e-01 6.466352449134660230e-01 4.863013354480220096e-01 7.320792363705509453e-01 7.028810093755879507e-01 5.119926258335369962e-01 4.785917069169199900e-01 5.486366402479510018e-01 2.929352286911069969e-01 4.762671307171379986e-01 4.164178874909910122e-01 5.681112496727099836e-01 5.649594766334880003e-01 4.540508071573999826e-01 4.825812237467350108e-01 5.355821413284910237e-01 3.998511603938669778e-01 5.343520904404980287e-01 3.424546074926880235e-01 5.356671747881549539e-01 4.428531401522819988e-01 5.990343612460170553e-01 6.297681446118820192e-01 4.468927258471430131e-01 6.854819001328920081e-01 3.119895974388570137e-01 2.183546664438109908e-01 3.307938664171969911e-01 5.438948132681660219e-01 4.022118251554380186e-01 4.870349329152369733e-01 5.316277600534099479e-01 4.959058974011290033e-01 6.006377360571809598e-01 6.265322608015769790e-01 4.538785313522690212e-01 5.270780578008610329e-01 5.189569370160890260e-01 5.485818887400729649e-01 6.276356515088129528e-01 5.131495012779619946e-01 4.881460946921660216e-01 4.445579222268180031e-01 4.490967044363199934e-01 5.089199211135509993e-01 4.500442102779639852e-01 5.837208199066890035e-01 5.074240597870219860e-01 4.541588116176299983e-01 3.933142213551730215e-01 6.403001155250209742e-01 6.165982966955589895e-01 4.374896138020920033e-01 4.197835634080590017e-01 2.898193703779129993e-01 4.816032578637770012e-01 6.462024788883009574e-01 6.277329503125940180e-01 7.119769058656729710e-01 6.527957567858310162e-01 7.554642708561349895e-01 7.716704688788740274e-01 7.229568525684100244e-01 7.640637115647820332e-01 7.765438056024599467e-01
3.594900930482879953e-01 5.287599847452030266e-01 8.546933427243630366e-01 3.038739170557500091e-01 7.118298323805749561e-01 1.000000000000000000e+00 6.448435846578379760e-01 5.182980822787309760e-01 8.299343547426120127e-01 4.762665020691039808e-01 5.779505913949469775e-01 4.987135378665579766e-01 5.162308973917589805e-01 5.307910330889039630e-01 5.929008230930209455e-01 6.169879413241570187e-01 4.622457146327609845e-01 3.838772368369949839e-01 4.490397266409419941e-01 5.796505416776650543e-01 4.807314796599809759e-01 5.270540239527700122e-01 5.582839309212419554e-01 4.340968988601999756e-01 5.978603846810049971e-01 5.937546111624509848e-01 4.764531120814859966e-01 5.969628420438519711e-01 6.806796163449649884e-01 6.132625063256850195e-01 5.448966001839889994e-01 4.282393287714740260e-01 3.638366232353060226e-01 2.206861595340990079e-01 3.020437011840110264e-01 6.786418055281160377e-01 3.567335028581529732e-01 4.174092958848840129e-01 3.580263974712509789e-01 4.722905855400280073e-01 2.152064790968709895e-01 5.404277606517869925e-01 4.082741890663330042e-01 3.475540113147719823e-01 3.606442292617900169e-01 2.760086666086210005e-01 2.337939981675359880e-01 2.837560905980229808e-01 4.678816336867229753e-01 3.003388783122319938e-01 5.105189349895610240e-01 6.318335725671090364e-01 5.380431783365470233e-01 2.667583415141929759e-01 8.580092368536840208e-01 7.984280014235990430e-01 4.610473523752959824e-01 7.300045345359780224e-01 6.021766056669880518e-01 5.319971240196900153e-01 3.889879971578090179e-01 4.588756656414009760e-01 3.210980792224579772e-01 4.648409916108309781e-01 5.022367801653629948e-01 5.603501794651849499e-01 6.219345991415009545e-01 5.180614703321360093e-01 3.883561591070309738e-01 4.145210811241660243e-01 5.167759501322759519e-01 5.272789139965140537e-01 4.644611281584710150e-01 4.873827232928920061e-01 4.328036756780970218e-01 5.212937694926179644e-01 6.768914980385509761e-01 5.806990109317210491e-01 5.340251921311790495e-01 1.981970612158480138e-01 1.146680888726570036e-01 9.127841431834810004e-02 3.054535781005199846e-01 2.467510832785800023e-01 4.145280536895489809e-01 3.613249396124719737e-01 3.309558546098380072e-01 6.163074947814489724e-01 5.763211901970469730e-01 2.097095558284730044e-01 4.509758641998030115e-01 3.284975169876649947e-01 5.280936667593739697e-01 4.741455806453139799e-01 4.404400836979669998e-01 3.755861577214579805e-01 2.674647837537880157e-01 3.996695595590549765e-01 5.846513098477920112e-01 3.036320853356290206e-01 4.844950889574449748e-01 2.702222969965579757e-01 3.448374348114010002e-01 3.692122296623229771e-01 5.840941974920830226e-01 5.563628140016070311e-01 4.375952800419909972e-01 4.724714828098079966e-01 3.692744656185010244e-01 4.756585087893099861e-01 5.816570141099020042e-01 5.771082387951590453e-01 3.970597243565239798e-01 3.310863750377869841e-01 6.992159739033060317e-01 6.369159596825200165e-01 6.506042780832409500e-01 6.321246416028970527e-01 7.013981624734789699e-01
4.401064207815599816e-01 6.864892163432969596e-01 7.339127827658109560e-01 4.933002359718109964e-01 5.854003149752829982e-01 6.448435846578379760e-01 1.000000000000000000e+00 6.571905338069480296e-01 7.136904819674370071e-01 6.540439992324830198e-01 6.311289280721780193e-01 5.378570796922510500e-01 4.735900568036540137e-01 6.609961919945249731e-01 7.672352519682640315e-01 8.168011706774299663e-01 5.191456744332280104e-01 6.704539288947990450e-01 6.487906643173489973e-01 6.074764576694310358e-01 7.586100325775420039e-01 6.599094361592739988e-01 6.474211666906020124e-01 5.732566622838569659e-01 6.298898561179010480e-01 4.799454484205860072e-01 5.092671517458240427e-01 5.921170470290899601e-01 7.744838170713439496e-01 6.458844180487569586e-01 5.873611715682279799e-01 6.264466900025850160e-01 6.209065817919730002e-01 5.074560679159060284e-01 6.058633306069669544e-01 6.652006228332090210e-01 4.534615406356020118e-01 5.470932706358759834e-01 6.235308430029210536e-01 6.957706502117719793e-01 5.027023711611130485e-01 5.619350943352009464e-01 5.121472847812500451e-01 4.171945017782929810e-01 4.328176899450659754e-01 4.249717002143709732e-01 4.924261946507400012e-01 4.856003348797690022e-01 5.462514880567059805e-01 4.511916026338069763e-01 6.731529744885600408e-01 7.780068007465680280e-01 7.684668959937499544e-01 4.564720875796430266e-01 6.102007808296030511e-01 6.536520794685659608e-01 6.461086939720880329e-01 7.234642044534229655e-01 6.624290790765540171e-01 6.131695984789630183e-01 4.461548497898409904e-01 4.786923359991490101e-01 5.629342608200269549e-01 6.588942490607360147e-01 6.794545108044539594e-01 7.551719307574019657e-01 8.663487729295239470e-01 6.656602700671759854e-01 5.388684519169739673e-01 7.003305476173999899e-01 7.160532489662639888e-01 6.199454620314820419e-01 5.451571614090909845e-01 6.542436355170010431e-01 5.723319818603509468e-01 5.511922667123949626e-01 7.958464518598169501e-01 5.901400451933449531e-01 5.758308196106319832e-01 4.411624027725449815e-01 1.882494281732950137e-01 3.363571111992940121e-01 4.894245617557970163e-01 4.408711670830500196e-01 4.488100042084050001e-01 5.982555405880789490e-01 4.237043586706860099e-01 5.098897543326530446e-01 6.435460738681210158e-01 4.257091340029949822e-01 6.019199725658850308e-01 4.870231847413439841e-01 6.551275350471730263e-01 5.496656175208860518e-01 4.349226320132579815e-01 4.271480077174349965e-01 3.867850254396230092e-01 5.314628519601299894e-01 6.243336715393710268e-01 4.060127324142739913e-01 6.792236078877830208e-01 5.293316862088910391e-01 5.398419830620150295e-01 5.829663273507009746e-01 6.453202095034079600e-01 5.475395355389229834e-01 4.808610449254460129e-01 3.709658996149109988e-01 3.443206374201869813e-01 4.300228564659179797e-01 5.146968183907160155e-01 5.114377457564559526e-01 5.334110404481460233e-01 5.024912744121310393e-01 6.332123018484330235e-01 6.718371207281480517e-01 6.654297066232649494e-01 7.222879166485329794e-01 5.888291032364939559e-01
3.479051790509760100e-01 7.830898980334679571e-01 6.343268415496899904e-01 7.327959626901859869e-01 5.650313859450679654e-01 5.182980822787309760e-01 6.571905338069480296e-01 1.000000000000000000e+00 5.515595456893780391e-01 4.116586235572949892e-01 3.577749283677340020e-01 2.878953564356520056e-01 2.994557968891999877e-01 3.050099640050120131e-01 4.022622160930470203e-01 7.064456854769699534e-01 1.520530046593319973e-01 4.278318749903259888e-01 2.152578643915769863e-01 3.493774135461639729e-01 4.554509017300660267e-01 3.686436433856289940e-01 2.565147011172410063e-01 2.946772099163489922e-01 3.795870921290340205e-01 2.509533612944450098e-01 2.870436921413759834e-01 3.607819944995099837e-01 4.942171125630069883e-01 3.510049958575039986e-01 4.493720027940920070e-01 4.599247189783169931e-01 2.855536411081229797e-01 2.255440225590510106e-01 3.416516334135539790e-01 4.561616091625290137e-01 2.967441831946099895e-01 3.738500462891680143e-01 4.392212484154520147e-01 4.551717725556569949e-01 2.632930191547789844e-01 4.492535072567629961e-01 3.311165008474479809e-01 2.995968031369499740e-01 3.246019597529399836e-01 3.302087691049049867e-01 3.354274860941580116e-01 1.557821156947959973e-01 4.371602259207720276e-01 3.045506004456209892e-01 5.455473872536229507e-01 7.161603135478500359e-01 6.383615801564960224e-01 5.662287603541400482e-01 5.712495969963979903e-01 7.021810116385990286e-01 9.134175642675490536e-01 7.951064051301139912e-01 4.390157146307879787e-01 2.989474356344570261e-01 2.570378671721709751e-01 2.847287233522700078e-01 2.983024978603889821e-01 2.745737320166299900e-01 2.727656949440929735e-01 3.810400473270009747e-01 6.238669328366129863e-01 3.141948001127130019e-01 2.969882916703759923e-01 4.779776772012520047e-01 3.686014838940889771e-01 4.128169952519200048e-01 1.798822616167080057e-01 5.023012787158329662e-01 2.164391641768640129e-01 3.072968541588599889e-01 5.164516353240039548e-01 2.736544364203279955e-01 4.782955986431969841e-01 2.960194285582299911e-01 1.378859880872630034e-02 1.100938146331450068e-01 2.709477384147960244e-01 2.348293243852659917e-01 2.251795615586499877e-01 4.347882653986610002e-01 2.630630603355009756e-01 3.159371819300270112e-01 5.119942266487369498e-01 2.632011530873670235e-01 3.112951527775060234e-01 3.263938572854899745e-01 4.532163980311850193e-01 3.792727297879430193e-01 3.443048471696240065e-01 2.944860086936009758e-01 3.224431767544350125e-01 2.494417524384419937e-01 5.065577543719880227e-01 3.084201577605120148e-01 4.838781549464279963e-01 2.869005653034449876e-01 3.711668982602279732e-01 3.963773571863309919e-01 3.998315180493650089e-01 2.993990660080230182e-01 3.154645619513630206e-01 2.032644684848819994e-01 2.234857214154359895e-01 3.418355459872429725e-01 3.092122547172970193e-01 3.225810001899059865e-01 3.106958948132900189e-01 2.750664189928779813e-01 4.224692307453720153e-01 4.096969983761650225e-01 3.938318387206899973e-01 4.205567125578369980e-01 4.216674055277340183e-01
2.789280693029039804e-01 4.691423824191959802e-01 8.175248004860530271e-01 1.925145894300739902e-01 6.090214427790290319e-01 8.299343547426120127e-01 7.136904819674370071e-01 5.515595456893780391e-01 1.000000000000000000e+00 4.346805859953120077e-01 4.862953868397840163e-01 4.157730451234780134e-01 3.828885303556420205e-01 4.829111097992589974e-01 5.754962300692649801e-01 5.668442405379909843e-01 3.730227525428370106e-01 4.422184096653359875e-01 4.084738071209180199e-01 6.401216771305310305e-01 5.032212778412770149e-01 4.346229983123239826e-01 4.473026360484609887e-01 4.211017820689350044e-01 4.969014009067370119e-01 4.254480387328269941e-01 4.121742399091919973e-01 4.889191892561259856e-01 6.502883064416069558e-01 4.953839939079049959e-01 4.700603180267409753e-01 4.434955932667419831e-01 4.329716742442319966e-01 2.910289966762880098e-01 3.065089868156030128e-01 7.567269236729530224e-01 3.568181882177949849e-01 4.165240586699909819e-01 4.199403864929510122e-01 4.984418658108890066e-01 3.076904498245719988e-01 3.931887562097060029e-01 3.381820418496609970e-01 3.120263184658430000e-01 3.903103480526989855e-01 2.926786848207180158e-01 2.356707466042380072e-01 2.534893706939400082e-01 4.537725322062189925e-01 3.597380010036049791e-01 4.426422553824849726e-01 5.775900967563439847e-01 5.657369646490569837e-01 1.431202450760550027e-01 6.739614369066060373e-01 7.332946422808519493e-01 4.601814466947919957e-01 7.891357739778459557e-01 5.052058107366900197e-01 4.383965953838849794e-01 3.469910407956269816e-01 3.536096584234699747e-01 2.885735810727240169e-01 4.503438231726979990e-01 4.323756670664339885e-01 5.064051667777780263e-01 6.524721279935959961e-01 4.429643135629460216e-01 4.255345715711659760e-01 4.632689066640069964e-01 4.764945265656280182e-01 4.984101929709099932e-01 3.517555261077859874e-01 5.073125159568250275e-01 3.809644808192529930e-01 4.405637033106930001e-01 6.650915425452770258e-01 4.590144934203920224e-01 5.260751816921640511e-01 3.444517983725169930e-01 2.169312942703630065e-01 1.781789920937169869e-01 4.019544503167130078e-01 3.052998772325880017e-01 4.122274337044899983e-01 4.140917869019259956e-01 3.417316697009040172e-01 4.981377362225489769e-01 6.352810766798330233e-01 3.414659823106320213e-01 4.883973797794949889e-01 4.103597072226780051e-01 4.935108976518919888e-01 4.225127618495240212e-01 3.537063063803769780e-01 3.654841535916060202e-01 2.891620901911590158e-01 3.631821422668790045e-01 5.677581958206719959e-01 3.892019765884700000e-01 4.570441937459769899e-01 2.878415474976370181e-01 2.868687933290530179e-01 3.621862605041599736e-01 4.387332447182979989e-01 4.066664980403300045e-01 2.584177882471220267e-01 2.657545409559780025e-01 2.561803605669100148e-01 3.011673568680490187e-01 4.037565894603170058e-01 4.368172471013310187e-01 4.127193290556239735e-01 3.653829207918600219e-01 5.343951757802449798e-01 5.099092729145989766e-01 5.416326158055869699e-01 5.551990652908550539e-01 5.001310746604540336e-01
3.542099263323950087e-01 5.419707701493789997e-01 4.054519140638550012e-01 4.994139007990799906e-01 5.889569589248500048e-01 4.762665020691039808e-01 6.540439992324830198e-01 4.116586235572949892e-01 4.346805859953120077e-01 1.000000000000000000e+00 7.642855183161829657e-01 8.399730044303389542e-01 7.310954327519679774e-01 6.902999618572740470e-01 6.807461087062970373e-01 6.331832933251200224e-01 6.616353981380540539e-01 4.460277390998330094e-01 6.306284673865579782e-01 4.883128023566840059e-01 5.437875638498189668e-01 7.520792707784540454e-01 6.737652534740350418e-01 7.299844770877119693e-01 8.098492867275429719e-01 7.003215926130379465e-01 5.120342681623439862e-01 6.072524947746890112e-01 6.213100974254499587e-01 7.286297583011529522e-01 5.012845972123389782e-01 5.813638223607290323e-01 5.792730516806210428e-01 4.427923510847029953e-01 5.733131497848800162e-01 4.467493284403230014e-01 3.872210518473919727e-01 6.112433243090990009e-01 5.903759807243990076e-01 6.693412198694199677e-01 4.365701701039410021e-01 5.603730620498520443e-01 4.340441220854019955e-01 3.556943454043189901e-01 5.112335689572149455e-01 3.830662700446130220e-01 4.243887764770479798e-01 3.550868764710239933e-01 2.976855722302699792e-01 3.813417338517550159e-01 4.893427484850110254e-01 6.532723149207000368e-01 6.308384648576079723e-01 4.474641787691759909e-01 5.364045230362279870e-01 5.046111357034199774e-01 4.090170644982060177e-01 5.522927144307170355e-01 9.006577935219519659e-01 7.025751089842690034e-01 7.887505785023170013e-01 7.562028615987159696e-01 5.908122631155510174e-01 6.988351428302810309e-01 6.269868264227399512e-01 6.804433515508080399e-01 6.311449421918270408e-01 7.293300291115990541e-01 5.074438446287680149e-01 5.104394591697130057e-01 5.408770935958080450e-01 7.769506205160150447e-01 5.853910321259619964e-01 7.002350082770939510e-01 7.917057693186639877e-01 8.031322722043190421e-01 6.533490066690049725e-01 6.643095528201979905e-01 5.822829553201149810e-01 4.449415617236620046e-01 3.207667009038779882e-01 3.084721657980249998e-01 5.415381852912259930e-01 5.986430601980510247e-01 5.134660698773679810e-01 5.889354571196360189e-01 3.478544186736000077e-01 5.804463524061880264e-01 5.411326335396849929e-01 4.627676279232980083e-01 5.761254136109059676e-01 6.825150338458260135e-01 6.378226469524520548e-01 5.968146379077450270e-01 4.157637163119879964e-01 3.847821125849539836e-01 3.417844598599830142e-01 4.925455459022520244e-01 4.123707018887379783e-01 3.551784163381920267e-01 6.602252015871949986e-01 5.355362760457209603e-01 5.960237316867900148e-01 6.098060449698790020e-01 6.467727750536970133e-01 6.052084169960499915e-01 5.768316703093310238e-01 5.472386741404520194e-01 3.831769823470669856e-01 4.876857111582300064e-01 6.437598826483780234e-01 6.843126815642499583e-01 5.621399521686439860e-01 5.384990751922850150e-01 6.912035374248209907e-01 7.524019446214389450e-01 6.550257446712709486e-01 7.061899323326870093e-01 6.640059397199740143e-01
4.056531143710530030e-01 5.533827062291629684e-01 5.317482674935080089e-01 4.201977670719569957e-01 6.058576960640860154e-01 5.779505913949469775e-01 6.311289280721780193e-01 3.577749283677340020e-01 4.862953868397840163e-01 7.642855183161829657e-01 1.000000000000000000e+00 8.425393350713700213e-01 7.127591597773880183e-01 8.265314761536289856e-01 8.046685250799909817e-01 6.807212299880629480e-01 6.024605360550450150e-01 3.974661778375390142e-01 6.405277275799520220e-01 4.487998140238940170e-01 5.645284315701389888e-01 6.534107848035619615e-01 7.816995960539080412e-01 6.288374088099819570e-01 8.160142548926649919e-01 7.328314045898379758e-01 5.669147329694800286e-01 6.805411003057899588e-01 7.092634337462609961e-01 8.472034120844870175e-01 5.273514174304430036e-01 6.589050499601909472e-01 5.738501884408320208e-01 4.052734628497989822e-01 4.665542983911850072e-01 4.767085058821480259e-01 4.581093777965130065e-01 6.522522532624800418e-01 6.655684836997930454e-01 6.205335265154729996e-01 5.075916373371639478e-01 6.617945525666629747e-01 6.063285935935539550e-01 4.735719000092120101e-01 5.229774605399210019e-01 5.050124676625129538e-01 4.696805590831190091e-01 3.644368855936689910e-01 3.842312389581860055e-01 4.297478297222899757e-01 6.343180031343690350e-01 6.762289757878809926e-01 6.015684014302380422e-01 3.927278141894389729e-01 6.173260095585180185e-01 5.695155255772069713e-01 3.679815138603529934e-01 5.187086273202740072e-01 8.336592947541240362e-01 8.492413967645939810e-01 7.406314824183950485e-01 7.088632365068000540e-01 6.782039404236469560e-01 7.746734190142690046e-01 7.630834121562179995e-01 8.075695143706069778e-01 6.579331681566009671e-01 7.160568027786740064e-01 3.615851746704860092e-01 4.439423653871030218e-01 5.633054093083780245e-01 6.087180843283970244e-01 7.185815203088400382e-01 6.159699761715029531e-01 7.681779769375639555e-01 7.933151324879209598e-01 6.992026172106290405e-01 8.035717838482150377e-01 5.366563561425660156e-01 5.091041602485519846e-01 2.319362763724109877e-01 2.914846884188789788e-01 4.966903612866839790e-01 3.144470286438740270e-01 5.167419456665790500e-01 4.648827672142110123e-01 3.441323238078790037e-01 6.271622321627110530e-01 4.850295417617169758e-01 4.196789882625650003e-01 6.045173146253149943e-01 4.854372625505130046e-01 6.839002836756530312e-01 6.047977312822689910e-01 5.411981205139699824e-01 4.972891797874700037e-01 4.362274657544349954e-01 4.354286594633159924e-01 4.873815585252900262e-01 3.197829385013409853e-01 7.550522785280210369e-01 5.046286530484329624e-01 5.767049908939919645e-01 5.918081706413019782e-01 6.897138462398190173e-01 6.943031934376839853e-01 6.523598284958489479e-01 6.380901298920650389e-01 4.871355511157050011e-01 5.956120781390039642e-01 7.243827779856689686e-01 7.219442395994229988e-01 5.199365479052600048e-01 5.299597461644219853e-01 7.849954805028509508e-01 8.195588599615649672e-01 7.009091288572729672e-01 7.267826090318539878e-01 7.410050883745420425e-01
2.811511316763259938e-01 4.685804678547290103e-01 4.030307852589090079e-01 3.828462092962590102e-01 5.953378738729100395e-01 4.987135378665579766e-01 5.378570796922510500e-01 2.878953564356520056e-01 4.157730451234780134e-01 8.399730044303389542e-01 8.425393350713700213e-01 1.000000000000000000e+00 8.688913415308350263e-01 8.212093015802319762e-01 6.898318255447060121e-01 5.712675484447260477e-01 7.314252403450529627e-01 3.648136882789390079e-01 6.619753931019819460e-01 4.162296836689389767e-01 5.119622495942760532e-01 7.734107207255259686e-01 6.741338984840540283e-01 6.920285381334929653e-01 8.384761812630260325e-01 7.826173180328990231e-01 4.267445888768259810e-01 5.147037377693429727e-01 5.735428265098849732e-01 7.465939049156870011e-01 4.440224184345130110e-01 5.579515849073150013e-01 5.102587360342240030e-01 3.316050212824869781e-01 4.850566555667140123e-01 3.939606123316879982e-01 2.679225267229999874e-01 5.734827690547269485e-01 5.432207921025929975e-01 6.144407136444159923e-01 3.468409829462150151e-01 5.206250446525789721e-01 4.882972671979869950e-01 2.300086039241349967e-01 4.095595533307669900e-01 2.938925014673570146e-01 3.099627744362590254e-01 2.134252684544460099e-01 2.271946836489699972e-01 2.931641291348849876e-01 5.016610952140450053e-01 6.215830687390889731e-01 5.628322004266480549e-01 3.432380098775280053e-01 5.356146677584570082e-01 5.140769657922660274e-01 2.825103509885170117e-01 4.979748994070489765e-01 8.659091627534309943e-01 7.820763697930349645e-01 8.859580985037489587e-01 8.506015637349829683e-01 6.461427672657890087e-01 7.887025273274490544e-01 6.636184741585869906e-01 6.944856045573899461e-01 5.614361556220529570e-01 7.599671944384680522e-01 4.042593229054879944e-01 3.986335555997729818e-01 4.958982847208869837e-01 7.347891829550560194e-01 6.184487932615270189e-01 6.490462504523879517e-01 8.493668744083440192e-01 8.394983874123009837e-01 5.873824991617440094e-01 7.064016208813920228e-01 4.946716620662510167e-01 4.623368439762590154e-01 2.857804908047310022e-01 1.680808196763559914e-01 4.360983455443009915e-01 4.036687301616809775e-01 4.225864312568050063e-01 4.309859136826820203e-01 2.246611690514190018e-01 5.036010175097519470e-01 4.346725407923490159e-01 3.237026917760180145e-01 5.025781426889740500e-01 5.750234241909759625e-01 5.974612717627669767e-01 5.521993335188269958e-01 4.915641974718130136e-01 2.856609743742969942e-01 2.428539147308219903e-01 3.553084276442229905e-01 3.836073236683639753e-01 2.351786989176889997e-01 6.424439903056700096e-01 4.751541484511420110e-01 5.660516676464409924e-01 5.364479563818169705e-01 6.063198461422649732e-01 5.967069673884120018e-01 5.273360649793680244e-01 5.227774757367530389e-01 3.375146443552810016e-01 5.250034442690659775e-01 6.543958822547539800e-01 6.764128721738269512e-01 5.579149181356160003e-01 5.340360224943899725e-01 7.850297114390619724e-01 8.021953828595469460e-01 6.857093212973149887e-01 7.299093273344979815e-01 7.168642785809979934e-01
3.174165002937919811e-01 4.730020465216600023e-01 4.054289384139579955e-01 4.121624966613849916e-01 6.098741171752020129e-01 5.162308973917589805e-01 4.735900568036540137e-01 2.994557968891999877e-01 3.828885303556420205e-01 7.310954327519679774e-01 7.127591597773880183e-01 8.688913415308350263e-01 1.000000000000000000e+00 6.669581340016900173e-01 5.916603417014759669e-01 5.169895945694430450e-01 6.485738421028589551e-01 3.914693649220269966e-01 5.284731604210469724e-01 4.301964573078059795e-01 4.165825199328829775e-01 7.190981078590400477e-01 5.354116993782680467e-01 5.801121036943559517e-01 7.316331312248259833e-01 6.785981137853660528e-01 3.870325832062709859e-01 4.919801050640720264e-01 4.883001217002619909e-01 6.276190484609279752e-01 4.697117201151519983e-01 4.857664236250779921e-01 4.727582774465369786e-01 3.548045068483409725e-01 5.091942860837319618e-01 3.790642104314729810e-01 2.764235652376150210e-01 4.693837641567389918e-01 4.685452582961570078e-01 5.342350296641129592e-01 3.192936396496829921e-01 5.181621413179650082e-01 4.467756496825999735e-01 2.552928828039269793e-01 4.070771404840060059e-01 2.903098860405449733e-01 3.508889557073089915e-01 2.534508783202100157e-01 2.588314496203120152e-01 3.110318674935270145e-01 4.607668140536340107e-01 6.101384578766669842e-01 5.182669355708570125e-01 4.001239342527169729e-01 5.847759849272939903e-01 5.161603355135949700e-01 2.914468161834499749e-01 5.121440652082169809e-01 7.739309818867280422e-01 6.702131943246929513e-01 8.126806840097080542e-01 9.540281815113209607e-01 5.147481720339760480e-01 6.397445972099760070e-01 5.088388842158479974e-01 5.629763962741469729e-01 4.763069294864730185e-01 7.056611159430470348e-01 3.726515497470099803e-01 4.172493165487319855e-01 4.133841482878660156e-01 7.423753520145529583e-01 4.710608462136349761e-01 5.307815988085949899e-01 6.672987504331520103e-01 7.217434799577390203e-01 5.105058014558470081e-01 5.537021647020190507e-01 5.236346703103379463e-01 4.006095883648900235e-01 1.374984658731409903e-01 2.030611233594399878e-01 3.800844282033190025e-01 3.976138938868399864e-01 3.720512166891449812e-01 4.743156610354770097e-01 2.500430777971879848e-01 4.658101535145849903e-01 4.335194203954659820e-01 3.002840583330160240e-01 4.338087793425169925e-01 5.052223437182139509e-01 5.504910155613910172e-01 5.886090766809399799e-01 4.513938692920069773e-01 3.102892628437849964e-01 2.869979517338320241e-01 3.466165829520139741e-01 4.371987572507730069e-01 2.513819048313979954e-01 6.044229105859300066e-01 4.786946300533170273e-01 4.954668928969069852e-01 4.429481486175870231e-01 6.223626353515080423e-01 6.090089264555700321e-01 4.576983363283930184e-01 4.155544052817100042e-01 3.335144948104579732e-01 5.264475983218209754e-01 6.312331250012640504e-01 6.593357544869240527e-01 5.571816754679189687e-01 5.273251931801300474e-01 7.359451699224469623e-01 7.457327438176389878e-01 6.453351704021069724e-01 6.905492699677380219e-01 6.957669018743309897e-01
