1.000000000000000000e+00 3.649539562347450250e-01 3.321443346242070049e-01 -7.358417685893950400e-02 2.414962495287819866e-01 1.196427828939919946e-01 3.146935333449650263e-01 2.843756097465620081e-01 1.406989663989050010e-01 3.077545483783379957e-02 6.703459510099019601e-03 -1.600685225976130055e-01 9.878025914267619945e-02 1.909866831519269892e-01 2.356730433545229930e-01 4.366397423534439937e-01 -6.026091333495540124e-03 2.805801462117180067e-01 9.479244721601209900e-02 2.614536601307160257e-01 7.211786442304329858e-02 9.887161033831040613e-03 1.257817305116160078e-01 -7.185291971180120252e-02 3.237735720101610204e-02 -1.018959584255969969e-01 4.457184561129420158e-02 1.477307538003589937e-01 1.856808782072359998e-01 -7.019430122915880366e-02 4.350900457523779741e-01 8.378386988376139433e-02 2.290521251232550126e-01 8.070553800591860616e-02 9.990201103792409332e-02 1.748115608104690022e-01 2.145327657705239921e-01 2.427400068603509931e-01 2.652438975368919816e-01 9.884891819441429806e-02 7.846890124007409317e-02 2.248692373039430092e-01 7.173449810068720234e-02 4.555821444414390187e-01 1.819549169276830081e-01 1.028286627155570038e-01 5.981908201125540198e-02 1.684068585402209994e-01 5.327346506527119718e-01 2.733945831038949725e-01 6.213028254806509665e-01 3.753537037227330231e-01 3.362652182600959772e-01 1.237852729400139989e-01 1.519128337248920046e-01 1.544922506883049940e-01 1.780379010555059871e-01 1.069772456909840047e-01 5.925732115057260121e-03 -8.007874435118010614e-02 -2.061616068618689901e-01 1.196558297031270063e-01 7.457664761621539407e-02 1.556970742555839893e-01 1.709243012750600033e-01 2.638909015211580167e-01 3.491296252247599874e-01 1.529658458637219998e-01 1.643954656580020046e-01 3.876980696693629880e-01 1.999760582193179925e-01 2.036082183887870101e-01 2.289946564917799965e-01 7.607321561820090672e-02 -7.454049929811590314e-02 -9.932370929058149944e-02 1.631355959337409955e-01 -5.439244257830860158e-02 5.107478608581409452e-01 1.461823263349540103e-01 -7.245732839032729966e-02 2.256073444166269981e-01 1.935359288911970010e-01 9.170534950061670632e-02 5.186487609068130174e-03 1.637618963956939955e-01 2.109216990556490035e-01 1.042158595690989981e-01 3.366809473902629968e-01 8.768266575195750312e-02 3.464158673641939967e-01 1.506942628826730135e-01 1.624707632866599916e-01 3.769141098763980069e-01 1.141408118111530007e-01 4.881494262362759962e-01 1.610649370559980031e-01 3.860102348317039911e-01 5.576235654234249495e-01 3.719804520789750102e-01 4.245099808818780240e-01 2.974043885177279911e-01 9.841451808327310313e-02 2.214480205391770040e-01 1.471038280305959900e-01 1.820808374182220080e-01 -1.528065148192389935e-02 -9.560706206405029939e-02 -1.307633024269219957e-01 -4.390230821245789949e-02 1.414875879531529990e-01 3.524221719697440136e-01 1.671309516728760047e-01 1.538124982591499990e-01 3.346054982845589887e-01 2.018295977930200102e-01 1.892536851967800138e-01 9.673551261963370118e-02 2.520856505821499893e-01
3.649539562347450250e-01 1.000000000000000000e+00 6.591739961307460094e-01 4.050384328336920081e-01 7.808302630469220462e-01 4.427012184153890084e-01 5.387311163473700315e-01 7.940192053166259534e-01 6.518858227488699697e-01 3.266508379251349958e-01 3.117758050481810039e-02 1.314891877695670008e-01 2.396284754771610126e-01 4.644331235787089729e-01 4.556214775841029851e-01 5.957263496099960420e-01 1.884340890895919857e-02 5.914487644624299989e-01 1.266145040485660012e-01 3.873334775814090136e-01 2.848589715439929781e-01 2.157268576410580063e-01 2.349094324373980081e-01 3.590100271269699994e-03 3.168443745897189801e-02 3.511329780629989655e-02 4.016093945293010004e-01 2.822890124103100140e-01 1.980595769763839886e-01 2.108548753567490025e-02 3.862137556240670122e-01 2.911729737969590004e-01 3.943774063895629789e-01 2.540966141683059787e-01 4.463161708904859748e-01 3.780501405933410219e-01 4.285008397885319842e-01 3.675592146594259813e-01 4.133809779263740158e-01 2.205695819956980108e-01 1.741311623693569954e-01 1.800156544291240113e-01 2.939387618491630105e-01 3.144340654972920257e-01 4.281757325433919736e-01 2.484722080102509945e-01 4.355176625364309828e-01 3.738032768131460126e-01 4.040058900568480049e-01 2.881496045276140117e-01 4.965278357497370232e-01 8.485028258230710163e-01 6.271830882261439921e-01 5.548755482723319865e-01 6.385618940801119914e-01 4.733662086128799795e-01 7.180648294027119904e-01 6.541981783366109804e-01 1.427803597757670018e-01 1.110360347555739979e-01 -2.790528069883330131e-02 1.672786171856799897e-01 2.790251915246619863e-01 2.282241923924490101e-01 9.479073117548320049e-02 4.098511886404540006e-01 5.699013874112179856e-01 1.029013290465620040e-01 3.625336508708419947e-01 5.953121311395830340e-01 3.024203887717900052e-01 4.538904695709359838e-01 3.868281361659550166e-01 3.717636690597900251e-01 -5.014547856594370190e-02 9.400895322790520092e-02 3.163822084146939995e-01 1.807905404502279934e-01 3.598513193313520042e-01 2.102497777476209917e-01 1.616328073787730024e-01 2.202890758771980095e-01 3.299284615134889798e-01 4.154137337995300050e-01 4.558346545516480108e-01 3.829093551533169770e-01 4.977536192415409899e-01 3.435780385452479879e-01 5.637115340953759990e-01 2.080151639193940083e-01 3.979148329034419840e-01 1.785825490857839981e-01 2.460639501304849874e-01 3.059176145195650065e-01 2.281759264280759925e-01 2.983467694766330225e-01 2.591269401898390057e-01 3.317916580142710181e-01 3.297021030157359922e-01 2.891966177161719997e-01 3.743177627026029741e-01 3.270783315785459888e-01 2.473875465074190094e-01 3.822912514439030240e-01 3.226242632157569901e-01 4.005135650031880212e-01 1.296154926578440003e-01 4.444613648623180202e-02 -1.514902173338320002e-01 -7.274247204326350635e-02 3.798031415148909740e-01 4.077742030730430178e-01 5.719795324428970096e-01 4.996084039423109857e-01 6.694907848017129792e-01 6.277713991280480244e-01 5.287011306535900346e-01 5.597905856400300362e-01 6.325720525308670128e-01
3.321443346242070049e-01 6.591739961307460094e-01 1.000000000000000000e+00 5.530570610688859828e-02 7.220870479649790230e-01 7.262389056360799566e-01 2.769256752669490007e-01 6.591175476217919771e-01 7.075371186719040528e-01 1.524481398417620037e-01 -1.698697571065880055e-02 1.077179742579249984e-02 -7.436825397118329573e-02 2.350237118988720009e-01 1.393522632966910091e-01 4.292768913550700227e-01 5.243194757533969907e-02 4.469395018474869863e-01 3.142034049573880217e-02 2.794119633597280106e-01 1.229352393586300024e-01 1.232335637621389951e-01 3.074422221245770026e-01 7.016079197778099519e-02 1.095449291489000027e-01 2.184730811277350027e-01 1.600897094476770033e-01 2.162618792772680043e-01 3.258980574689789855e-01 4.640111821047029905e-02 2.500803086394779995e-01 1.183878534239899971e-01 7.378742564247950386e-02 5.098773546545529558e-04 1.355536809535030085e-01 3.717097363038009972e-01 1.526240519138669927e-01 6.626569201022969313e-02 1.501020340357629990e-01 1.016754149421920071e-02 -1.145000178817670022e-01 1.300576067952100012e-01 7.779269506625079676e-03 3.435117753052829848e-02 2.032290675007309907e-02 -3.426505973288059698e-02 7.243287027253900168e-02 1.622160693368409831e-02 4.785002842573620185e-01 5.908849487507440018e-02 4.347969235013059985e-01 8.735402253959050345e-01 3.143415373504099830e-01 2.514869566451879979e-02 7.653886760196060290e-01 7.514465686606519590e-01 5.425611272551129627e-01 6.242153164841910407e-01 1.566473611993990100e-01 -6.489106979424520347e-03 -5.689485786209930174e-02 -9.116254419074290571e-02 1.788115429232849940e-01 -3.773360001582359846e-02 -1.163542897555090022e-01 -1.813286795411350044e-02 2.882455179722089866e-01 -3.138017187330439939e-02 8.462691198537260207e-02 3.594261338849619736e-01 1.185478580142649979e-01 2.227662021889660060e-01 2.864550702631770140e-01 1.711772723110059902e-01 8.214720713680680533e-03 1.969655145437770039e-01 2.847932509418840130e-01 2.665513104567289737e-01 9.044606855269629597e-02 2.759731351452629836e-02 5.055945303631999982e-02 -1.244405263569350051e-01 -7.745683410848269723e-02 7.371850613130269403e-02 5.624054377144659805e-02 1.823447131624199996e-02 1.641987896807569902e-01 1.847231409940600089e-01 2.670855484122720003e-01 -4.501980655251079655e-02 1.108907209592280008e-01 3.587925596077590207e-02 1.033405060747539933e-01 8.504862826833389788e-02 -1.141680220009880058e-02 6.605559483305370461e-02 -7.006910321972589784e-02 -2.350113787664760007e-02 3.660019332903799993e-01 3.022411102426519891e-02 1.987018455700099995e-01 9.234058661018440528e-02 1.485416653740199988e-01 2.461339240105369919e-01 -7.293179049514949761e-03 7.194607863367240286e-02 9.971608950958539552e-02 1.246969152187469947e-02 -9.715207554826950365e-02 -1.908190183431920095e-01 2.479797535809880049e-01 2.820071236216610266e-01 3.937625896335709974e-02 3.384496985051650003e-02 3.646160077865209792e-01 3.479910023674949726e-01 2.203557661655139999e-01 1.768459401083689875e-01 4.448449676206400194e-01
-7.358417685893950400e-02 4.050384328336920081e-01 5.530570610688859828e-02 1.000000000000000000e+00 3.718833666286099904e-01 4.585366450503520347e-02 2.923809941942550061e-01 4.163701691486019763e-01 2.794668479908800074e-01 2.106483480792800123e-01 1.032473082166800032e-01 1.291875443777270038e-01 1.455115214727779882e-01 3.941179943107270267e-01 3.516751822441199771e-01 1.838110843726009913e-01 -1.752348858071459958e-01 1.260798847940660106e-01 -5.737610864322439941e-02 -7.379599770400510628e-02 -1.508421730001990001e-02 -6.785311371715499473e-02 -1.932477120308719876e-01 -1.954836497795869876e-01 -6.970968972270200070e-02 -8.252117743334219657e-02 1.936958825770299930e-01 1.886892973072689939e-01 -1.884995306399870063e-01 -3.609692961059429717e-02 1.143059627478830026e-01 2.107851424308060106e-01 6.156812819611690024e-02 2.928722052597059963e-02 1.805742575086619894e-01 1.814448578034310033e-01 2.605204497113050022e-01 2.240282817731399923e-01 2.878796644019149809e-01 1.771832753739789879e-01 8.915832199334269847e-02 4.451128794086710305e-02 1.488438797185429874e-01 1.972377584059480105e-01 3.730215293105519914e-01 1.407164097926409951e-01 1.798716902212990076e-01 1.302891678651549867e-01 -1.096834605994940082e-03 1.745963056369460031e-01 6.454606918249919389e-02 1.862080491898900070e-01 3.661212981895459739e-01 6.799636160967039711e-01 1.286301407765400029e-01 4.491790752156220312e-02 5.790628442944399934e-01 3.065766308185379763e-01 8.116736555988600388e-02 1.255781688068509927e-01 6.280538095576460034e-02 1.426305904215109943e-01 1.134366283647190027e-01 3.377994654878139769e-01 1.847395080689150093e-01 3.986985354822489835e-01 1.678181138864210109e-01 -9.043016331036750344e-02 1.581718037946109878e-01 1.873110079978320131e-01 1.317223568985780024e-02 4.943736746211979671e-02 5.840782136013240172e-02 2.261704247775210008e-01 -1.686488732965980009e-01 -4.956022216977970345e-03 2.121948905912119862e-03 -6.147716451987459731e-03 3.680302251298039895e-02 1.694415345963349862e-01 3.725139617626860300e-02 1.516972200371790036e-01 3.063243562486270277e-01 2.685234560446749796e-01 3.226486419735710154e-01 1.435690526714999971e-01 3.776966179866850237e-01 1.840837153995580067e-01 2.692113045255979942e-01 -2.211954340689140010e-03 1.088804369668409933e-01 6.174577846700880085e-02 7.437054943244079952e-02 1.049676224698789934e-01 3.671414708742350153e-02 2.118161432939119904e-01 8.853312061353389717e-02 6.330993914637569886e-02 -7.221462599289759851e-03 1.560783703066760120e-01 2.567185073048450228e-01 3.596428172172739801e-01 1.777805798545279981e-01 2.490943196445709884e-01 3.086497255148969998e-01 4.009839005185980021e-01 1.049897693398020027e-01 1.319588109614620031e-01 -1.513150157955379937e-01 -3.911677743026840265e-02 1.474382126928960035e-01 1.436138849045340005e-01 3.531968243697289900e-01 3.405508143850040081e-01 4.066414633772489906e-01 3.132729816568369796e-01 2.622525482990760159e-01 3.443107325910709782e-01 3.903471916135159980e-01
2.414962495287819866e-01 7.808302630469220462e-01 7.220870479649790230e-01 3.718833666286099904e-01 1.000000000000000000e+00 6.639904001187320048e-01 3.188104687063920140e-01 7.787714740595199636e-01 8.170326775202020331e-01 1.915996098557850025e-01 -6.693464248013859808e-02 7.322901395117839551e-02 5.242092360520009958e-02 3.223006292944650131e-01 2.795056742208700262e-01 3.123175475938210210e-01 -1.080981808879449974e-01 3.618872284368440106e-01 -1.159814835000009953e-01 1.901004191500680063e-01 1.092974494730459961e-01 9.070850305840930106e-02 1.280606326591809951e-01 -3.741452889808970228e-02 3.883637085581430337e-02 6.114101584050690014e-02 2.998038254239500100e-01 2.586440162628729778e-01 1.387592610858970066e-01 4.368470802608909881e-02 2.424925969542389981e-01 2.102926604530560017e-01 9.811329299603069320e-02 6.189469680962159798e-02 2.451991310031040039e-01 3.719228426044939861e-01 3.235168930535349818e-01 1.910320337297840010e-01 2.109422096716039863e-01 5.945381564507049715e-02 4.595370172035909834e-02 5.562310941110629875e-02 1.576188666034629982e-01 2.088505050870229918e-01 2.434471668806240108e-01 1.416568447426150013e-01 2.533551893890910178e-01 1.699622201727619963e-01 3.954190351571880147e-01 1.980360283900680085e-01 3.693689919933759724e-01 7.932176518483640137e-01 3.043378762569259877e-01 4.314836280464339757e-01 8.366896756118029632e-01 6.924283843338410183e-01 6.377237960276890272e-01 7.648576594959850539e-01 1.275424904078980015e-01 3.401562033626879828e-03 -7.631598067424880116e-02 4.833045696965580090e-02 1.099526176376469933e-01 5.261426157222569983e-02 -7.109091136612119555e-02 2.243370252829370026e-01 3.125914842651020265e-01 -1.338374840313029945e-01 7.642840606808150306e-02 3.006878250747260228e-01 7.561856741852890362e-02 1.853599461075439991e-01 1.934500166971409862e-01 1.823863268035509910e-01 -1.483872699544180052e-01 2.089191781336970088e-02 1.922093481497769984e-01 1.785446124214490060e-01 1.948743090835040048e-01 3.661693400247360147e-02 3.881541910385390148e-02 4.049862468658509823e-02 1.223488396073089957e-01 2.022945999772219894e-01 2.748964593713820181e-01 1.374766686948619976e-01 3.746464602432709734e-01 2.707993046692909744e-01 3.209932198303380169e-01 5.490620358112360128e-02 1.049460354171749960e-01 4.835636576977370149e-02 8.011027714572409308e-02 1.378673192812290005e-01 8.632343312354380516e-02 1.841769570176680082e-01 1.431942341091100024e-01 9.952187130392499415e-02 2.388649072917030103e-01 1.440670727230969894e-01 2.659519829118889844e-01 2.229810470615120055e-01 1.562255370643249874e-01 3.122749727342529757e-01 1.914486273737580069e-01 3.160254929816749825e-01 2.465451821945039909e-02 5.691500487022040089e-02 -1.895496880529720096e-01 -1.952507120074599978e-01 2.920958763384440271e-01 3.058727452742350250e-01 3.034367158006259779e-01 2.923544722846280197e-01 4.953416280440959829e-01 4.047206123846199821e-01 3.254781953690559781e-01 3.457160436824789906e-01 5.475099530106459778e-01
1.196427828939919946e-01 4.427012184153890084e-01 7.262389056360799566e-01 4.585366450503520347e-02 6.639904001187320048e-01 1.000000000000000000e+00 1.053196362171430062e-01 4.837160647490130194e-01 8.035915883711389762e-01 1.924296431235530125e-01 1.102740779781180014e-01 1.482455932306999957e-01 -4.030360217984749888e-02 2.031843411829049872e-01 1.433873832952859972e-01 2.157217370237239917e-01 1.068168865761180003e-01 2.668221522466099893e-01 1.274164116367029927e-02 1.949506466695359874e-01 1.856811259921949953e-01 1.045411175983770036e-01 2.987778564298230188e-01 1.655224348785430122e-01 2.469997943418349995e-01 2.820387859311490053e-01 1.969287766650839877e-01 3.779150288771420119e-01 3.595132816494640005e-01 1.889842789343700036e-01 1.766716036972980075e-01 7.776769174033590359e-02 -2.347252996796849941e-02 3.105975305208409989e-02 1.775557051124430075e-01 3.804125644158810049e-01 1.638613553096520126e-01 1.681276651015440118e-02 6.307341852734260623e-02 2.626939939424419862e-02 -9.757133888971350477e-02 1.389070822902860047e-01 7.655797035052550048e-03 2.308554904807889885e-02 3.462464537935090042e-02 -2.767073901348540005e-02 4.946538847376599768e-02 4.897697397684520199e-03 4.843578896374309828e-01 1.700637405746219938e-02 2.659212892314279930e-01 6.119253630298050473e-01 1.057027671385570022e-01 4.534675758693980201e-03 8.482286211770839746e-01 9.136176497383809991e-01 3.490747315055179878e-01 6.449721605424090232e-01 2.412710402232700058e-01 -1.545278991692669926e-02 7.130418054301869424e-02 -4.232750020971200178e-02 3.521641997763109988e-02 -1.959994708308400099e-02 -9.069697054407560577e-02 -4.585012754097750332e-02 1.445222813161289865e-01 -3.267539107134399823e-02 2.868800013504550078e-02 1.629692283376150130e-01 1.130025116891660020e-01 1.428780608553330000e-01 2.228366676786369960e-01 8.236500120258399837e-02 8.464913716880530237e-02 2.900028525225830101e-01 3.076087471628369818e-01 3.845964014446739965e-01 7.209129211657000491e-02 8.692753781836609628e-02 1.187279650166720019e-01 -1.247832213964270021e-01 -4.929462176830280012e-02 1.205710360916430052e-01 1.729179223765149875e-01 -9.069064808947700437e-03 1.514835249958799979e-01 3.146721184440710029e-01 1.143269032972309973e-01 -4.994536039907670338e-02 -3.982823688879159885e-02 6.249199608273779682e-02 5.580507099846079844e-02 5.463323320879850259e-02 3.296904570212299927e-03 5.633754355317559942e-02 -4.738665083207300316e-02 -7.282706309298560277e-02 3.216316240993790099e-01 -3.844099009539039824e-02 1.500760297754610006e-01 7.529700717247840569e-02 2.145246024887910094e-02 2.752021652992390210e-01 5.371382652063629720e-02 1.449082885532879950e-01 1.976885661046869913e-01 9.492302307235249426e-02 3.158307628669180037e-03 -1.052537994003220068e-01 3.016514231341200225e-01 3.532366899326330190e-01 6.456992539237139950e-02 3.821610014184440018e-02 3.133718716100860058e-01 3.141281918406499951e-01 2.970043335383820149e-01 2.359131156209159919e-01 4.338856263407809832e-01
3.146935333449650263e-01 5.387311163473700315e-01 2.769256752669490007e-01 2.923809941942550061e-01 3.188104687063920140e-01 1.053196362171430062e-01 1.000000000000000000e+00 5.118477765159059611e-01 2.972574810917930077e-01 5.172837341669089817e-01 3.230392937662580066e-01 3.623165373641299980e-01 3.731009642023679906e-01 5.711050773239869649e-01 6.211800022584950121e-01 5.093943685116369968e-01 2.269688508406330074e-01 3.693469782581980110e-01 3.520985812834430129e-01 4.640143384614949795e-01 4.534644706085950161e-01 9.958297220116270332e-02 3.628182325118090024e-01 2.093962281741660048e-01 3.151830708502130207e-01 2.356099933052590023e-01 3.916139409128709947e-01 2.318723878776000058e-01 3.356672340015550149e-01 7.154892420885740345e-02 2.915171070642990081e-01 3.613789989656279733e-01 3.013394882494400129e-01 5.371129295703429979e-02 2.175325197725060111e-01 1.031654749025960049e-01 2.038730328287149951e-01 4.255780629752149991e-01 5.197156075979799672e-01 5.242858658202129707e-01 1.136764619244040042e-01 6.814079093825910205e-02 1.025696628796549936e-01 2.928959613670910067e-01 2.555415634927369894e-01 1.630010440455670062e-01 1.968687532073649937e-01 2.022988587732479915e-01 2.231016813114100050e-01 1.738132439714800137e-01 4.758661831713449919e-01 4.839425203434529754e-01 6.670333615641119707e-01 4.195976112295229932e-01 2.035502761846789965e-01 1.621488512863989984e-01 5.187587845238540440e-01 2.715528248732220207e-01 3.826403248092570264e-01 4.065788595640880132e-01 2.703108418197540108e-01 2.173496007059569912e-01 4.598229900289860228e-01 4.747499447054069899e-01 4.785133189835639733e-01 5.603381808407990050e-01 6.772244235165879589e-01 4.244096107131289930e-01 3.385433621511759750e-01 4.845451542323029881e-01 5.400087712988399513e-01 3.784008313456980188e-01 5.134677704233839846e-01 5.267982592235189720e-01 2.963368639354069800e-01 2.313268497233539889e-01 3.907037358629090185e-01 2.589160595444430224e-01 3.243675536613789823e-01 1.335055903945449873e-01 2.069339506564319975e-01 4.944025421588069819e-02 2.160004007944580084e-01 1.912791361548220048e-01 4.184850932603699780e-01 9.057409610670290323e-02 2.079756373459649976e-01 1.777977629184699926e-01 3.972527587991239728e-01 1.589026984380750018e-01 3.512474715280540227e-01 1.937089494423900049e-01 4.473741978693600019e-01 1.343939981240609982e-01 1.025226490836270016e-01 2.444614516372370094e-01 1.259792600099360060e-01 2.157995541398650130e-01 2.303503105811109952e-01 2.133282740017639900e-01 3.794460930648980157e-01 3.396886080917109751e-01 2.745754088071439836e-01 3.640737012540979922e-01 2.538310044457299797e-01 3.637326950057609976e-01 2.278225397467759927e-01 1.062035203836879937e-01 6.972849433377989459e-02 1.042269808269680013e-02 2.888871838037200268e-01 4.535487012587239852e-01 4.311058724522000007e-01 4.688377683115930172e-01 5.994742450055849936e-01 6.073732141180410160e-01 5.206174448859589576e-01 5.024605317347079492e-01 4.872878563195109924e-01
2.843756097465620081e-01 7.940192053166259534e-01 6.591175476217919771e-01 4.163701691486019763e-01 7.787714740595199636e-01 4.837160647490130194e-01 5.118477765159059611e-01 1.000000000000000000e+00 7.412074672757179572e-01 9.554141145291150661e-02 -3.608463443732470161e-02 -1.588568252274299986e-02 6.475853464801370474e-02 2.461703497033120025e-01 3.202881859172450052e-01 4.523912132822550114e-01 -1.688767690662540122e-01 5.661737651531080218e-01 -1.079380386907980056e-02 3.786781673480300037e-01 1.871584227620350094e-01 8.442348860070310324e-02 2.242857100467290088e-01 -1.782848487986390118e-01 -4.027492206523990148e-02 2.398164019768480107e-02 3.641097095427019981e-01 2.331095657921880004e-01 1.932408507589999935e-01 8.982155281674029934e-02 2.856164234467780116e-01 2.199728530909179913e-01 2.191457145797399975e-01 9.178707503698209369e-02 1.945894434852560029e-01 3.501395350097020187e-01 3.346458568537030165e-01 2.655660627294800236e-01 2.072242936850270112e-01 1.242906359888889950e-01 1.864224324495500074e-01 7.535417124314680581e-02 1.999504912607560081e-01 2.599984472359619936e-01 3.425533501174590212e-01 2.805940431668780266e-01 3.129978788579679816e-01 2.937679151767140229e-01 4.055584194052589964e-01 2.948743627775829990e-01 4.535903401382569977e-01 8.071957903837879700e-01 5.222058299751080046e-01 5.069123707348850427e-01 6.915599748317450279e-01 4.951633268385040032e-01 8.403585041828669500e-01 7.727084621005090304e-01 -2.138630254672930012e-02 1.054641764052559978e-03 -1.178467519775909939e-01 2.825365573216249981e-02 1.471035727528549886e-01 3.031679914106790059e-03 -4.062878498102739933e-02 2.928915759864569868e-01 4.835709595110250225e-01 -6.043911803665009963e-02 9.930267023639380297e-02 4.762067151565769763e-01 1.100807562983729948e-01 1.730870197820369993e-01 2.355654243166679929e-01 1.710799953280550123e-01 -1.948030883996260121e-01 -2.579645814596439983e-03 1.806408897363339927e-01 2.169488324965440085e-01 2.463967408882730137e-01 -2.280491463978020009e-02 -6.116520833805209889e-02 1.087734085319970040e-01 1.583553315644470050e-01 9.742390510474170651e-02 2.554429894763159958e-01 1.577852440821370106e-01 3.722711215758670034e-01 2.341373882267039908e-01 4.604228433890359962e-01 1.024694364031280003e-01 1.386280870105910112e-01 -7.106699483391239539e-04 -9.423259671788680042e-03 1.358571111689670097e-01 6.667698264071049430e-02 1.815560769195480040e-01 2.051241695758639905e-01 1.991639130503219945e-01 2.553078341547500019e-01 2.526816602722389837e-01 1.899518276535810124e-01 1.800452924199709981e-01 5.250334868569139779e-02 1.521544035110040105e-01 1.234242418616340042e-01 2.320367983166999881e-01 1.249027541914689982e-01 4.875404778963979974e-02 -1.166923765496900023e-01 -8.619491590525180102e-02 2.644838667526649978e-01 2.716793484793350033e-01 4.032905862764180061e-01 4.697361670430559855e-01 5.325272011903180447e-01 5.358122447762400098e-01 3.430723305543589841e-01 4.194444548440020015e-01 5.783376419339180119e-01
1.406989663989050010e-01 6.518858227488699697e-01 7.075371186719040528e-01 2.794668479908800074e-01 8.170326775202020331e-01 8.035915883711389762e-01 2.972574810917930077e-01 7.412074672757179572e-01 1.000000000000000000e+00 1.818028149658139914e-01 2.288534370803600032e-02 1.215149953157620005e-01 6.956036381357340315e-02 2.845984610622119826e-01 2.393237287081360076e-01 2.869939234995599886e-01 1.608575457078949972e-02 3.530343094536799731e-01 -2.908601824740929959e-02 2.893789313795600004e-01 2.153894328525710056e-01 7.359737894152210136e-02 2.152516937182699930e-01 1.113595518919480026e-01 1.423100232057749881e-01 1.940766399861650060e-01 3.476975987907039989e-01 3.706121558951129824e-01 3.487936540540270136e-01 1.350980916593060022e-01 1.966866843027230138e-01 1.734695102908460074e-01 4.835448803243960064e-02 5.210282008402619680e-02 2.251795246453920096e-01 4.923533375087720265e-01 2.958000269418060157e-01 1.473188828214480051e-01 1.991402952223539913e-01 1.045368017321469944e-01 1.242155635587999934e-02 7.275599759784129317e-02 8.025608493147090572e-02 9.525042828786109417e-02 1.339725544329740115e-01 8.462920328785579482e-02 1.569334068214010003e-01 1.306468431035970046e-01 4.370427491381270180e-01 1.430543232488409866e-01 2.765439504671129978e-01 7.381915245786120350e-01 2.552439077231429820e-01 3.172166784289540131e-01 9.024677716404190253e-01 8.107656108028009623e-01 6.359170629792469942e-01 9.206325489805120554e-01 1.742511636283979870e-01 3.806764578859399978e-02 3.666087145857820084e-02 7.960738840041700626e-02 7.709687576826169952e-02 5.462861849001039716e-02 -2.900243672162240022e-02 1.102206847900319975e-01 3.312298807295229741e-01 -4.111136669219590117e-02 6.073071327176479683e-02 2.947805438603309791e-01 1.709609832555269993e-01 1.630459405078709956e-01 2.464480940764479933e-01 1.734689694917989911e-01 1.221729632470120071e-03 1.683985978535740002e-01 3.034926111489639755e-01 3.356095070914489886e-01 9.947249831875580595e-02 -7.012423653165719695e-02 1.424174071078199988e-01 -5.373095378197779992e-02 7.836081743125000720e-03 1.617836582792890054e-01 3.145538777167610212e-01 5.183676691023710037e-02 3.323009400734749930e-01 3.547687270495000211e-01 3.289916356439550049e-01 3.074285221104669855e-02 3.031776642868679863e-04 6.333382507972390441e-02 8.542391741613369893e-02 3.261285326574910048e-02 -1.693819624760890125e-02 8.317589331528679741e-02 6.756498651284509327e-02 5.726708968212509965e-02 2.855347940377280236e-01 8.407223403105450188e-02 1.606853346027780072e-01 8.124383273678119355e-02 -7.481232635048020232e-03 2.446049557599379864e-01 6.936609738050519836e-02 2.237181559641069906e-01 1.991347470067980074e-01 1.572734493696769931e-01 -3.741620051323710228e-02 -1.207672663890159981e-01 3.232722425532900123e-01 3.901860525766189802e-01 2.486502874543000119e-01 2.194742364407130109e-01 5.059420337968839609e-01 4.414740698038769895e-01 3.813981123660319938e-01 3.626073689705600067e-01 5.394568402746690028e-01
3.077545483783379957e-02 3.266508379251349958e-01 1.524481398417620037e-01 2.106483480792800123e-01 1.915996098557850025e-01 1.924296431235530125e-01 5.172837341669089817e-01 9.554141145291150661e-02 1.818028149658139914e-01 1.000000000000000000e+00 4.944485411784250162e-01 7.395233066606949901e-01 5.236657883050660489e-01 6.801559989335099754e-01 5.866198674277639524e-01 3.626663358432229978e-01 4.806454276446129881e-01 1.435862890765970123e-01 4.035823787089780068e-01 2.150634054413100016e-01 4.378868720895620070e-01 3.004398504928559865e-01 3.239572062413240139e-01 4.822868791885290274e-01 6.757798858809019871e-01 5.256576480741389501e-01 2.654278511748889846e-01 4.434372616228289821e-01 3.817974123263609965e-01 2.417024764522230085e-01 3.061190340020419898e-01 3.554345818592539730e-01 2.238111244541990119e-01 6.730114769006530218e-02 3.576998086826960188e-01 6.342795732684159901e-03 1.278555522723419935e-01 3.676282006211920028e-01 4.696018577755480261e-01 4.965433733748380041e-01 -8.021580813024470347e-02 2.456115634085550004e-01 9.500787889143880172e-02 1.448016727394610126e-01 1.451306283238079919e-01 -2.874849767367990139e-02 1.141613086090420004e-01 1.700249104040759893e-02 1.132787313570319948e-01 -6.759982408980799717e-02 2.708155653497220094e-01 2.619695788914689905e-01 4.223994167701309865e-01 2.099972750732390092e-01 1.569453424037670075e-01 2.274652881683630057e-01 1.477174361604599861e-01 8.099601048319020336e-02 8.335867525372250286e-01 6.264475601328309828e-01 5.815367048298080155e-01 3.549682439067309847e-01 4.964359714279120150e-01 5.684671922803899990e-01 4.802412928616189847e-01 3.962148045918120198e-01 3.243615306487599992e-01 4.540504461938429936e-01 3.557993504966899811e-01 2.278428764299650078e-01 5.050935577277040345e-01 5.262512275631430203e-01 5.437375302060060145e-01 6.561511020133270478e-01 5.490698329855540072e-01 5.244862730515900129e-01 5.473125448326070508e-01 4.860706695559700030e-01 2.452491042342450078e-01 2.822116721880429946e-01 4.076190005969440033e-01 -2.727610028452619878e-02 1.911799162350560077e-01 3.325330840449590153e-01 4.421581197773160055e-01 7.518066796313620237e-02 1.342836857557559993e-01 3.265618751505520168e-01 1.031567077663889942e-01 7.241231493857309964e-02 3.136791250212209725e-01 2.593412640833400173e-01 5.976585511746780321e-01 1.915558379520370114e-01 1.659175815161209877e-01 1.842607905679279900e-01 -1.295154758726419983e-02 4.057036255845959671e-02 1.091494651873859967e-01 -9.982047187432150498e-03 4.079862065755199829e-01 3.396035461529809951e-01 5.310400794348989484e-01 5.942995604600640469e-01 3.900752590180530111e-01 3.998922334053169880e-01 2.722631208976920014e-01 2.486930095201370094e-01 4.866322011765809863e-02 7.525578376198130415e-02 3.357942752930679897e-01 4.493723212513339726e-01 2.127666129321499899e-01 1.992742886929700086e-01 5.145227927047889560e-01 5.276585394991960554e-01 5.364911718878340174e-01 4.626229013819980196e-01 4.409968890682989806e-01
6.703459510099019601e-03 3.117758050481810039e-02 -1.698697571065880055e-02 1.032473082166800032e-01 -6.693464248013859808e-02 1.102740779781180014e-01 3.230392937662580066e-01 -3.608463443732470161e-02 2.288534370803600032e-02 4.944485411784250162e-01 1.000000000000000000e+00 6.098079264041800229e-01 3.930586732181710063e-01 3.590104139433910047e-01 4.199003454878649788e-01 2.083226410319919952e-01 3.185058036991669783e-01 9.032819705441630376e-02 3.268380250055730185e-01 2.512287519564179727e-01 4.159455950985719852e-01 2.027181533892760124e-01 3.734770522622299915e-01 3.680781510156519998e-01 5.008228788084589933e-01 4.640686433558199875e-01 2.037341289855260085e-01 3.539836984474840076e-01 2.740466149228790171e-01 4.003922763969879894e-01 1.326243752596200087e-01 1.370484355707730084e-01 1.205415525402060012e-01 2.354138566041150127e-02 1.391780686124589883e-01 -6.886464009885230608e-02 -2.789966422131140000e-03 2.052219216571329885e-01 1.881443938844200026e-01 3.830741623870019819e-01 -2.337221604517740123e-02 1.854137521146959899e-01 4.798330843055800127e-02 7.838835305401649356e-02 1.008161630771129968e-01 1.262969167889049955e-02 4.587676353052660277e-02 -1.642871688986299872e-02 2.125877704356770106e-02 -5.350111401337909883e-02 6.485750589312519465e-02 5.363223143376719820e-02 2.131458547251489921e-01 6.091084804281669818e-02 1.249181549145159933e-03 2.763513470100180044e-02 -2.512956486029300010e-02 -7.168046291862720243e-02 5.151491372425129889e-01 4.907641769638210194e-01 5.561359766750090250e-01 2.486959996369980108e-01 3.300362483569109773e-01 3.553039593441429944e-01 4.269055173385339907e-01 2.790572612646770034e-01 1.973464466178949939e-01 3.498908137510409744e-01 1.755970972241510109e-01 7.328698854037470067e-02 3.971570810339349888e-01 1.723745938487289964e-01 3.560513085383870124e-01 2.926548568212489765e-01 4.659341736229479780e-01 4.166331069520680108e-01 4.110782967166710100e-01 4.208015340169329876e-01 1.325504277935810049e-01 1.449741047063420052e-01 1.939246381577010014e-01 -1.012823723154930022e-01 -1.414120082775030020e-02 1.159882542674610037e-02 1.981866003254910136e-01 -1.238987372221610067e-01 2.042881607683820120e-05 1.551198055105220130e-01 1.659206845097949828e-02 -5.073383494515690262e-02 3.609650936126500287e-02 7.424531197249549519e-02 1.912301555032460132e-01 5.722564534829149840e-02 -7.937061068915410300e-02 3.244544062894950259e-02 -7.218973370564109315e-02 -9.306259622721320401e-02 2.743508896777480111e-02 -8.428087902807260279e-02 2.274331717975690004e-01 1.868119306905050014e-01 4.218404017512860094e-01 2.766728428390560213e-01 2.646389884726709774e-01 2.586585352196860144e-01 3.557378481736779841e-01 2.519774069927990245e-01 1.524459071526010068e-01 1.574379467228859963e-01 2.889079786508699788e-01 3.395871507466040051e-01 7.351755624378809861e-02 1.429241392068119898e-01 2.984063832724839771e-01 3.417320120798770233e-01 3.204942081331679793e-01 3.339383846088639918e-01 2.428319721036329981e-01
-1.600685225976130055e-01 1.314891877695670008e-01 1.077179742579249984e-02 1.291875443777270038e-01 7.322901395117839551e-02 1.482455932306999957e-01 3.623165373641299980e-01 -1.588568252274299986e-02 1.215149953157620005e-01 7.395233066606949901e-01 6.098079264041800229e-01 1.000000000000000000e+00 4.863871186640130184e-01 5.443122202070930227e-01 5.309337903649810064e-01 2.218160386068619983e-01 5.370736598123450056e-01 9.053386857791030640e-02 4.698795866030029966e-01 1.888443257062280001e-01 4.894641127515870216e-01 4.797512375159300180e-01 4.332910592746370138e-01 5.759502677075639676e-01 6.402694781315669825e-01 6.792396647606080418e-01 2.513383489304509832e-01 4.182418524760809775e-01 3.622096695155540003e-01 4.569307267834210040e-01 3.902388052580710309e-02 1.992692154796970039e-01 9.720033214180599790e-02 7.482995870569710169e-03 2.935324466368099960e-01 -1.996870212753290019e-01 -1.483941537662969989e-01 1.568310038939600137e-01 2.685302332057760144e-01 4.971840517428779971e-01 -1.474850123102439958e-01 8.502376233393170446e-02 1.149740252592650058e-01 -1.421651327258469932e-01 7.058551664138380290e-03 -7.359733724199639393e-02 1.019388625205250032e-01 -9.577062368244029789e-02 -8.847329065174530660e-02 -3.106433519341559868e-01 7.711107257771319945e-02 1.227372277935570022e-01 2.734891866051279985e-01 8.652480021053829407e-02 8.877072375310389452e-02 1.351052871620430085e-01 5.167769754514719982e-02 -2.306535114148560144e-03 7.779155407703109981e-01 6.707730375537990231e-01 7.903126529499100439e-01 2.596810896141319991e-01 5.322944411450339919e-01 5.148319825389170434e-01 5.074429280710259782e-01 2.916209493748849746e-01 1.710281685552089981e-01 4.592276876384570050e-01 2.753625992880660012e-01 1.195628660825450024e-01 4.867051745895339954e-01 4.463114772092879878e-01 5.190777042080879644e-01 5.335367359412179766e-01 6.252922073787360313e-01 5.960138572027999793e-01 5.369430737778989604e-01 6.393344196845409666e-01 3.269332771044010117e-03 1.566032031274020020e-01 4.186717515418080238e-01 -2.505257321618419852e-01 -9.608458118502040055e-03 2.587733238868060170e-01 4.259330193762170258e-01 -5.628916915530649684e-02 -1.274397753969259972e-01 2.388414461668610100e-01 -1.153111060616980044e-01 -3.085185138597469970e-02 3.308508140774459733e-02 7.008590384651119942e-02 4.446740603986559792e-01 -6.732666695653330424e-02 3.612652396603430183e-02 -1.654066503215849970e-01 -1.273326696313649975e-01 -1.898904280107850118e-01 -4.876131212653290331e-02 -3.194494157111469890e-01 1.708500249778220070e-01 1.803777099149480034e-01 4.248342443164990212e-01 4.319630916023470268e-01 3.150604000301649998e-01 2.536786373168299913e-01 3.435643463620079996e-01 3.917725187481250204e-01 1.631536821800859960e-01 2.353343151386909915e-01 2.920667479410790079e-01 3.657046711274289930e-01 9.408501384269210566e-02 1.558473573267769863e-01 3.580936294236219952e-01 4.411115870463430122e-01 4.812111903652749878e-01 4.401928982549420111e-01 2.282405083926050127e-01
9.878025914267619945e-02 2.396284754771610126e-01 -7.436825397118329573e-02 1.455115214727779882e-01 5.242092360520009958e-02 -4.030360217984749888e-02 3.731009642023679906e-01 6.475853464801370474e-02 6.956036381357340315e-02 5.236657883050660489e-01 3.930586732181710063e-01 4.863871186640130184e-01 1.000000000000000000e+00 5.322544250997599535e-01 5.302963433891170197e-01 1.509350685198760089e-01 2.008587248508819922e-01 1.357569865222990058e-01 2.257337800462700106e-01 2.385970640895390127e-01 3.763479538739100128e-01 1.423965009107439894e-01 1.946160805308020103e-01 1.803449605414980117e-01 2.646937429973940104e-01 1.665793053234599919e-01 3.222172726012260124e-01 3.398128313477469797e-01 1.949158425886040047e-01 2.219474064691369930e-01 2.492149719950360054e-01 2.478605162526399952e-01 3.548591225088250090e-01 1.187573460264570030e-01 3.221814057358259875e-01 5.319211529495990187e-02 2.924932231226169965e-01 3.944848095989970105e-01 4.338454067026549787e-01 3.049886659293790103e-01 2.310660164865949995e-01 2.346822425053199934e-01 2.629883864345690103e-01 3.299763133661000047e-01 3.381211020391379773e-01 2.267377214191199919e-01 2.653146095602400001e-01 2.699788660226620229e-01 1.967609152428629882e-01 2.264195608821200079e-01 2.100466313844910060e-01 7.989385270183960164e-02 2.588915717985719733e-01 3.116765519483349900e-01 1.054715139117200044e-02 -1.295137930274050005e-02 8.178096421648989311e-02 2.246135651693039956e-02 4.537030982431279891e-01 5.034859512392340086e-01 3.258617707456309964e-01 8.164354051918439881e-01 4.162570415919140121e-01 4.697722675608069776e-01 3.737766279218159848e-01 4.957331763624560073e-01 3.648748246826419850e-01 3.985691225760960021e-01 2.391074292847689964e-01 2.215105021580129896e-01 4.254313642349830116e-01 3.317572315932060256e-01 3.529876342839510239e-01 3.774883128326960158e-01 2.628116591692050141e-01 1.544607118460220030e-01 2.958621464174679971e-01 2.014951037237389941e-01 4.042930335107430273e-01 2.514106113441130219e-01 1.588591341355549968e-01 2.098918648586300117e-01 3.625801948993119805e-01 2.823862458407179754e-01 4.219415122240049998e-01 2.204828058927129908e-01 2.447774654323809917e-01 2.739236553274069785e-01 2.663898061336180123e-01 1.804352601152499902e-01 2.624828043210090112e-01 2.813465356265419937e-01 3.195059769017570273e-01 2.907508561168840044e-01 1.821726969336950053e-01 3.275796363329540051e-01 2.174620512728319965e-01 3.173269399155069781e-01 1.757000248190810077e-01 2.480183148966000062e-01 2.958654253934809852e-01 2.343206849791009960e-01 3.810230335014300196e-01 3.506981267139099856e-01 4.071698784944989824e-01 4.156009306373940060e-01 1.563927954129669951e-01 2.353001532275889873e-01 -3.367456941238240048e-02 1.886655284665219867e-01 3.134905542562260172e-01 4.646663647170700129e-01 3.390785254278469996e-01 3.391567604165600103e-01 5.248351880396050495e-01 4.757275600080400069e-01 4.145382609804609819e-01 4.331633636287389733e-01 3.707029291259100190e-01
