1.000000000000000000e+00 1.608055130098270114e-01 2.720237869734060121e-01 7.793992285927499319e-02 7.585286662449010342e-02 2.485135658708509943e-01 2.789877602937749779e-01 2.556867263331740192e-01 6.509509630240330191e-02 -1.008382435162309965e-01 1.898921026811409979e-02 -2.458797924940790136e-01 6.670705767751929603e-03 5.640424871391890027e-02 -9.673379329198489307e-02 3.395606233896270032e-01 -4.270974112012389939e-02 3.626505949711210097e-01 2.520959453760280092e-02 3.463843684346509799e-01 1.564921817363059964e-01 1.549894979089659897e-01 1.858345061978239898e-01 3.437059366761070073e-02 6.423697769413469483e-02 -2.026061835986520121e-01 4.576306846047970001e-02 1.414754439083980020e-01 8.570805210711439359e-02 -1.132149492636770061e-01 2.279834587477979901e-01 2.583303120879130166e-01 1.425308406862499933e-01 2.566383492136720124e-01 2.070522495969689958e-01 3.645925016327780099e-01 2.393245789565369985e-01 1.459484120372399885e-01 9.501484896962439364e-02 -4.654084603776170032e-02 3.879010944492540247e-01 1.654250981634929896e-01 1.747536080307240114e-01 2.851795031503470135e-01 6.350998386582719368e-02 2.668010245895989785e-01 2.234915562243630083e-01 3.881950694902430166e-01 5.634693539358359704e-01 4.082293420005609907e-01 3.219521111068829877e-01 2.872958672507809896e-01 1.663831934772969923e-01 1.250459199390480114e-01 5.507255244412820328e-02 2.608187585646939977e-01 2.026365512571730032e-01 2.289785159731230063e-02 -1.658797756802120049e-01 -1.284662224278340092e-01 -2.834838129967239828e-01 -3.293090414053369969e-02 7.375109600791859843e-02 -9.866006877339919545e-02 -6.845242066886289556e-02 -8.216852826958140343e-02 3.752946625317309937e-01 -7.569060640962020636e-02 -9.321526568146219424e-03 3.045839309185570110e-01 2.323391912475480103e-01 3.671767868859299871e-02 7.366937100554120377e-02 2.102148814518320016e-02 -2.176697554668310108e-01 -2.728043755766820233e-01 4.168087900094120252e-02 -1.677556701405379935e-01 3.589053964088109727e-01 1.750023075254669991e-01 -1.603689009143690059e-01 3.124396766270419734e-01 -9.843404388568639807e-02 -1.506689199666070081e-02 -1.579969543223199990e-01 1.366439864181220043e-01 3.348364026528580228e-01 3.657758380423260097e-02 3.901494578951730241e-01 2.159691319107419905e-01 2.544414389651090125e-01 1.222792282498069982e-01 -1.364934705576990037e-01 1.749058312495470058e-01 8.859163425686480617e-03 3.420351670362459795e-01 1.960146066443790025e-01 2.894234127164910242e-01 5.297468197080570373e-01 4.647313660291529924e-01 4.342370648491939988e-01 3.483482325822420123e-01 1.544002668685439950e-01 2.531398488966820140e-02 1.669504996387619900e-01 1.213477009516329974e-01 -5.961656509887509892e-03 6.794082602865419984e-02 1.266403639988799949e-02 2.542594963574940081e-02 3.502628199086639804e-01 2.331611939829290048e-01 9.445329968343769977e-02 1.847010547318679863e-01 1.319420624523230112e-01 1.243834539719149979e-01 1.737190997626059941e-01 3.226192580003530153e-01 7.985256222246170377e-02
1.608055130098270114e-01 1.000000000000000000e+00 6.650907669994190474e-01 7.987535891738040128e-01 7.770176421585339721e-01 5.766871347584640040e-01 7.229633308700500471e-01 7.712256522557330296e-01 5.957325126946280136e-01 3.532717215428309854e-01 -1.172946767041189997e-01 1.722964908950349872e-01 1.410893924688819967e-01 3.444244546922459738e-01 3.228144548045739914e-01 5.386715774842699700e-01 1.730181313826650025e-01 3.894899352541810189e-01 3.345108637815539798e-01 5.379537080587980524e-01 3.765323189762869727e-01 4.457936107733400100e-01 2.840131626976590273e-01 2.914968280621770269e-01 1.585844311804089912e-01 2.794244084920299853e-01 4.675901991510669764e-01 3.022081830622119769e-01 3.006241616260770244e-01 3.349572790744200224e-01 1.893120278063570028e-01 2.665457480464780149e-01 3.434714772251210024e-01 3.813685729659009871e-01 2.259152099383839873e-01 6.357514672755649743e-01 4.219830793203990238e-01 4.485265905995849955e-01 2.060542816783179909e-01 2.901990558392250064e-01 1.697848553345379929e-01 3.477940097407190012e-01 2.750681948443080005e-01 2.067039500975040023e-01 2.978636337007279922e-01 3.751914311912000199e-01 4.231607415842539854e-01 2.955207598025930138e-01 2.670654946770120164e-01 3.324468294076800001e-01 5.682153324181650200e-01 7.706867923660609687e-01 7.169308638555229596e-01 5.424096160202189765e-01 5.342103648534110016e-01 4.812103547226049827e-01 7.335707987534400010e-01 6.357253532569420162e-01 3.172323755012450008e-01 1.266314487607430039e-01 1.678786541336129978e-01 1.180221407153189961e-01 4.366490826089730048e-01 3.790913095439559788e-01 4.083526040462570061e-01 3.154056398916459947e-01 3.973435594520829950e-01 1.752877978916440038e-01 4.367636268717660086e-01 4.230816695245420145e-01 3.074645177950929842e-01 4.726479264957810233e-01 3.048485293223719972e-01 3.004580902230170047e-01 1.114469623571680001e-01 2.194129950717660094e-01 2.430745396163039862e-01 2.582243630312959781e-01 3.142588685670609783e-01 3.225599138990200010e-01 1.808169007761629976e-01 1.381431172484829939e-01 3.594361695478239804e-01 2.934045332183720101e-01 3.689125624062050135e-01 3.256276119921909795e-01 2.690253285274080142e-01 3.440568179139940064e-01 5.666134724846799697e-01 3.134136580942690209e-01 4.036890404254029896e-01 4.227725644419780271e-01 3.432264069350289826e-01 2.681782636214610216e-01 3.195664776900379866e-01 2.133970497111200015e-01 3.286681970784570139e-01 1.810288013557490028e-01 2.216165749794939965e-01 2.780185543682989757e-01 1.359358698105150032e-01 1.193512511812979959e-01 2.849556754822070159e-01 3.732851955737089833e-01 4.225939799700240140e-01 4.068365284534339876e-01 3.224099867419200072e-01 3.712961828297919875e-01 3.220981298837329865e-01 2.081744859802719949e-01 3.043691033145279889e-01 3.780693876235989848e-01 5.858447863734970174e-01 4.770390649199739985e-01 6.372678382426479882e-01 6.143922376823329756e-01 4.385112285601699966e-01 4.718703885713420032e-01 4.696589062044410068e-01
2.720237869734060121e-01 6.650907669994190474e-01 1.000000000000000000e+00 4.880720650471420119e-01 6.108325839720050165e-01 7.249409636274819491e-01 5.189428289791540028e-01 5.170832305639340154e-01 5.919566099301170059e-01 3.371692370956789753e-01 -3.856610036675919839e-02 1.879743037042400089e-01 1.441807649018959914e-02 3.894480085026659766e-01 3.086992768128560272e-01 4.554046780681579865e-01 1.756537428228029940e-01 4.185012983914669915e-01 3.550824316758279808e-01 2.512935714853989921e-01 4.009537232343129975e-01 3.877024548170309726e-01 3.873637443528369917e-01 3.116775834829910163e-01 2.205354257342599933e-01 3.256216198090540193e-01 3.819154387150989760e-01 3.749814567653759756e-01 3.587445810922039735e-01 3.373103465891280073e-01 1.367074120880970023e-01 5.617242011172440125e-02 2.030605903983790095e-01 2.970171018970659826e-01 2.502887163868500187e-01 4.815436042450240151e-01 2.694596386106590247e-01 2.353146035552370063e-01 9.821293399628990006e-02 2.207205833905699910e-01 2.992321139794820034e-02 1.914866412732700029e-01 1.618472196218219972e-01 1.109399957464100028e-01 2.066111177963330103e-01 1.482302630650499942e-01 2.080212164263869901e-01 2.506026159639210271e-01 2.906921443842370167e-01 1.503484872698749863e-01 4.496428107313230060e-01 6.319828288507569614e-01 5.190033359822540104e-01 2.711374945354489974e-01 6.064341751266859593e-01 6.810238794440820476e-01 5.015435237308759620e-01 5.326333305086889958e-01 3.831157600253919937e-01 1.666614134961759974e-01 1.861902327203359964e-01 -2.227677322583570055e-02 3.389086187467439948e-01 3.986570104124460001e-01 3.881814328426450023e-01 2.865362804815729802e-01 2.792118883889420089e-01 1.591291811647340126e-01 3.910851436539560244e-01 3.969054248569789944e-01 4.246953570618060003e-01 3.675816945801749780e-01 3.715763259638030225e-01 1.361887707913589929e-01 2.197890253506120106e-01 2.872448447018640105e-01 3.350704385481800274e-01 3.112107329307229886e-01 2.199486973944889956e-01 1.172676600937300057e-01 2.908097763332619934e-01 5.674796150951189749e-02 2.354208088250810127e-01 3.347770713250580177e-01 3.783523012102050220e-01 3.068262382394369991e-01 1.996336622617529977e-01 3.943630188668519887e-01 3.690859062321970030e-01 1.279533814460540042e-01 2.233250324499919948e-01 3.640481705824710201e-01 2.097936084818450009e-01 1.904701940127410120e-01 2.649498063180030227e-01 8.826888686170479559e-02 1.152627956168939954e-01 2.552725872792219741e-01 2.188176472450409915e-01 1.273647056374639930e-01 1.316796833805959910e-01 1.544134333519970037e-01 1.714545039040669960e-01 2.800893222288460271e-01 2.915236645567850227e-01 2.865277874470529840e-01 2.344868798698570012e-01 2.402390043795049890e-01 1.871612380061850045e-01 8.824432622429319306e-02 2.605470921285429897e-01 4.025009196756890173e-01 2.672145427527179984e-01 1.657254467133479903e-01 5.419664563724090334e-01 3.709460344059720138e-01 2.967586776747659916e-01 2.514273620347329818e-01 4.541109187219800059e-01
7.793992285927499319e-02 7.987535891738040128e-01 4.880720650471420119e-01 1.000000000000000000e+00 8.471349147188109718e-01 5.136818387835969668e-01 7.669940605351419638e-01 7.473577140958520548e-01 5.858568986307060023e-01 4.548846542434979989e-01 3.160752402212439749e-02 2.861348881653080212e-01 1.209763961414209998e-01 4.825710813260379872e-01 5.062337325625599904e-01 5.333850113566790396e-01 2.634225422376019754e-01 3.637810181752509919e-01 3.607481898023490174e-01 5.439878314201540555e-01 4.080288634024220040e-01 5.089841451449259591e-01 3.341432748954760168e-01 4.411244835042120171e-01 2.939857689119920181e-01 3.990114403269680032e-01 5.786802823363940140e-01 3.851411682912480039e-01 3.202570586224319782e-01 4.624804260142409973e-01 1.707900605235520008e-01 3.716717205579849748e-01 4.842286520401379857e-01 3.962703114504629864e-01 3.575121671708409998e-01 5.686295012112689840e-01 4.018189966301600191e-01 5.211122898232160017e-01 3.707824386938600170e-01 4.704149731168220105e-01 2.940748845166060166e-01 4.802924201667190252e-01 4.313368124715269980e-01 2.102580516479110040e-01 3.629206710256560053e-01 4.624723020194180245e-01 5.783893796336799786e-01 3.389483532985039793e-01 1.931779864074600062e-01 3.390466380970300064e-01 5.462886607306920439e-01 6.693460790445749931e-01 7.348433195590809985e-01 7.203795956146950008e-01 4.504418631443590226e-01 4.304146462434549902e-01 7.522501595100590244e-01 6.792461514607089912e-01 4.202972393737979817e-01 2.512368002258469901e-01 2.295426110637630024e-01 1.954069702616539894e-01 4.811051614661079889e-01 5.049718040257840102e-01 4.333431029515499855e-01 4.876032788275950214e-01 4.441086650153640014e-01 2.046944477947000018e-01 4.512215150199069824e-01 3.813622262734500112e-01 3.150203983863820167e-01 5.735005022665859986e-01 4.248707199240939758e-01 4.448490644802760019e-01 1.930133369317930114e-01 3.147141639924579959e-01 2.524534043676610051e-01 4.011550063627190021e-01 2.344120595531730133e-01 4.954070792286109914e-01 2.324121852685230027e-01 1.656279752255910009e-01 4.584043312462829922e-01 4.153200328643830153e-01 4.586961286651199954e-01 4.118032205457469730e-01 3.388363229723579950e-01 4.020650412772330262e-01 5.474894974771470357e-01 3.799216354552750197e-01 5.123519930905200415e-01 5.329113041096079639e-01 4.979545053015240197e-01 3.701440267392139827e-01 3.973782813531099856e-01 2.476706770316919881e-01 4.218838991283009876e-01 2.420288671740319919e-01 1.829424747484990066e-01 2.464348898749499917e-01 9.510563443858779942e-02 1.338298473780069886e-01 3.808401968828850070e-01 3.920717265250059924e-01 5.187375922143729889e-01 4.848689174146280090e-01 4.116163929058859750e-01 4.108226466404960031e-01 3.451459958759109936e-01 2.347140008910869879e-01 3.298408405796119935e-01 3.907165587194609824e-01 6.353331371450370302e-01 5.244895257570649783e-01 6.205074978096120075e-01 6.359300772998860429e-01 5.560038493113740321e-01 5.480694528863510051e-01 5.283136967558780261e-01
7.585286662449010342e-02 7.770176421585339721e-01 6.108325839720050165e-01 8.471349147188109718e-01 1.000000000000000000e+00 6.378129303329730382e-01 6.499917434198430044e-01 6.252268145898299823e-01 6.863778227741780258e-01 5.426042990866030147e-01 9.334125908486350098e-02 3.867437697465869739e-01 2.587570933130680095e-01 6.061220356281209476e-01 5.269322477912400382e-01 5.197040101466250395e-01 3.516525518397080052e-01 2.660752719666160115e-01 3.625443911709160250e-01 4.331703315338280014e-01 3.626280061680319799e-01 5.187083255678109905e-01 4.030328263812529843e-01 4.255974434768010073e-01 3.480937171408590158e-01 4.456598275932019959e-01 5.885817923923679640e-01 4.598023777053389938e-01 2.931455387902059950e-01 5.269621663727860339e-01 2.708241492958999852e-01 3.234902885424020269e-01 4.418329738271989937e-01 3.426012369066709917e-01 3.303433436057819916e-01 4.881284011641410236e-01 3.548756727310780068e-01 4.563865329500170209e-01 3.176697448777279775e-01 4.956130026448660186e-01 2.228963508516000058e-01 3.661973215375869950e-01 3.930930485860960055e-01 2.980551022412120110e-01 3.084264483977640081e-01 4.136831543284750223e-01 4.986608489483669859e-01 3.037668994437049963e-01 2.292672471179739990e-01 2.897491013561550033e-01 4.999395710003999849e-01 6.782222043361140207e-01 6.568985516011069947e-01 5.684072577580759900e-01 6.726612543434500324e-01 5.861737732417180435e-01 6.470941791276719757e-01 7.250861153606219522e-01 4.859734668128040114e-01 3.229546056150640054e-01 3.320752230641559888e-01 2.849165212286490223e-01 5.612941155869910492e-01 6.149262035090830025e-01 4.820852919051630270e-01 5.431368503866650377e-01 4.098402154228369954e-01 2.454120731863209948e-01 4.507021644365319935e-01 3.280956278843999985e-01 3.080844702660889833e-01 4.952123192868500001e-01 4.809446172128220010e-01 3.670493698472079847e-01 2.685007085503700042e-01 3.186096312895039806e-01 2.443506945544330067e-01 4.604556634043109886e-01 3.165458515942359830e-01 3.625387097635769940e-01 2.452824096054639913e-01 1.744270172014359965e-01 4.016713478412359817e-01 3.903362849638720156e-01 4.908118465250850271e-01 3.652544549059110190e-01 3.082497789903250185e-01 4.830734975790609842e-01 4.794190289269840144e-01 3.324397732769829861e-01 4.433807544791720234e-01 4.532902203170420252e-01 4.234449466097000014e-01 2.402843503494979938e-01 3.457520006789719935e-01 2.728647804029969981e-01 3.504684502204369889e-01 2.016468666616109962e-01 1.724831941408249969e-01 2.084143550298080128e-01 1.828856199739750110e-01 2.157745684008199882e-01 4.222367845509130135e-01 4.694914586470039786e-01 4.975124523112959829e-01 4.805259529370419780e-01 3.934855813733679764e-01 4.570256356527229724e-01 3.349734715330019985e-01 2.491296352865579877e-01 2.472082456832929986e-01 3.547623833244289981e-01 6.308775830434319998e-01 5.103470309094889634e-01 7.567655071473670114e-01 7.405205588425499696e-01 5.502163305217100397e-01 5.265928990391890441e-01 6.902257698582799916e-01
2.485135658708509943e-01 5.766871347584640040e-01 7.249409636274819491e-01 5.136818387835969668e-01 6.378129303329730382e-01 1.000000000000000000e+00 5.829706918091389634e-01 5.557008487573980027e-01 7.204082300917300508e-01 4.247865247857829929e-01 6.521703899462809317e-02 2.468550579283010082e-01 2.751967029287660238e-01 5.628377975951349699e-01 3.755542061748459726e-01 4.334008800747469747e-01 2.681614210271420218e-01 4.145681020482380186e-01 3.652400815755900143e-01 3.744882239453879991e-01 4.629049902306380249e-01 4.056888910924060232e-01 5.388088443216160206e-01 2.469710649039459915e-01 3.085190311506029737e-01 2.838193981149300105e-01 4.406587040833809810e-01 3.784912841004979822e-01 3.512800748539109952e-01 3.700095441376060057e-01 1.346618678107870115e-01 2.124118372480250094e-01 2.429720083967399913e-01 2.722829680249099771e-01 2.410216262057829906e-01 5.688357515572779466e-01 2.636885324352140070e-01 2.941854704486480121e-01 1.416211640812070072e-01 2.403665269035900054e-01 8.905120514570920298e-02 2.465950983920519868e-01 2.095017847397940003e-01 2.445352372526070073e-01 2.618135072262730012e-01 2.227272483607730114e-01 2.999586457089690184e-01 3.025422609022189735e-01 3.879215280527479881e-01 2.858635889641419903e-01 5.064510343894740307e-01 6.861393905392959569e-01 5.291400770883120108e-01 3.228113797630319803e-01 7.629546496277419543e-01 8.586061656924479646e-01 6.028339841723200365e-01 6.520485632180780255e-01 4.279108660875540204e-01 2.071140736143390060e-01 2.728676425975389841e-01 1.967822826412219950e-01 5.396540756245660209e-01 5.121892560137299988e-01 4.362015480191560046e-01 3.739707934851290161e-01 3.853430469738610142e-01 3.101340994840849907e-01 4.162185974256670251e-01 4.499043156524830112e-01 4.872601293878949802e-01 4.322448579068620123e-01 4.896944508455819967e-01 1.642349295496680073e-01 2.357250095109499899e-01 2.966808795500430196e-01 4.231124116500389887e-01 3.459306970761990008e-01 2.394845497667699996e-01 2.427317038076159950e-01 1.871389470850809977e-01 1.848652990591309886e-01 2.588862440840299928e-01 3.225712850074640148e-01 4.296996469376480055e-01 2.935810222531879954e-01 2.715358041732179872e-01 4.221398129040490055e-01 5.199025441852199725e-01 1.742672380629189943e-01 2.797839381575070172e-01 3.592075240661259938e-01 2.702336836022860012e-01 2.001678362080880069e-01 2.744538932801199871e-01 2.268174882416089944e-01 2.156153485438599970e-01 2.611690606948730009e-01 3.910969116534849799e-01 2.759631022056839855e-01 2.370246660835239882e-01 2.258033691750589989e-01 3.914444827757930234e-01 3.049132024151209874e-01 3.847792374537820081e-01 3.276688553546039939e-01 2.581662994334110173e-01 3.452357481304110243e-01 2.721721335528239916e-01 1.543684609208119951e-01 3.040148666647299880e-01 3.766263983019549899e-01 3.577542940018220152e-01 2.826654107372290059e-01 6.223146323846560080e-01 5.170914908574809621e-01 3.991142467030769914e-01 3.635718661907920146e-01 4.841981107287550157e-01
2.789877602937749779e-01 7.229633308700500471e-01 5.189428289791540028e-01 7.669940605351419638e-01 6.499917434198430044e-01 5.829706918091389634e-01 1.000000000000000000e+00 7.242177246568749505e-01 5.561483133289739644e-01 5.108636556674660545e-01 -1.560752500923580019e-02 2.368635756240879964e-01 1.296996043035709978e-01 5.025615449396170220e-01 4.782581294470220068e-01 7.283917414061560347e-01 2.285114924158850036e-01 6.484451974891489723e-01 5.026572750310379645e-01 6.296603267011190441e-01 5.312276852115359604e-01 6.607949531801160514e-01 5.164193825680950534e-01 4.656842067237280114e-01 3.115693480237740065e-01 3.408895982833130001e-01 5.298249875319930302e-01 4.782831896181660158e-01 4.604519486218079938e-01 3.539726301937500264e-01 2.437236835168380134e-01 3.675293693254380045e-01 5.596268506123339703e-01 5.889446492536379862e-01 5.226178453578059768e-01 7.301815306648310466e-01 4.506775556330739896e-01 4.004821536421919737e-01 3.582927615435799740e-01 4.640842083786370087e-01 3.325683616795029884e-01 3.685059985617730183e-01 4.168339376238480165e-01 2.660599626733259893e-01 3.602464460549790193e-01 3.626228044587440080e-01 5.526497072841449754e-01 5.064020505736329669e-01 4.568660274857350156e-01 3.755127266347689785e-01 6.618692764276109530e-01 7.269608865503000006e-01 7.555653919064559965e-01 6.206870756141970036e-01 4.191924508582060005e-01 5.516385931377359997e-01 7.633109753142970355e-01 6.073332831564119960e-01 4.332155382842989844e-01 1.848138091483849943e-01 9.865871400998099672e-02 1.242860933660590028e-01 4.127248533347079862e-01 4.909251112844669751e-01 4.347384767910200121e-01 4.246053802618650064e-01 6.884020430275830105e-01 2.245608130298110128e-01 5.986524048964459999e-01 6.446672131325009714e-01 5.239434905465260028e-01 6.859658298041879654e-01 4.726671812088150126e-01 4.023354273875189846e-01 1.677896392494399869e-01 2.959900380955000077e-01 4.809768502302830262e-01 2.853742950731840144e-01 3.555071803286219967e-01 4.197866075111409967e-01 2.777442176941929963e-01 3.326101148018180131e-01 4.023537751578949995e-01 4.911536820335479780e-01 3.934910318303300181e-01 4.924449414854710216e-01 4.015847282883179825e-01 4.352439910717609828e-01 6.872121686760810366e-01 3.346155820471140019e-01 5.237855046625919941e-01 4.842241324288270032e-01 4.696070907632279856e-01 3.984097576418880182e-01 3.977674197528480171e-01 3.093789149928820037e-01 3.454651281116600248e-01 4.635103364485059774e-01 4.674548623820810045e-01 3.705562275304279951e-01 3.026037943508230188e-01 2.234067528978840034e-01 4.489733241632130056e-01 3.895966846509339998e-01 5.055136319107059739e-01 4.759371521092680135e-01 4.045019030966440221e-01 3.870704763911549939e-01 3.530402602012799873e-01 2.230278046212159915e-01 4.923088562784539990e-01 5.070236535920590315e-01 5.380616764748310521e-01 4.079885301940239795e-01 5.610586548317050282e-01 6.224210400614279548e-01 5.831543443699810370e-01 5.706142866534880120e-01 4.352414497451699837e-01
2.556867263331740192e-01 7.712256522557330296e-01 5.170832305639340154e-01 7.473577140958520548e-01 6.252268145898299823e-01 5.557008487573980027e-01 7.242177246568749505e-01 1.000000000000000000e+00 6.867007538105880382e-01 2.459648663208340025e-01 -1.276116646467400084e-01 -3.065858890862760075e-02 -5.192879053144849877e-02 2.290395052292610034e-01 1.501977803522429877e-01 5.759368636189180490e-01 2.225289192977050051e-02 5.316162084687370282e-01 3.677768301314119914e-01 5.022924718286240209e-01 3.859328340392719769e-01 4.271619928968600211e-01 2.962868963190570248e-01 1.442990085187839944e-01 9.527805899242680621e-02 1.744291374540599959e-01 3.219833280637149908e-01 1.738521063590290072e-01 1.765008637531579883e-01 1.912469269907320080e-01 -1.696950035205200104e-04 2.138221132322070117e-01 2.828400677564170129e-01 4.299040734972829902e-01 2.637334098546559868e-01 6.376074365611560379e-01 3.268852850299630020e-01 3.302094805462320037e-01 8.670212551938949463e-02 1.740227379652480033e-01 1.636577709347729892e-01 2.812526172394639867e-01 2.405903077223139896e-01 1.123985052681060054e-01 1.812174032955690128e-01 2.712720405296700221e-01 3.662123667901079904e-01 3.089532123272860087e-01 2.635866220213770039e-01 2.984288928065980118e-01 4.743385366605579745e-01 8.215031280251510193e-01 7.327191846368119599e-01 4.959460644080639913e-01 6.061756453137819856e-01 5.272799780173420547e-01 9.031607640447210095e-01 7.604057354788980039e-01 1.958845545853279968e-01 1.118021107377750040e-02 -1.991239034003959921e-02 -7.543197114926419693e-03 3.559318542571239807e-01 2.656406370158220231e-01 3.109731910328670246e-01 1.589177771211119916e-01 3.996869787002270136e-01 1.218896310551509932e-01 4.180673303578070210e-01 5.381338557992040306e-01 3.476860398139939856e-01 4.777242669039930001e-01 3.043538294051850168e-01 1.846896731844160089e-01 -2.517894943863990126e-02 1.405477831065529981e-01 1.576246794051829880e-01 1.635119395660339925e-01 1.589234970668189917e-01 3.509345151247300065e-01 1.109584943381230066e-01 9.413932616194280179e-02 2.093033701695239945e-01 2.889629727368119849e-01 2.314200348159619891e-01 2.840530337070589773e-01 2.555427766186920135e-01 2.042801843605940026e-01 5.081467913304350548e-01 1.858607414747920072e-01 3.047627403015970016e-01 3.847764563413419991e-01 2.533150901893180262e-01 2.298781440175380053e-01 2.658342955826220044e-01 1.402292060505800075e-01 2.282637938561639934e-01 1.608757873871050070e-01 2.805602623791940142e-01 2.510535200870380179e-01 1.031990802516449951e-01 8.123159281779300522e-02 2.947880664055130273e-01 2.894903888838880057e-01 2.689909572487360068e-01 3.021445303176399921e-01 2.275050546199620105e-01 3.037007459075389826e-01 2.679532085473350089e-01 1.663130102397709920e-01 2.662303462433490142e-01 2.784755333665699939e-01 4.059836519752120232e-01 3.386863820924370105e-01 4.731774059705710078e-01 4.393991294728419872e-01 3.941922101717960092e-01 4.536650351860629926e-01 2.859265130917419961e-01
6.509509630240330191e-02 5.957325126946280136e-01 5.919566099301170059e-01 5.858568986307060023e-01 6.863778227741780258e-01 7.204082300917300508e-01 5.561483133289739644e-01 6.867007538105880382e-01 1.000000000000000000e+00 4.070596848511440213e-01 6.724139342466040059e-02 2.448124582612070110e-01 2.414668612766580069e-01 5.029797764388850290e-01 3.718079566889089804e-01 4.225612933192909870e-01 2.755432143360749819e-01 3.510993077618160263e-01 3.144840340149809843e-01 4.023205497369399808e-01 4.350738910777169899e-01 3.723533582114709750e-01 3.676654828358340010e-01 2.041668927755679874e-01 1.751326958333860040e-01 2.808415449757640237e-01 4.456677252822799917e-01 3.019577884307860227e-01 1.973315602249750000e-01 3.441907539890949885e-01 9.297848965401900312e-02 2.330873437688099903e-01 2.281590385998830128e-01 3.287090636741090144e-01 2.429606706567319918e-01 5.768532116206339655e-01 2.672033545186600079e-01 3.199592236895629771e-01 1.212838815407420029e-01 2.886803595604119921e-01 4.119193466207429766e-02 1.474011411662889959e-01 2.374239203181540137e-01 1.731234667920429904e-01 2.280129780036700138e-01 2.060652142188580116e-01 2.781431156586199882e-01 1.464847915249410104e-01 1.996844883210129873e-01 2.151723471310159896e-01 3.502510931284609774e-01 7.262218085456529915e-01 5.811122728516280311e-01 3.932279494887579996e-01 8.297996091828769849e-01 7.310288825778700206e-01 7.297429730611509902e-01 8.961665674930140435e-01 3.802309911524699992e-01 2.139344226416640127e-01 2.363776016122829948e-01 2.136308945358690037e-01 5.516077333589090026e-01 5.419901484480630360e-01 4.391079708183610042e-01 3.815144265380719935e-01 3.020480131463409990e-01 2.568292585525959737e-01 4.109117900420259928e-01 4.162179619447680112e-01 2.833600823483740094e-01 3.732580530145759856e-01 3.843932324201709827e-01 1.811378194831080035e-01 1.694113235798830053e-01 2.546123832922930208e-01 2.905480072598500274e-01 2.924867429014830211e-01 1.357107306057920015e-01 2.899792016397100269e-01 2.130751190564940112e-01 9.253385051250240245e-02 3.139529852920450170e-01 3.405475284098740119e-01 4.367567594848200119e-01 2.424619254558789960e-01 1.520990649773439896e-01 3.476057994383690009e-01 4.583563198078420275e-01 1.473840140846210123e-01 2.079596453530060118e-01 2.900903674177490177e-01 2.619220908092850242e-01 9.244383681848569734e-02 2.600410056876800158e-01 1.604840704360749881e-01 1.681512703620710036e-01 9.779184232293310075e-02 1.819910667379990021e-01 1.393117999656179884e-01 8.326776454286660689e-02 1.070499483906870025e-01 3.252842457282609789e-01 2.487424181369380094e-01 3.768997291314890030e-01 3.892841626190020055e-01 2.336546743414429916e-01 3.716691662428410203e-01 3.559282448768920082e-01 1.720352893121679938e-01 2.195722033027749931e-01 2.113892568676339900e-01 5.168876073031489771e-01 4.728510870239779895e-01 6.274525420086419780e-01 5.794262119634859820e-01 4.691680446038080099e-01 3.911361142260380008e-01 5.576487612300250474e-01
-1.008382435162309965e-01 3.532717215428309854e-01 3.371692370956789753e-01 4.548846542434979989e-01 5.426042990866030147e-01 4.247865247857829929e-01 5.108636556674660545e-01 2.459648663208340025e-01 4.070596848511440213e-01 1.000000000000000000e+00 4.508010513264509855e-01 7.106587847709320283e-01 3.133833228010289851e-01 6.793306426788580099e-01 6.711515427528510491e-01 3.838339543046179747e-01 4.840534759589990021e-01 1.752567972858470047e-01 4.531327390698060009e-01 1.626861016522490044e-01 4.764143834474319772e-01 4.687875985973860016e-01 5.305288040619530188e-01 6.294140880043519459e-01 6.391244735976410185e-01 6.258152532629890352e-01 4.516909786069719934e-01 4.586305746992430099e-01 4.424197332512500025e-01 5.869258276539589536e-01 1.136768720741949956e-01 1.431600365733539937e-01 3.574374605618940159e-01 2.310288596027449959e-01 3.372005325944000265e-01 2.425197639694209872e-01 2.065191373959920085e-01 2.175334235801439919e-01 2.753772763107489863e-01 5.911692655185160072e-01 -1.725241618916980094e-02 2.125829379151910059e-01 3.182267399261309859e-01 2.004865308875860008e-01 3.191302926988329736e-01 1.335287941840289927e-01 2.967645523344309977e-01 1.807830831885290090e-01 6.567769160401220295e-03 -7.337777429703300257e-04 3.496304374849190100e-01 3.025470755588510197e-01 4.212669993090860099e-01 3.524387823753559745e-01 3.496286661767150084e-01 4.206782483134660078e-01 3.203847536230849946e-01 3.518746954710439967e-01 8.505960101782910066e-01 5.202019675202930182e-01 4.922342032105789800e-01 2.451828928041379918e-01 4.544009060625049945e-01 7.030286760974450155e-01 5.528557527088899803e-01 6.123130572810310257e-01 3.634878028187419896e-01 4.583577997318880048e-01 5.480699456050059926e-01 2.840957127612929733e-01 4.451091020987090197e-01 5.885972827902360427e-01 5.001542865371190194e-01 4.561769400831149901e-01 6.299525275561339566e-01 6.885207153836150340e-01 5.087926218481330087e-01 5.667257249706599831e-01 2.781138095674319799e-01 1.651492700579219874e-01 4.897554547709769834e-01 1.445108962275049869e-01 4.175569495596380132e-01 4.889269878371200195e-01 5.138462439257529546e-01 3.925262411224419989e-01 2.504921330379680233e-01 5.483130767325909982e-01 2.351497343435079990e-01 2.348125459286810046e-01 3.388190140891479962e-01 5.114565124491979864e-01 5.759552088025789995e-01 2.233181522333519964e-01 3.998940228880200065e-01 2.328892935594409908e-01 1.976736538599999926e-01 1.872748875801429902e-01 4.087559283711900138e-02 2.978089079569330028e-03 1.155108776734759951e-01 1.336407133487410026e-01 3.634152583643109891e-01 2.622373648377099853e-01 4.743759987047539983e-01 4.716441871293510224e-01 5.359957118758590378e-01 4.436469516380999734e-01 3.665427747648180024e-01 3.145359323371110238e-01 3.209846375975640154e-01 4.529276752572369835e-01 3.574763705419189974e-01 1.941440618036860133e-01 5.496281000413829609e-01 5.249116133568629827e-01 4.617597564581449876e-01 3.128464970796600020e-01 5.298912989661309636e-01
1.898921026811409979e-02 -1.172946767041189997e-01 -3.856610036675919839e-02 3.160752402212439749e-02 9.334125908486350098e-02 6.521703899462809317e-02 -1.560752500923580019e-02 -1.276116646467400084e-01 6.724139342466040059e-02 4.508010513264509855e-01 1.000000000000000000e+00 5.738752970941419784e-01 3.347203852612449793e-01 4.573192244757299796e-01 4.748686438652289787e-01 1.620986878444010066e-03 4.775824738869269837e-01 -9.803599902783530218e-02 7.182234193890700558e-02 -4.724861126343749690e-02 3.171505567415989768e-01 3.054180517267880007e-02 2.644858544929920008e-01 2.019699156740749901e-01 3.706980487599489948e-01 3.446334866502019922e-01 1.341021394981370130e-01 2.180090291043660089e-01 1.804160121637879977e-01 3.614210894220920012e-01 6.833014633052149345e-02 9.690661299052749644e-02 -4.005629083854300027e-02 -1.469374252992949881e-01 -2.003854166215940022e-02 -1.505336540735069950e-01 -1.697419413958989876e-01 -3.227194249718610269e-02 4.800850523791250213e-02 1.747275909550040085e-01 -6.025054440977029718e-02 -2.660346723824569791e-03 1.450443794377989995e-02 1.845211027471760079e-01 -4.146875199308790172e-02 6.715184928030569489e-02 3.717972624687709837e-02 -1.211415231916079943e-01 -1.313225673391140054e-02 -7.170401165479850514e-02 8.481635681288089701e-02 -6.746104572623050355e-02 4.415978401140260162e-02 1.351800116404880125e-01 -7.365288031857569750e-03 7.707639649941200322e-02 -4.066633212141290005e-02 -1.411089323714479968e-02 4.837456016534359970e-01 4.615771652534910174e-01 4.185617975868120011e-01 3.163262488051150068e-01 3.112632108220079741e-01 4.395690367773419927e-01 3.324890359287159813e-01 4.521369123242610089e-01 -3.562175678593119954e-02 3.502361465382369810e-01 5.153035438213059843e-02 -2.913202724468070062e-02 1.394413126890579890e-01 1.131570023980349969e-02 3.826550647423669904e-01 9.053441480342100389e-02 4.428256262013520184e-01 2.896578344122370252e-01 2.108479060215789902e-01 4.832760172929019826e-01 9.541752506053280403e-02 7.287105555021200498e-02 4.686643620111750203e-02 -5.103010912929979714e-02 -1.793454858162000023e-02 7.784396627902960553e-02 1.402111670515130137e-01 -2.608193873164780033e-02 -5.888550899764320029e-02 2.201837598168580046e-01 -8.418400788637660226e-02 -1.132755576374449950e-02 -1.065474896294450052e-01 1.288393355268220020e-01 6.848604091838400576e-02 -3.259395064664370040e-02 4.253872387004509897e-02 1.334214512998470048e-01 -1.163414869988420048e-03 -1.465655183188699917e-01 -1.123202032439230003e-01 -1.370324882203710071e-01 9.380301876426029584e-02 2.221721743317369990e-01 2.009688568921169927e-01 -4.643897696657060120e-02 2.523709530302680193e-01 2.324360599056269905e-01 3.781841927431269790e-01 3.579738621347239858e-01 3.180425802238470157e-01 3.247810336071250137e-01 1.484007170265120024e-01 7.972017088903690651e-02 1.267655653166639973e-01 1.756158320817290119e-01 2.757438993662980065e-01 2.334832184893819995e-01 3.037857539823640152e-01 1.361254366421469908e-01 3.578063797662709988e-01
-2.458797924940790136e-01 1.722964908950349872e-01 1.879743037042400089e-01 2.861348881653080212e-01 3.867437697465869739e-01 2.468550579283010082e-01 2.368635756240879964e-01 -3.065858890862760075e-02 2.448124582612070110e-01 7.106587847709320283e-01 5.738752970941419784e-01 1.000000000000000000e+00 5.387643601758389522e-01 6.916105581423870330e-01 7.103077558530519475e-01 1.704902237267889864e-01 7.842964359429770438e-01 1.067496411068519918e-02 3.515844702246530007e-01 -1.304151194647099922e-02 5.141930723349490417e-01 3.676588826519889830e-01 4.434419712827150084e-01 5.755464785323779475e-01 5.761312409906029774e-01 6.773448031173719963e-01 3.649093037554890229e-01 4.070858128037859736e-01 4.590362400079109895e-01 6.405961824920559655e-01 -1.326434447936390010e-02 4.063062888852689986e-02 1.291167291888619950e-01 1.118628920791600034e-01 2.380280255114440024e-01 7.967413857471590533e-02 -1.175149897272259950e-02 5.780528060931419687e-03 1.543847266422329889e-01 3.972906091249649996e-01 -2.152688286483009916e-01 7.335119595977220019e-02 1.665638523696630069e-01 -3.074920764340149937e-02 4.182211623102630171e-02 -3.603684641583779907e-02 9.900032169154160400e-02 -1.355760625095309979e-01 -1.721895308405259895e-01 -2.827652194795720053e-01 8.170766922041990121e-02 7.874686784527820671e-02 2.601512272698580097e-01 2.404159383751950096e-01 2.217540429648010014e-01 2.825774144504740182e-01 3.587683460201510077e-02 1.492663873662939955e-01 7.617660206962120206e-01 6.710258773789720133e-01 7.837409723983219667e-01 4.968425850684439760e-01 5.409737742812970041e-01 7.492492363888899609e-01 6.652993679224530332e-01 6.388640247522999749e-01 2.703752921341009974e-02 6.055155044234959982e-01 4.539330332479940000e-01 1.296757806221069953e-01 2.888580663444049734e-01 3.751768558771890194e-01 5.717407830586049844e-01 2.104642659532320048e-01 8.276854063260049577e-01 6.834393674305819788e-01 4.557055837130790099e-01 6.787921003572200407e-01 6.977588075584059690e-02 2.881929323324949888e-02 4.574414047144619855e-01 -1.212752330512219950e-01 2.323153158467670121e-01 3.536882981840370199e-01 4.677459884521649736e-01 1.199548628443729975e-01 -4.838329538312560046e-02 3.822740065435630274e-01 -8.120717763438749237e-03 -5.449318681108709927e-02 2.021237592554060020e-02 2.995422039051470198e-01 3.050735836480860108e-01 3.355957676249789884e-02 2.179900265424589978e-01 -7.681231430944540639e-02 -4.819101884131460345e-02 -9.604946509599329718e-02 -2.187291605128489913e-01 -3.190014245801550130e-01 2.475309099708810148e-02 1.401568409404929938e-01 2.798880751111940124e-01 2.206760695095839886e-01 3.821934302796640148e-01 3.528825162618000055e-01 5.278979689331460001e-01 3.986264983597599953e-01 3.549026280682029966e-01 2.117829846137480043e-01 2.028011665301009958e-01 2.410023429817270135e-01 2.882815724549550040e-01 2.320256439187410036e-01 4.900149479696300214e-01 4.413862455511750049e-01 3.286651309024060108e-01 1.918465116501049950e-01 4.546945036541760188e-01
6.670705767751929603e-03 1.410893924688819967e-01 1.441807649018959914e-02 1.209763961414209998e-01 2.587570933130680095e-01 2.751967029287660238e-01 1.296996043035709978e-01 -5.192879053144849877e-02 2.414668612766580069e-01 3.133833228010289851e-01 3.347203852612449793e-01 5.387643601758389522e-01 1.000000000000000000e+00 6.125672815152120032e-01 4.659712926510530262e-01 9.342292242439820260e-02 6.289161343988509678e-01 5.502660484543759646e-03 5.829642382689329688e-02 2.142308190432400117e-01 2.971315479722410058e-01 2.288672730976319958e-01 3.322742902176160085e-01 1.544481328752229932e-01 2.495115577866710010e-01 2.758726111161409755e-01 3.666307210097909941e-01 2.690044893298170203e-01 2.467499979314519976e-01 4.710715439139430138e-01 1.150013130691790036e-01 3.154477975586330030e-01 1.482847046774150024e-01 2.054081501455690129e-02 4.348999586513269816e-02 1.635556738381379882e-01 4.558877231640540151e-02 2.194614775070470036e-01 1.346240594576370020e-01 1.987268639530100078e-01 2.439710807865790032e-02 7.447094153656680371e-02 5.588225955101940035e-02 2.584792830132019992e-01 1.169548649239059990e-01 1.876694455106379944e-01 1.570019163113559879e-01 -7.601494940403650223e-03 4.496809391174880211e-02 7.986157250781690531e-02 1.502722641989049923e-01 1.212037519556990045e-01 1.553828605480560010e-01 1.951691907977229912e-01 2.323647705416579945e-01 2.318982504885929996e-01 6.372749865595089824e-02 1.477158039763639963e-01 3.831368362279750084e-01 5.101223441383629931e-01 5.947736082774519595e-01 8.489946624055889624e-01 7.152193668133860482e-01 5.858945253372600526e-01 4.485264663045709921e-01 4.876117061838909916e-01 1.462596864254940010e-01 5.789151223065780449e-01 2.354854574020570079e-01 1.420876631994479888e-01 1.444054170799400072e-01 1.351629613706709920e-01 4.106750455159079993e-01 1.364178310794159910e-01 4.381560701448489747e-01 2.213912759717049927e-01 3.191771537057970232e-01 4.271337340828890161e-01 2.253344196402410071e-01 1.846879063118589959e-01 8.576254686843519381e-02 1.279447627521199948e-01 8.034877110469569594e-02 5.385655091599139688e-02 3.465632958266690045e-01 -1.610234571638299861e-02 3.363557698280929958e-02 2.006710105398230026e-01 1.876899706678470114e-01 4.591254333627189932e-02 6.136305372487740190e-02 4.881146450223199790e-02 1.312546755111010099e-01 -5.212675078746140112e-02 -2.204206039722710064e-02 1.887752562904869980e-01 8.361187581030560256e-02 -4.477954769500960136e-02 2.560993864723419902e-02 1.714445088661169930e-02 2.329618581864330018e-01 1.894025718146100101e-01 3.502233628058569748e-01 1.862572431476280099e-01 3.945844261734530178e-01 3.329305880945149787e-01 3.721349955344580018e-01 4.096161859146519868e-01 3.203088190039720118e-01 2.243456435521899994e-01 1.832250795868000104e-01 1.722231434989139887e-01 2.997623575037740018e-01 4.040855571231289911e-01 4.459180550091029760e-01 5.350563209916000540e-01 2.693363977738469917e-01 2.337644970222509944e-01 3.502151951914539985e-01
