1.000000000000000000e+00 5.538718931919599520e-01 6.947520877549939744e-01 3.294309335622330193e-01 6.157462232611520259e-01 5.345003190166790485e-01 5.261076224849650096e-01 5.501825909619429966e-01 5.899685230040310202e-01 6.593906413372080388e-01 6.148959367026930467e-01 6.522763908661529664e-01 5.330231411590089508e-01 5.822441461155389852e-01 6.179827167801199561e-01 7.101853981956529616e-01 3.886005668603579877e-01 6.472922116894069822e-01 5.203816181993810019e-01 5.919579862135010417e-01 6.538108692324320348e-01 5.311441209841120115e-01 6.558363794835909699e-01 4.883294161402769729e-01 5.289571071102759925e-01 4.879605234330289809e-01 5.182330565452269999e-01 5.222171896794299828e-01 6.234945528319869590e-01 5.375117066847170388e-01 4.939250513071379856e-01 7.798944300177019784e-01 6.135425945194650232e-01 5.855652865497430470e-01 5.891918507149870310e-01 5.836161375631180315e-01 5.661413779250620282e-01 6.646010310256339482e-01 4.922174722631729726e-01 4.949068138488649793e-01 5.629061879443200134e-01 5.691199617969949776e-01 6.344932627344560538e-01 6.156688089525870211e-01 5.093832668069420144e-01 5.665673697221880190e-01 5.419199294634680086e-01 7.067565012568389760e-01 6.568120344204180228e-01 5.761377562550750175e-01 7.315724278568900285e-01 6.311368462102570076e-01 7.125002499511320364e-01 5.092024244148319889e-01 5.896156095625399995e-01 7.095799904001619529e-01 5.024869124958929456e-01 5.498288378975479951e-01 6.613246517621870213e-01 4.209088716580969836e-01 6.061146825803660487e-01 5.827316244052830330e-01 5.839635313724540477e-01 5.471373582108689515e-01 5.846257784522880252e-01 5.934820003254439591e-01 7.001552243512769724e-01 5.396930179337170452e-01 5.367523525678790097e-01 6.280915133212320312e-01 6.839395712529040550e-01 5.983932086348180412e-01 6.140975809870879987e-01 4.751765693445499927e-01 5.543111607859939616e-01 5.272697349048319770e-01 5.921350226748189893e-01 5.697386386653380264e-01 6.098385406066290093e-01 6.883720763290249733e-01 8.969308055331970397e-02 4.223958522534609905e-01 5.745190834629759769e-01 5.453736542383319508e-01 5.246437755868470498e-01 5.250047396499479824e-01 5.738696834936449775e-01 5.841601539729459613e-01 5.917060342528419614e-01 5.027563405457849965e-01 7.069596075640770527e-01 6.969526996868470325e-01 5.900719445870800106e-01 6.328933450091289714e-01 6.354163425080679994e-01 5.816282901616569578e-01 6.239876703600799601e-01 6.129361680124479905e-01 7.235111485976229995e-01 6.597324231543499895e-01 7.310168103040339815e-01 6.478357794705930095e-01 5.896097999504600340e-01 4.756179956037480117e-01 5.423705542665999690e-01 5.792574487418760132e-01 5.100016071651940486e-01 5.586876671893820090e-01 3.799916425331070213e-01 4.166904243774799954e-01 5.248457405668409681e-01 5.147717514469180022e-01 5.997143747528580482e-01 5.610321604240600113e-01 6.414948107012989897e-01 6.442265495695369548e-01 6.845268737634909728e-01 6.392807293943499891e-01 6.264901784808889484e-01
5.538718931919599520e-01 1.000000000000000000e+00 8.254124789510549620e-01 4.669011071071160202e-01 7.450778634364949582e-01 6.454702466587820542e-01 6.666153515363030246e-01 7.457789586818019956e-01 6.918353583949670149e-01 7.549633884189249633e-01 5.075266526761410546e-01 6.715782661040690105e-01 5.249502657480089596e-01 6.761441071994509500e-01 6.840316785858300275e-01 7.914397849613250546e-01 5.306750701541359527e-01 6.171228384752519558e-01 6.158637290754549465e-01 5.498110382317600298e-01 6.798605890683879771e-01 6.657684374463189725e-01 6.407867752174409848e-01 6.203603878971739594e-01 4.525626294126590121e-01 5.307491360761249499e-01 5.871498656294940055e-01 5.989305888436849967e-01 5.840440904502609554e-01 7.049582488135870406e-01 3.165393034038769815e-01 6.109438539270529711e-01 5.055258881364239620e-01 4.408827031978129751e-01 5.172830820083109682e-01 5.686087370825120280e-01 4.839246146193940112e-01 7.011544267134800501e-01 7.306325891135689865e-01 6.583673577486910400e-01 4.064042809282790158e-01 6.325061625218799666e-01 4.997101578128860244e-01 5.244496755679309841e-01 3.911022514601150135e-01 5.176869078417879466e-01 6.005622205054530482e-01 5.272999015666429701e-01 3.797073908057739811e-01 4.505017100243839945e-01 6.066059979276989811e-01 8.983800322681659845e-01 7.326648291053450279e-01 5.393424313048520435e-01 7.800264827420969604e-01 7.736029298904839591e-01 7.039305371323489879e-01 6.673247369032120346e-01 7.527330778381899901e-01 5.614857306685510085e-01 6.426728199418549892e-01 5.967729177770300097e-01 6.666250598438560049e-01 6.198389375493820186e-01 6.678727469963710028e-01 6.742765232379399620e-01 6.651311025168179514e-01 6.792648639948990485e-01 6.452177921959749707e-01 6.291561766892499463e-01 6.991856988924729510e-01 6.992837831380409597e-01 6.584625212255590387e-01 6.254792771000360352e-01 6.148233326589009895e-01 5.900469277363330489e-01 5.993420832826750200e-01 6.527696708710509776e-01 3.448962201481510226e-01 6.620999849663079528e-01 1.673589304634109931e-01 2.533578024211869950e-01 5.846111870025789692e-01 4.928884948369199881e-01 6.713517162939599547e-01 5.472277026631320318e-01 5.195844030444130013e-01 5.676832703124550239e-01 5.518551057142090377e-01 4.262066453284130141e-01 6.032686763404579988e-01 8.103102678856449748e-01 7.406795878453630300e-01 6.176569909412340520e-01 6.770733845250850313e-01 5.439340466582009981e-01 6.040673855235380030e-01 5.836966555486019503e-01 5.709154057350249722e-01 4.966921757214500244e-01 4.211314232412740055e-01 3.331344893170279930e-01 4.490552561091820105e-01 2.645145702852629843e-01 6.070450689699540270e-01 5.202535321144590164e-01 6.086044013863010083e-01 4.861545322790690182e-01 3.395443957967719806e-01 5.087610454522990544e-01 4.841497945505099931e-01 4.777338514209419906e-01 5.462963723184930398e-01 4.691758771455579735e-01 6.182247082200680310e-01 5.994882774154050020e-01 6.658887851630279631e-01 5.744245915560890481e-01 4.253199955525550080e-01
6.947520877549939744e-01 8.254124789510549620e-01 1.000000000000000000e+00 3.533082602496739888e-01 7.942908808117209452e-01 8.063813216765549630e-01 6.754648004351939683e-01 6.885748820163619666e-01 7.850195981658300015e-01 7.882779874491799843e-01 5.697383018170949498e-01 7.228065409338999547e-01 5.122580264845829623e-01 7.312162751097609492e-01 7.472006900769470050e-01 7.404791078798419468e-01 4.638583318230269925e-01 5.853899374638790176e-01 5.932971219139000496e-01 5.588522905881889713e-01 7.041229865480510552e-01 6.585833919605690312e-01 6.876874194098340221e-01 6.401026083593750471e-01 6.096499997042930108e-01 6.435173585372310212e-01 5.375035212589750477e-01 5.934860702831680213e-01 6.678568356405010231e-01 7.455681809689930217e-01 3.753226314909490213e-01 6.795349912477910426e-01 5.568235674410250136e-01 5.155880652388189489e-01 5.347014564335560438e-01 6.472138312286580542e-01 5.266167894395720195e-01 6.795702985462529488e-01 7.283681937820479790e-01 6.969676592622030542e-01 4.497909530137449985e-01 6.999584192284300510e-01 5.334273797981330389e-01 5.232528667925699928e-01 3.550959876318039998e-01 4.849733541087959954e-01 5.510311183436920057e-01 5.805859569983830015e-01 5.340439575091640023e-01 4.525034820387879853e-01 6.167846546994749657e-01 7.943530082039419460e-01 6.515247019392760297e-01 5.331390442648880068e-01 8.782726179801479960e-01 9.017867403547760174e-01 5.378755520919620281e-01 7.078429795866559848e-01 7.834350536768910356e-01 5.663495672597560482e-01 7.126485883214339623e-01 6.071460489797669835e-01 7.022963018457539786e-01 6.547243121005089650e-01 6.928718129682639448e-01 7.032361758898350024e-01 6.095181055000870041e-01 5.778279074401400095e-01 5.340735278490359450e-01 5.364303590682889533e-01 6.740321369290610543e-01 6.740939909067219515e-01 6.615031823353489937e-01 6.089736225461820363e-01 6.418869558237030315e-01 6.955056522023690402e-01 6.526249973262020498e-01 6.764982281859690527e-01 4.193692159127089814e-01 6.532070002418259858e-01 1.165218517771299950e-01 2.847974332574150225e-01 5.532976268976209644e-01 4.944928047955329808e-01 5.997519480282189619e-01 5.285804678626639941e-01 5.558776208497330229e-01 5.480721491502630327e-01 5.776020667497480110e-01 4.603145129433799942e-01 6.013510941336329685e-01 8.204993401515869866e-01 7.490739212643769962e-01 6.737041304695510213e-01 6.932120233630459927e-01 5.342652794759510382e-01 5.540969269025209920e-01 5.943930807397840299e-01 7.179804487717179606e-01 4.967145654970310242e-01 5.750025102696589840e-01 5.168195757882280139e-01 4.922142998011180270e-01 3.888557897632999860e-01 6.500505949583179621e-01 6.285414596940830378e-01 6.565882211475699837e-01 6.193049077637640121e-01 3.231763500912719911e-01 5.377819560773220431e-01 5.583537862917400396e-01 5.650480228167640284e-01 5.438814408852260529e-01 4.754824240510450162e-01 6.374553895498290546e-01 6.277505475411909730e-01 6.909376379132570190e-01 5.806589375928840058e-01 5.163689610250129514e-01
3.294309335622330193e-01 4.669011071071160202e-01 3.533082602496739888e-01 1.000000000000000000e+00 6.052953887915839548e-01 3.891212532855610196e-01 3.710954962971890203e-01 6.717199346002770133e-01 5.556827437797650093e-01 4.133149701196580095e-01 1.518929925464209962e-01 3.577841048971219795e-01 2.286281646326540073e-01 2.600640857204419842e-01 2.881697248282609758e-01 4.510287199119100143e-01 1.598236423658540017e-01 4.685330161380529823e-01 2.402250492587600095e-01 5.534727371440320010e-01 4.099364733134350236e-01 3.508846773528560004e-01 4.782074008916860075e-01 3.167839004739940179e-01 7.937376936182780063e-02 2.256791450130669896e-01 5.296731368614120417e-01 4.200835562269509826e-01 2.980772534103490190e-01 3.875387823372949958e-01 2.055994422881549932e-01 4.160550453716789776e-01 4.305090498562970103e-01 3.150761621351260144e-01 2.895771871003600118e-01 5.670907813931269636e-01 4.166811472628469959e-01 4.478234828728410166e-01 3.740655367535800080e-01 2.579332029976569851e-01 3.701274649735910027e-01 3.198603628040320168e-01 4.899943275652929864e-01 3.143834156763730125e-01 5.061043008275529775e-01 4.924361786502819971e-01 5.476969076697399963e-01 3.568708850556089884e-01 3.875620163323060252e-01 4.581859872540289813e-01 2.493059732982730037e-01 4.586633717499740137e-01 5.927615929207850076e-01 8.247446921215449978e-01 4.162956827239889801e-01 2.978185697770660001e-01 6.221723129265219754e-01 6.297583635237650190e-01 3.906985325197320225e-01 1.955601452304580046e-01 3.195407736748719918e-01 1.747220103925840040e-01 3.439440144660079746e-01 3.395323677622070213e-01 3.794408227106439990e-01 2.948980312499490108e-01 4.530837637028070075e-01 1.970628511826879870e-01 4.118811981231529917e-01 4.702623698938049879e-01 4.658369905218299745e-01 4.151730250208470197e-01 3.807552907563639955e-01 1.913576433834469903e-01 1.914176915309739879e-01 2.980296777003659803e-01 2.692951425161330126e-01 3.497154694341479964e-01 1.814676958619849956e-01 4.667739888447630103e-01 -7.762099892924689826e-02 2.187378309013560118e-01 5.501848271445020089e-01 3.944069782522999779e-01 4.606823358739209895e-01 3.705988349081820177e-01 4.243149088108950084e-01 3.885208600185059979e-01 4.523591829610539850e-01 2.027355309958749907e-01 4.610624322722309820e-01 3.842351814470750249e-01 2.982075611807499804e-01 2.804874145429679944e-01 5.842923650539809666e-01 2.803022683612069743e-01 4.943298667206549868e-01 4.350605951650670100e-01 4.442853908678139896e-01 4.424897913693859874e-01 1.259714095513720100e-01 4.154535389771540216e-02 1.899665820472500044e-01 2.612007546912219896e-02 3.268041882337390236e-01 2.671529193547110270e-01 1.794608596767920117e-01 1.403266140348269908e-01 7.284231235099650204e-02 2.010090860871119878e-01 4.759739834828540239e-01 5.177203468645440454e-01 6.251550587462509911e-01 6.698642155149410193e-01 4.636590341829580075e-01 5.876332893113740408e-01 5.937615023626410249e-01 6.147075542545830107e-01 4.507013428265039812e-01
6.157462232611520259e-01 7.450778634364949582e-01 7.942908808117209452e-01 6.052953887915839548e-01 1.000000000000000000e+00 8.157086586254700400e-01 6.252703229405159879e-01 7.590233219305709822e-01 8.737651545029540001e-01 7.794772682820889642e-01 5.493884913819250260e-01 6.764459390167070207e-01 4.110335835501700008e-01 5.702271891575989571e-01 6.516345982313770380e-01 7.026937960272260364e-01 3.143161600367819775e-01 6.352353798003139707e-01 4.504665901842370146e-01 7.127430517378500197e-01 6.083793385382090246e-01 6.736437198036040463e-01 6.848883669960099674e-01 6.672631789203109509e-01 5.196972814901840154e-01 6.507595968432829947e-01 6.806155925390650063e-01 7.345020572239729928e-01 7.217276972519479639e-01 6.701784912836710184e-01 4.072792492475609816e-01 6.914480903169959447e-01 5.441931006890009526e-01 6.253894393593779633e-01 6.050568113872769604e-01 8.500480848416930302e-01 7.131776189136349586e-01 6.016196345769849740e-01 6.797644549473550457e-01 6.290053615895569994e-01 5.665650832165219919e-01 6.805029978237460142e-01 6.205744045125940467e-01 6.260116148885549459e-01 4.806324447560990087e-01 5.758457782224249977e-01 6.828976003283609986e-01 6.186844772902140299e-01 5.852627200140160246e-01 5.750101577925289531e-01 4.740020077105039920e-01 7.547045050630719620e-01 6.535558657923330461e-01 7.853629222768599982e-01 9.059182564208310140e-01 7.744240494460240543e-01 6.327144962177729814e-01 8.628215264004319707e-01 7.663479015299670127e-01 4.684941041268629869e-01 6.423984121817639670e-01 4.447294146331219888e-01 6.525118074476540242e-01 5.867754883548780276e-01 6.404286797988300028e-01 6.354686911282699802e-01 6.099627901216500003e-01 4.263008838985130056e-01 5.953369052048109733e-01 6.147426432812700403e-01 6.554237683782070389e-01 6.388267636420029705e-01 6.355182806913689531e-01 5.132224092580029984e-01 5.220403156898959507e-01 6.189839570063839780e-01 6.470692649613090097e-01 6.433957235816889497e-01 4.366665523892679923e-01 7.027791232185800485e-01 1.386728415686130089e-01 3.694835544292239815e-01 6.638870936584240212e-01 5.735648562697129860e-01 6.625804659595909696e-01 6.339733410830939997e-01 6.864983862835200012e-01 7.439003804200829961e-01 7.484473689080830550e-01 5.077795124174609986e-01 6.131738845307159735e-01 7.363709056209719606e-01 6.181364239066160504e-01 6.790045702964889740e-01 7.136199921248029820e-01 6.465850911909539755e-01 6.091175499460940168e-01 6.714011690063409477e-01 7.872029194517790041e-01 5.956593664198800431e-01 3.603193426032599844e-01 3.273965342475250173e-01 4.091696506549379886e-01 2.745517757712869766e-01 6.738721617808459685e-01 6.669270008800010086e-01 5.747037316719230127e-01 5.837603683736269922e-01 2.867045223587220137e-01 5.519079786821660116e-01 7.071968156781760495e-01 7.523400136685020057e-01 6.692174427347490351e-01 6.264073722480429929e-01 6.460370083876889602e-01 7.125277764086690446e-01 6.957490706013059745e-01 6.618728984989290520e-01 5.949974662584319729e-01
5.345003190166790485e-01 6.454702466587820542e-01 8.063813216765549630e-01 3.891212532855610196e-01 8.157086586254700400e-01 1.000000000000000000e+00 6.089888419708160416e-01 6.660251686161110518e-01 8.237603949284250104e-01 7.529814877742070367e-01 5.167707199503359661e-01 6.097581316579410160e-01 3.827744587072410276e-01 5.381814776831930214e-01 5.675218100675569755e-01 5.945297433556799849e-01 3.165299203442630271e-01 5.938189399756630404e-01 4.410581686720129735e-01 5.865976590102710553e-01 5.502080580155279677e-01 5.356372781436999908e-01 5.432676636075729482e-01 6.262949157820649759e-01 5.065958272716889477e-01 6.442047869082739853e-01 5.281202189275420178e-01 6.123729107703239638e-01 6.808078882006769472e-01 5.615793232039300031e-01 1.765857861549549879e-01 6.048792474265359820e-01 4.766569163353979732e-01 6.117511113549910506e-01 5.338839193483749801e-01 7.530954157645900482e-01 5.539492961329960385e-01 4.391035004559259991e-01 5.202704287527529781e-01 5.672844558143510518e-01 4.078052483778060178e-01 5.220049321036930312e-01 4.167420020410109727e-01 4.891030201363619767e-01 2.671027320072730249e-01 3.590203095216439877e-01 4.647274863548450097e-01 5.596956260540429939e-01 6.306356716684620167e-01 4.256221946207690010e-01 4.086174323903700167e-01 6.149412778232650201e-01 5.413840782415280106e-01 5.820558218193729871e-01 8.950641400209350396e-01 8.419334421018870307e-01 4.960425333617650145e-01 7.574764523611680067e-01 6.799301143724399976e-01 3.791375858536989996e-01 6.472416588980970387e-01 4.471277055753830054e-01 6.479515573562379949e-01 5.341824429100650029e-01 5.326335170972089639e-01 5.228527239003859517e-01 5.345797429419330005e-01 3.970826937806840040e-01 5.597527540576759941e-01 5.498414793653240151e-01 5.581451378188859724e-01 5.407418814192409551e-01 5.572138485200229807e-01 4.979295989515419851e-01 5.188208814052970297e-01 5.965339384710629522e-01 6.113711722674519677e-01 5.440494643085520554e-01 2.447875517924580080e-01 6.130548491800169586e-01 1.803804583951690022e-01 3.618153209340759791e-01 4.825009128629120236e-01 4.930307722112269864e-01 5.421546325989340387e-01 6.124477656748440468e-01 6.013742075330660297e-01 5.653623987587119704e-01 6.756651570923579708e-01 3.992477091762939856e-01 4.826631667629420197e-01 6.440428180832400429e-01 5.097439650800370536e-01 5.253797992011559614e-01 5.580414720925970240e-01 5.157593901617479881e-01 4.504806026306850120e-01 5.885175318111709464e-01 8.122437251031460193e-01 5.150191861738659949e-01 2.927630885500919766e-01 2.288041874799560116e-01 2.995848823483330259e-01 2.459827153673569966e-01 5.778782106001689733e-01 5.776615031491140195e-01 5.058895060472129446e-01 5.225425072521280301e-01 1.454519634735070011e-01 4.156339993321109816e-01 6.151114495305379792e-01 6.413565064982400532e-01 5.153265987868409503e-01 4.457824929403679803e-01 5.317221531145239766e-01 5.396471356153920151e-01 5.160243471887270283e-01 5.104951922197530356e-01 4.386517542550950055e-01
5.261076224849650096e-01 6.666153515363030246e-01 6.754648004351939683e-01 3.710954962971890203e-01 6.252703229405159879e-01 6.089888419708160416e-01 1.000000000000000000e+00 7.147547603590379550e-01 6.623785287547440115e-01 7.213573618666470066e-01 5.811926130616169583e-01 7.446007266270320279e-01 5.621379679030159560e-01 6.013891103679269712e-01 7.141281063062010492e-01 7.966151317577070401e-01 5.874642223295599708e-01 7.123767285519270187e-01 6.364421385478690185e-01 5.775236418910679737e-01 7.592028679807579783e-01 7.045714428681759678e-01 6.812540990112140316e-01 7.624961500488059984e-01 4.024329865886540070e-01 5.973023267509040002e-01 6.620713551881699521e-01 5.897853550787319765e-01 7.477920452821610331e-01 7.074817746238259986e-01 2.651330692006629852e-01 6.463478328622870306e-01 5.420455282478680026e-01 5.403899828555259743e-01 6.036576712766910102e-01 6.005784094952499874e-01 5.147806190904969936e-01 4.822643245766339848e-01 5.271071361244750175e-01 7.319118384340439487e-01 3.528886419458390211e-01 4.189823470038420150e-01 3.768163364372669744e-01 4.080881694056989750e-01 3.270497365361200170e-01 3.762962098955849877e-01 5.405744569642190189e-01 6.494208510226899822e-01 3.954093385625839785e-01 3.646473929283510218e-01 5.771611652475230336e-01 6.971217711886039670e-01 7.191057074252059644e-01 4.881103832478559945e-01 6.527867295510709766e-01 6.917404471843909830e-01 5.679664077797409449e-01 6.366977593667679791e-01 7.078048244265769950e-01 4.682655808679490050e-01 6.708643645982880210e-01 5.764280392349460103e-01 6.498326411587359575e-01 5.924150432916790443e-01 6.704294870006189955e-01 6.524895452908670013e-01 7.046285833701539936e-01 6.381164570155160032e-01 5.805370406056009625e-01 6.825234594117950415e-01 7.452717241415639515e-01 6.870313777469230221e-01 6.930165607172129594e-01 7.218315354145490303e-01 7.503195284233550311e-01 5.116432434446009925e-01 7.494672404637560126e-01 7.143445155544699832e-01 3.447801211970220048e-01 6.663725648254440470e-01 3.514954406305990098e-01 2.791217249443539994e-01 4.879768303811010122e-01 6.669901691235620156e-01 6.347733064335150388e-01 5.147444649209580447e-01 4.994611791329129913e-01 5.045793657245309927e-01 5.596521247572400215e-01 4.631830754566900188e-01 5.110241882877739616e-01 6.645468146258199926e-01 5.310881189866489827e-01 4.516088818486170275e-01 5.447602567147910024e-01 4.197669848805170023e-01 4.223094906955859873e-01 6.042260040929370302e-01 5.641766826197089912e-01 4.375443433327420029e-01 2.964007079520150079e-01 3.694772086127109945e-01 4.091056740525679802e-01 2.125488242317939980e-01 5.165504415497470525e-01 4.985992651396620179e-01 4.933746734297240200e-01 5.396910507373889887e-01 1.789297853046090125e-01 5.437945485020819758e-01 4.615678692592219967e-01 4.826762829820089862e-01 5.848563066394869558e-01 5.517669951786160487e-01 6.521635958051960058e-01 6.317773359450600257e-01 6.084424291850389910e-01 6.659854256692280261e-01 4.967346963568780027e-01
5.501825909619429966e-01 7.457789586818019956e-01 6.885748820163619666e-01 6.717199346002770133e-01 7.590233219305709822e-01 6.660251686161110518e-01 7.147547603590379550e-01 1.000000000000000000e+00 8.157436388434510244e-01 6.745466460167369727e-01 4.718955793506289798e-01 6.284221853923229739e-01 4.976458172772760258e-01 5.338245681501929685e-01 5.735738377298820190e-01 8.076755593833589986e-01 4.757596807904890257e-01 7.751945633175979511e-01 5.528962441232669889e-01 6.334269833228459712e-01 6.834305111320529980e-01 6.397419066622259676e-01 6.444342038892949542e-01 5.919820230256359617e-01 3.373104921461689831e-01 4.869361345267850250e-01 6.317912529991419612e-01 5.865209546069519719e-01 6.143867517874730400e-01 5.988729208680759752e-01 2.401719752493330085e-01 6.228422935401070060e-01 6.231785387304940027e-01 4.963304975331300217e-01 5.158905841323599972e-01 6.932042727597870213e-01 5.343251871238090533e-01 5.608547480266690144e-01 5.684097484864559791e-01 5.861783982010519978e-01 3.544744290240700035e-01 4.606424649307679919e-01 5.454332602429380339e-01 4.439263646804310071e-01 4.619761549747720131e-01 4.801167621943759900e-01 6.117511150175880541e-01 5.225753335873219996e-01 4.092898665210720210e-01 4.533407360443800216e-01 5.359969932046969587e-01 8.149783052842809461e-01 8.108330270519139571e-01 7.577159599267400125e-01 7.335999418506969905e-01 6.861502557449690176e-01 8.500512315551329579e-01 8.398190694703080439e-01 6.771036900953020243e-01 3.752115701865599839e-01 6.105251320161589890e-01 4.773320039324390196e-01 6.410694138500899752e-01 5.710879398945060137e-01 6.382926962887880418e-01 5.520279580294059629e-01 6.745106988983720075e-01 5.718005354283709485e-01 6.435037891433690316e-01 7.083395220240700230e-01 7.121052632795710213e-01 6.643082857565150157e-01 5.820889675002269836e-01 5.644169088701489478e-01 5.416721427714169534e-01 4.835669052116510214e-01 6.122918483826820246e-01 6.058955239769749923e-01 2.792852429673060022e-01 6.908761199123479857e-01 1.301935362620899872e-01 2.502046227329259853e-01 5.898821698209669728e-01 5.561490856392169446e-01 6.153593975130370319e-01 5.343230766230889772e-01 4.943745684803140250e-01 5.275259850085459723e-01 5.995817478924440058e-01 3.042400374811790043e-01 5.247579215379589712e-01 6.794047082831879969e-01 5.225258532975399772e-01 4.882082641786469890e-01 6.987396679004820310e-01 4.148436176728079738e-01 5.191120472151079523e-01 5.238206916122960521e-01 6.104403479355540174e-01 4.868059968477759791e-01 2.766469628904479894e-01 2.722195883903740232e-01 3.344703620571640168e-01 1.729713549345250068e-01 4.516546885004670275e-01 4.492726116636939770e-01 3.806754750140419752e-01 4.105399169548589744e-01 1.540992485096039921e-01 3.928437402390779765e-01 5.214299572870829680e-01 5.487206221148269725e-01 6.688018475916329697e-01 6.674432669521890293e-01 6.465430887858300002e-01 6.997024889082360533e-01 6.764066810639539629e-01 6.872252560555339729e-01 5.130692158801279934e-01
5.899685230040310202e-01 6.918353583949670149e-01 7.850195981658300015e-01 5.556827437797650093e-01 8.737651545029540001e-01 8.237603949284250104e-01 6.623785287547440115e-01 8.157436388434510244e-01 1.000000000000000000e+00 7.381748586772129972e-01 5.575787539912649970e-01 6.856716130551040456e-01 5.024300190535719857e-01 5.976795632064929586e-01 6.153477491412380207e-01 6.825074642020160232e-01 3.653031530131199967e-01 6.132370096557450134e-01 4.685746278152260191e-01 6.108628311703849789e-01 6.112594401435410552e-01 6.198631631160580469e-01 6.113391694246349539e-01 6.037040114827669779e-01 4.823140718578359798e-01 5.903466228834349794e-01 5.752212249352709472e-01 5.809414370303620512e-01 6.264716839804780335e-01 6.227564642706789888e-01 3.075325880385890165e-01 6.907722857455570464e-01 5.647784296435459650e-01 5.346791719131429588e-01 5.368317427172759615e-01 7.995337835612239541e-01 5.569953392808459913e-01 5.532794910042869718e-01 6.046717596418169638e-01 5.828232819461269809e-01 4.181817687478430190e-01 5.795102138204100140e-01 5.644721695561130126e-01 5.645190980214379595e-01 3.642043665637659799e-01 4.552246921523139811e-01 5.539750550883689728e-01 5.208185791090500505e-01 5.619129352422179702e-01 4.886519585001080079e-01 4.608506473233819900e-01 7.370992077278679666e-01 6.594646436985920346e-01 7.130995888653970383e-01 8.836893386087519842e-01 8.275639868583299918e-01 5.959214225302760237e-01 9.548331346303270406e-01 7.069229522602480387e-01 4.053586152979640200e-01 6.833646300880560354e-01 5.187770558625449668e-01 7.008863708998880337e-01 5.897397202750549461e-01 6.052983978537459508e-01 6.045021802834740221e-01 5.670999221906229959e-01 4.522264654049240051e-01 5.452485657536999542e-01 5.760563090322450286e-01 6.245699000971119963e-01 6.162952292085299710e-01 5.634055411709409933e-01 5.497051150655459795e-01 5.683960693483709470e-01 5.825739224710220210e-01 5.971614969014029661e-01 5.763242206858519845e-01 3.953068094172609848e-01 7.307375882825479785e-01 8.461732160366440547e-02 3.102946416254500073e-01 5.439724069685599739e-01 5.274619693451669811e-01 5.730180843025599602e-01 5.938071256223560468e-01 5.333278018945789567e-01 5.750379247629989754e-01 6.563969742853069667e-01 3.911502312882880195e-01 5.551975016330610302e-01 7.104221579957570309e-01 5.582493471329299517e-01 5.627408576367950443e-01 6.566224153478189551e-01 5.572081493451179757e-01 5.052204261480459646e-01 5.593793364018969649e-01 7.950295449911259915e-01 5.449450644697040325e-01 3.197549209192480091e-01 3.326961187511719986e-01 3.794022062390989825e-01 2.370511759809819929e-01 5.219397857283110120e-01 5.172098167789580536e-01 4.750448968694859775e-01 5.708174339820529797e-01 1.589304251258409906e-01 4.063198090814649777e-01 6.027755595929570331e-01 6.844870938890930123e-01 5.543065287716699707e-01 5.561327968247139486e-01 5.820838139533629496e-01 6.087819383734149881e-01 5.672305716170580325e-01 6.044691912575920201e-01 4.515646906313059983e-01
6.593906413372080388e-01 7.549633884189249633e-01 7.882779874491799843e-01 4.133149701196580095e-01 7.794772682820889642e-01 7.529814877742070367e-01 7.213573618666470066e-01 6.745466460167369727e-01 7.381748586772129972e-01 1.000000000000000000e+00 7.213041540742110014e-01 8.347470022358129960e-01 6.062463880345569933e-01 7.139824731415059800e-01 7.615320671489389515e-01 7.947054292258549646e-01 4.939687304286590197e-01 6.524467800767530523e-01 6.122559372996859706e-01 6.447657764285980031e-01 6.778476742420219692e-01 7.454037846821950364e-01 7.195542440175279886e-01 7.796357538684249855e-01 6.395832598114420398e-01 7.444473806048259590e-01 6.855630907400840357e-01 7.415202974776760048e-01 7.600758355428010038e-01 7.237288715732479449e-01 2.471710978385560087e-01 7.586397053069590113e-01 5.924220559533960317e-01 6.522701572019380389e-01 6.914191327449630275e-01 7.089576190346770224e-01 7.011317854479669487e-01 6.785636454980600307e-01 7.179055115709539470e-01 7.074752640269870163e-01 5.498302206094779487e-01 6.782390028993799946e-01 5.745529052870860243e-01 6.374460510553450199e-01 4.508531040832919889e-01 5.724723179923919547e-01 6.438332829277629843e-01 6.802808059969409626e-01 5.428885385734829594e-01 5.366138183800910344e-01 5.821012601506010409e-01 7.264626400418859875e-01 6.860202740608910554e-01 5.772946814213609779e-01 7.943983119967360507e-01 7.791091573102519874e-01 5.895855892568100387e-01 6.960535519331429999e-01 8.977810924216650390e-01 6.455495743599060088e-01 8.467130292101270328e-01 6.580459995110610194e-01 8.118139544792389861e-01 6.882997793308870405e-01 6.918168576205929732e-01 7.353630645290899492e-01 7.042129886857200205e-01 6.298280424968180080e-01 6.875641673863750469e-01 6.475303734152350055e-01 6.745195735509319501e-01 7.632305568472249613e-01 7.441668790108859621e-01 6.926238722947609672e-01 7.017433140470840103e-01 7.041460746787150393e-01 7.291280831225940284e-01 7.465418282016329510e-01 3.290569748523349825e-01 7.732106591916270144e-01 2.446357172072159969e-01 4.496158087932490277e-01 6.322816847447040312e-01 6.507407964681669599e-01 7.261124073778869592e-01 6.945437092050129602e-01 6.797176623413390129e-01 7.332691708158719512e-01 6.927855885339500031e-01 5.632457701019769614e-01 6.674154413479890247e-01 8.362085489148980422e-01 7.537055160203329773e-01 6.309885421870580213e-01 7.227723396386149801e-01 6.712706823681160451e-01 6.556778468464879994e-01 7.437307254499530007e-01 7.264757924960120183e-01 6.246425819727480233e-01 4.415953702061249930e-01 4.480937980605779747e-01 4.835805643254290076e-01 3.957434303299979805e-01 7.295930944032600340e-01 7.402032956318840284e-01 6.433448607657470397e-01 6.759941047493549515e-01 3.359037764845539953e-01 6.191411095827610289e-01 6.429710380882039944e-01 6.661805329954170185e-01 6.763350745399040465e-01 5.707981244992029746e-01 6.926007003453760191e-01 6.897318817941550106e-01 6.502862281538419609e-01 6.177897264218209505e-01 5.555021427729339711e-01
6.148959367026930467e-01 5.075266526761410546e-01 5.697383018170949498e-01 1.518929925464209962e-01 5.493884913819250260e-01 5.167707199503359661e-01 5.811926130616169583e-01 4.718955793506289798e-01 5.575787539912649970e-01 7.213041540742110014e-01 1.000000000000000000e+00 8.139372980315600081e-01 6.357085075774689953e-01 6.370305616035809582e-01 7.456090455184980481e-01 5.826090509759409564e-01 5.552333658543719963e-01 4.840357763771229727e-01 5.841493775600780092e-01 4.919294468451789748e-01 6.332438809848309758e-01 6.102000028512749585e-01 6.015815019521310036e-01 5.881775922471149665e-01 6.481781120660170536e-01 7.356221220750509548e-01 5.195814107891969513e-01 6.741154556092660011e-01 7.144560103839200371e-01 6.560354334608560212e-01 1.399219791264739998e-01 5.768941671742620070e-01 4.041743521262110006e-01 4.342147379407629848e-01 5.530302135431750532e-01 5.507075181145879572e-01 5.298972376934999451e-01 5.305640867653600434e-01 5.152805909986369892e-01 5.106006588847910033e-01 4.366666040829049744e-01 5.856448492673780315e-01 4.021351303686909739e-01 5.872103541615419919e-01 3.188731831003829842e-01 4.615369105576480058e-01 4.491386968669969781e-01 5.585995848678390052e-01 4.504636025154439838e-01 4.884541205691220189e-01 5.980143010760019529e-01 6.073914465256009532e-01 5.561438223889899612e-01 3.824799667463870123e-01 5.895287191118500081e-01 6.384478408737299659e-01 4.025563255651120054e-01 5.256813903653420050e-01 7.394230902390429572e-01 6.903949050425119971e-01 7.319021512280470265e-01 6.592991373761719620e-01 7.196113439772050535e-01 6.480337315638680096e-01 6.633229463727200459e-01 7.443560815818720533e-01 5.513782324631100185e-01 6.145211409835330540e-01 4.004782975580690185e-01 5.000876412525739889e-01 6.431260382339539783e-01 6.262891858514739729e-01 5.626296912449060272e-01 6.257344128666549876e-01 7.110594543416339786e-01 5.852803596843000333e-01 7.694449366763189690e-01 7.272427037349280532e-01 2.977936511479840065e-01 6.704742773662270006e-01 1.800508057593769862e-01 2.631240341767249746e-01 4.095601562557040221e-01 4.728470549753229779e-01 5.589160275309580372e-01 4.586837451501020180e-01 4.665787884455980250e-01 6.664785568859680209e-01 5.671788381230540299e-01 4.587049760832139778e-01 4.635069221466889822e-01 6.606420704279599709e-01 5.246025096515839481e-01 5.262874123489720279e-01 5.312550489314930013e-01 5.771158588723640515e-01 4.913819126803140036e-01 5.621859365316700385e-01 5.861533795090949628e-01 5.341247439929029950e-01 3.764063128894369892e-01 4.896173872496970003e-01 4.562712283428759785e-01 4.069947612774230117e-01 5.984415609036920491e-01 6.608803311888939991e-01 5.076806961011409713e-01 6.203333250841179813e-01 2.346178859139730066e-01 4.066005629737620142e-01 4.896858174726270163e-01 5.528665008916849866e-01 5.148913717734400208e-01 4.237865554528499890e-01 6.138819139268589797e-01 6.328510041491459681e-01 4.554529885137830192e-01 4.833856886818380105e-01 5.492540521103429496e-01
6.522763908661529664e-01 6.715782661040690105e-01 7.228065409338999547e-01 3.577841048971219795e-01 6.764459390167070207e-01 6.097581316579410160e-01 7.446007266270320279e-01 6.284221853923229739e-01 6.856716130551040456e-01 8.347470022358129960e-01 8.139372980315600081e-01 1.000000000000000000e+00 7.386191051065390534e-01 7.534877229860069692e-01 8.440262918907009970e-01 7.754513728291519969e-01 7.085350548594180342e-01 6.445304704994889722e-01 7.473060189597989789e-01 5.690517221673230264e-01 8.021490535496369478e-01 7.733995357780509838e-01 7.856730260502750030e-01 7.888411008851300421e-01 6.688991987665670047e-01 7.899334359034450026e-01 6.386310815487660220e-01 7.556861505187449923e-01 7.808106489732800082e-01 8.346916443390880458e-01 3.448973147406380058e-01 7.287193634882600524e-01 5.139960861842409745e-01 5.534545015659859679e-01 6.434747698055489629e-01 6.168800507322139692e-01 5.811491633089299613e-01 6.492040193458730180e-01 6.253164315659489603e-01 6.425231298471429930e-01 4.965428514890690148e-01 6.495434321790729548e-01 5.247184478746229619e-01 5.887462169271839851e-01 3.632895923974779895e-01 5.514774864003360033e-01 6.003902586798399721e-01 6.715823920407899550e-01 4.068269820657610114e-01 4.273973721130789882e-01 6.637686109902170006e-01 7.239396098628859688e-01 7.120387046384399898e-01 5.341956322806500346e-01 6.814979472334870003e-01 7.283927804691540109e-01 4.664935761820970250e-01 6.439462028452459519e-01 8.767759817699789515e-01 7.090538372425679858e-01 8.958571969178159566e-01 7.433218521237180409e-01 8.162761550506439923e-01 7.521801813618500532e-01 7.695985678362630145e-01 7.990316967833069883e-01 6.505428300578679490e-01 7.350055577376819471e-01 5.789921365707330070e-01 6.107145209567119704e-01 7.382420865214289751e-01 8.051229528172929584e-01 7.736885350132209904e-01 6.992357859813770338e-01 8.679706362621250060e-01 7.153871591723619527e-01 7.944037679790030282e-01 8.631234799320679496e-01 4.603865280194670007e-01 7.746818362423210091e-01 2.668603452701229783e-01 2.778673584482589942e-01 5.441083302164919644e-01 6.683997526569359637e-01 6.644831101603030366e-01 5.704353633972389925e-01 5.114630977823080293e-01 7.013001439134399773e-01 5.670876683106700344e-01 5.301705737043810318e-01 5.754794518056569608e-01 8.291957296029539570e-01 6.670577002160710256e-01 6.749141410905930005e-01 6.736285256176579583e-01 5.965161775746039563e-01 5.766784451290599689e-01 6.679642217747590038e-01 6.052970951781070363e-01 4.729889179319600179e-01 4.806126062245399955e-01 5.447404227277510280e-01 5.370921354246409596e-01 4.532587739413569961e-01 6.534428349126709668e-01 6.517957359917310178e-01 6.800706941125489458e-01 7.392525504540810033e-01 2.724589827479489967e-01 5.530897410421430349e-01 5.458522508499500381e-01 6.075477945299050386e-01 6.389544745166969575e-01 5.830977510588659651e-01 7.714669450182529697e-01 7.679654938297929556e-01 6.783277236137680299e-01 7.008296211251500152e-01 6.411409399474740090e-01
5.330231411590089508e-01 5.249502657480089596e-01 5.122580264845829623e-01 2.286281646326540073e-01 4.110335835501700008e-01 3.827744587072410276e-01 5.621379679030159560e-01 4.976458172772760258e-01 5.024300190535719857e-01 6.062463880345569933e-01 6.357085075774689953e-01 7.386191051065390534e-01 1.000000000000000000e+00 7.283171550486300383e-01 6.952384987797359805e-01 6.797102777097440152e-01 6.964298436896579902e-01 5.569757782547379854e-01 7.076360397390789592e-01 3.984371238028089901e-01 6.379471990181669883e-01 6.805639429620690128e-01 6.270529217498640451e-01 5.328081170104089770e-01 4.281353680577870136e-01 5.877088798695300209e-01 4.719829199487239890e-01 5.001102656738329877e-01 5.378339112537839917e-01 6.453513833469529670e-01 1.242306691494129978e-01 6.617661122847450228e-01 3.827987196424790239e-01 4.303240075957540101e-01 6.116489535358099472e-01 3.198809845683139863e-01 3.399555164192780143e-01 5.000286713139390216e-01 4.638295956928539798e-01 4.819699612557930002e-01 3.286698202326139850e-01 4.429780422415929841e-01 4.585198526197569735e-01 4.364955766249949964e-01 2.285295105584149999e-01 4.244205157583400001e-01 4.681827479156859817e-01 4.954488075605579800e-01 2.302158649441299887e-01 2.944588029451890021e-01 6.886933122317280276e-01 5.725769263289970379e-01 6.263514313809519507e-01 3.135680441971949728e-01 4.440270826387089920e-01 5.809837269150289751e-01 3.536297634509720234e-01 4.416314228244639928e-01 6.407981537436789887e-01 5.715727093194019615e-01 7.721593851045780443e-01 9.257559757687580104e-01 8.694111859722579716e-01 6.516704844468870217e-01 6.008315729302200481e-01 6.726214934210490437e-01 5.379687720735889522e-01 7.388403964548769798e-01 5.043641097254110139e-01 5.733740117940949732e-01 6.674013650321809488e-01 7.712121045596339597e-01 6.690369823514279446e-01 6.437768834533430518e-01 6.573283115640370378e-01 4.194678165878579779e-01 6.285599830903599861e-01 6.552186535349689978e-01 3.118590364823929928e-01 7.322754426299340480e-01 2.128434478669219976e-01 1.940365362613810096e-01 3.901042661285870072e-01 5.418010807168629483e-01 4.914741288713599943e-01 4.144633113806380220e-01 2.926503731144060039e-01 4.269947202793989982e-01 3.204252715658569839e-01 3.291240981020209788e-01 4.984017080975600145e-01 6.820952303036159625e-01 5.257151801343520336e-01 3.988722600048000277e-01 5.243310951049490187e-01 4.042201316764900132e-01 4.514624692369469949e-01 5.175914239417249707e-01 3.665475208071160007e-01 3.616077834694880200e-01 3.751995557017290261e-01 5.628896125737510303e-01 5.162642769626739625e-01 4.569201700381830267e-01 4.615365023633329900e-01 3.679781263658050139e-01 4.562556125553610120e-01 5.556506313496539784e-01 1.401669526279890055e-01 3.205218121700639800e-01 2.779454125501090167e-01 3.293870153263649958e-01 4.688405333565719979e-01 4.373904987858590054e-01 6.575055689026559902e-01 6.090701605679630370e-01 4.050336701931049888e-01 4.916596117207789884e-01 4.417375330034010172e-01
