1.000000000000000000e+00 4.520812199217190130e-01 5.916097900540210341e-01 2.408269335206819906e-01 3.939071267690050226e-01 4.283895156624579759e-01 2.774834590175049853e-01 4.275625076689020254e-01 3.336533372526819807e-01 2.608238974533629850e-01 2.681847566800619753e-01 1.690767741524749901e-01 3.445997489496300248e-01 3.709234345597440252e-01 3.464659042047419923e-01 6.015540212776240292e-01 5.781325830645420161e-02 5.689228831453509994e-01 1.909109001198550093e-01 5.504464114314649992e-01 1.282590474275530079e-01 4.885810719291570209e-02 2.388967575735989890e-01 7.898792178177250697e-03 1.476662462533510078e-01 -4.966049206736680016e-02 -1.470295379173049977e-01 9.277425757111509852e-02 4.213393061239449899e-01 -4.115463079695960008e-02 4.127224992204669984e-01 5.988341485497079564e-01 2.878687455067829859e-01 4.391698651977539725e-01 7.107564175100319903e-02 5.009753254303079828e-01 5.500192895058180209e-01 4.528391735102130222e-01 -1.669482511085760082e-02 -4.267707043410359780e-02 4.683090730452599826e-01 1.366933861532249883e-01 4.609109496751939705e-02 5.527838565993860032e-01 1.992984763272180049e-01 4.688878347553929876e-02 1.099212422099490050e-01 3.377664355719020017e-01 7.925749825321880548e-01 6.216853398390159713e-01 6.890043127213669738e-01 4.235120563724409926e-01 4.454805203073999853e-01 3.237738146267870043e-01 3.697248727057709794e-01 6.292858786719559561e-01 4.103143218460599817e-01 3.305329769943969875e-01 2.537728752421439804e-01 1.451570383454590107e-01 2.514340036580259841e-01 3.369460650613950170e-01 3.066815971016820241e-01 4.163518629377659930e-01 2.599557397349980259e-01 4.160817839492340076e-01 6.202835433384890074e-01 2.408241610092010099e-01 1.915426550303890030e-01 5.790024878422660448e-01 3.320891853053349885e-01 2.025503152533230100e-01 2.340439017131099864e-01 1.911336071375580037e-01 1.442955186862310002e-01 -1.803808931213219877e-02 2.763347419791610249e-01 -3.872516575355840120e-03 3.727056336507850176e-01 5.196410944565610368e-01 6.461361980643609559e-02 5.285683626244339628e-01 1.112169702817200068e-01 1.766947715688519938e-01 -1.776089472494599975e-01 1.783883760581669864e-01 5.241642053199899731e-01 7.722366393161919640e-02 6.382593522702330047e-01 2.263944136954129938e-01 3.608127216890449906e-01 3.553069794199730236e-01 1.578332708226969916e-01 2.558797970447360126e-01 7.517697785315589909e-02 5.337635946956580391e-01 1.571682241872320029e-01 3.375750585747889776e-01 7.720755195643950186e-01 6.786003715571869987e-01 5.004476257723939892e-01 3.528038064935349882e-01 1.525341243229590138e-01 3.281256382438559882e-01 7.126490512672729871e-02 1.544365523367990101e-01 1.578792402070069989e-01 1.630460995326759865e-01 2.407900853586540102e-01 9.339103052189330623e-02 3.536345563657419810e-01 3.245634072477919796e-01 4.399203696633660066e-01 3.014226393356450040e-01 5.350605022361839547e-01 3.402169861086730140e-01 4.770830481120290067e-01 3.821493626141230227e-01 4.676019642092250073e-01
4.520812199217190130e-01 1.000000000000000000e+00 8.371722678822199892e-01 6.920530157108779612e-01 8.429436984365320518e-01 5.838341674543430226e-01 6.680599953021509885e-01 8.470170941955460497e-01 7.523746730572630215e-01 4.671228896921210128e-01 3.377577987175199858e-01 3.615377696366119942e-01 3.499442564403669742e-01 4.652880931869839976e-01 5.297088005260609522e-01 6.790783922999710231e-01 1.884727171147380087e-01 5.150869151021659764e-01 3.980234373945559789e-01 4.049393881673090112e-01 4.191650448315439870e-01 4.395055735156089827e-01 3.834821690459589982e-01 9.698780161540450362e-02 4.369146388212569732e-01 3.820332686383560161e-01 3.883753025876119924e-01 4.455009848713680221e-01 5.062661157461659789e-01 4.813649769112720023e-01 2.763319429088940127e-01 3.822307937378450204e-01 2.235679041057400118e-01 3.844539187668720159e-01 3.274224828080090077e-01 6.503603669679459687e-01 2.841297807136259901e-01 3.289677721067080229e-01 2.044476672461930100e-01 2.722474845931099896e-01 2.128958845854400095e-01 3.976712701296000185e-01 2.070479876882909964e-01 2.173566180751100030e-01 3.709223402830760241e-01 1.349963869772889957e-01 2.085436812183039945e-01 2.629057538541790251e-01 3.248222296269149822e-01 2.564023188392510200e-01 6.340427446705410031e-01 8.668989985731540004e-01 6.921278270096089535e-01 6.616340110670090313e-01 7.263872625490890300e-01 6.418000445068220428e-01 7.148874073932469653e-01 7.440219163742739505e-01 4.920519825329149888e-01 3.273557879075750243e-01 4.516765598281349825e-01 2.177780521950180015e-01 2.626101491840149849e-01 4.651086567771179903e-01 3.401132177323329953e-01 5.584830583250129932e-01 6.232849050395540269e-01 4.043839022339860145e-01 4.896386245397950088e-01 6.014540385423710056e-01 4.877817456349439751e-01 5.988758655490239446e-01 6.411190771177800451e-01 4.307221870754620041e-01 2.942159097546240276e-01 4.559708472031280269e-01 4.512360338040630192e-01 4.766575333259079894e-01 2.924885274228640197e-01 4.994224118560269821e-01 3.102304534028749727e-01 1.642939434576110025e-01 3.907323522552029749e-01 3.615469800719620097e-01 4.408259582454699954e-01 5.842536827103259611e-01 3.257203722027470216e-01 4.926786363427380078e-01 6.401196186597489790e-01 3.576344771720880167e-01 2.442492052715559969e-01 4.679050880565209791e-01 3.897394797169340119e-01 3.557597193717659811e-01 3.584128718449069995e-01 3.255376566598739974e-01 3.124605455256109776e-01 4.436792883825270151e-01 2.885669136526750056e-01 2.365228840096580132e-01 5.616790267739609765e-01 4.672671187623260169e-01 4.561327114029540275e-01 3.216939666032709866e-01 4.689682479326700015e-01 5.000301627055879772e-01 4.248658850848799906e-01 3.069253065237599887e-01 5.249122935801480150e-01 2.702619550222800093e-01 4.956795312922179786e-01 4.982950215821759787e-01 7.333779504111449521e-01 6.364582048330810204e-01 7.609738988539640481e-01 6.315714844591869825e-01 7.588697570425599892e-01 7.121068263169899604e-01 7.081565300482070002e-01
5.916097900540210341e-01 8.371722678822199892e-01 1.000000000000000000e+00 5.729973265045450459e-01 7.718812831725240242e-01 7.732209385562129889e-01 6.317717784837190154e-01 7.381057793653990062e-01 8.422377024762609521e-01 4.364607340401249758e-01 3.825158772821309894e-01 4.157127589729420203e-01 4.432328990350880016e-01 4.700034159324669725e-01 5.493765449215629593e-01 6.540430766429700116e-01 1.880807478634199947e-01 5.636370208231430423e-01 3.392043652036090262e-01 5.603940670503589905e-01 3.493692025127920209e-01 4.063644538273720186e-01 4.936420041180439866e-01 2.010524899114609909e-01 3.981408182319869926e-01 3.317391572916150166e-01 2.731521749782729880e-01 4.321334505645860191e-01 6.324596509531480448e-01 4.680734964024910183e-01 2.618386120625320057e-01 3.839573259683530249e-01 1.253178446523230127e-01 3.285922253784009928e-01 2.207904589173380061e-01 7.947654333208830080e-01 3.857361098273680011e-01 3.404715406474950190e-01 1.608342694497079950e-01 2.182723651887570060e-01 2.418092734289279955e-01 3.811504265674059977e-01 8.242297056278130585e-02 2.806835964364919889e-01 2.416780142392080111e-01 1.585998920476779928e-01 1.344203245419449966e-01 2.527353748249879795e-01 5.220322271939650260e-01 3.457544723154830080e-01 6.852962995372009480e-01 8.341965449668460320e-01 6.419801506077630338e-01 5.844028250514869960e-01 8.340271098530389615e-01 7.977745068189989741e-01 5.913180435481290020e-01 8.147415710925709487e-01 4.515618864407019983e-01 3.235232136496050126e-01 4.779304757920960212e-01 3.286888957834709912e-01 3.147253220685680142e-01 4.686841964139820127e-01 4.244840002397269885e-01 5.677007457246679989e-01 7.079810522655169969e-01 3.485611490885149877e-01 3.138963595713429866e-01 5.811473775703019928e-01 5.675560630053659850e-01 4.541755758890380079e-01 5.889434760874610042e-01 3.927134457698460146e-01 3.722851816132540237e-01 3.471106927256519814e-01 5.287530166144109867e-01 3.978582137178199862e-01 2.152972111430309921e-01 4.328855087732499940e-01 1.738070046015340042e-01 1.866140770710280061e-01 1.713226460686420038e-01 1.781145380150810087e-01 1.959168155074579865e-01 3.711706460537880226e-01 3.723663765801700221e-01 3.316426362779990034e-01 6.940364100918779977e-01 2.201708583792149898e-01 1.684630072904189924e-01 3.945014333300579934e-01 2.975266548863629845e-01 2.657043000255179810e-01 1.438171445563269923e-01 3.053968078340060233e-01 2.278125183880820026e-01 3.041503688630389779e-01 4.528031057823350136e-01 3.125255522874489933e-01 5.819059923481709751e-01 4.869392738730700110e-01 3.341905441591759840e-01 3.900217481440910183e-01 3.607582021191440003e-01 4.084110983066320255e-01 4.096359540667759980e-01 3.476456123057840020e-01 4.683648848988860025e-01 2.700191447117250010e-01 5.521221025620139944e-01 5.168168779391130174e-01 5.821066184017850142e-01 4.870588168387620098e-01 7.468533202410410077e-01 6.048760111082179813e-01 6.859594286164639731e-01 6.734371739828930448e-01 6.842128850136339757e-01
2.408269335206819906e-01 6.920530157108779612e-01 5.729973265045450459e-01 1.000000000000000000e+00 7.273201015048850193e-01 4.133441870279049857e-01 3.498528492948370094e-01 6.619460674182899851e-01 5.144932387372449512e-01 2.567872699860659913e-01 2.345079351051450045e-01 2.383099956401290020e-01 2.995249947413849978e-01 2.290245771365060079e-01 3.450526229741019968e-01 5.276630669665279827e-01 -4.681572195287850291e-02 2.813910053017329993e-01 1.448496982400410138e-01 2.072975945227900074e-01 2.237893571778430124e-01 4.257055413924329956e-01 9.552936677627719975e-02 -5.957515616192889801e-02 1.524024839575489898e-01 1.459475063221440105e-01 2.894028998516000040e-01 1.965258550925700065e-01 1.688441221830229988e-01 3.728256186504280145e-01 1.066498783375550014e-01 2.821359571393879939e-01 2.624980709369579834e-01 2.295565621222480091e-01 4.438619263348470012e-01 4.053450131789270161e-01 1.096163961366840023e-01 3.401070222266709964e-01 3.821615585968269890e-01 3.662203351603219859e-01 1.741919191478500106e-01 1.772894573753329983e-01 3.135044158438800022e-01 3.437647614969589760e-02 2.993506923872100156e-01 2.128268049599600087e-01 3.146245959818029791e-01 2.316790012246920105e-01 1.464630964748279973e-01 1.517175432436420057e-01 3.193861472469520235e-01 6.139606772313179750e-01 5.085319227781279761e-01 6.765716444904249505e-01 5.219041876485119857e-01 4.149673988013830028e-01 5.810548453056190166e-01 6.332187826971440447e-01 3.003415297142820184e-01 1.297760979184049979e-01 3.394034782777760051e-01 1.657366517723919963e-01 2.339860503492129928e-01 2.911220217812899858e-01 6.732074206609249545e-02 3.764662609367270263e-01 3.018805766207700025e-01 9.987025549661740498e-02 1.806115658792699918e-01 2.144307772144750102e-01 1.815267741727130124e-01 3.946753366797480234e-01 3.795213641514449954e-01 3.211303946683780053e-01 5.697784563218170201e-02 1.994151316245479921e-01 1.666049348030380073e-01 3.453243324572500272e-01 1.003616869867289957e-01 3.833599489219109979e-01 2.015690663825759898e-01 9.554683650151729601e-02 3.114440615373210153e-01 2.909446363548989778e-01 3.869334746759219845e-01 5.142264856824889652e-01 7.325632463977979625e-02 2.310243805090269886e-01 3.425939712753640065e-01 3.515889618076100120e-01 2.761215716663760200e-01 2.896046639747250073e-01 3.279747738948159963e-01 4.078042648058959746e-02 2.758646782053609803e-01 1.368379801703920040e-01 2.982812788458700237e-01 3.559621090666130194e-01 7.859951549151329708e-02 7.150587329520249891e-02 4.010526797997899795e-01 3.878041374468290114e-01 3.255132424485009945e-01 2.348868843020620045e-01 3.001754906486169827e-01 2.864840736059199866e-01 1.427628489574319925e-01 1.222650807057250044e-01 1.877360403555569934e-01 1.120269351022609994e-01 2.269173588308290024e-01 1.919068117899249970e-01 6.012871171238309831e-01 5.726431466450859764e-01 5.060583144130079702e-01 4.423323537871610145e-01 5.747114462772410226e-01 4.453410257743269929e-01 4.942353939161640008e-01
3.939071267690050226e-01 8.429436984365320518e-01 7.718812831725240242e-01 7.273201015048850193e-01 1.000000000000000000e+00 7.214472063816730341e-01 3.884810356561210209e-01 6.746025709575049767e-01 7.544355615443449903e-01 2.888178048102669759e-01 2.306393413102280077e-01 2.559788871583639769e-01 3.505222615347189929e-01 3.276158870505799792e-01 4.430008217986839969e-01 6.270577942071270394e-01 3.877961928730239843e-02 5.067902038943959964e-01 2.619616614689639911e-01 4.633543028365529892e-01 3.233847857296470174e-01 4.336440697242319731e-01 2.997694504457479869e-01 1.723004426466080014e-02 2.162026768476680016e-01 2.442623324734179979e-01 3.965133557574669898e-01 3.845482279285349914e-01 3.701913388169569830e-01 4.308009247759679861e-01 2.199631684659600073e-01 2.809647335678249758e-01 3.379569423788930105e-01 4.288308587295390217e-01 4.453979198344449886e-01 6.264577019961570237e-01 3.181420507376729878e-01 3.320282717614290169e-01 3.118969787228029755e-01 2.914503929946000160e-01 3.168725603399750179e-01 2.952665714162849842e-01 3.350859746445210008e-01 2.620090412739050079e-01 4.136328800303959996e-01 3.270796739332180181e-01 3.955360095361589723e-01 4.080119402125029771e-01 3.830860091308340154e-01 3.008148286123710213e-01 5.219894350147179507e-01 7.474201763149860289e-01 5.471284318157959570e-01 6.671485961640970519e-01 8.329343088547529472e-01 6.566809939864179935e-01 5.155080949393170409e-01 8.069513644893789861e-01 3.142607668474610150e-01 2.509772130742540241e-01 2.928244028629730100e-01 2.107342514969310077e-01 2.767595149280189792e-01 4.029851869178460166e-01 2.688245388037199812e-01 4.835125926721139944e-01 4.567449570007690030e-01 1.928245627368599946e-01 3.538120665079679816e-01 5.374718487296089586e-01 3.953238285766210169e-01 4.289340381948389958e-01 4.864683262447759837e-01 2.902188919910549947e-01 1.217257836740919946e-01 2.267618613197980026e-01 2.657537376700330189e-01 2.902992570211859746e-01 2.184266995875379924e-01 4.336046595793889846e-01 2.931228875215570184e-01 2.824574356117680041e-01 4.292649970288670014e-01 4.030015976760499830e-01 3.834241345878430240e-01 6.345142042852309761e-01 3.205375518933720191e-01 4.376384734263120135e-01 5.799179078895220218e-01 4.254881404289809765e-01 3.653268819214109953e-01 3.353059642975649846e-01 3.256674154498400142e-01 2.054626274701999988e-01 3.790118420466330185e-01 3.899791916268379732e-01 4.561247305616579761e-01 5.316985474641570120e-01 3.344381248443970001e-01 2.375559440806009892e-01 5.547436396133219594e-01 4.826200184504469970e-01 3.671357868424660054e-01 2.457822117177589916e-01 4.944769989619259842e-01 5.028272735421049910e-01 3.013958746119950183e-01 2.050164522569500047e-01 4.149168085062480138e-01 1.837554802107909946e-01 4.655964279766020009e-01 4.065855292402689725e-01 7.252962717959290373e-01 6.547044932662480221e-01 6.228142147432880193e-01 5.249188852430369812e-01 6.619798494222319807e-01 6.510839347877680483e-01 5.950581805303329919e-01
4.283895156624579759e-01 5.838341674543430226e-01 7.732209385562129889e-01 4.133441870279049857e-01 7.214472063816730341e-01 1.000000000000000000e+00 3.205952832290869803e-01 4.124397775314320169e-01 7.905181111731970356e-01 2.737178777633310078e-01 3.121125875267279914e-01 3.685686965804449988e-01 4.324448300745999951e-01 3.664563836503180183e-01 4.106361466991880205e-01 4.503823290842660088e-01 9.918859566857869681e-02 4.064575442771289904e-01 2.463615159816049949e-01 5.473828498818009702e-01 2.294340312672230042e-01 2.671407512609140222e-01 4.260232863461129726e-01 1.979611388996110055e-01 2.158173373276089935e-01 1.868671974099589961e-01 2.706998954637390153e-01 4.022964974742739841e-01 5.031789237283790239e-01 3.549833126116480053e-01 2.326369042967340039e-01 2.795413023818230092e-01 2.209682247827229884e-01 3.083440398311210195e-01 2.093391465426900078e-01 7.577500454310599487e-01 4.384104472970820066e-01 2.821203017285719983e-01 2.116542152572949975e-01 1.993854315909019959e-01 3.350382878486249938e-01 2.983949689324459920e-01 1.738047788421910045e-01 3.651215576427619958e-01 2.609480960014770035e-01 3.164357824203160030e-01 2.627415306582099874e-01 3.595372240878410008e-01 5.935647308547089551e-01 4.160974860126659958e-01 4.964160660318079898e-01 5.943674634588109740e-01 3.260425994553409756e-01 4.668600370143479728e-01 9.015607460900599834e-01 8.506808214709019600e-01 2.693562352484830114e-01 8.124607808019500554e-01 3.140735820517969734e-01 3.447569125043559723e-01 3.909377576669990084e-01 3.116063733200820085e-01 2.762768391197509832e-01 3.308609193329790088e-01 3.588077879620730215e-01 4.054213549307110198e-01 4.929841367549530062e-01 1.660191181934090043e-01 8.044494616991840208e-02 3.664832390358470082e-01 4.293879092924889895e-01 2.008355028597040015e-01 4.324110306656500091e-01 3.003563670756679849e-01 2.727049921663959875e-01 1.699124856397029870e-01 3.794773668893309804e-01 2.295819357170829911e-01 2.089229254360669974e-01 3.200046652217419796e-01 1.807635019578429925e-01 3.215324837645199829e-01 1.680933616748420123e-01 1.161477078310299976e-01 1.145088179723190019e-01 3.245216991676500018e-01 4.268053329177070032e-01 3.185067429505479830e-01 5.954453647822960383e-01 2.934969774016270017e-01 2.428721676135690011e-01 2.919920552946499992e-01 2.100101228006749920e-01 1.363587486764860079e-01 1.036288659759520003e-01 3.777928745094250029e-01 3.286433108200709774e-01 3.754625469022960238e-01 5.065359401018999508e-01 3.488359627161600196e-01 4.499211073712640063e-01 3.265895266866170044e-01 1.565450349002459884e-01 2.325933063853400096e-01 2.831354414049340185e-01 3.692739547966409908e-01 2.532612462266800035e-01 1.840478189405470033e-01 3.350282578834469782e-01 1.429111655929569957e-01 4.916136381762900021e-01 4.439838896030859905e-01 4.664173129152390240e-01 4.084510552746840051e-01 4.826105727801089929e-01 4.392517017265640256e-01 5.045552053886209753e-01 5.578179507228679945e-01 4.586195011739230276e-01
2.774834590175049853e-01 6.680599953021509885e-01 6.317717784837190154e-01 3.498528492948370094e-01 3.884810356561210209e-01 3.205952832290869803e-01 1.000000000000000000e+00 6.550288588081060182e-01 5.177061878035810194e-01 6.211336720538479517e-01 4.543075173514949938e-01 4.459370691252220187e-01 2.515903612732660055e-01 5.345746062228540207e-01 5.540849665302539639e-01 3.975032260438520204e-01 2.863967972916510174e-01 2.610383399898539847e-01 4.338715976472770075e-01 2.236863551850090115e-01 4.413590314139579918e-01 2.646612363022750047e-01 5.006172026510069539e-01 2.786323805799300057e-01 6.213697139285969673e-01 5.117785299060659820e-01 2.588120103561409868e-01 4.243490239995389990e-01 6.273384767956720065e-01 4.904404152684280205e-01 1.161300644728909953e-01 2.599972048784199852e-01 -2.635104310511560133e-01 -2.016873761736539920e-03 -8.072045984293439724e-02 5.206625746812739708e-01 6.698753203812170265e-02 1.393561498005569943e-01 2.215158311550539938e-02 2.665157695683360028e-01 -1.374965219074799905e-01 3.119515371568160056e-01 -2.310490814785770008e-01 4.240916942517240079e-02 -1.081013257398239988e-02 -2.176387519029590045e-01 -2.521017333067249733e-01 -1.254040011904760110e-01 1.714749375361659944e-01 4.619848215825209797e-02 5.614486164709550087e-01 6.339367782270359797e-01 6.431499318919720043e-01 4.260391087059570148e-01 4.278998317648480265e-01 4.311948274156600092e-01 6.667470692032260171e-01 4.066519980884770180e-01 6.336287874493640171e-01 3.584320728480889784e-01 5.770014074385280134e-01 1.318537104664800064e-01 1.776111318963149999e-01 3.772100827882080010e-01 3.988346561879679841e-01 5.071392574057189684e-01 7.038756726068230440e-01 5.411537510635779924e-01 3.253925607549529864e-01 3.533090412517529977e-01 5.535928544566880438e-01 4.954340802834409918e-01 6.627113257397170276e-01 4.774647155295779766e-01 6.184527484695340194e-01 5.885159579898380233e-01 6.695338921889909534e-01 6.570475213846349583e-01 1.126140144764219975e-01 3.100158012865150137e-01 5.282115522171500210e-02 -2.424752864782550033e-01 -3.496399968156529980e-02 -1.011816906725700044e-01 2.756709039579010034e-01 1.276196901856050114e-01 1.002902216754320008e-01 2.502141479943180147e-01 4.424204526081320088e-01 -1.890277960711169922e-02 -1.766059327485509922e-01 4.014568766962219870e-01 3.507551397916849889e-01 2.935009402519960231e-01 -3.263833268765709700e-02 8.310834654053340584e-03 -1.180039559554720008e-01 -3.848581835781340194e-02 7.468407089947630417e-02 4.464125448362490228e-02 4.802426715726749729e-01 4.052811416290900137e-01 3.823647019085170129e-01 3.687569582617569730e-01 3.265699182297819858e-01 3.579793796016890184e-01 6.082274402952390080e-01 5.189878639100830027e-01 4.542466613104230166e-01 4.801725908030010093e-01 4.050991511406250023e-01 5.002312383009910324e-01 3.031293108929349889e-01 1.884463762085570038e-01 6.369790812967319749e-01 4.872644788603149868e-01 5.711935528971000542e-01 5.606672156050850342e-01 5.798820089828029545e-01
4.275625076689020254e-01 8.470170941955460497e-01 7.381057793653990062e-01 6.619460674182899851e-01 6.746025709575049767e-01 4.124397775314320169e-01 6.550288588081060182e-01 1.000000000000000000e+00 7.160147047561540301e-01 3.189147596813449725e-01 2.224386940976209870e-01 2.432079077085650132e-01 3.075236739181940182e-01 2.268649666662679865e-01 3.128867844234149986e-01 5.494138627110279893e-01 9.942822444131280135e-02 3.955006931090849776e-01 1.665726827748109928e-01 2.069650811228969933e-01 1.701457901498679981e-01 3.989933189090000276e-01 1.526408529569749928e-01 -4.546400239084130018e-02 3.466490697349610128e-01 3.215759288250920056e-01 2.447330920148179934e-01 2.363619294256779912e-01 3.014977229758130095e-01 3.401349973244839897e-01 1.379925470825220102e-01 2.965694956629310042e-01 1.857431052909699898e-02 2.233196426776160037e-01 2.141608296718179871e-01 5.172995173268779556e-01 1.183664803855429964e-01 2.355841396766970020e-01 8.659010947009609938e-02 1.237617586742300047e-01 4.846776820547819831e-02 2.779608286958790142e-01 5.465552472698210346e-02 6.571093771907060566e-02 1.774173366276800001e-01 -2.361612044373399832e-02 3.508879155656149940e-02 2.321607760819570029e-02 2.019744349743720080e-01 1.160804804114169975e-01 5.413737444287820555e-01 7.747493541910619452e-01 5.960633676907639567e-01 5.270799525250889905e-01 5.394240807580630293e-01 4.802108921793569740e-01 7.990946433016580253e-01 6.686597556581670432e-01 4.157298914597499784e-01 1.670879259239219927e-01 3.731067821088689951e-01 2.149485839525299979e-01 3.731420302263560029e-01 3.815924798971179754e-01 1.169264937907539964e-01 3.715379165826069863e-01 4.581539243332050093e-01 2.630532254376399814e-01 3.976791329517819773e-01 4.757859897437379804e-01 2.768402598997409814e-01 5.680219360194790346e-01 4.169232322950139902e-01 3.566437785732959886e-01 1.864109734322260126e-01 3.882008020781190227e-01 3.124963379955250087e-01 3.952892797487850274e-01 9.273223183880069387e-02 4.027825820094970144e-01 1.491911384752729886e-01 3.219270882328589822e-02 1.667452312988249863e-01 2.600606270467110126e-01 2.849763670748319822e-01 3.671911108259789946e-01 1.458238472202879887e-01 2.479383085052540014e-01 4.828123160671560221e-01 1.482186969454329928e-01 2.330213467766640081e-02 3.992611800967599822e-01 2.648931149477399827e-01 2.705405517542059934e-01 2.373118788290279890e-01 1.180734113292720017e-01 1.066622359440430046e-01 1.840092743580949985e-01 1.873883444999409897e-01 1.083574023935449937e-01 4.656092745661220000e-01 3.879249824825130033e-01 4.030817001997160087e-01 3.351015185166330013e-01 2.916922548630079826e-01 3.039053843417020007e-01 3.794646258377070147e-01 3.152678576169840041e-01 4.148941631879429770e-01 2.518699667783489970e-01 2.491999164829719893e-01 3.220108619005540018e-01 5.129306080929549871e-01 4.064865076612459993e-01 6.166375714849769984e-01 3.948997112307959800e-01 5.193293048929680245e-01 4.523213186084329984e-01 5.394579364242939601e-01
3.336533372526819807e-01 7.523746730572630215e-01 8.422377024762609521e-01 5.144932387372449512e-01 7.544355615443449903e-01 7.905181111731970356e-01 5.177061878035810194e-01 7.160147047561540301e-01 1.000000000000000000e+00 2.814766847613289769e-01 2.586369476940479917e-01 2.876458293270700017e-01 3.186969070061320131e-01 2.781310274953440187e-01 3.435085598951940211e-01 4.169611480517280144e-01 8.156419877003469321e-02 3.340897485069719841e-01 1.692066948158179873e-01 3.384971724907949731e-01 1.780967045579789909e-01 3.291881189099469807e-01 2.881164558552060106e-01 1.089626796263160058e-01 3.116619002508460023e-01 3.301175969421549783e-01 2.787780720258870026e-01 3.382911509705500142e-01 4.349035551377199993e-01 3.858585941116149942e-01 1.127801549739139986e-01 1.469090530170669984e-01 1.578297079808409914e-02 1.798838805945079944e-01 1.731772717040820087e-01 7.547060385714069453e-01 2.570546163408859996e-01 1.667436290579820124e-01 1.408379704098990104e-01 1.387416491440409960e-01 1.164142539515630043e-01 2.856372249475159775e-01 5.462670822940649679e-02 1.336437816188600081e-01 1.395680775771689919e-01 1.403100155454420073e-01 9.475586186463190452e-02 1.020233471294829941e-01 3.288866036819479977e-01 1.746647605721670105e-01 4.883603615640240148e-01 7.423553123024180245e-01 4.311636328576219923e-01 5.135050031304450036e-01 8.486484963886570254e-01 6.931952690961940000e-01 4.890314991673320177e-01 9.021272827897020008e-01 3.479402432523809874e-01 2.141537745981050012e-01 3.740646934716699845e-01 2.156386760509730049e-01 3.195489051784500267e-01 3.435337172073160139e-01 2.534760795133569888e-01 3.432422462445650080e-01 4.882902756321390036e-01 1.898501237841559997e-01 2.443689906043030047e-01 4.023896620628010234e-01 3.804403942332709732e-01 4.366034886139349980e-01 4.360890735348340042e-01 3.917285733707490114e-01 3.030835956567120015e-01 3.344349335249189870e-01 3.869467136323350154e-01 3.581921786269420260e-01 4.726352242029750045e-02 3.038951312301130248e-01 1.850494596968070005e-01 1.049646053797570061e-01 1.170421888735569960e-01 1.921879020719300113e-01 2.578646884078200086e-01 3.328382336431819910e-01 2.545152425504579874e-01 3.148406472895500241e-01 5.625354920986279650e-01 1.738515524001139900e-01 6.076501432388509844e-02 3.465752443880050215e-01 2.639226463892340169e-01 2.201328680501790092e-01 1.686662196795999935e-01 1.859570717909040105e-01 2.078174656939530129e-01 2.265614361700460100e-01 2.882480758582400271e-01 1.422643783507059889e-01 3.993712462559230181e-01 3.101803328277499827e-01 2.871244185561009910e-01 2.143671733521619882e-01 2.672049411666529983e-01 2.941024714013379948e-01 3.683688399963649940e-01 2.963289169813549950e-01 3.744192687170930234e-01 2.074858321385789905e-01 3.274698580821659988e-01 4.035227989272959781e-01 4.223999829034619791e-01 3.350635485690460214e-01 5.123835298268779592e-01 3.601233281242049999e-01 4.802903294536199907e-01 4.875452938577030104e-01 4.543648350126269775e-01
2.608238974533629850e-01 4.671228896921210128e-01 4.364607340401249758e-01 2.567872699860659913e-01 2.888178048102669759e-01 2.737178777633310078e-01 6.211336720538479517e-01 3.189147596813449725e-01 2.814766847613289769e-01 1.000000000000000000e+00 8.319028783385910009e-01 7.845018549319370260e-01 3.381254393267539848e-01 7.208816466395170375e-01 7.594215468377449874e-01 3.364877923531719994e-01 2.870148032474629796e-01 1.365461935922220038e-01 5.064290923182529491e-01 2.795032372806089960e-01 5.273594551348890214e-01 9.175175029713990293e-02 5.494654032578629721e-01 3.787769210707370160e-01 7.470098690282269693e-01 4.874520669209719825e-01 1.771042694299710119e-01 5.213957169692320370e-01 7.334614023284989903e-01 3.970167570620810049e-01 1.341554624047930078e-01 4.521586384640959855e-01 -1.961920704757990144e-02 5.740513152128440266e-02 -1.486072464715199881e-01 4.667382739039550033e-01 3.322870623454710071e-01 3.008175163677699882e-01 6.495742023658750142e-02 4.166536891190230074e-01 -1.322164192684090016e-02 3.466229626397749897e-01 -2.198281552736270072e-01 2.453920871605209941e-01 6.170038323362520005e-02 -1.699763539241060106e-01 -2.228034546107069969e-01 1.070840866517890067e-02 3.026772503656939839e-01 2.613246635613999946e-01 4.413354793365150130e-01 3.196731348114589810e-01 4.055410817977139759e-01 3.463743377331580109e-01 3.198269167594859907e-01 4.449855097890930145e-01 3.453120789941119817e-01 2.210552225872819965e-01 9.168420508318739781e-01 6.950807540296549680e-01 7.926115141966160182e-01 2.909515164565579792e-01 2.104589126701789936e-01 4.912166290268750179e-01 6.124000601879749928e-01 6.953624648164999922e-01 5.998724132388110197e-01 5.711726232408099735e-01 2.169181361153419973e-01 2.296481981802699912e-01 5.841603462778489630e-01 4.227568636789559853e-01 6.852709580717559756e-01 5.828031356914029626e-01 6.933040707818930448e-01 6.306529352584000492e-01 7.649912322487010252e-01 6.207554755453209561e-01 1.750571427770850064e-01 4.166992087942669731e-01 7.373435692708089906e-02 -1.406959404218779963e-02 6.892324176527160617e-02 -8.665662926082390305e-02 2.751104267994630148e-01 1.651345894512999957e-01 3.534215285112660143e-01 3.399725661489310102e-01 4.535028677958959920e-01 1.053142425110380059e-01 4.781149949725409937e-02 6.089153544596419554e-01 5.491593374888079637e-01 2.801897302079049967e-01 -4.920002142488209742e-04 2.270171515321469935e-01 -3.266756936819840019e-03 1.647962053131090121e-01 1.808959753239670065e-01 2.406554858388260110e-01 4.964276819925350082e-01 4.208851594057109735e-01 3.872757533686180254e-01 4.729338718590460067e-01 3.298576230192920011e-01 3.999558139543499813e-01 5.709024617982030314e-01 4.801506190043379751e-01 4.482295284116180056e-01 4.564623329804640139e-01 5.337374258292389984e-01 5.712851980542360542e-01 4.087692589684340239e-01 2.772040047368249938e-01 6.709916847956429731e-01 5.378327622287060183e-01 6.262986542634889631e-01 5.318331672552260025e-01 6.103998648267640048e-01
2.681847566800619753e-01 3.377577987175199858e-01 3.825158772821309894e-01 2.345079351051450045e-01 2.306393413102280077e-01 3.121125875267279914e-01 4.543075173514949938e-01 2.224386940976209870e-01 2.586369476940479917e-01 8.319028783385910009e-01 1.000000000000000000e+00 7.507543681539300406e-01 4.369947767047659970e-01 6.870888953964550128e-01 7.343784476125320149e-01 2.968169926053080276e-01 1.214680364001250040e-01 8.915817036317570665e-02 3.599765674975700103e-01 2.821199213009479845e-01 3.982830492618100182e-01 3.292210215764310166e-02 4.687556991950280194e-01 3.297764450654809831e-01 5.651482255378630359e-01 2.932164482085530266e-01 6.128632431167679862e-02 3.901540338007750131e-01 6.566285222157119961e-01 3.157172816193680176e-01 4.589769320162989663e-02 4.785324748040299947e-01 6.493527196800680246e-02 -2.598247202725730010e-02 -1.399867889245229868e-01 4.424432478553709802e-01 3.192244372318039924e-01 3.592265668660930000e-01 1.460358166426050097e-01 3.846535214533279845e-01 1.252008276825840039e-01 1.983578504653820129e-01 -1.620705171970880099e-01 3.095434304007960158e-01 7.873102723195539443e-02 2.522433310060610140e-02 -1.342515170890180021e-01 5.958134189018689936e-02 3.849062851139170016e-01 3.432882146940610113e-01 3.952578590060210062e-01 2.561786694420150057e-01 2.939284514563419992e-01 2.741854325694300099e-01 3.149367508177389752e-01 4.721358307876339921e-01 1.833782801455189904e-01 2.112973759133739970e-01 7.205881673660929909e-01 7.199482747592289567e-01 7.457208966264270433e-01 4.023995775528079744e-01 1.461946151873939892e-01 3.796514149563450236e-01 6.172617089045030481e-01 6.637020608574899505e-01 5.249068106764519515e-01 3.578078205453509852e-01 -1.717417904330099943e-02 1.208835945453920063e-01 4.958284231294989852e-01 2.252373403578279976e-01 5.259824567931450368e-01 4.411550136498060271e-01 5.344352533624450174e-01 4.301232408930150131e-01 6.672487486076420504e-01 4.482976056433869982e-01 1.281454080367090131e-01 3.535790117639679986e-01 -3.781005462418020324e-02 6.053910036394270083e-02 5.806036713604689758e-02 -1.047342846041589975e-01 7.735185740899619411e-02 9.351858449567990172e-02 3.046809514921379747e-01 2.500234660356739913e-01 4.005974755263360110e-01 1.583850454901259974e-01 1.060742224151930008e-01 4.722715330594299821e-01 4.377411402354909886e-01 1.327974142162700044e-01 -3.526591265009459963e-02 2.919230088334299755e-01 1.055941410489739940e-01 1.403965251827929972e-01 2.828199744337689947e-01 3.125862516800140267e-01 4.241473688256999774e-01 3.044561320771039803e-01 3.183033941749719986e-01 3.654467141899129801e-01 1.670253663050459969e-01 2.450427407934170076e-01 4.150830889956099723e-01 3.841270972090859992e-01 3.633792585366389938e-01 3.089628097572629795e-01 4.424023257409229748e-01 4.720875710489370047e-01 3.780612127888109963e-01 3.034663019397039752e-01 5.745667341212450374e-01 4.964020190559589873e-01 4.843930997910569913e-01 4.358312059761860202e-01 5.463157956736010012e-01
1.690767741524749901e-01 3.615377696366119942e-01 4.157127589729420203e-01 2.383099956401290020e-01 2.559788871583639769e-01 3.685686965804449988e-01 4.459370691252220187e-01 2.432079077085650132e-01 2.876458293270700017e-01 7.845018549319370260e-01 7.507543681539300406e-01 1.000000000000000000e+00 5.805944697651690412e-01 6.289005019827800247e-01 6.342189074449110509e-01 2.597333209666750076e-01 4.486302905925880213e-01 7.794800559176880139e-02 5.209689725627100199e-01 2.650008723780549746e-01 4.943729862513420170e-01 2.926067779242499944e-01 5.629114866991840049e-01 4.634863710848550200e-01 7.387047709125800221e-01 5.418706096815609774e-01 2.320292291287980035e-01 5.002081936710439658e-01 5.942847277141359852e-01 4.189667186319470105e-01 1.437221149290739963e-01 4.266394004126209949e-01 -5.907709078451200101e-03 6.848950558545560674e-02 8.468074820463069793e-03 3.850739021489449909e-01 1.985743278050270122e-01 2.804803366608710213e-01 1.021267211566549982e-01 3.736495129822000050e-01 3.496448265463209665e-02 3.574488498630570277e-01 -6.978973454404870103e-02 1.623772353404270008e-01 3.655871787023560332e-02 -2.227491301132840038e-02 -7.798022546924129883e-02 4.171861399939660181e-02 2.385547092240800082e-01 1.802789842589589964e-01 2.585860917247860269e-01 3.037305595219300103e-01 2.466043113598589964e-01 2.729179381282300088e-01 3.369423046280879963e-01 4.606357477082250185e-01 1.732786310122149953e-01 2.665257526141239786e-01 7.119543257520659640e-01 7.498682272708270258e-01 8.552278283492810163e-01 5.496674504530759675e-01 1.960903757009349879e-01 4.350929604283420016e-01 6.217330766692610311e-01 5.942901362910150143e-01 4.536342372048869920e-01 5.090963947948270452e-01 7.624902369662860113e-02 5.629151053337370231e-02 4.821849480957580147e-01 3.034907334964049852e-01 5.807510856036469660e-01 3.645908765800879858e-01 6.107701886632449506e-01 5.899961439665980523e-01 6.222274887566869861e-01 4.882788408513130118e-01 1.120884177901359940e-01 2.793847939212130149e-01 4.493133443781129749e-02 -3.803515853107399675e-02 -1.727706587705219940e-02 -9.575001894797570412e-02 1.408360545311649892e-01 1.133161033624820041e-01 2.015323721178839955e-01 2.984815550412219798e-01 2.545562133499220114e-01 6.330247749009179636e-02 9.400983640091360033e-03 4.663400585641980234e-01 3.443402049984449764e-01 1.596577643620979980e-01 1.486485574461170016e-02 9.852442081384579775e-02 4.052926923939839665e-03 6.234066285311910122e-02 1.050704365717810007e-01 1.048912517136540018e-01 3.877978475716319928e-01 3.588287814023630173e-01 2.894196057078119999e-01 3.845487996775129869e-01 2.759671117088299819e-01 2.853142964326810249e-01 4.382908910713689821e-01 3.408716237582949948e-01 3.511153199538589731e-01 3.204390926418499985e-01 4.602966762397550093e-01 3.927348540807110155e-01 3.339244413363040009e-01 3.240633996724689991e-01 6.234235022384120306e-01 5.480885075533169504e-01 4.861092786382419928e-01 5.088099614831329554e-01 5.508736879859950086e-01
3.445997489496300248e-01 3.499442564403669742e-01 4.432328990350880016e-01 2.995249947413849978e-01 3.505222615347189929e-01 4.324448300745999951e-01 2.515903612732660055e-01 3.075236739181940182e-01 3.186969070061320131e-01 3.381254393267539848e-01 4.369947767047659970e-01 5.805944697651690412e-01 1.000000000000000000e+00 4.570714663067830252e-01 4.642362406297079747e-01 3.661089819015619917e-01 8.214355689062879939e-02 2.603616765140839839e-01 2.612138985468099861e-01 3.116795257482810055e-01 1.978924535916410099e-01 3.513264503875069833e-01 3.323475815137050260e-01 6.519273690237080421e-02 2.683273558185810259e-01 1.625145906408380081e-01 1.100742111211209934e-01 2.505257968119369849e-01 3.527352749861850101e-01 3.104981764782620002e-01 1.557387589490150104e-01 5.394424491322239446e-01 2.530124851336539860e-01 2.924699148044599961e-01 2.787857011475590174e-01 3.661843148075200061e-01 2.670169382701160221e-01 4.433724636007260189e-01 3.675488054562789930e-01 3.390775307899969726e-01 4.059796017138759816e-01 1.291609776190910108e-01 2.733452928137459770e-01 3.509038672172359874e-01 2.100152124812439958e-01 3.450686698841720079e-01 3.488353375363800191e-01 3.132824321553639990e-01 4.084447040704369813e-01 3.551941833750190125e-01 2.898898620113560254e-01 3.660058832780859750e-01 2.150992821551629963e-01 3.364580360166479767e-01 3.506233929905280267e-01 4.963696333764660018e-01 2.727028024192549860e-01 3.801944351787410192e-01 3.436171794087650166e-01 5.261026926684749805e-01 6.146627710482639451e-01 9.190790768373729991e-01 3.937736193928950135e-01 4.585608541628949930e-01 3.832063349769920246e-01 5.336725047042809589e-01 3.123086871158580191e-01 2.812637547396730220e-01 1.245329836064009987e-01 2.046654884634039884e-01 2.393017389817529983e-01 1.825834980495129878e-01 2.800432841473100010e-01 8.833958317251450199e-02 1.671748287674020006e-01 1.878639360344299958e-01 3.074196132239899737e-01 5.837656443467000023e-02 4.734972192733789831e-02 4.121414532941989894e-01 1.094545016100459955e-01 2.705567244737560051e-01 1.501679072831970108e-01 9.413495347257909429e-02 2.207613742648700111e-03 2.706275020389209973e-01 2.829721649541219741e-01 2.404120760019259895e-01 3.012230951569059845e-01 2.552123553413510049e-01 2.991723087581389939e-01 3.188357269812029937e-01 1.532462476367530135e-01 7.878165657805670519e-02 2.257071368869690009e-01 2.838617926240090128e-01 2.804674944665330183e-01 2.896965157951980063e-01 2.964302540891409765e-01 2.616225959956199887e-01 3.507034825624529839e-01 2.874528174259269875e-01 1.321401285216819987e-01 3.700769387806809863e-01 2.356475818638890107e-01 1.486697111863470033e-01 2.364202236570789872e-01 1.665066793648269927e-01 2.400291960196269947e-01 2.246595044203980041e-01 3.041840379910790149e-01 2.791196073549300216e-01 3.966553981521430128e-01 4.336349743524799960e-01 5.473935367431339571e-01 4.190617796327230082e-01 3.305901049146089954e-01 3.784876928600029999e-01 4.489368099991810079e-01
