1.000000000000000000e+00 3.352006696054489754e-01 1.625462956562739869e-01 2.609882896070550018e-01 3.194261383990300018e-01 3.173396215000269804e-01 3.412415093932389953e-01 4.573076716644199902e-01 3.787681716415149946e-01 7.100750404337050070e-02 1.861453665593819917e-01 1.411529344127669949e-01 -1.108478820281210003e-01 2.671696582599989989e-01 3.268898147710109781e-01 3.959815215554289836e-01 4.405548297063710018e-03 3.043979402673779866e-01 1.475535254064060109e-01 3.670377280595800151e-01 3.650200281223560106e-01 -9.085832845900790322e-02 4.568604673656859738e-01 1.939204535169490040e-01 5.100504202445810265e-01 -1.173172299478499915e-02 1.055768211350090052e-01 1.347023029526999982e-01 2.881320925657689935e-01 3.861067360135519988e-01 2.449037312105719899e-01 7.323921852151400458e-01 4.097449158403290159e-01 8.801611190997020440e-02 4.439234546352960331e-02 4.734892773191820003e-01 3.535305463203110010e-01 1.379674737038910082e-01 1.599095764122049901e-01 3.018473405418780064e-01 1.996632331234010072e-01 4.866437529563789888e-02 -1.750725871444810122e-01 2.439394754263410070e-01 2.061578491215450004e-01 1.629255293213290046e-01 1.963770801932860077e-01 4.686307984188899933e-01 3.995179194584779769e-01 3.136038681580660126e-01 2.868652565398530085e-01 3.920314199402959998e-01 4.165474498690350247e-01 2.425268522170469926e-02 3.093055695503190150e-01 2.917364586067430210e-01 2.889717505376079854e-01 3.220564159558180206e-01 9.242255217519490529e-02 6.839556901932880573e-02 2.326911208196069947e-01 -5.536411373637849936e-02 9.340590742865849394e-02 3.057743537025299774e-01 3.506899889961879735e-01 3.607564244704229983e-01 3.934148320959480194e-01 7.705842765219579615e-02 -2.826726911175590079e-02 2.524931364594449890e-01 4.623402492774710271e-01 4.394959501749409747e-02 3.402276836026280060e-01 8.988065714903510639e-02 2.334127253361960030e-01 4.385535223368129676e-02 2.273558718337060081e-01 3.391350599345980266e-01 2.628982925601129894e-01 6.055869669200319994e-01 -1.692722129722570024e-01 1.984080327524160026e-01 4.359049752742900213e-02 9.265236993154229994e-02 9.690791278331549463e-02 1.228266296991689932e-01 2.907795621276110243e-01 1.263808119660589924e-01 3.455316886691700007e-01 3.761908782878530255e-01 5.123403998575659646e-01 4.472086293303320081e-01 1.740784774323489992e-01 2.561753365772069801e-01 2.136068139865100052e-02 1.239774712898649989e-01 1.296837915141829944e-01 4.638878097624090091e-01 5.071163416947259694e-01 4.206379086672559775e-01 3.044883686210840268e-01 5.251886265444859481e-01 6.060833859854599659e-01 3.382820320723770036e-01 6.261384037821079995e-02 1.640429809418099960e-01 1.214308903191590044e-01 2.302427309523009946e-01 1.336985690586570130e-01 2.045483624551399926e-01 1.241000050011839967e-01 1.263810420430860060e-01 1.857984366724340086e-01 1.587454051141350131e-01 2.661704007024490171e-02 6.913988519450070536e-02 2.935130347896909922e-02 1.175983029939230012e-01 1.692857523698710065e-01
3.352006696054489754e-01 1.000000000000000000e+00 5.792699211916080282e-01 7.894985383333850137e-01 7.133398342727510499e-01 6.270533394877300104e-01 4.874332956998370103e-01 8.151960757581669936e-01 7.028497482884119574e-01 4.665501005018389824e-01 3.570914829086619946e-01 4.782605636114040104e-01 3.593607748336680174e-01 6.483317188849170298e-01 5.819764298736309627e-01 7.460492427958610451e-01 3.677208551732750186e-01 5.462111317628780549e-01 5.971795131796510114e-01 4.708658465681789806e-01 6.957626782031499646e-01 3.469055165846759992e-01 5.120486635279040133e-01 4.421892704326519929e-01 2.779304092857040054e-01 3.555786295594680069e-01 3.692196373347360061e-01 4.309294789638730139e-01 4.740653022783880011e-01 4.575693989483730073e-01 8.763063431400119896e-02 3.788741544353160240e-01 3.740176287271809730e-01 1.729828506865699889e-01 3.204753732762449792e-01 4.938429367927940072e-01 3.004862586795319923e-01 1.858337396682550047e-01 3.051634119828500191e-01 2.733229673142950067e-01 8.154708813039800164e-02 2.546048113331380036e-01 1.490237034588089982e-01 3.651548284741770178e-01 3.764362972161670040e-01 2.470879543215319940e-01 1.687415214158380083e-01 2.987065795655660105e-01 2.004327508410350123e-01 3.278807613471910187e-01 2.190378028640790065e-01 9.004871982312869783e-01 8.242695526179359966e-01 6.612914446176809680e-01 6.812352511141840372e-01 4.845520470003940039e-01 7.071936696375330511e-01 7.650115717150040018e-01 3.238794206588390123e-01 3.234541008640490212e-01 5.616614331774489877e-01 2.964496462096219975e-01 4.500038455722260022e-01 5.789438404077209555e-01 6.614247723175270544e-01 5.757807726673169757e-01 2.735927576422529928e-01 5.682005808237120537e-01 5.885371175011849809e-01 6.777149255312290288e-01 6.747348282837679623e-01 6.008877933035069452e-01 6.820594839298820267e-01 1.843804383274159908e-01 5.653822808349050488e-01 4.871247113113100213e-01 4.642845337549459939e-01 5.903770001134519552e-01 3.301954753911410245e-01 5.837919565535749644e-01 3.772185511017149828e-01 1.910442749538240059e-01 4.407276711231720157e-01 5.546670534183859580e-01 4.970696464584770102e-01 2.947358035771779905e-01 3.204362612831310186e-01 4.977498382021630086e-01 4.419183619376579886e-01 2.653840915970649972e-01 4.235055909535420104e-01 1.316887427526390042e-01 3.071134711497000014e-01 2.503502101351789966e-01 3.366459354573649865e-01 2.925616826643440138e-01 2.915000731544790114e-01 4.028059197746299835e-01 2.296199857708879910e-01 2.486399638521120115e-01 2.055050428109919947e-01 4.134782250231670009e-01 3.276969673453150045e-01 2.938235881561779839e-01 4.026418892881289957e-01 4.444968860706440261e-01 3.441739575378219840e-01 3.853123761975190131e-01 3.489613167897859802e-01 1.863509410709250080e-01 4.940764595830879902e-01 4.252793542633310220e-01 7.092910881498309950e-01 6.753072170088030290e-01 6.601076808357779768e-01 6.341856456787039464e-01 6.633292656293809930e-01 6.099402913230860257e-01 7.241734795711209927e-01
1.625462956562739869e-01 5.792699211916080282e-01 1.000000000000000000e+00 3.986672643918209857e-01 6.478139008686200073e-01 7.749963367058190222e-01 4.569816459786720242e-01 6.723880109403940208e-01 6.828855666559979776e-01 5.930374402378200127e-01 4.446945112475800266e-01 5.065125314570270154e-01 5.679986800692390370e-01 6.763932462809320034e-01 6.228412551725700519e-01 5.188798252813859868e-01 4.957294264767480030e-01 5.255365699205369889e-01 4.856454033811529736e-01 4.314376526265130130e-01 6.813087173528690199e-01 4.776574047702519810e-01 5.216078891644689852e-01 4.021070942375780111e-01 2.056769276643810040e-01 4.662386630953139766e-01 3.999346913691629868e-01 4.993384547189900213e-01 5.749610460465629513e-01 3.920482934778060091e-01 1.061934908795429955e-01 1.671274478346869985e-01 2.408843022282929902e-01 2.056168509534100075e-01 3.515550066007929741e-01 3.910192478082269996e-01 2.251874632580060098e-01 3.282888100918939789e-01 2.229816771229519989e-01 4.139459690237969891e-01 1.239182013265889976e-01 3.596977755455150194e-01 1.995390187813189942e-01 2.969238704326169764e-01 2.535303082272429842e-01 1.224798629010220019e-01 1.308620617090409943e-01 2.357022059963549965e-01 3.758187483496550074e-01 3.025110919597540082e-01 5.395895398305089463e-01 5.758253720276369503e-01 4.728407465742570093e-01 3.420112512290759965e-01 6.301507926908339607e-01 5.899211122397129969e-01 5.425463153464159527e-01 6.131282933137790492e-01 3.955592792115010248e-01 3.735773976564479848e-01 5.474959219069730487e-01 5.092648954033890396e-01 5.974050424039549778e-01 5.686617706825020102e-01 5.210464013123590199e-01 6.165647477633969809e-01 3.927763623753969813e-01 5.293207608815649889e-01 4.405954795325879858e-01 6.071350550487050191e-01 6.079103563233390073e-01 5.941287540174959858e-01 6.245088589452879591e-01 1.608407422871729886e-01 4.566991794132609916e-01 5.514142755146049790e-01 5.992424169895299579e-01 5.915522840311380204e-01 5.229449368427330214e-02 2.350159401698740103e-01 4.202246185004099854e-01 1.248063014104199980e-01 2.294033235715249863e-01 4.315961566716989828e-01 3.318510421715760161e-01 2.324365212021539950e-01 3.269703442810730221e-01 4.872605068762290159e-01 4.897159235820139900e-01 1.383629271181320008e-01 1.874154517140889931e-01 4.476090699597919803e-02 2.324701415282660055e-01 6.747765153098539415e-02 3.934439402572860178e-01 2.839287945313990202e-01 1.285759515240449957e-01 3.022428543715879878e-01 2.980135129907079961e-01 2.620985605355690140e-01 1.504493658050430061e-01 2.926959112266590002e-01 1.407287390771420066e-01 1.620772489214239998e-01 2.151876017308320121e-01 3.868864152821639979e-01 3.974808054923679723e-01 3.942723080030510197e-01 1.694702427349950025e-01 1.439594907631560061e-01 4.455111285126779896e-01 5.164135371086030490e-01 4.588307564266129734e-01 3.417682241035370216e-01 6.492411841002040385e-01 5.796373837252849492e-01 5.535488244620090370e-01 3.918555085203350163e-01 7.008731471424890502e-01
2.609882896070550018e-01 7.894985383333850137e-01 3.986672643918209857e-01 1.000000000000000000e+00 6.193839459207749476e-01 5.224740667889740120e-01 4.353626003246289788e-01 7.236761363434940364e-01 5.535287970391560286e-01 3.549773311650820107e-01 3.791846071334190049e-01 3.862239945071839764e-01 3.279034575756780145e-01 5.470752589507339447e-01 5.128291907274360462e-01 6.354040192238460394e-01 3.208599984870300070e-01 4.779201712947839797e-01 4.620435507317690038e-01 2.930079497410710276e-01 5.783343333186949931e-01 3.168786542731419908e-01 4.247799763074219803e-01 3.287610422440759850e-01 2.942586896650020156e-01 3.520424304308760188e-01 3.420352534367659958e-01 3.653268818736989942e-01 3.977644514456549762e-01 3.399368634501940267e-01 9.462379971441950421e-02 3.719220120842149924e-01 3.591648864466450153e-01 1.503078201958630011e-01 3.201300169539559870e-01 3.637736229300109758e-01 2.661925444360809800e-01 2.234343402935609901e-01 1.962251962492790047e-01 1.962607133903919998e-01 -1.403420059906559936e-02 1.607879547833160061e-01 1.993019391649429872e-01 3.224616509837989753e-01 3.668150841642109916e-01 2.040934906458659881e-01 1.104337354659900017e-01 2.353633482171000046e-01 2.891991994691180123e-02 2.465234791908940126e-01 1.514974844065599957e-01 7.213189950866389921e-01 7.341141280378370437e-01 5.406450874183850175e-01 5.719979274030909666e-01 4.456244856250100028e-01 7.261951405380889790e-01 6.141961412143609467e-01 2.681445215125790038e-01 2.929226155176060109e-01 5.218311180027720431e-01 3.321399005624580125e-01 4.393688597151559905e-01 4.964195874865710012e-01 5.566444871955390505e-01 5.038003699797609647e-01 1.882815351057970099e-01 5.536179228955679932e-01 5.223415265081120529e-01 5.379105587418799850e-01 4.760318594390879898e-01 5.445027332635420381e-01 5.990632347318060047e-01 1.950738021835559943e-01 4.899775847465009937e-01 3.967442494690500143e-01 3.303285647047840001e-01 5.445523108604920504e-01 3.640903045934679727e-01 4.819662335846819912e-01 2.829296068093000160e-01 7.683949490770880519e-02 3.846890409602999883e-01 5.259196279828209919e-01 3.894769692830939989e-01 2.241677578960530048e-01 2.635751088449940216e-01 4.256361223919399861e-01 2.876977572939040106e-01 1.511238176579630110e-01 3.803936981192009847e-01 1.958819442660529875e-01 3.270780272019240265e-01 2.434055424488660024e-01 2.923169283054269929e-01 2.538308052651330193e-01 2.679566799240140074e-01 3.196766101984749864e-01 6.590792414692719925e-02 1.536195266052859942e-01 1.693721887106560131e-01 3.027185522179600130e-01 3.037742891236380194e-01 3.367796688268249738e-01 2.722047962905099761e-01 3.334471407268250198e-01 3.430861412381320252e-01 3.341720021950330133e-01 1.960367211009479971e-01 6.743747590891520372e-02 3.721013014917459727e-01 3.872166345536799947e-01 5.207703021053740056e-01 5.206549659115790041e-01 4.462911904028870058e-01 4.156884441324280033e-01 4.528625070130740116e-01 3.657067672742910225e-01 5.288819912692299674e-01
3.194261383990300018e-01 7.133398342727510499e-01 6.478139008686200073e-01 6.193839459207749476e-01 1.000000000000000000e+00 8.283284079514029452e-01 6.428772231585599961e-01 7.674571113937089795e-01 8.166292725814200404e-01 5.466612565993239636e-01 2.930168535336959978e-01 3.386220203010020247e-01 2.822786225682810124e-01 6.756383651581590044e-01 6.377986196932049490e-01 6.050063071236969625e-01 3.302977171668429746e-01 3.928141834008430089e-01 4.207279732206770095e-01 5.097716740452650219e-01 6.680472451214609642e-01 2.852812386169780168e-01 6.251828630974100021e-01 2.408913102609150092e-01 4.580296136740459878e-01 2.731981361415840026e-01 4.540310974662559729e-01 4.015998646587199961e-01 5.152095057572529946e-01 6.075516800163900388e-01 3.477917027877749923e-01 3.517233453130190202e-01 4.342852974442920067e-01 1.140884251887780004e-01 2.500626689670760183e-01 4.501410627140149945e-01 4.543872097865909732e-01 4.227479411258540098e-01 4.664718463014649874e-01 5.101167613228899667e-01 -3.351303525153939700e-02 4.272861436273440172e-01 1.595681000423050111e-01 5.147909619772640388e-01 4.386644963160409860e-01 3.160875907809539975e-01 2.919394393122110021e-01 3.666931017525529857e-01 3.895976325452299993e-01 4.127966876130759744e-01 2.991643006850769893e-01 6.897016636406559931e-01 6.088569990884690197e-01 5.008798563174490237e-01 9.025059723525109545e-01 7.907957110281700341e-01 6.520325830970280512e-01 7.781501152789990217e-01 5.722066954369039449e-01 8.128381805849770048e-02 5.220462559658509694e-01 1.916959708683539931e-01 4.965488416625190027e-01 6.503396743203290198e-01 6.404548776080339900e-01 6.117691406479619509e-01 5.195075577059720118e-01 4.855475707843009969e-01 4.944624515135599974e-01 5.140530953087369959e-01 6.530774322980340552e-01 4.432688534154630156e-01 6.915795727759229683e-01 4.541571411820889970e-01 4.364840811690779976e-01 6.008631514943659768e-01 5.207924732980430127e-01 6.497555101609080452e-01 4.159331526311990102e-01 3.182191656735159913e-01 1.775333981957600005e-01 1.739057802968639876e-01 4.630221847419460079e-01 3.974934530911670150e-01 4.307062427209469857e-01 3.295856993625719822e-01 3.997214340436360258e-01 5.038890928534449642e-01 4.684344897046299749e-01 9.657618304019000011e-02 4.454116377226949863e-01 4.392919031792349993e-01 5.616580120729449677e-01 5.130877224661100078e-01 3.427709735332060137e-01 4.728064432952289731e-01 3.852069571106039869e-01 4.501139252180240136e-01 4.779120372991069732e-01 3.454113487196269761e-01 4.671668138840839868e-01 5.173040281396129592e-01 4.143427358650850212e-01 4.977703079608379877e-01 3.035192962498359792e-01 5.431290248678160015e-01 3.969336503545510264e-01 4.362207380488730135e-01 3.080659236738039763e-01 2.105636967345979882e-01 5.585067458665170514e-01 5.830147337078790404e-01 5.350580376356940393e-01 5.124864068556920227e-01 3.909761717682709858e-01 3.509535193545310072e-01 5.430118333433150424e-01 4.457360819817610120e-01 5.776717305901970523e-01
3.173396215000269804e-01 6.270533394877300104e-01 7.749963367058190222e-01 5.224740667889740120e-01 8.283284079514029452e-01 1.000000000000000000e+00 5.945502479166030474e-01 7.083956501491489588e-01 8.348951377139800512e-01 6.057143652028480485e-01 4.707498453128010074e-01 5.135776737078939780e-01 4.545439951869649775e-01 7.518346050136619496e-01 7.581000196624749776e-01 5.419347191553199883e-01 4.192773473961259878e-01 4.466235071699349857e-01 5.068430596084300133e-01 4.751195416014589723e-01 7.049404257560449860e-01 3.123094814653529783e-01 6.877628618320530407e-01 2.886181511619310136e-01 4.919455166026819870e-01 3.667826079837330222e-01 4.256695536807920122e-01 4.574438645686059735e-01 5.895825284730340510e-01 6.090270783205939953e-01 3.228067008960400219e-01 3.267664148442330219e-01 3.531563021797299862e-01 1.542304428374400016e-01 2.849001077416439820e-01 4.550604925772629983e-01 3.485483664921080194e-01 3.956950971186319888e-01 4.081830569211319926e-01 4.748020451593599756e-01 5.071853439172899908e-02 4.714958871043529731e-01 1.606847697654059937e-01 4.903423496979980034e-01 3.474430257163860225e-01 2.207604910638329976e-01 2.232879522638940017e-01 3.750812406478640226e-01 4.982502278911259963e-01 4.200653746698410074e-01 4.379354441584509816e-01 5.879231015566089846e-01 4.998187553903110092e-01 3.017893874324720227e-01 8.597018762682100412e-01 8.114650121549940032e-01 5.894877495187640370e-01 7.207613074077939830e-01 5.921549291711080132e-01 2.604702343511109963e-01 6.262100903649040484e-01 3.639254229920230177e-01 5.459894069289069618e-01 7.319276300132949720e-01 6.626134477501279818e-01 7.660349299073130336e-01 5.287699601661850490e-01 5.340310303929930447e-01 4.342562616571870038e-01 5.154425493386020074e-01 6.514832514892590076e-01 5.040191426285830500e-01 7.591647662264949803e-01 4.187029796809940141e-01 4.516326155111989871e-01 6.227393403205949696e-01 5.863640353642940450e-01 7.145533693024489486e-01 2.896174730121129914e-01 2.817688361487309945e-01 2.333759351348909938e-01 1.785309999819680027e-01 3.864091725360450091e-01 3.925338449295360244e-01 4.236303831267729803e-01 3.296443850511370233e-01 4.128348574137680194e-01 5.430286306788729700e-01 4.863981945572309895e-01 1.410207035752140126e-01 3.583271527100729825e-01 3.752533080978650015e-01 5.303152260076310354e-01 4.303789384072549962e-01 4.550134729837559955e-01 4.157040709567850212e-01 2.759596819115289756e-01 4.750341797387839793e-01 5.094681261926570226e-01 3.698688190702170142e-01 4.094138430745100088e-01 4.953584084954910094e-01 3.698614065627309766e-01 3.697591668317219971e-01 2.204195497299349937e-01 4.793588942599120162e-01 4.832047084346600130e-01 4.934314293103679860e-01 3.994769899152489923e-01 2.524777360329479858e-01 5.130729197364379823e-01 6.308803385022160315e-01 4.270487827110999723e-01 3.507515356544489982e-01 4.363949725072159835e-01 3.536699942549230147e-01 5.218137499015670366e-01 3.368162932171980262e-01 6.273257986894820171e-01
3.412415093932389953e-01 4.874332956998370103e-01 4.569816459786720242e-01 4.353626003246289788e-01 6.428772231585599961e-01 5.945502479166030474e-01 1.000000000000000000e+00 6.155619258149590545e-01 7.083961260631219670e-01 5.706402417185539866e-01 1.959149411314000111e-01 2.955712752420580069e-01 2.723939197742539786e-01 5.836736378847959816e-01 5.973490460526790224e-01 6.184592435683839984e-01 4.390394227031489960e-01 4.797249630171980250e-01 4.793341183819869733e-01 5.740283162100200398e-01 6.746580344761710091e-01 3.292439049165100107e-01 6.147831468612540151e-01 1.487511077178090002e-01 4.210970558620210080e-01 2.007821516580949872e-01 3.911436180582359978e-01 3.744948211307850272e-01 5.235792526218889797e-01 5.531885741377360333e-01 1.880786682999860127e-01 2.810708720136679828e-01 4.968773466278890161e-01 2.097083441868969889e-01 2.771389537701480221e-01 4.538401171275019963e-01 4.221431012177460085e-01 4.933974955309149979e-01 3.524756828563099798e-01 6.618328268081710153e-01 2.240612116060200151e-02 3.289966708906009729e-01 9.600496957739799997e-02 5.038119518375140382e-01 4.417450825755609989e-01 2.765505686246439998e-01 2.735997671228240224e-01 4.937210500453430018e-01 5.209322783779639643e-01 4.606662040564080129e-01 4.970915955351489779e-01 5.243366589845259718e-01 5.924333152609979614e-01 3.737383539769840168e-01 5.899749769401899657e-01 5.963833027830089950e-01 5.447456113262449939e-01 6.427307491290400465e-01 6.322235209023290281e-01 1.238217956558139952e-02 5.130463702568209827e-01 1.597902699688980022e-01 4.004728383630810074e-01 5.026870298196569609e-01 5.591930765621080379e-01 5.893247627598829919e-01 7.102284652640149520e-01 5.489790100324519750e-01 3.892382999669750099e-01 4.894717782247229865e-01 6.848201250397230044e-01 4.028963206277609843e-01 6.023920745384340192e-01 4.319357373998690131e-01 4.199594656268080262e-01 5.122379526065109490e-01 5.303869903714010237e-01 5.210753456599309663e-01 2.442250268347309905e-01 2.708448691609869896e-01 -3.401520975040549927e-02 1.493225760176450090e-01 2.508821139301050107e-01 2.667742789430629924e-01 2.476145830239329937e-01 1.634193156770860078e-01 3.417659847824470187e-01 3.334223321153950148e-01 3.851820820877199791e-01 6.424190596793430408e-03 4.085698689081129764e-01 3.948900891197180130e-01 4.286577679367630234e-01 2.957599840317929885e-01 1.678750678423600040e-01 4.629566150898780097e-01 2.786551920933409976e-01 4.293422001060089865e-01 5.512896858824120061e-01 3.530852340747980267e-01 3.291681324307709766e-01 3.931984231257319995e-01 3.018277656313230195e-01 3.193957750912910232e-01 2.979064851863340024e-01 4.709981193291060131e-01 3.879327995026869980e-01 4.605381398293890149e-01 2.977641955324539791e-01 2.623143277440390109e-01 5.665003456362960321e-01 5.504359718662560352e-01 3.171364314524500183e-01 3.879158495251679994e-01 2.647553411381389776e-01 3.008263912357169723e-01 3.929698286503239824e-01 3.368023620967610099e-01 3.951083766355720228e-01
4.573076716644199902e-01 8.151960757581669936e-01 6.723880109403940208e-01 7.236761363434940364e-01 7.674571113937089795e-01 7.083956501491489588e-01 6.155619258149590545e-01 1.000000000000000000e+00 7.484071419804360081e-01 4.242698714963720197e-01 3.034618907032129997e-01 3.073696023302299740e-01 2.655367498502850254e-01 6.377668804049639872e-01 5.673795870762680105e-01 7.108916161749849749e-01 3.009399821824960131e-01 6.247790171002649551e-01 4.548944102187629790e-01 4.383060890689000066e-01 6.859240555570019771e-01 2.566027363255660165e-01 5.792100464364979828e-01 2.788362538102979737e-01 4.291055463157720240e-01 2.741891185556920019e-01 3.078464579342169993e-01 2.708359976264809732e-01 4.111174903560240179e-01 4.264310226964169726e-01 1.484632934399290061e-01 4.860105386969659769e-01 4.225818677011259905e-01 2.077636831039769982e-01 2.782194865337769829e-01 4.106420113960850271e-01 2.117126175528609988e-01 2.435137065505620091e-01 2.989339557198499864e-01 3.575871479541740117e-01 6.562231847893869319e-02 2.310331938448559885e-01 1.088939770081029934e-01 2.669380605426660003e-01 2.892619243753419833e-01 1.435062053359809908e-01 1.783055931161600105e-01 3.321755479466190208e-01 2.383959629272759950e-01 2.551791536199949917e-01 3.244046342292640217e-01 8.414622116159280463e-01 7.393488720975880391e-01 4.387940794734659922e-01 7.348089901234570176e-01 6.380502692834489897e-01 8.469934785895349982e-01 8.145770836071749565e-01 3.056320618231689878e-01 2.125819600913249896e-01 4.730603374207150158e-01 2.310200798854739890e-01 3.981788477312749874e-01 5.801200923708770274e-01 5.543696526515630163e-01 5.797337591481079855e-01 3.292987059468719946e-01 5.078514384649449598e-01 4.564613309401470143e-01 6.812456327809099932e-01 6.482912837238929971e-01 4.748103109594800086e-01 6.464365459545839965e-01 2.288282271198789908e-01 3.652581321116870061e-01 4.207397838940539758e-01 4.078110773443239800e-01 5.400395243775909515e-01 2.653930797627179761e-01 5.239996581896949612e-01 2.000925860192989958e-01 1.080649386184280025e-01 3.072040486561479766e-01 4.558937887096149999e-01 3.107724328663800106e-01 2.530770474783369806e-01 2.413741444650520096e-01 3.520672280355919836e-01 3.611619479858019788e-01 1.630810021922179942e-01 4.201014282875010220e-01 2.793734960377690091e-01 3.508593182028110213e-01 2.299893003578590001e-01 3.275061767258010126e-01 1.918592532326910127e-01 1.370930887154679922e-01 3.723685416818919847e-01 2.668915037376249910e-01 2.262972297640860053e-01 2.564296260241269998e-01 3.908424382559489985e-01 4.648835864579849986e-01 3.635897054692149855e-01 1.902410672734020092e-01 3.678995677024490263e-01 3.221138114793309914e-01 3.647836729115270238e-01 3.031876966404219997e-01 1.263417334750250032e-01 4.119106635390670235e-01 3.789010793406250022e-01 4.827087966463369795e-01 4.697842313528179936e-01 4.492121745066520178e-01 4.215152473780049980e-01 4.364995654714419748e-01 4.451735543110519888e-01 5.755547643932039659e-01
3.787681716415149946e-01 7.028497482884119574e-01 6.828855666559979776e-01 5.535287970391560286e-01 8.166292725814200404e-01 8.348951377139800512e-01 7.083961260631219670e-01 7.484071419804360081e-01 1.000000000000000000e+00 7.005042671400769638e-01 3.219758998810819950e-01 5.254976073089839828e-01 3.063309136422829870e-01 7.124214513051859710e-01 6.742325726775709738e-01 5.915833740635509930e-01 4.294187382017359833e-01 4.583789312345840083e-01 5.388685531092439751e-01 5.885490583812950094e-01 7.431465063772839663e-01 2.818615555564080166e-01 6.382018297069009805e-01 2.931258565865070276e-01 4.855556668225989858e-01 3.109419826708639811e-01 3.940192252778669801e-01 3.637884719973640268e-01 5.391032135290529936e-01 5.571052621509500202e-01 2.281093984481329939e-01 3.371461910743530077e-01 3.660175069495529843e-01 1.294728508252979970e-01 2.775091010579809891e-01 5.591088554630210261e-01 3.589091567467819766e-01 3.286569471617860061e-01 3.656586680199029882e-01 5.260473294185390447e-01 2.930231667035910169e-03 3.491345647345350245e-01 4.923478982221640016e-02 4.719778598534060121e-01 4.420174808445679893e-01 1.871681660458819896e-01 2.051131210928079929e-01 3.898330249865230024e-01 5.473167588236239611e-01 4.194131753866279788e-01 4.358823387387030235e-01 6.823828948789999460e-01 6.148130143979390061e-01 4.606534881534870007e-01 8.387568655743029566e-01 7.761619601200000496e-01 5.457125990328299814e-01 8.625706436537600164e-01 7.028808245853139791e-01 2.132309618443750110e-01 6.912404095017899985e-01 2.029623373639279915e-01 4.807472798281119952e-01 6.487392542879300006e-01 6.818816318088799511e-01 6.572824326320250155e-01 6.130829816938589971e-01 4.843895380831910180e-01 3.931753219307870251e-01 5.470061634469259859e-01 7.416425424940610300e-01 4.490058831056820132e-01 6.739460285897249658e-01 4.558556510619830027e-01 4.789469460686229807e-01 6.685850221021130135e-01 5.881299014982640516e-01 6.336310030949989791e-01 2.542672334071059970e-01 3.793786889465580181e-01 1.274691857982190035e-01 1.125271925635359938e-01 3.231530948003389914e-01 3.967970550241279870e-01 4.245417008183149932e-01 2.590901886652319797e-01 3.193456647465309772e-01 4.268253699978610261e-01 5.155037924670839988e-01 1.296677366935279907e-01 3.700292109532200002e-01 3.460514261192669805e-01 4.303886448303380075e-01 3.283974866379619773e-01 3.536910879314290046e-01 3.939630436283250159e-01 2.466250283617099914e-01 4.188626954692999949e-01 5.867284474408359651e-01 3.577942664456200128e-01 3.655174168622660202e-01 5.146610313033159745e-01 3.870874453372379898e-01 3.399008906746159853e-01 2.169828093318189877e-01 4.918908368954379995e-01 4.848420271559479855e-01 5.147353697703529463e-01 3.718469100830920082e-01 2.711043128416680270e-01 5.777954569496549508e-01 5.858566203545699791e-01 4.396027007671070019e-01 4.311388605343050018e-01 4.376935907203460263e-01 3.941906048298959853e-01 5.798960525219459816e-01 4.650634970132809798e-01 5.842609614457440204e-01
7.100750404337050070e-02 4.665501005018389824e-01 5.930374402378200127e-01 3.549773311650820107e-01 5.466612565993239636e-01 6.057143652028480485e-01 5.706402417185539866e-01 4.242698714963720197e-01 7.005042671400769638e-01 1.000000000000000000e+00 3.811245461349109798e-01 6.426673962728910450e-01 4.362043784793629975e-01 6.527490640885239559e-01 6.517326068674369477e-01 4.627078123621249928e-01 6.268802933563130120e-01 3.254401897520809994e-01 5.997513079400219604e-01 4.228273458374620097e-01 6.581147948430640104e-01 4.608238143502140227e-01 4.205755351838220135e-01 3.719250390528849870e-01 3.374706999616000069e-01 4.119808334630140068e-01 3.782657383862059741e-01 5.085604797207200489e-01 6.446532218225039523e-01 3.570208272580310260e-01 -1.620130386317000099e-02 1.066657839017540049e-01 3.088200269218320249e-01 1.070581702313870009e-01 3.309001147482359961e-01 3.596472620625449923e-01 3.283723413313410222e-01 3.952980021302879843e-01 2.269480663013239974e-01 5.926195209363199767e-01 -5.240958685129200323e-02 3.958901125544510013e-01 1.665337543061350123e-01 4.097967017406419776e-01 3.342496362232489915e-01 1.681669881133940059e-01 1.424068212647320031e-01 2.396543410878030078e-01 3.803370367500290006e-01 2.883166088057130261e-01 4.859459723279119792e-01 4.162953636071670127e-01 3.742745750984989850e-01 4.045458240900520197e-01 4.946228022644200140e-01 4.700658333571640091e-01 2.925937557836740255e-01 5.954918434442060260e-01 8.004272296716969937e-01 3.254920982902440030e-01 7.263047723756840268e-01 3.706605443075440265e-01 5.662665970847160501e-01 5.679637566048000297e-01 6.077327095152159631e-01 6.139440350238190014e-01 5.435729584047960250e-01 5.687897756073080346e-01 4.120590987453680021e-01 3.951507308387179895e-01 5.929785504538019891e-01 5.526711547090119581e-01 5.280446545079570120e-01 3.515828786018220242e-01 6.018805034717219504e-01 7.406690427314559511e-01 6.643483838932050523e-01 5.784155009679109449e-01 3.126646398518519859e-02 2.090663074146729972e-01 3.188294179017159835e-01 6.497840333242729804e-02 2.418499671313459887e-01 4.336496761672090083e-01 3.685805940697630123e-01 1.711546155019280091e-01 3.170882429441769790e-01 5.223559503871270104e-01 4.020381730891670058e-01 1.422959632071580001e-02 2.315145916829610129e-01 1.179963977114739937e-01 2.899595261658189926e-01 1.035665153931240035e-01 4.113146578039009738e-01 4.420233121865549952e-01 1.955640876883409929e-01 2.285696555981150124e-01 3.816532306379309958e-01 1.646902460309520033e-01 9.192953229398780068e-02 2.140637081523580065e-01 1.172125308517640019e-01 1.579673721354470095e-01 3.094266810765839981e-01 5.013556339817190066e-01 5.927475089148870335e-01 6.453924881765480404e-01 3.078000360905859822e-01 3.425056727717409877e-01 6.057343000343660133e-01 6.240382367516920104e-01 3.597103665513090021e-01 3.291725984156579909e-01 5.322916765502530012e-01 5.023721481926779475e-01 6.029445934120839512e-01 3.890180545346940133e-01 5.848428868207540265e-01
1.861453665593819917e-01 3.570914829086619946e-01 4.446945112475800266e-01 3.791846071334190049e-01 2.930168535336959978e-01 4.707498453128010074e-01 1.959149411314000111e-01 3.034618907032129997e-01 3.219758998810819950e-01 3.811245461349109798e-01 1.000000000000000000e+00 7.279879833850110282e-01 6.045301194974299630e-01 5.814730230922180443e-01 6.653869187042680267e-01 3.175397337522650187e-01 4.880021032146000248e-01 3.326363122343130030e-01 5.047786655270930511e-01 2.013120786681479868e-01 5.252813358078679551e-01 4.392522692956100094e-01 4.238907315045979951e-01 5.858493860340819870e-01 3.838414904400330174e-01 5.978180681676400487e-01 3.001259851992230110e-01 5.226724710419879960e-01 4.954208107399469818e-01 3.769937990377519865e-01 7.006507313540399906e-02 3.437365327105890156e-01 2.066715418014770100e-01 1.671949223479120006e-01 3.198158295253220040e-01 3.511074784375989855e-01 1.971434328633580035e-01 2.995977509188770260e-01 1.018501065060729988e-01 1.621592087314709940e-01 1.645653116769180135e-01 2.445583650632789929e-01 2.517550918327720044e-01 2.406406586575290107e-01 1.626382851271410135e-01 1.400834155476549936e-01 2.383919373823430166e-02 1.897030023952659961e-01 1.047760393963679953e-01 2.350387861791199962e-01 2.434165006717400048e-01 2.431768156919009993e-01 3.350403580029849837e-01 9.536491133386179597e-02 3.174961495011560109e-01 2.946059969525590128e-01 2.244070320693880016e-01 2.106391314100919954e-01 2.582571039916500277e-01 7.363142179348030059e-01 5.875473785253959580e-01 5.972795550253719998e-01 6.267740211081600510e-01 5.296534511514799926e-01 5.518710630083990543e-01 6.675557952866160161e-01 1.801551452790060015e-01 5.170712998235239555e-01 3.030352984503290048e-01 2.884383121129320271e-01 4.099522108988150060e-01 5.507212434886740171e-01 5.584860059029800317e-01 1.192297289274459916e-02 5.873095988911950505e-01 3.134458479087400273e-01 4.683244209383830015e-01 6.168912320115129688e-01 2.802038533503959927e-01 4.022153296671119871e-01 3.246232731901400048e-01 5.545089920971269654e-02 1.380196193998390053e-01 3.695806564999399857e-01 2.419921441784720073e-01 1.380644329413429905e-01 2.811912477149530187e-01 5.247223732902209781e-01 3.133897753153109811e-01 2.592573361688110256e-01 2.163892146359510105e-01 1.224273915039719995e-01 1.336628071879170099e-01 1.177555457239330000e-01 2.642829299672539989e-01 1.255993303947390005e-01 8.398683877631389627e-02 2.770230095575539897e-01 9.930044311477109753e-02 1.929661079713919924e-01 1.070195332743369976e-01 2.624406305864960265e-01 2.828876132113040121e-01 1.995427704851960027e-01 1.371639403918759881e-01 1.301320988854360039e-01 3.914453271954260183e-01 2.553850740359550064e-01 3.215263958617590179e-01 1.597364500877100080e-01 1.747423262730909976e-01 3.612269767896770234e-01 2.688150807513369767e-01 1.863895943870720051e-01 3.852893428182410096e-01 3.298642452339879960e-01 2.952976212849279802e-01 7.414566231778469720e-03 4.064136154832639902e-01
1.411529344127669949e-01 4.782605636114040104e-01 5.065125314570270154e-01 3.862239945071839764e-01 3.386220203010020247e-01 5.135776737078939780e-01 2.955712752420580069e-01 3.073696023302299740e-01 5.254976073089839828e-01 6.426673962728910450e-01 7.279879833850110282e-01 1.000000000000000000e+00 6.822141371663990039e-01 6.858236400210010464e-01 7.293114336824300104e-01 4.477947516449710119e-01 6.615751741655520046e-01 3.813679651274580196e-01 7.107331763286679482e-01 3.906930494492700245e-01 6.768546455520719762e-01 5.523231494644179618e-01 4.526877864048129974e-01 6.582526089079340226e-01 3.643090616869200105e-01 6.757333552364620521e-01 4.009461941263020024e-01 6.391450182666770230e-01 6.016245606561989590e-01 4.049201510467539955e-01 1.709554990719090034e-02 2.822125591761660002e-01 2.116137531225479873e-01 1.723552352803680021e-01 4.039183871756579780e-01 4.876934366951379829e-01 2.859753673043770039e-01 3.527473047894870151e-01 1.309166758714039869e-01 2.832746865112349965e-01 1.459061016930449928e-01 3.012997184675790252e-01 2.223190273112350124e-01 3.334415682685900051e-01 3.233815773280310224e-01 1.701881455031490076e-01 4.780552969091889787e-02 2.684623977259030236e-01 2.699906113866720192e-01 2.727145486106449801e-01 3.748162145402840206e-01 3.465902150769900048e-01 4.310178989516639803e-01 3.160419003052170051e-01 3.472949635091650000e-01 2.911745507218019835e-01 1.430309082070989890e-01 3.688539048029990108e-01 5.080964415186389749e-01 7.135052359746699713e-01 8.247415992349159675e-01 6.272889420849260267e-01 6.680026475156010113e-01 5.937900209213899938e-01 6.901817423699450060e-01 7.035224843114440407e-01 3.821631705943610013e-01 5.723333411805410220e-01 3.962413162524209831e-01 3.804238032543820203e-01 5.309964570734020395e-01 6.534495605141780183e-01 6.116623942914509726e-01 1.581868813425859888e-01 7.583535925138920053e-01 5.573486136189119700e-01 6.522301714316449672e-01 6.872466200604280262e-01 2.254045466901050121e-01 4.469763108613700187e-01 4.387114356128979931e-01 1.196800270875010008e-01 1.568772696511299969e-01 4.283990788385549919e-01 4.245183014079190187e-01 2.009322897211729964e-01 3.257915181488790224e-01 5.846731484037720472e-01 4.667419002365100211e-01 2.875740361423739788e-01 2.411317354229710053e-01 4.232929817205499656e-02 1.763666157398380008e-01 7.618077563678529729e-02 3.783070213828300110e-01 2.451545748975720029e-01 1.610791783090629870e-01 3.177651580755350147e-01 2.536687071878589994e-01 1.961819834193790080e-01 8.895293037699709970e-02 3.863314844113809876e-01 1.690204704053510087e-01 1.218179302479139997e-01 3.033260439700140032e-01 2.622280657263639791e-01 5.546866778323470415e-01 4.396668978076990197e-01 3.954700403069379977e-01 2.679496613921529824e-01 3.631195167399070001e-01 4.717192921847520037e-01 4.099846617725569908e-01 3.561659760239440087e-01 5.971588818508379859e-01 5.774038133978750542e-01 5.811671110812749452e-01 2.819178452585600070e-01 5.893610527095449747e-01
-1.108478820281210003e-01 3.593607748336680174e-01 5.679986800692390370e-01 3.279034575756780145e-01 2.822786225682810124e-01 4.545439951869649775e-01 2.723939197742539786e-01 2.655367498502850254e-01 3.063309136422829870e-01 4.362043784793629975e-01 6.045301194974299630e-01 6.822141371663990039e-01 1.000000000000000000e+00 6.537759873353530260e-01 6.780151320255809466e-01 3.623116481183509818e-01 6.431763027184550507e-01 3.898308101286069860e-01 6.198564419460730335e-01 2.638400750731459965e-01 5.656980806590690136e-01 6.863009655415379662e-01 3.981722327094420200e-01 4.865927919369020249e-01 6.007345334247039814e-02 6.188910414597730281e-01 4.026710816201889975e-01 6.699120973205779928e-01 5.908907494186740328e-01 3.144249261895890046e-01 -1.530005984776670047e-01 1.068583220422270053e-01 1.791975800341510106e-01 2.974598274516320195e-01 4.344348854139830074e-01 2.412880391549090120e-01 2.184567193437410015e-01 3.174146767669520086e-01 1.066832274544940035e-01 2.245003087521620089e-01 1.108086748737290017e-01 2.139627602738189971e-01 3.296322190239109884e-01 2.106032642167809943e-01 1.181017325154539999e-01 9.780872965668109542e-02 1.592625966737769988e-02 1.682712466816599917e-01 1.079746174078420051e-01 2.213416679777510110e-01 3.468456147065310247e-01 2.790754378913219980e-01 3.780467131160670236e-01 3.178997466255459869e-01 2.320614442175530090e-01 2.628703244037520204e-01 2.221986496037390013e-01 1.792936142253460097e-01 2.532938152910430007e-01 5.632503865573400548e-01 5.269662397508200202e-01 9.036744729238339602e-01 7.911187537191299857e-01 5.166752489834379736e-01 5.092755735759909586e-01 6.475919989058039894e-01 2.216872405885199904e-01 6.650814713759719554e-01 5.022076197447860046e-01 4.234084043626449856e-01 4.017146215398880171e-01 7.580848036783870425e-01 5.613198484737550453e-01 -2.006562429406030107e-02 6.136876097727169688e-01 3.787071461217990098e-01 6.379586225030530189e-01 6.233765466365079888e-01 4.979072407818280199e-02 1.405381554157709989e-01 5.356411451276159585e-01 1.130307680358530048e-01 1.828879860279400138e-01 4.683182095669189970e-01 3.466771617831129748e-01 2.159114139274470046e-01 3.119466327761840074e-01 6.273878682719919997e-01 3.509531803067629796e-01 1.610244343329720051e-01 1.427259443666619998e-01 -1.353254257052179943e-01 1.169897491067620060e-01 -6.477351564997120559e-02 3.463271868185029967e-01 2.259360888986239879e-01 1.276321437766720079e-01 2.634294622764620231e-01 2.771704859070530172e-02 1.328765554829189899e-01 -3.682964912046120254e-02 1.678158640195999973e-01 -7.438328489157440548e-02 1.142013514084609938e-01 3.483928789213809885e-01 2.530674699910129832e-01 3.549033059921949951e-01 3.563623511686169754e-01 1.730782502986669968e-01 1.842360494492339962e-01 3.414461936091390259e-01 4.708398010700329817e-01 4.151296150366500237e-01 3.336107567079429903e-01 6.283607379986140273e-01 6.075295578807390351e-01 4.541954166484930000e-01 1.899526616241229982e-01 5.344088729987509501e-01
