1.000000000000000000e+00 5.197017216734359790e-01 7.072080601056409677e-01 3.018490299422439960e-01 4.556437657947080000e-01 5.971743474750019764e-01 4.367793114572600111e-01 3.350365236266940050e-01 4.273906805717059831e-01 5.875066591904140045e-01 5.416582660563029616e-01 5.185299765837000363e-01 4.239873118225809812e-01 4.943367875829740021e-01 5.537757216314279640e-01 5.433540755485659624e-01 5.148978143855840184e-01 2.302529216876260110e-01 3.485641755665669916e-01 2.926816522290139888e-01 3.086684956967750137e-01 5.237828366991159612e-01 4.361961639290189985e-01 4.789483669431359725e-01 4.962845275294570091e-01 4.789765243330970090e-01 3.121767276075569919e-01 6.134448207745579751e-01 4.774667792378149977e-01 5.244649210580789589e-01 3.657397847521109968e-01 5.204920286602330304e-01 3.912758752062440171e-01 2.638493900910169887e-01 4.341556653991410220e-01 3.812343468060290230e-01 3.941879261815309787e-01 5.208676163023659988e-01 3.628410027344100008e-01 2.879255408744360034e-01 3.751878634500300236e-01 5.318691045531900308e-01 3.828222849906359748e-01 4.635929688915079727e-01 1.600117947714559952e-01 3.776395362214510221e-01 3.209079224503370020e-01 3.679069291755899807e-01 6.887716999146450414e-01 2.903586465975879771e-01 7.204431880063020266e-01 6.846734952281530173e-01 3.801047385532910217e-01 2.470678530738230072e-01 6.162238206611090341e-01 5.864977633838139859e-01 2.292926658974769882e-01 3.887661696370989795e-01 5.499166928794090303e-01 5.370303521032120386e-01 4.539299465975469849e-01 4.033368155368710073e-01 5.615995596755180008e-01 5.549298254851959822e-01 3.933801091977360276e-01 5.362180826821020263e-01 5.075166602153620143e-01 4.801599336829049935e-01 3.523955907915090058e-01 3.363280335816979938e-01 2.834413770707370217e-01 5.281956922832800050e-01 4.813081176374329750e-01 5.198625362770690206e-01 5.333029316092240402e-01 4.452501502715859871e-01 4.714792015447770157e-01 5.539115565320029688e-01 4.052935722117099737e-01 5.209269719232080265e-01 4.642755926306479930e-01 2.863494457542010152e-01 3.634859804222300150e-01 5.269301487946029816e-01 3.094888894226909826e-01 5.410469282735309582e-01 4.356181148765619904e-01 5.590034268134830286e-01 3.459619072871650269e-01 4.104061022260219738e-01 5.296887325936370239e-01 5.690410884157980353e-01 4.966710302363980256e-01 5.391385344873590446e-01 5.335471905461669495e-01 5.488525610113470510e-01 3.915514667307180008e-01 3.634460818817700223e-01 6.505004087016159620e-01 2.784735326104070263e-01 4.344808512421859947e-01 4.541097386101239919e-01 4.624364453084560123e-01 2.768904299436990013e-01 4.626401121412889728e-01 4.676918670202400152e-01 5.436716753575110417e-01 5.573201396997889967e-01 3.131167863855029987e-01 3.785453892829929723e-01 5.379679479924639462e-01 5.250052082852390001e-01 3.102695400965839734e-01 1.811761440232040055e-01 5.417896656844549685e-01 5.374758106326340545e-01 5.241979639622800224e-01 5.224133205403419522e-01 5.987127532553959686e-01
5.197017216734359790e-01 1.000000000000000000e+00 8.000721119888910549e-01 7.488966235041619735e-01 8.943650709489899819e-01 7.131047537879120490e-01 7.549644711064850133e-01 7.940612417431459624e-01 8.300057170326680112e-01 6.194318067817780049e-01 4.948314155730180186e-01 6.324360564285159692e-01 5.641138809959409528e-01 8.499661718673250377e-01 8.401803704953350049e-01 8.629143459860280085e-01 6.311271553326159856e-01 6.781426603337089576e-01 6.481617833279610386e-01 6.498813237253050490e-01 4.467541422386679950e-01 7.123977853897459633e-01 7.282436899108879480e-01 4.493945900438959806e-01 3.951101415881320134e-01 4.621431337254520155e-01 6.529109993306030368e-01 6.412123863657760436e-01 7.395290778045420232e-01 7.204354192138909818e-01 5.235821640940599986e-01 5.616648882592599756e-01 6.761173532787609908e-01 4.953534027745600254e-01 7.130621538272829962e-01 7.848359372280510060e-01 6.019895764471669963e-01 5.516817845334369697e-01 4.641658993473249950e-01 4.887322461783940031e-01 4.048191188277899810e-01 5.830173412257200205e-01 6.380629328419049617e-01 4.631751360179690025e-01 5.149647651248629998e-01 5.774075776814999728e-01 6.298820626276609991e-01 6.166413231615770485e-01 7.000858254877120324e-01 5.302200705425840210e-01 5.999610337043069785e-01 8.050309105428600231e-01 8.142554167405260390e-01 6.770599124166110094e-01 7.457195733643370295e-01 6.890128384620179958e-01 6.071358272806689493e-01 7.641519781219650032e-01 4.488703054011899951e-01 4.329107504219649738e-01 5.334810285847619848e-01 5.380464771397579504e-01 6.696498698387820525e-01 7.652148853169079556e-01 7.881757949251320117e-01 8.392644425151339904e-01 7.509664642635750509e-01 6.545463806617020097e-01 6.422404315352500115e-01 6.847013655995900505e-01 7.069962053107670119e-01 6.405946869964379564e-01 8.184041193594510100e-01 5.832499568854739858e-01 5.674595013740080240e-01 3.570890005581259796e-01 7.430879372938760108e-01 7.096130991781059993e-01 6.632168942948349910e-01 4.737293930435310108e-01 5.324234832119739691e-01 3.527147035595710189e-01 6.921712536082329503e-01 7.490565588682950304e-01 6.301887685712790343e-01 8.017179543194670188e-01 6.119610372569620482e-01 5.781757601217959452e-01 6.961845494852060279e-01 4.075763300229889863e-01 6.518595121878589804e-01 4.447862312512210203e-01 4.592104146010380084e-01 7.208701224580720268e-01 7.031005468134310377e-01 5.309302921810079567e-01 6.189423353105379944e-01 6.701232943607400294e-01 6.270567042233570199e-01 4.415466683404820070e-01 4.108339682516449765e-01 6.406898440796600092e-01 4.500101620669350044e-01 1.185685581831519980e-01 7.848968635719210107e-01 7.285494726332240045e-01 5.501241873170930052e-01 5.499307495472479657e-01 4.840831570341859735e-01 4.395572101995530168e-01 7.728582230732119474e-01 7.935769882735209668e-01 7.229196292051479622e-01 5.592387773373580506e-01 8.702130229889040169e-01 8.772922116124579617e-01 8.372655949931300245e-01 7.976069441680150307e-01 8.661277420622129908e-01
7.072080601056409677e-01 8.000721119888910549e-01 1.000000000000000000e+00 5.144075539315540180e-01 6.889051393988200322e-01 8.866764016895629652e-01 6.590753348901490227e-01 5.722455921636959708e-01 7.117484041665159689e-01 7.392455049880329865e-01 6.642470897423670140e-01 6.864957104919280351e-01 6.303409598027419625e-01 7.196754522046520108e-01 7.771662285589230335e-01 7.254166102465720023e-01 6.476203097038659706e-01 4.561440915714620181e-01 4.876561949890260150e-01 4.544333663338669949e-01 4.337684401616099805e-01 7.419118486091239584e-01 6.740512327050840469e-01 5.380279484256540456e-01 5.676525054761649702e-01 6.261976145740000277e-01 5.286861389057919691e-01 6.978305101521989906e-01 6.838019929827690024e-01 7.672024235769280276e-01 4.188183976657050001e-01 5.694611195445049567e-01 5.198037322024510187e-01 3.402600303642380197e-01 6.161412974243180019e-01 6.679417515843240061e-01 4.746115313629449828e-01 5.407152443043400369e-01 4.183570613619420064e-01 4.488981499793420205e-01 3.615976605779659958e-01 6.856538465039829777e-01 5.750366910095470185e-01 4.294955779534530005e-01 3.220072866581800142e-01 4.553547646603849919e-01 4.857445506337780272e-01 4.825516303904049953e-01 7.692658843475159713e-01 3.841000787113900139e-01 7.657411356976560057e-01 8.663283329861499737e-01 5.985113299982309787e-01 4.584040736724340204e-01 8.930953167119189962e-01 8.679844732465480384e-01 3.852307831706269781e-01 6.312692169202239745e-01 6.241555053794559660e-01 6.249209004654230348e-01 6.423809371171850247e-01 6.040611647670279805e-01 7.268251856091999530e-01 7.367188596966950387e-01 6.257254763125730257e-01 7.523132120230699993e-01 6.208422501009119854e-01 6.352615165033830280e-01 5.056211671466489532e-01 4.532907956853020059e-01 4.658846430596729760e-01 7.207091979211900368e-01 7.017771889190189682e-01 6.747201089981179623e-01 6.751202129338620406e-01 5.534175319990559672e-01 6.105552333332440185e-01 7.668105845235819729e-01 5.372540376261020212e-01 5.796982795690319712e-01 6.247879073058160149e-01 2.921603731357340084e-01 4.886745289329920139e-01 6.993154117239219758e-01 4.937478298772109975e-01 7.424629227096609663e-01 4.784279613922149954e-01 6.446421646226110358e-01 5.075629233795809769e-01 4.209706858558729947e-01 5.756002470938329507e-01 5.999204177061350229e-01 5.639769325941299538e-01 7.169562063423390308e-01 7.307574739841870004e-01 5.495726129090849899e-01 4.929007466269729743e-01 4.932161498072080152e-01 6.466877376920809883e-01 3.080234574515040014e-01 3.984227908358000114e-01 5.410385214972159851e-01 5.664198939974830482e-01 2.548034501744900204e-01 6.756751445727320338e-01 6.997686730206119643e-01 7.121843172415710521e-01 6.933037121205499753e-01 5.474326530200890328e-01 4.981762428432590095e-01 7.041458032663490130e-01 6.944037044590619656e-01 5.171652505144970213e-01 3.714594930288919739e-01 7.628018165824469454e-01 7.796791816483440440e-01 7.343773912904320023e-01 7.154410311641139497e-01 7.874393813208480086e-01
3.018490299422439960e-01 7.488966235041619735e-01 5.144075539315540180e-01 1.000000000000000000e+00 8.211755943597179863e-01 3.861955474017569889e-01 6.869254105719040382e-01 7.371086857897749534e-01 7.084984200631130324e-01 3.479866517110479784e-01 2.472457105071350081e-01 3.580120067464929723e-01 3.686552377205489783e-01 7.016048106575279997e-01 6.674012393289450173e-01 7.636376181964660281e-01 3.183970470546669818e-01 5.740316603069659518e-01 4.516359812360409842e-01 6.300384008505199862e-01 2.600984399976010164e-01 4.124141157729679930e-01 4.803151587329489991e-01 3.164049074655069793e-01 1.787848890464150131e-01 2.398155925575720104e-01 5.567868753648830271e-01 3.506231187763920176e-01 6.245223480161780083e-01 4.360059726317829787e-01 4.479821026425290231e-01 5.247747800190819545e-01 7.343328353379320328e-01 5.356550935781350109e-01 6.050255266387849495e-01 6.925443815682680304e-01 5.933061363025889934e-01 5.256963927420740257e-01 5.050584245702920416e-01 5.145087394388250246e-01 4.706206794068309995e-01 4.673504169987289791e-01 6.326196713325199505e-01 3.328975374682510147e-01 5.767500298486679666e-01 5.693177826211860415e-01 6.341241876542209610e-01 5.730274432479199875e-01 5.308588687343179791e-01 6.016682555160629553e-01 4.745371954915230117e-01 5.643157327360159847e-01 7.772051408537590245e-01 6.868573187366620036e-01 4.444469390868600045e-01 3.911619569068179869e-01 5.513403373492410386e-01 6.430452867816369711e-01 2.304261300455359984e-01 2.323954629180020048e-01 2.705162460803769986e-01 3.880153332084099738e-01 3.905020531260040006e-01 5.042908728004400487e-01 6.570079252965229655e-01 6.745771004311930108e-01 6.594829214904710524e-01 3.728234308320769741e-01 4.788410374847840156e-01 5.911507306433879672e-01 6.497550742630530118e-01 3.624748175934759953e-01 6.385227545341739530e-01 4.787641183921539922e-01 3.271766416875360184e-01 1.130320676237649979e-01 6.681027132312410410e-01 4.944468257408770051e-01 5.927098443392180283e-01 3.653021651036970074e-01 3.878458010224919983e-01 4.273371185145770079e-01 7.255546230431010324e-01 6.405266558776869790e-01 6.198318098607830118e-01 6.660977903632470110e-01 5.483966920653380317e-01 3.515260699469959782e-01 7.023712214786790309e-01 4.401283005033420070e-01 6.316161588484370260e-01 2.825911983026240248e-01 3.888808232136919951e-01 5.985788858816289970e-01 5.483247899875429709e-01 4.445680517302340040e-01 5.966566063958930188e-01 7.470609348808230354e-01 4.697380143731019753e-01 5.424389982557360490e-01 2.185452880414449905e-01 3.885898140976830062e-01 3.046787535307899919e-01 -1.339221300274310023e-01 6.141799851557709911e-01 5.503902035045059593e-01 2.708411867706559950e-01 2.775804713992869877e-01 2.694027185628810050e-01 1.704693010205980130e-01 6.561418619252720186e-01 6.551714584751290316e-01 7.674818598726640406e-01 6.934155558707290057e-01 6.836292794589180488e-01 7.617996543645340068e-01 7.036877478741490055e-01 6.916386093960069648e-01 7.167444004442810046e-01
4.556437657947080000e-01 8.943650709489899819e-01 6.889051393988200322e-01 8.211755943597179863e-01 1.000000000000000000e+00 5.910597642668780072e-01 7.184920318813969864e-01 7.668314910374960380e-01 8.280500169203349747e-01 4.910123724027700143e-01 3.553195489988409950e-01 4.915765179765649862e-01 4.633791243873789933e-01 7.969440191549830299e-01 7.999386003443800242e-01 8.468277443007300453e-01 4.765455004742989997e-01 6.175149757142840423e-01 5.725948555241440197e-01 6.999676771142959719e-01 2.942259206143100214e-01 5.522110054992940276e-01 6.909970131861660203e-01 4.283623523030890001e-01 2.214760901935290127e-01 2.929602868532790172e-01 7.087008403061200168e-01 5.453862537404979838e-01 7.020995034437730320e-01 5.996435020342150146e-01 6.160568643945519840e-01 5.323710258950199448e-01 7.519057311712079583e-01 5.883376044174050135e-01 7.255335624113099513e-01 7.923196460033899990e-01 6.431769359758939819e-01 5.857334155118669727e-01 5.415841593037900026e-01 5.811497282938440367e-01 4.997710195194050020e-01 5.452303953971590067e-01 6.764335590726929803e-01 5.131611932114340524e-01 6.339693322273900478e-01 6.467606533263720037e-01 6.840642164280139603e-01 7.036794580775810326e-01 6.753898673829420440e-01 6.432281980230070140e-01 4.936958145358970040e-01 6.830184464190619531e-01 8.199230487042189486e-01 7.511840157019380460e-01 6.538671424209739902e-01 5.704713930426830171e-01 5.837044943824479803e-01 7.758649731760850488e-01 2.994892227110950156e-01 2.877017379234519945e-01 3.705305421022480061e-01 4.346996491723230105e-01 5.584581203215229772e-01 6.368022365884949965e-01 7.458104855871690031e-01 8.091753765035100132e-01 7.242574451552760140e-01 4.857827867249829845e-01 5.728270195834680445e-01 6.263851524220509503e-01 6.949233571446640223e-01 4.553535578936729888e-01 7.661367761458920400e-01 5.470677327624400288e-01 4.551052268248089727e-01 1.751735443022079952e-01 7.676425740190000457e-01 6.080102561756159929e-01 6.910272698044539474e-01 4.101483001635570225e-01 4.882137073500090185e-01 4.203192253173410053e-01 7.523658704325320024e-01 6.687302509671210204e-01 6.847714411037180149e-01 7.053836512675779602e-01 6.510287730260260197e-01 4.936160952000480107e-01 7.374748861280869816e-01 4.155044868018050175e-01 6.970632077125390458e-01 3.494289430063490243e-01 4.372267025808430074e-01 7.159286214358110412e-01 5.869629312137319976e-01 5.484499997569970420e-01 6.661808162637119501e-01 7.502160405186240055e-01 5.725412180280770036e-01 5.634866406972820485e-01 4.491992342194390253e-01 5.876441880509140070e-01 3.715298467538840077e-01 2.624127949721790157e-02 7.872594782954459580e-01 6.992352604669309635e-01 4.123573449403100111e-01 4.192404305695839883e-01 4.399723312240800266e-01 3.412364940053069784e-01 7.749551850114599905e-01 7.786714795778829634e-01 7.693012815990419861e-01 6.305073126472210410e-01 8.647452929571349811e-01 8.703893991807849506e-01 8.024287471764049995e-01 7.720958026667920082e-01 8.509796942582990020e-01
5.971743474750019764e-01 7.131047537879120490e-01 8.866764016895629652e-01 3.861955474017569889e-01 5.910597642668780072e-01 1.000000000000000000e+00 5.168209089648140298e-01 4.844383250832929866e-01 6.379046890270849701e-01 7.080755917364409679e-01 6.579930037007769572e-01 6.675492208489719470e-01 6.223397430188869484e-01 6.100844288413229677e-01 6.885598696692639686e-01 5.865985472043330207e-01 6.500583547067499968e-01 3.843947222550109788e-01 4.405005869391310225e-01 3.193886085529080154e-01 4.363417012889450053e-01 7.086292760041600358e-01 6.470714129014180083e-01 5.099644645518029984e-01 6.335504127954180165e-01 6.508747192554810157e-01 4.557955017103820228e-01 7.454243822753889859e-01 5.312197080256529924e-01 7.785628743790949935e-01 2.930550177827889735e-01 4.886975125971039779e-01 3.568978008601300100e-01 2.289010660264449992e-01 5.026643340950379679e-01 6.342013314594999729e-01 3.326005424119810039e-01 4.298091204115589981e-01 2.967217767838160047e-01 3.588677495890519875e-01 2.267793692702639863e-01 6.814216412029859837e-01 4.676700095831319848e-01 3.572378979772530272e-01 2.157205148126019878e-01 3.449885644352589931e-01 3.706817239667590247e-01 3.617441453211869828e-01 6.985327185198919597e-01 2.222327995323570005e-01 6.666634074477070238e-01 8.098584734184429701e-01 4.854216255818010195e-01 4.756290487661010147e-01 9.390721461680050508e-01 9.512557069916279806e-01 3.682340438428129969e-01 6.061396818294350064e-01 6.347111638278269963e-01 6.229477638138669615e-01 6.268872154659810292e-01 5.886269114898800003e-01 6.671661417360940094e-01 6.542667280561339505e-01 5.671857215324800361e-01 6.440739612262530445e-01 4.823322622274520133e-01 5.831145192579939573e-01 3.959075167336340018e-01 3.460454708038970262e-01 3.497303939956780128e-01 6.746788708402170487e-01 6.121377960121420214e-01 5.848973821076379753e-01 6.619793495300579922e-01 5.681442393264010127e-01 4.788774865922509894e-01 7.377106179835649646e-01 3.813125732131890100e-01 5.406269738717599527e-01 5.735629368532709771e-01 1.031904751155370004e-01 3.327216681341699789e-01 5.127058942984840106e-01 3.490556563724500072e-01 6.124326287420790438e-01 3.306863429950500088e-01 6.571404973594380250e-01 3.685817406030050258e-01 2.958211913271650007e-01 4.282223766043740110e-01 5.608628900974610421e-01 4.927005439171600054e-01 6.395143334092919796e-01 6.540799565903829826e-01 4.235918137195470168e-01 3.534788582035019999e-01 3.115039826334229933e-01 5.871893636101720437e-01 1.453155746082930022e-01 3.506158408358500123e-01 4.145061246080850026e-01 5.705848817269709716e-01 3.581781794433970267e-01 5.780176356725059694e-01 5.721473280762390257e-01 6.431482765815700331e-01 6.286164111769879659e-01 5.331770472558049478e-01 5.126624934349920393e-01 5.673338827871170498e-01 5.795004914279899833e-01 3.227224450018429946e-01 1.813230421476819954e-01 6.575193059002240048e-01 6.523701947335089901e-01 5.702985292555889929e-01 5.647774168437400544e-01 6.882370088325090451e-01
4.367793114572600111e-01 7.549644711064850133e-01 6.590753348901490227e-01 6.869254105719040382e-01 7.184920318813969864e-01 5.168209089648140298e-01 1.000000000000000000e+00 7.912997494729300252e-01 7.299543059108569709e-01 5.222925509939829736e-01 4.034791360426209783e-01 5.393116173167969984e-01 5.530787450138839878e-01 8.159881341437390523e-01 7.621855360313359862e-01 8.457888134413840131e-01 4.865654377394070251e-01 7.308279673766959750e-01 4.711131670392459947e-01 6.012497238189929982e-01 4.468479934593350134e-01 6.255739093251190264e-01 7.097861362869080093e-01 3.533852683642759729e-01 3.000909083367450103e-01 3.499761201370840125e-01 6.082589423299580300e-01 4.305995001439300029e-01 7.216017899160189764e-01 6.581828872201139768e-01 4.153960282418009964e-01 5.195323052864779800e-01 7.022427377877229482e-01 4.226992694601729994e-01 5.840146202401730324e-01 6.353061728215150250e-01 5.646628222847499545e-01 4.898506601571330221e-01 4.362659582692670068e-01 5.834081830655569734e-01 4.719296517456860185e-01 4.925760501058589758e-01 6.019869946639430092e-01 3.289037673965359843e-01 5.060967614914300139e-01 5.673005075268070518e-01 6.415235129156630078e-01 5.994596180643270156e-01 6.446469242289090129e-01 5.708633090548479450e-01 5.542069986901090317e-01 6.618116072088610080e-01 8.050947602338379694e-01 4.969734694730030267e-01 5.536005046545250385e-01 5.166806639417249603e-01 5.894637720808459935e-01 6.267319359991130323e-01 3.800246988727150055e-01 3.109224888131060238e-01 3.749032558716060004e-01 5.416073420410609796e-01 5.730150755957860165e-01 6.268182297777810108e-01 7.095190067660740452e-01 7.718145673540059981e-01 8.025723768428350002e-01 4.900441005839389907e-01 3.933293331088200118e-01 6.003300193552729702e-01 6.616444532941010426e-01 5.805657344822360288e-01 7.180320522696419516e-01 5.889716245845250109e-01 5.336056832870369471e-01 2.741768558923849963e-01 6.966098790295049970e-01 6.329378655586950231e-01 5.422938213769750160e-01 3.869250105322250000e-01 4.219213147750460191e-01 2.795637232890350043e-01 5.674752972604899526e-01 6.304631980139260294e-01 5.701133888159120033e-01 7.206225416801209649e-01 5.650254555685240154e-01 3.734338905676080067e-01 6.344538642263150008e-01 3.951007612033050065e-01 5.802077028862919761e-01 3.592972963952419940e-01 4.695925673975779868e-01 5.744794622141640161e-01 6.671889369563660521e-01 4.582500793892779756e-01 5.920301235111770088e-01 6.709241322971349897e-01 5.064093390182350385e-01 4.942307826809059779e-01 3.434233368230070194e-01 5.312551481584859570e-01 3.799115686049119867e-01 3.043027776518680144e-02 5.852762237689830283e-01 6.073643916075159854e-01 5.135336627810710430e-01 5.045748730030139573e-01 4.240863620694340086e-01 3.692749926989120079e-01 6.792437174816590151e-01 6.631287871853459581e-01 7.266044144467089794e-01 6.585218338326760401e-01 7.655864727905360434e-01 8.336932208894339835e-01 8.131546475979160027e-01 8.253718194307729794e-01 7.884489321895350455e-01
3.350365236266940050e-01 7.940612417431459624e-01 5.722455921636959708e-01 7.371086857897749534e-01 7.668314910374960380e-01 4.844383250832929866e-01 7.912997494729300252e-01 1.000000000000000000e+00 8.630057139924770526e-01 3.804616451997899773e-01 2.507622292408480114e-01 3.516788050870739979e-01 4.676755180486479868e-01 6.729266672107619973e-01 6.210705109499919940e-01 7.492096962697509799e-01 3.470192522750609743e-01 8.519765336802900269e-01 5.242052386300689593e-01 5.886846548838819970e-01 5.376640888893220449e-01 4.836740223055249754e-01 5.983013649735650086e-01 1.911931034695679987e-01 1.254173936116879939e-01 1.941400698384010137e-01 4.696766614461240219e-01 2.918743801235990087e-01 5.591110391795810486e-01 4.789572554290890127e-01 3.185015194558600271e-01 4.481043394078639830e-01 5.849583251781870219e-01 4.028251987393799971e-01 4.839290483979269974e-01 7.931121162637579936e-01 4.233791230249899784e-01 3.498409795648930176e-01 2.726495811758249954e-01 3.890891807487810161e-01 3.010542392142849799e-01 2.934921040099199852e-01 4.266275736659529971e-01 1.715265782385549942e-01 4.486202425024399809e-01 3.490199314973870259e-01 4.705225645787500244e-01 4.653535783363890177e-01 5.760411491878759671e-01 4.298990335586970191e-01 4.480401430246159777e-01 6.030998188838679885e-01 7.896844407146369482e-01 7.273300131635489496e-01 5.491071786111200170e-01 4.911551329004439914e-01 7.667462668145860194e-01 8.258035790007800525e-01 2.157845835244250055e-01 1.334719981140720102e-01 2.333597817810310060e-01 4.520113323353319723e-01 4.612870064230720213e-01 5.246972247304440007e-01 7.055273639324920465e-01 6.569282349159329959e-01 6.865488022257989487e-01 4.251028696517100136e-01 4.560433717224349759e-01 7.147735339878069638e-01 7.522445589829349633e-01 4.392386907659679984e-01 6.779027823087170335e-01 4.015357071553770085e-01 3.187483084787570142e-01 1.077619447704250000e-01 6.161631929821790310e-01 4.435157010238010011e-01 4.359659918102720133e-01 2.647432283417009979e-01 2.733579559441779994e-01 2.142723950028989910e-01 5.826292299421650389e-01 5.091702415477860066e-01 4.677254461626860205e-01 5.544581475976669838e-01 4.336391066882470113e-01 2.236947318262559881e-01 6.886028324930669742e-01 2.374170247949760060e-01 4.505221520112759892e-01 1.455325356084480048e-01 2.239112252562580063e-01 4.136393141282220243e-01 4.545966567677610093e-01 2.417146692211880055e-01 3.972033127823080267e-01 5.726094825323310156e-01 4.866692664724400208e-01 4.042204227712299924e-01 2.282838277026759954e-01 4.465338655053739947e-01 2.853010273978690003e-01 1.446766624685270029e-02 5.700937781944079852e-01 5.088037955881340446e-01 3.327704772684320078e-01 3.037422480070789965e-01 3.015570671260829894e-01 2.070470076166439910e-01 5.737863019682889476e-01 6.076432113809530078e-01 6.993520723068350486e-01 5.945456783590049588e-01 7.322847847354609918e-01 7.556625421044530500e-01 7.330689954386380158e-01 7.013286242962050165e-01 7.001319815653309631e-01
4.273906805717059831e-01 8.300057170326680112e-01 7.117484041665159689e-01 7.084984200631130324e-01 8.280500169203349747e-01 6.379046890270849701e-01 7.299543059108569709e-01 8.630057139924770526e-01 1.000000000000000000e+00 4.986910339721269958e-01 3.792103679940960204e-01 4.128277629422489881e-01 5.336114741315549637e-01 6.632248626303890449e-01 7.109281125147790537e-01 7.340087721085239991e-01 4.088557701122250143e-01 6.862627636110389950e-01 4.950443207200240225e-01 6.686311444383340463e-01 4.277843170172609955e-01 5.496903392605999583e-01 6.093877906468340155e-01 3.627801067438239935e-01 1.856062838150460137e-01 3.111970450585619941e-01 5.426604360371940494e-01 4.453534131763129955e-01 6.734596336697999952e-01 5.712877053583770293e-01 4.948643036253970173e-01 4.175819044310499772e-01 5.849292131907070091e-01 4.692541781379059862e-01 5.776549203309380154e-01 8.939000810496630089e-01 4.887713259447800107e-01 4.661329774127940251e-01 3.759679703024990105e-01 4.992986585920550224e-01 3.672039708382470180e-01 4.568519688032359749e-01 5.257305279307430412e-01 3.617021547059279807e-01 4.549501030206899999e-01 4.445563886008599974e-01 5.275727811795849487e-01 5.503416600263489888e-01 7.069623258733539473e-01 5.229455404633980287e-01 5.042467579185280213e-01 6.354390508618920075e-01 7.095758774781449896e-01 7.029674253907549630e-01 6.709793461886019994e-01 6.356416498578359997e-01 6.040383149425180287e-01 9.040498067408090366e-01 2.891515978612769766e-01 2.716478257904130222e-01 2.916555918498420219e-01 5.213117951586410115e-01 5.491105418829580476e-01 5.264048720186229602e-01 6.887308705980399459e-01 7.176916924193209590e-01 6.701645269803380156e-01 4.118948852720439868e-01 4.890007815926250001e-01 5.987840843200099572e-01 7.104344323497570057e-01 4.760695576460249878e-01 6.469635780706459727e-01 5.505006624608820287e-01 3.966058321108030249e-01 1.912334404544580035e-01 6.806170937680090516e-01 5.303892730458009686e-01 5.884533507194500412e-01 3.068307648737310100e-01 4.625396645799539908e-01 3.097088549501400001e-01 6.478070066836709717e-01 5.736006592748209565e-01 5.629406156076750545e-01 6.380409323265180399e-01 4.734579289934219837e-01 3.792470616250480098e-01 7.683060838752410193e-01 3.850065816106140182e-01 5.087527168589509596e-01 2.935893132295039898e-01 3.743873515108669947e-01 5.793590462661829532e-01 5.456089742427889799e-01 4.411600684934389727e-01 5.025895199293659577e-01 6.170401949562920318e-01 5.664101774623360175e-01 4.938288501835069733e-01 2.767785098505030073e-01 5.575435682510130331e-01 3.796588347712310241e-01 5.922404657033730063e-02 7.241265254806780183e-01 6.709493851431489464e-01 4.416451201104740210e-01 4.468433753243409856e-01 4.021008276352979749e-01 3.082687479846660250e-01 6.663063022653129552e-01 6.565365668045729519e-01 7.334996954715079509e-01 5.681647188403340376e-01 7.975620233270930282e-01 7.887679386807709969e-01 7.466490809724040112e-01 7.064026377668489731e-01 7.352433106270379604e-01
5.875066591904140045e-01 6.194318067817780049e-01 7.392455049880329865e-01 3.479866517110479784e-01 4.910123724027700143e-01 7.080755917364409679e-01 5.222925509939829736e-01 3.804616451997899773e-01 4.986910339721269958e-01 1.000000000000000000e+00 8.725324029538009674e-01 8.361002949592809541e-01 7.193168678634600521e-01 6.109661080649679832e-01 7.111429468884189475e-01 6.359898414259770316e-01 7.132938203294429957e-01 2.954584119273490073e-01 4.248096199262870187e-01 3.147262810474740213e-01 3.066056101348699769e-01 8.146599624139639895e-01 6.085892930018970137e-01 7.067491658872510074e-01 7.819388172709850204e-01 7.409019158984420095e-01 4.097731565996329817e-01 7.615065428003530146e-01 6.213849782542919531e-01 7.574870075127050351e-01 2.614636046758659904e-01 6.724224021275879704e-01 4.724275391732969953e-01 2.250227402063240123e-01 5.365636788123809842e-01 4.816687392180439842e-01 4.239592111170250033e-01 4.483053555223199815e-01 3.861940056108659758e-01 4.072060510339189920e-01 3.400471620218600277e-01 6.584661976601450251e-01 5.296352517411649918e-01 4.287544234850160230e-01 2.096906182291430054e-01 4.115833638766470126e-01 4.104632305889500121e-01 3.628148526928560158e-01 6.152110085729659561e-01 3.027668448086899833e-01 7.246287187350429759e-01 7.480311923836759913e-01 5.104643611531449743e-01 3.259366060917899821e-01 7.015259969221180336e-01 7.239029692266000238e-01 3.504957971834919972e-01 4.541937371088100028e-01 8.689561412722319744e-01 8.235456671741160362e-01 7.847333781924610285e-01 6.943715872629200314e-01 7.491596467830350381e-01 7.365071041315539579e-01 5.328797682316620543e-01 6.659707382844930468e-01 5.914862192933230123e-01 6.390987781657240241e-01 4.397332308074670126e-01 3.520738483770720073e-01 3.600205253248570103e-01 8.130362807569839756e-01 5.745698428698869931e-01 7.267843763038219773e-01 8.361938812484379646e-01 7.048816567292039981e-01 5.281021558113999648e-01 7.701982555879880454e-01 3.253490443083519867e-01 7.458597917538990485e-01 6.272277990193849684e-01 2.487755905752860042e-01 3.858774163009909830e-01 5.719267746809769681e-01 3.417179543013770249e-01 6.814690076748689540e-01 4.302727361904640224e-01 6.786496916673050439e-01 3.801404155665369933e-01 4.199220618586970155e-01 5.158108608173950227e-01 7.432235552954810087e-01 6.444818046096030262e-01 6.833463716303880275e-01 7.320346278801820317e-01 4.610509430014240184e-01 4.569567157200449814e-01 3.448619841378299800e-01 5.676704665875029754e-01 2.225622131553129934e-01 3.994132092819709934e-01 3.983156523337180177e-01 6.565861837922849498e-01 4.101299124119949790e-01 6.141980235243089670e-01 6.507324604414109759e-01 7.617916121052490386e-01 7.189268442892310373e-01 5.576175501216390495e-01 6.564620644183479792e-01 6.657208554524569610e-01 6.623884792509689978e-01 3.935754245796119766e-01 2.877130882179300131e-01 6.617341619913840178e-01 6.678391137542669664e-01 5.605860108247300300e-01 5.925767036504480112e-01 6.472617798240090092e-01
5.416582660563029616e-01 4.948314155730180186e-01 6.642470897423670140e-01 2.472457105071350081e-01 3.553195489988409950e-01 6.579930037007769572e-01 4.034791360426209783e-01 2.507622292408480114e-01 3.792103679940960204e-01 8.725324029538009674e-01 1.000000000000000000e+00 7.477881928951429780e-01 6.353901055037950441e-01 4.842505868619350062e-01 6.102637901979179880e-01 5.033530784571680350e-01 6.006822817301880058e-01 1.637544034719490005e-01 2.943695418607200076e-01 2.259057223730120134e-01 1.590412267580230132e-01 7.246428306414479659e-01 4.505962569209500113e-01 7.581724871277110145e-01 7.807343524190369921e-01 7.208274923514800259e-01 2.733441740983009738e-01 7.456986883006779809e-01 4.992885887097959774e-01 6.825224275031219756e-01 1.716829762389300018e-01 6.330832060449820275e-01 3.707161660624779809e-01 2.093242772134339957e-01 4.358023241749600096e-01 3.699667595346680105e-01 3.536696282778979961e-01 4.291651635612470095e-01 3.858945280428350277e-01 3.661438094699269730e-01 3.410319954737000003e-01 7.057672284291159892e-01 4.958066412538629786e-01 3.861667085145599754e-01 1.390671798502990109e-01 3.874364862360160089e-01 3.554600162692159726e-01 2.647243470375060248e-01 5.001993088170230140e-01 2.682537800350259793e-01 6.730442677302039822e-01 6.842734511331109992e-01 3.905025560810019836e-01 1.804839934008010127e-01 6.268837222464630488e-01 6.427601138021490357e-01 1.829015672678780124e-01 3.334075625593250214e-01 8.403383724830030266e-01 8.458553776635939769e-01 7.259418662574409487e-01 6.539662761028639526e-01 7.343030354495699852e-01 6.269316731992840008e-01 4.026165803705740176e-01 5.438260521848200524e-01 4.789049576314159951e-01 5.568346908048480426e-01 3.161275136730020141e-01 2.235435794412329868e-01 2.291426841235819911e-01 7.578803653022819775e-01 4.211696706797399825e-01 6.857832418490650284e-01 7.629782474230329958e-01 7.319018816674479622e-01 3.833226770484419732e-01 7.071271365680920074e-01 2.405874893977499873e-01 7.160510693914490243e-01 6.291021986541039945e-01 2.434758763176420038e-01 2.432237439779539878e-01 4.467218404407339860e-01 2.205677678448079992e-01 6.018290370786499865e-01 3.423077956897879748e-01 6.694851884877800474e-01 2.642968254711540177e-01 4.543181236166189962e-01 4.683559094481479779e-01 7.195145454437830157e-01 6.474570315182439639e-01 6.427609199662299710e-01 7.101823269105269620e-01 4.357073053674779817e-01 3.928302513131630147e-01 2.085308680516939905e-01 4.364852190739090254e-01 1.873574239869079949e-01 3.038835884020639755e-01 2.900260795368759803e-01 6.562981866208940085e-01 4.052835463241820091e-01 5.148813419439629557e-01 5.527202839864909789e-01 7.280438950883080240e-01 7.101852724298000075e-01 4.528893554321369863e-01 6.057355923639670126e-01 5.383234378588049873e-01 5.362510826671369468e-01 3.019272749871529937e-01 2.513784396782530184e-01 5.137503059535699634e-01 5.588394758990820055e-01 4.456745653154640108e-01 4.897265492960090061e-01 5.244495683223869831e-01
5.185299765837000363e-01 6.324360564285159692e-01 6.864957104919280351e-01 3.580120067464929723e-01 4.915765179765649862e-01 6.675492208489719470e-01 5.393116173167969984e-01 3.516788050870739979e-01 4.128277629422489881e-01 8.361002949592809541e-01 7.477881928951429780e-01 1.000000000000000000e+00 7.306680641466819504e-01 6.612940644527539602e-01 6.897837818184799907e-01 6.646597347455109883e-01 8.591116969557860417e-01 2.656955250736510177e-01 4.760379882654209860e-01 2.114472697480019869e-01 4.042487427150789903e-01 8.695770102948490177e-01 6.449770555519620530e-01 5.093626674151929823e-01 7.691638143318729748e-01 8.366889843439540009e-01 3.787797594937359902e-01 6.982275235089220322e-01 5.512175015815410362e-01 7.574060705713939745e-01 1.766238504462669945e-01 6.541260064489330395e-01 3.959444531073679774e-01 5.150405699810430005e-02 5.019029279389319864e-01 3.778767516343660149e-01 2.913623561908320059e-01 3.243811541764600181e-01 2.092543992530629948e-01 2.058630537411849926e-01 1.687183308117060077e-01 6.077895081444230074e-01 4.280262505131500195e-01 2.845082365590270168e-01 1.282082864820119905e-01 3.221374165398819822e-01 3.092175520289380253e-01 2.569898293315959759e-01 5.284710174138760319e-01 1.618841777901600110e-01 6.480283497067089726e-01 7.126923035888910185e-01 5.165456602323219570e-01 1.900221075799189974e-01 6.542516967057709909e-01 6.504885257736690019e-01 2.744684387796439973e-01 3.489854523956750221e-01 8.335291873043370048e-01 8.156664313671849742e-01 8.749328979821110464e-01 7.116355077049399958e-01 6.484254441948199554e-01 8.292407836435280455e-01 6.255846400825859632e-01 6.800625146845560298e-01 6.175185968346870169e-01 8.016367501116520300e-01 4.635310332212270179e-01 3.774371233160169758e-01 3.603786105259960126e-01 8.515107777665800182e-01 6.974048642490789929e-01 5.895039582437560099e-01 9.198113102476019876e-01 7.564895049856500409e-01 5.178828043373190360e-01 8.128567047572650139e-01 2.848934615626210198e-01 7.238774192286000497e-01 5.271745787443320452e-01 1.385736879261529886e-01 3.427511391655950201e-01 6.168104630366449959e-01 3.120140510409250001e-01 7.182042067728450219e-01 3.171274112854979843e-01 5.944608327028849670e-01 2.415762629042050025e-01 2.638766275161329999e-01 4.357456473017580212e-01 6.523803193064100503e-01 5.125110170034909984e-01 5.880810506453419961e-01 7.404437325004219472e-01 3.621381867202370097e-01 3.661290575935159941e-01 3.073776006857960041e-01 4.991814035484060108e-01 5.875336523446540032e-02 3.774836793011259739e-01 4.612433997342180181e-01 6.104435342984140256e-01 2.660189406584140270e-01 5.668373131448789515e-01 5.970515872342749830e-01 6.365733327812079789e-01 5.972137724966209982e-01 4.104225533281389837e-01 6.104237743254580240e-01 5.987277087729080405e-01 6.414730443486299505e-01 3.405501876507360248e-01 2.386886277467419881e-01 6.130411368698529540e-01 6.364024010248889862e-01 5.699616275450509750e-01 5.822889340369450384e-01 6.165760958184329787e-01
4.239873118225809812e-01 5.641138809959409528e-01 6.303409598027419625e-01 3.686552377205489783e-01 4.633791243873789933e-01 6.223397430188869484e-01 5.530787450138839878e-01 4.676755180486479868e-01 5.336114741315549637e-01 7.193168678634600521e-01 6.353901055037950441e-01 7.306680641466819504e-01 1.000000000000000000e+00 5.629938219181199743e-01 6.404956741414949972e-01 6.002394765849490277e-01 5.778734175360370484e-01 3.223231720027380232e-01 3.305480713221560229e-01 2.212519728388130102e-01 4.143590853587340028e-01 7.119973561920549532e-01 5.763547079980290144e-01 4.067826133054279758e-01 5.310845234051879693e-01 5.835113659388609930e-01 3.589670956673249869e-01 4.965295419782509989e-01 4.900319793733989848e-01 7.053828174579359622e-01 2.212700516635900116e-01 4.910604028204840210e-01 3.863999972738009769e-01 8.726090402072740615e-02 3.460113264439300118e-01 4.537272375629229915e-01 2.742688795956009784e-01 3.201364580575070118e-01 2.284354080991480018e-01 2.410636079934949938e-01 2.030046073590270062e-01 4.540826267530729821e-01 3.095791745883350043e-01 2.587805572881459737e-01 1.605189045286380123e-01 2.681851052322610229e-01 2.636925362560360031e-01 2.657857559912579770e-01 5.405142228960420070e-01 2.496714132807940079e-01 5.617167749778070318e-01 5.810054408778300150e-01 4.522948211891409942e-01 3.058061531263729926e-01 6.154194786237799919e-01 5.944717555326359815e-01 3.216666828861650118e-01 4.930789751460559756e-01 6.347604475250270273e-01 6.161160356555640538e-01 6.727782397509149970e-01 9.411614693334019455e-01 6.264918335773620450e-01 6.159743863648049489e-01 5.980605181549449867e-01 6.540402383639040140e-01 5.654347047896169931e-01 5.690144598900419570e-01 2.599424184191589937e-01 2.712703478525470002e-01 3.259582920633219971e-01 6.735741689254419740e-01 5.994190612792269501e-01 5.408253764889620063e-01 7.047468141600690128e-01 5.271113732157669540e-01 4.795993144031089894e-01 6.966782351678010299e-01 3.290858613147599754e-01 5.161546158039860277e-01 4.178376407216730093e-01 9.968146335223010412e-02 3.190815483845230172e-01 4.276801796583999948e-01 2.760812140326699970e-01 5.449077886818900485e-01 2.508281541828640271e-01 3.871715724516779922e-01 3.153641914638160015e-01 2.939307608764609725e-01 3.783025388389539834e-01 4.881312829694620103e-01 4.739523512871700039e-01 4.864384776258690035e-01 5.652889278033680354e-01 3.109870780332010254e-01 2.892319310365770169e-01 2.663366323308650196e-01 5.049314655327700185e-01 2.076622287216799978e-01 2.462072960524669951e-01 3.858035350613450154e-01 5.599423455421510543e-01 2.922769678818279981e-01 6.096118361710279876e-01 5.681732243484579614e-01 5.814654042596280048e-01 5.470681263445339448e-01 4.620432874044479998e-01 5.098798172205869506e-01 6.014661946960310202e-01 5.856381103276510069e-01 3.888909598364579945e-01 2.718302121097109780e-01 6.663153060766789926e-01 6.511057527561030511e-01 5.633287243184389448e-01 5.523287150832579817e-01 5.947570952463719918e-01
