1.000000000000000000e+00 4.467462013740570170e-01 3.624324143420379896e-01 3.418252235707329723e-01 4.093625551263699869e-01 3.732500672927689944e-01 3.079677230680780142e-01 3.278526671070060017e-01 3.403284563067510149e-01 3.847098528877059831e-01 3.776117632250189926e-01 3.010258738947459989e-01 3.109787929195729772e-01 4.475300886328489880e-01 4.059448691754110050e-01 6.059773312330749562e-01 2.062464842544489974e-01 5.053983187053070480e-01 2.349334231322700028e-01 3.952649777323269942e-01 2.461726516056559899e-01 4.006698754463580148e-01 2.940234013087639764e-01 2.038920735179599875e-01 3.131154947997870086e-01 1.361078860734430129e-01 1.390164466132149945e-01 2.115607709909639866e-01 3.210139571262740077e-01 1.458287830456790057e-01 3.614255717590220129e-01 1.932435814053030110e-01 2.669258396797790089e-01 4.026612872227959827e-01 3.151068223014559799e-01 1.526764485936120130e-01 1.359915572307320020e-01 1.893397332400720001e-01 1.690264647322949898e-01 2.668779371806859757e-01 3.784197171299820139e-01 1.023719488428369989e-01 1.483138794380949865e-01 2.494546661014309941e-01 2.404145035946060049e-01 6.979127675053739543e-02 2.916387463817819992e-01 3.027931313809290037e-01 5.773363995273910199e-01 2.993283651489039854e-01 4.914066106962480251e-01 4.040331917269869844e-01 4.770429162251589861e-01 3.983872173256630123e-01 4.285269704968530102e-01 4.250532808981100086e-01 3.435973253670390193e-01 3.625885223476940089e-01 3.478238865799569979e-01 3.555215445728109880e-01 2.669959454993839909e-01 3.705549675926330111e-01 3.364771638434380097e-01 2.186905587722040023e-01 3.230778745625719761e-01 3.953560413306549948e-01 4.038559855179330027e-01 1.498047385508159968e-01 3.414860392485600249e-01 4.795989685226290100e-01 3.324052865063890083e-01 3.198470066181899885e-01 3.550410739182279785e-01 3.339207653677470078e-01 2.363280640595419868e-01 2.014283959830500126e-01 3.072253285914249843e-01 2.161633492719119976e-01 3.589962476036430150e-01 2.086514639341910116e-01 1.419437990858549992e-01 3.098638898188940116e-01 2.798871728863590036e-01 2.563447540768949984e-01 7.199472247647729917e-02 2.975456606745480181e-01 1.571364863792099886e-01 1.413082837588889862e-01 2.714799707294329734e-01 2.531662493415730020e-01 3.791181596510849738e-01 2.539506026192500099e-01 1.305233575522679879e-01 1.351003741793969926e-01 2.190701153065429951e-01 2.144053996110910076e-01 1.448890759152519914e-01 2.287759837319159884e-01 6.403300467427559539e-01 3.408310086921310100e-01 4.492082345935369814e-01 3.494929099332049760e-01 3.274772165566510185e-01 3.019363286785730072e-01 3.092120962553789876e-01 3.573727650022520130e-01 2.980424798551379872e-01 3.345155335702920119e-01 1.276691007027810076e-01 3.001970938880619832e-01 3.493704311256919937e-01 2.874461544719250083e-01 2.903246840587480060e-01 2.826355383190040094e-01 3.359736607919739937e-01 3.787123572078229805e-01 4.182526946629839815e-01 4.340106211484309751e-01 3.930003048947680044e-01
4.467462013740570170e-01 1.000000000000000000e+00 7.679657078292919659e-01 8.242612810964730086e-01 8.524529976765019557e-01 7.874416534344880203e-01 7.334304466063229500e-01 8.133252486366460143e-01 8.481554526798720239e-01 6.787200013719080216e-01 6.067763647487740553e-01 6.821641514966310105e-01 6.557985509207480135e-01 8.000678378500909460e-01 7.809511473373990098e-01 7.628453856078789563e-01 3.582511263296779824e-01 6.277253974910480538e-01 4.293123145816439834e-01 6.520986181423990002e-01 5.950355935492670501e-01 5.898723560136169830e-01 6.114603047788440549e-01 5.354956178782369625e-01 5.033264584467680436e-01 4.548469028926240276e-01 4.752485286843839973e-01 5.480342031763699717e-01 6.088127826157210265e-01 5.031171863123170551e-01 4.290053127382290055e-01 5.324105542337169705e-01 4.453752150302690005e-01 3.782415869895779936e-01 2.924024003174369724e-01 4.141678596538789781e-01 2.998549929716239903e-01 3.988077052724109950e-01 3.631639978846379901e-01 5.547314462954739955e-01 4.346048626886520050e-01 3.219083267301610096e-01 3.658610755437259887e-01 3.794816745838239802e-01 2.533445169654680029e-01 2.007234927924680112e-01 6.283535180181100133e-01 2.707056314506149919e-01 5.692217447555569798e-01 3.574146718116730237e-01 7.152598850742719616e-01 8.674750431468829515e-01 7.931462335254340079e-01 8.585296022244609526e-01 8.414571325252859779e-01 7.870615605113160385e-01 7.871121420483769837e-01 8.591711504285229895e-01 6.304305173618910407e-01 4.996149596143609761e-01 6.681790650342389615e-01 6.190934325366680424e-01 7.635209867404280093e-01 5.502943826810560157e-01 7.444742031166889928e-01 7.556086291541720401e-01 6.582008498591449541e-01 3.997832731519190275e-01 4.383239166092859906e-01 6.536194904737989697e-01 6.382768319452399863e-01 5.191489586803450518e-01 6.207170402136169551e-01 5.225412529575930165e-01 5.659013740646470225e-01 5.157376932784679680e-01 6.463898935897519626e-01 6.843554943362719634e-01 4.397796940960910228e-01 4.218044594898219812e-01 2.797620446829400254e-01 2.760202037260410246e-01 3.157555492927779928e-01 2.500416839409719816e-01 4.765007931766360172e-01 4.834156117492390270e-01 3.565489243183699863e-01 3.700865447522980189e-01 4.912582725207749745e-01 4.570830733452679873e-01 4.480177625731169844e-01 5.816592601725399936e-01 2.674672151934819886e-01 3.136668764395729725e-01 2.787287882242350245e-01 2.637780987968230129e-01 3.311211155064680001e-01 2.962915185223690129e-01 4.906294043592139831e-01 3.494879928243759815e-01 4.695299197207850050e-01 5.614328248349920170e-01 3.984690613481109978e-01 4.860821973721080047e-01 5.308859272175440180e-01 5.340245719164079530e-01 4.213612882038070273e-01 4.589454176340739822e-01 3.348178820678059942e-01 4.172431114539860153e-01 6.840350696434730482e-01 7.229590152734339803e-01 7.280554635900390315e-01 6.784158320396980191e-01 8.775879201080669656e-01 8.715177118940480305e-01 7.837392233917009898e-01 7.861445573251609753e-01 7.907615079128680335e-01
3.624324143420379896e-01 7.679657078292919659e-01 1.000000000000000000e+00 6.043781107922390206e-01 5.341405177146170136e-01 8.440541340238929546e-01 6.836156891269790092e-01 7.443709467359239662e-01 6.800872338428419761e-01 6.345727848318990505e-01 6.017986740696960046e-01 6.151987282728239581e-01 5.868482681300279946e-01 7.415652271990620381e-01 6.229680524697149835e-01 6.209820315368860255e-01 3.977123659798170174e-01 4.865141146957390195e-01 4.399830570864179946e-01 3.617915332341630208e-01 5.787580891951610296e-01 5.366027340459710304e-01 5.651431395069449470e-01 5.445557445596540536e-01 4.698456690640410160e-01 5.083783816687920121e-01 4.117429064491169854e-01 5.170655885658229645e-01 6.081612364390089898e-01 5.843161805373570106e-01 2.761882043778839946e-01 5.306662696172419480e-01 4.106683783236420027e-01 3.452187194544940052e-01 2.381159167356360074e-01 3.187315403100259847e-01 1.668009633506770117e-01 4.432145322987430247e-01 4.480104704410949878e-01 5.335657302242350353e-01 4.549279474766230180e-01 2.629125488737220073e-01 3.957547975456909839e-01 2.601221782652969883e-01 8.918232874299279744e-02 1.912439004875710058e-01 5.565191415581770551e-01 2.325343248644670124e-01 4.883677330374620040e-01 1.808794653052550050e-01 5.697040710478650238e-01 8.390441136243630416e-01 6.212480369692050530e-01 6.914548537320139854e-01 8.875776066652439900e-01 8.415129121907050092e-01 7.003352920300609519e-01 6.669294320085680239e-01 5.984331182091650048e-01 4.545628445276930218e-01 5.819925966918619853e-01 5.401810899511210184e-01 6.689134589637709682e-01 4.686026030907740059e-01 6.520746805723730555e-01 6.103504443805930491e-01 5.890821174355209688e-01 3.258557401994909841e-01 3.538523858891610141e-01 4.705055266358459942e-01 5.405712582192869764e-01 4.463185030070199732e-01 5.351351472612989602e-01 5.166479322745050062e-01 5.140761724338439587e-01 5.455874528969839599e-01 5.936708417185460052e-01 6.265667812971460471e-01 2.451129294935089908e-01 3.690061451805100035e-01 3.186149481922079807e-01 1.312764242690500072e-01 2.000663868885949881e-01 1.564587598091460030e-01 3.724103281235169871e-01 3.649942399752649780e-01 1.511065210037789985e-01 2.636684051345880020e-01 3.043026534415659845e-01 3.687917703960140181e-01 3.421768331062540192e-01 5.524907272869780117e-01 2.687786633919569956e-01 1.818913138847720046e-01 2.264212437270229916e-01 1.206725478026969972e-01 1.943246533392730124e-01 2.126068217964270091e-01 3.300563888519280065e-01 1.564640500788100075e-01 4.381509722040730082e-01 4.017144986411370078e-01 4.262397893256730241e-01 5.117740559544899925e-01 3.131137354055820166e-01 3.498414796777730151e-01 5.234901833156000439e-01 5.233871384007670047e-01 3.572338488463410178e-01 5.300226164085799496e-01 5.648641831767560184e-01 6.388494128786269544e-01 3.206523222191490219e-01 3.509651724437469755e-01 7.056226432874069809e-01 6.725702896791110330e-01 5.831529179737340307e-01 5.913207408605239968e-01 6.607738276376029507e-01
3.418252235707329723e-01 8.242612810964730086e-01 6.043781107922390206e-01 1.000000000000000000e+00 8.145678228857130554e-01 6.620170005555849890e-01 6.438772183633769686e-01 7.815084318095090188e-01 7.709363261768790165e-01 5.328443591291479597e-01 4.850723893434409906e-01 5.803932847180960364e-01 5.915135718593349523e-01 7.053567840889829466e-01 7.029332449538669980e-01 6.427276810051260059e-01 3.832588731109590197e-01 6.209668900987169726e-01 4.466349860132839966e-01 6.223952227139040172e-01 5.640833871964050505e-01 5.818114010971530137e-01 5.215333181681870434e-01 3.873070146280480075e-01 3.807346209559610006e-01 3.783510537305529997e-01 4.878123176578679776e-01 5.099265276239050015e-01 4.720206057272570144e-01 3.760679668375839779e-01 3.826461990723090123e-01 4.526028595814199917e-01 4.028061924591450071e-01 3.479653785419429823e-01 2.703941379013610202e-01 4.035138043214769876e-01 3.157279924533489823e-01 3.593104948629800011e-01 2.584574362616169907e-01 3.369889473982670136e-01 3.295145158316110101e-01 3.067848717468850128e-01 3.170548963963700229e-01 3.950974741337470175e-01 3.340613421571880237e-01 2.174890636381300035e-01 5.189284783363029563e-01 2.283454535869610114e-01 4.513671518666150240e-01 3.286988046843160038e-01 6.168733093712089888e-01 7.396531973082349776e-01 7.544056491509459894e-01 8.360263323109109468e-01 7.158757946527579685e-01 6.115403480903339739e-01 7.343910379673950217e-01 7.721081894108760002e-01 5.052525316817739753e-01 3.941423558508230229e-01 5.631894115726170380e-01 5.343758440088930417e-01 6.960921556014370015e-01 5.070839105492760401e-01 7.253077610857669999e-01 6.681454953866360347e-01 5.628632652680379822e-01 4.592704342456169764e-01 5.003205339253019579e-01 6.768287408470009536e-01 5.635234951534100478e-01 5.447393174945059924e-01 5.624529963470400462e-01 3.592649568647359737e-01 4.634348771788119881e-01 4.442878513887960068e-01 5.280082271000819949e-01 6.377259957629749509e-01 4.040143103649400103e-01 4.646176118392509879e-01 3.350071273274889960e-01 3.080418042343420204e-01 4.379798770277639752e-01 3.367194240303180153e-01 5.352702655379060204e-01 5.091455252499049733e-01 4.481730912490459739e-01 4.056962374336580135e-01 4.796751994153189980e-01 3.813378086118799914e-01 4.266953456830259728e-01 4.900840933537610189e-01 2.593583721359409844e-01 2.775111868763279754e-01 2.557743184831759997e-01 3.237358826184770222e-01 4.018614188141820254e-01 3.634773103986579934e-01 3.797662499040779793e-01 3.383378806216830181e-01 3.680601099304480206e-01 4.496121100153119832e-01 2.725389861866099883e-01 4.699983617467760055e-01 4.408257470148739809e-01 4.345780027373369880e-01 2.741167122161040082e-01 4.765324893673920092e-01 2.050672689195940090e-01 3.608222986429289736e-01 5.759602046629049843e-01 6.007319178123949888e-01 7.623408504689720422e-01 7.084524866412590383e-01 7.774679911967660173e-01 7.846328118614099845e-01 6.786835915753459680e-01 7.584841743148229565e-01 7.024897775850329484e-01
4.093625551263699869e-01 8.524529976765019557e-01 5.341405177146170136e-01 8.145678228857130554e-01 1.000000000000000000e+00 5.994144821964170200e-01 5.844252392814309749e-01 7.043583951220570016e-01 8.104019190493999547e-01 5.693738872714210197e-01 4.756876565003679835e-01 5.620542700927519952e-01 4.662594982839919910e-01 6.642732093234320345e-01 7.424571923947510532e-01 6.684168246381300138e-01 2.155039385625059922e-01 6.404078380698430273e-01 3.186818265663959870e-01 7.367812366907090516e-01 4.673113543737300035e-01 4.486688885027940166e-01 5.066159985331509796e-01 4.370804765273910153e-01 3.655269285670840196e-01 3.219279449442840058e-01 4.835032876397030166e-01 4.942121127805180203e-01 4.949747997428219914e-01 3.708320843821639734e-01 5.336354954297679587e-01 3.813516525315400196e-01 4.233708648378259887e-01 3.939733994346569790e-01 2.357524142658810051e-01 4.373880133514839730e-01 3.913353868528909874e-01 3.261292025760220148e-01 2.666195172645199896e-01 3.672451685251609810e-01 3.764397144860769928e-01 3.063012151631899771e-01 3.034397562247679869e-01 4.459618779230560270e-01 3.637331860559919749e-01 2.619793054767030061e-01 5.941046527293759594e-01 2.942844057409019776e-01 4.819000417235779765e-01 4.107114322941750051e-01 5.797793579474680437e-01 7.114207089497930347e-01 7.298782123028879631e-01 8.189226592250430370e-01 6.777325888988100511e-01 5.733263874083369682e-01 6.894448707359910333e-01 8.355052327964089809e-01 5.360111937813329952e-01 3.482751446573720266e-01 5.303288577261919823e-01 4.368582970562909784e-01 6.199949602598640030e-01 4.152261026870670002e-01 7.048358486163639469e-01 7.259459271917370060e-01 5.790560588899990035e-01 2.757947873446590092e-01 3.847784684575780156e-01 6.054008775086689997e-01 5.873302171071149713e-01 3.814488261654260248e-01 5.404606139170740065e-01 3.701828261398319997e-01 5.164603342235669636e-01 3.510754442699269839e-01 5.810052965892770205e-01 5.970500635934969935e-01 5.306575405016420444e-01 3.766170812864449990e-01 2.285651641005040091e-01 3.454340464348379935e-01 3.280876650948659767e-01 2.469004439552970054e-01 5.096867623239660361e-01 4.806299131733409724e-01 4.801957844275580034e-01 3.917124582427359836e-01 5.326569723660690148e-01 4.420651663160520273e-01 4.097767748130510257e-01 5.370238314522389755e-01 2.240485124056079969e-01 3.354840296090880192e-01 2.641862967467890067e-01 3.401822136104110106e-01 3.895228283127949997e-01 3.072031806062059944e-01 4.711867367626950132e-01 4.006966762376369950e-01 4.055855440594229866e-01 5.478431266152450352e-01 2.680009323369210161e-01 3.287116487676450260e-01 5.984520639327699509e-01 5.631960893583169980e-01 2.007892450188289990e-01 3.028450998402710259e-01 2.639603898661960213e-01 2.797056309586650191e-01 5.849108252870429681e-01 6.414221617293840438e-01 8.599363267875990147e-01 7.875211058842459533e-01 8.223265251177299673e-01 8.428764831729950169e-01 7.888676740412560173e-01 8.103568997779180272e-01 7.761715464657089614e-01
3.732500672927689944e-01 7.874416534344880203e-01 8.440541340238929546e-01 6.620170005555849890e-01 5.994144821964170200e-01 1.000000000000000000e+00 6.932244506679150486e-01 7.666869405716300045e-01 7.590247559661329468e-01 6.371993074412509728e-01 6.218226237217370223e-01 6.065151035201059582e-01 5.828711428025570296e-01 7.684743339962040176e-01 6.314713080939480250e-01 6.856048847536829749e-01 4.451212028105079876e-01 5.784479536347449935e-01 4.476716486339910039e-01 4.468094435186399926e-01 5.598512622479090428e-01 6.024768447727709697e-01 6.118911466370799968e-01 5.244432483981500415e-01 4.876390809694909900e-01 5.393979728071149893e-01 4.738960310583330005e-01 5.517527611408119537e-01 5.948746736254639789e-01 5.494530597459079679e-01 3.343186916580009882e-01 5.070952085842550527e-01 4.323044747215840089e-01 3.917577221854010028e-01 3.846938335843529955e-01 3.930022425223250182e-01 2.016839322646399868e-01 3.598563913077559850e-01 4.376217157669020086e-01 5.447972878591019752e-01 4.271355250960059968e-01 3.602996395650099881e-01 4.217384826283659960e-01 2.437514005164360120e-01 1.790949594841519943e-01 1.191896193309519986e-01 5.961285384296109990e-01 3.204218527631569891e-01 6.264273274254450463e-01 2.461096805806609888e-01 5.753384872053689536e-01 8.404567008635529524e-01 6.338261147508450488e-01 7.419202574690509921e-01 9.526349395080520033e-01 9.170438618719789492e-01 6.930187774836630288e-01 7.447025264541640155e-01 6.197877278071609597e-01 4.642367424189879910e-01 5.602001296158699573e-01 5.445016291270300401e-01 7.413883603581530313e-01 5.264938249281549965e-01 6.780249166539340511e-01 6.047361896472189802e-01 6.039345400033410138e-01 3.575196338608189750e-01 4.028295733866690265e-01 5.125743772811539589e-01 5.171110566006970055e-01 5.279113499987010405e-01 5.452804220228439913e-01 5.200129535308709583e-01 4.924994717648830123e-01 5.925503960377399570e-01 6.058977504872270492e-01 6.716046503541069912e-01 2.815158688472549908e-01 2.820446871848690251e-01 3.258555285771980170e-01 1.460081353706040030e-01 2.268008798906339940e-01 2.422884709689110128e-01 4.054385976646319723e-01 3.663291514050159847e-01 1.919471061907929987e-01 3.243092131645630150e-01 3.730670587397699745e-01 3.760625279340800153e-01 3.630172949079589761e-01 5.100964104525730347e-01 2.204366572022279924e-01 2.029808112867340086e-01 2.889661347157430060e-01 1.039149823955209939e-01 1.497908797959859872e-01 2.390561035175360061e-01 4.133301779185700187e-01 1.887834382798269928e-01 4.044803765881869739e-01 3.681905813942180083e-01 3.477623002227839821e-01 4.639522398584819962e-01 3.877018385810619971e-01 4.588781765197320062e-01 5.189852338380750441e-01 5.700171915412529655e-01 4.267223149964520235e-01 5.560178362054120083e-01 5.975365388264399780e-01 6.315912555874729772e-01 3.699078234477670146e-01 4.013788474029240105e-01 7.259446154574370480e-01 7.363508296119839480e-01 6.298385866071879446e-01 6.340464565396269903e-01 6.941413442173920423e-01
3.079677230680780142e-01 7.334304466063229500e-01 6.836156891269790092e-01 6.438772183633769686e-01 5.844252392814309749e-01 6.932244506679150486e-01 1.000000000000000000e+00 8.150646496301779953e-01 6.594117144214659554e-01 5.999440376337530356e-01 5.324893281790009647e-01 6.038002653028019528e-01 6.245625470428139980e-01 8.081400324423859693e-01 7.157915451537150142e-01 6.160913497396099947e-01 3.768534519242550118e-01 4.405526856111610101e-01 3.908545494406289733e-01 4.195872385576239760e-01 6.317494155156609947e-01 6.046299929876870483e-01 6.262612235376360248e-01 3.881969211457350077e-01 3.270115084222640078e-01 3.321145571189860202e-01 3.226365536982400140e-01 4.955809780644270246e-01 5.158245225698560033e-01 4.388683468421160083e-01 4.366171494784080176e-01 5.346950930627130116e-01 3.915552609904380255e-01 3.487567473112380134e-01 2.074908423510430089e-01 2.619175545281779982e-01 2.544992978197639921e-01 5.451849661034879890e-01 5.241763246944599608e-01 5.663212885230080040e-01 4.479260718873330216e-01 3.071927705556020127e-01 4.277643244142920187e-01 3.818698838568089782e-01 2.996574479581800010e-01 3.115626894707320127e-01 5.977364567212170021e-01 2.442954813908060074e-01 4.490952480605929775e-01 2.510442306727559969e-01 6.191947431262330159e-01 7.879848024874429591e-01 7.501785259780500148e-01 7.375243379954460332e-01 7.381138550846240154e-01 6.935414828388309916e-01 8.207351097275109586e-01 7.254345582628619615e-01 5.304938070562470465e-01 4.429677782662910235e-01 5.393022937126199512e-01 5.717758784352400259e-01 7.462216826778600431e-01 6.992701632650919485e-01 7.036875144479950439e-01 7.132482167114280180e-01 6.099576595497769871e-01 5.353818743913280054e-01 3.482781188874959910e-01 5.345045277106490467e-01 5.074477973773859896e-01 4.271424232763790241e-01 6.316074185142670494e-01 4.168378663229819758e-01 4.923224550423839774e-01 4.017620925811660193e-01 4.123912760970310232e-01 5.475839041604759760e-01 3.927728252481860194e-01 4.487617839687950139e-01 2.286457802833500030e-01 1.345901817690519919e-01 3.036183440234579978e-01 1.147434872053540028e-01 3.345591397264309763e-01 3.993278038627889881e-01 1.926597701123670126e-01 3.029837678746459817e-01 2.712816552018130212e-01 2.939619058718079825e-01 4.371832468348739731e-01 4.414804098122500076e-01 4.142663493126659824e-01 2.516509200503980193e-01 2.005098490091609953e-01 2.747892228975439832e-01 3.190902531813140097e-01 1.635022639015190071e-01 2.506835242103789829e-01 1.853107577345010082e-01 4.615266265089220110e-01 4.476962119865909862e-01 2.393115307324399921e-01 3.788521511284450027e-01 5.403353507403449996e-01 4.902674937783059739e-01 3.690733871294010204e-01 3.889343621730330103e-01 3.458124012740110276e-01 3.194406494297910015e-01 6.105420224363590220e-01 6.118831282256259607e-01 4.911008366615089993e-01 5.443490896849340066e-01 7.450986683371000341e-01 7.399283885159440022e-01 5.824056942549310500e-01 6.508862895299339923e-01 6.621303024269920012e-01
3.278526671070060017e-01 8.133252486366460143e-01 7.443709467359239662e-01 7.815084318095090188e-01 7.043583951220570016e-01 7.666869405716300045e-01 8.150646496301779953e-01 1.000000000000000000e+00 8.027205251598760194e-01 6.126540441721319841e-01 5.594910253832280356e-01 6.046820255651009779e-01 6.020695675909589761e-01 7.858449019496519528e-01 7.052357982682260218e-01 5.715650801453839858e-01 2.694030166914470059e-01 4.974121579801419890e-01 2.736960187357270202e-01 4.483237776821820120e-01 5.129522556466450389e-01 5.701573310464680411e-01 4.761736696212739983e-01 3.926613938210359867e-01 4.082633415092439821e-01 4.819084142148840066e-01 4.310087748614480074e-01 5.808899474596930235e-01 4.867721429661450161e-01 5.101432005593360408e-01 3.654040173283329973e-01 5.860461605529579954e-01 3.703065999072069903e-01 2.664580257201160096e-01 1.818935773599240080e-01 4.276557133488559925e-01 3.097134160989740148e-01 4.882914951434749740e-01 4.068031026667590089e-01 4.585885861635329852e-01 2.899270404217709762e-01 3.663066806112659779e-01 3.970718980566719791e-01 3.918585493294299837e-01 2.373594160939919984e-01 2.548480780024999781e-01 5.760774911625250461e-01 1.440660429683940091e-01 4.607047441638519869e-01 2.813218442459740065e-01 6.887527955537019464e-01 8.636635805328950477e-01 7.278225159003549605e-01 8.370056656957030050e-01 8.210046136824099561e-01 7.687024332949049521e-01 8.721655160290729958e-01 8.161003671689649464e-01 5.906242546348650091e-01 4.561806594944660120e-01 6.045274512094139796e-01 5.207144175704180311e-01 7.612938326972470415e-01 6.065120616552239774e-01 7.237944703800309743e-01 7.150626854686680245e-01 5.207811210039190453e-01 3.952595130933980183e-01 3.105711498057719955e-01 5.210830324959410120e-01 4.501443340635569723e-01 4.855092545809819859e-01 5.333451161116660177e-01 4.864076965347470249e-01 4.490064622627730206e-01 5.276416838192979908e-01 4.971069111030430032e-01 6.947511356922749792e-01 4.027710917949050007e-01 4.743237147127309927e-01 2.342840671450459877e-01 1.190882188548730014e-01 2.595465791911569786e-01 1.969289597607550013e-01 4.720584873699800177e-01 4.503821588873659909e-01 2.563052242797019820e-01 4.790436415123440206e-01 3.826424512169139813e-01 3.992266237002540241e-01 4.002253573004330156e-01 6.038785735836520452e-01 4.002285509513809902e-01 3.229018756029459758e-01 2.995128737971879951e-01 2.879328213608999820e-01 3.588593501303249944e-01 1.598340795510219958e-01 2.688873517223540066e-01 2.315888679097599934e-01 4.291851143142049740e-01 5.012267840097049953e-01 2.705123682152020259e-01 4.662390054407429818e-01 5.032867176465789516e-01 4.886209513507659974e-01 3.881768111694159917e-01 4.593150204882949783e-01 3.922885013487050210e-01 3.899032904531570254e-01 6.585301456091590122e-01 6.858964676121569459e-01 5.735357999197100431e-01 5.470778209877089626e-01 8.234048835165770353e-01 8.071558581100619634e-01 7.009327807040499625e-01 7.015976826551419965e-01 7.450824393039460203e-01
3.403284563067510149e-01 8.481554526798720239e-01 6.800872338428419761e-01 7.709363261768790165e-01 8.104019190493999547e-01 7.590247559661329468e-01 6.594117144214659554e-01 8.027205251598760194e-01 1.000000000000000000e+00 5.290934584164620480e-01 4.852182603594359933e-01 5.759089528936429669e-01 5.530684960665920302e-01 6.853480596075199882e-01 6.554913986252689506e-01 5.782384938253719575e-01 2.460469436268780119e-01 5.973167454133669896e-01 3.224516730858539848e-01 6.609584103982829584e-01 4.635648435128469913e-01 4.934871445283169900e-01 4.580788763639400130e-01 4.497656427631819831e-01 4.151410315888329761e-01 4.026469586303110249e-01 3.777976359005120188e-01 4.148128858714050238e-01 4.940975814857250237e-01 3.786579842980010158e-01 3.370648588259380074e-01 4.095510131580319957e-01 2.487311282304009996e-01 3.272446955597609897e-01 1.989039974088659957e-01 5.293506601159070346e-01 3.278573978711840087e-01 2.361185687513900067e-01 2.313386300276900065e-01 4.387506552121959724e-01 3.000620240880579881e-01 2.054518836727090014e-01 2.390740449254460109e-01 2.581641120661040123e-01 2.106107275866090089e-01 5.448702625441349812e-02 5.193249522166210053e-01 1.561970307847830031e-01 5.194108635074620173e-01 3.127884363184639804e-01 5.901983179790120104e-01 8.035479829711009714e-01 6.481583471123499862e-01 8.012395158383810445e-01 8.018557420089880150e-01 7.267118355102200056e-01 7.403797165760860333e-01 9.022780773218219696e-01 5.205932796651250305e-01 3.473346831023439996e-01 6.056473863182180173e-01 4.971600290485619911e-01 6.344977789337630236e-01 3.738312120228209912e-01 6.284549129869879680e-01 6.432597928947310084e-01 5.293297515143610132e-01 2.563349121884250237e-01 3.517709330127439804e-01 5.260256829703500170e-01 5.133503969819389612e-01 4.053971850198360150e-01 4.286264467932209832e-01 3.976232895634039810e-01 4.438626101153220205e-01 4.393973987839689954e-01 5.296197750759069622e-01 5.956095035063639909e-01 3.390878307833889993e-01 2.822340133548519869e-01 2.594809582332839870e-01 1.775573116042200028e-01 1.890140987792449934e-01 2.104849207210719997e-01 4.179369541618480066e-01 3.384820617431770207e-01 3.449495737063509870e-01 3.165442212977799818e-01 4.871930680997729746e-01 3.577769868674399723e-01 2.529903186780009805e-01 4.573929795012379729e-01 9.827843172299349783e-02 1.314406731646899917e-01 2.135220074345690056e-01 1.362957594303869924e-01 1.508436804029510137e-01 1.851915410312739985e-01 3.906356757521829981e-01 2.533043018579479999e-01 3.980984175365169797e-01 4.723875277524339777e-01 2.717810604905029903e-01 3.918238040762540009e-01 4.439937681971140027e-01 4.793095852710029803e-01 2.426740937197389980e-01 3.360563802885550011e-01 2.718762108155040047e-01 2.964027508305269731e-01 5.652428428120740422e-01 5.987706386548280468e-01 6.738511898288780388e-01 6.166984337812869699e-01 7.806654409127600225e-01 8.248031219858470431e-01 7.166531942068580241e-01 7.485304989242299589e-01 7.025267051926830097e-01
3.847098528877059831e-01 6.787200013719080216e-01 6.345727848318990505e-01 5.328443591291479597e-01 5.693738872714210197e-01 6.371993074412509728e-01 5.999440376337530356e-01 6.126540441721319841e-01 5.290934584164620480e-01 1.000000000000000000e+00 8.250586102589310133e-01 8.484362242879369687e-01 6.852052577022540447e-01 7.427347902318259809e-01 6.592780935262190223e-01 6.028707445839399659e-01 4.123950024444950069e-01 4.159323152606669849e-01 3.568966588486520153e-01 3.331518210954830250e-01 5.957263158320590390e-01 5.676860192673659489e-01 5.512300497136379818e-01 5.449464540212110020e-01 7.240936780265599948e-01 5.129686016524820369e-01 4.224732309756050186e-01 5.067542347261489999e-01 4.768305110061720198e-01 5.794714381017509464e-01 3.595695108249279959e-01 5.336239964950270087e-01 3.381097308637400212e-01 2.248144854217830058e-01 2.372136001820570050e-01 1.743399934239109883e-01 1.318785601825810117e-01 4.263026918825910117e-01 3.881661785998080094e-01 6.096571943474160538e-01 4.316330504284630054e-01 3.490824726230850050e-01 3.904966695031489854e-01 2.819488164157100130e-01 1.078731036228530032e-01 1.983564261771920134e-01 5.234823182666510366e-01 1.296201607266120048e-01 4.351358825992999724e-01 2.351140156105580026e-01 5.083369755309159466e-01 6.523356970509649466e-01 5.775885504976260298e-01 6.090002656403340486e-01 6.732361218050170182e-01 6.390062772287039561e-01 5.583674670795230055e-01 5.757579911234039782e-01 8.873570911926710325e-01 6.529279813055609560e-01 7.173657604510710328e-01 6.589859282061559798e-01 7.345286099251659984e-01 5.543337385919140381e-01 7.151991696345689764e-01 6.629009009539490460e-01 5.499007178806960550e-01 3.855674336725060103e-01 2.748249697723419982e-01 4.098502896473409929e-01 5.405563453768339466e-01 4.500765017745970153e-01 5.762952731724749755e-01 5.630639028920939593e-01 6.966927361552970321e-01 5.933067422139569613e-01 4.765582588622909732e-01 5.901686930667779940e-01 3.457507720082519942e-01 4.002857364670640017e-01 2.786247277276069911e-01 1.295608637284740017e-01 2.107615413920609915e-01 1.325502594154530089e-01 2.768212664136360246e-01 3.375094999476320190e-01 8.377739320825139391e-02 2.571542135366809978e-01 2.316960400126029940e-01 2.607492521151569820e-01 3.706533726606999757e-01 6.192444975207660463e-01 3.727402088787349910e-01 2.600570623975330120e-01 2.963238890801719871e-01 1.853115873660519941e-01 2.470082535625980069e-01 7.821116000644059985e-02 3.325443865078149819e-01 1.570331456312930030e-01 3.562905989876199997e-01 4.496984021338940041e-01 3.554055822443940027e-01 5.123682124884969546e-01 4.787216084732839882e-01 4.322263975914690248e-01 5.351218296135780150e-01 4.822360975025999918e-01 3.859640364379089972e-01 4.885344426187719913e-01 5.956691771473719976e-01 6.179812708654920383e-01 3.675667413459510202e-01 3.950795979139909986e-01 6.273881580972580085e-01 6.491212932479529796e-01 5.953985686754550422e-01 5.746953425372810509e-01 6.144303022805680525e-01
3.776117632250189926e-01 6.067763647487740553e-01 6.017986740696960046e-01 4.850723893434409906e-01 4.756876565003679835e-01 6.218226237217370223e-01 5.324893281790009647e-01 5.594910253832280356e-01 4.852182603594359933e-01 8.250586102589310133e-01 1.000000000000000000e+00 8.014130609198619748e-01 5.955599114197700494e-01 6.777844903824540301e-01 6.710237182936500400e-01 5.867878747526970029e-01 3.635879081174380190e-01 3.989705767302890171e-01 2.592971621419860040e-01 2.262914735248099940e-01 5.283013111192319533e-01 5.189885560226249472e-01 4.991339556184720139e-01 4.504900789476180001e-01 6.769606948532980173e-01 5.302490041719569724e-01 3.138954970643260123e-01 5.379971683687969630e-01 4.225241495953729887e-01 5.835684059477610486e-01 4.071976739634030062e-01 5.426640557659480057e-01 4.460892862366250267e-01 2.116775666439660031e-01 2.734365097321490023e-01 1.578503780289129965e-01 1.672232598341190091e-01 4.399463453734380192e-01 3.812706895232230164e-01 5.077560025472479532e-01 3.295548291797760210e-01 4.039100731069419914e-01 4.453309784567440199e-01 2.502034804150259917e-01 1.506894514851309930e-01 2.178687999802919883e-01 4.787250517123389781e-01 1.858500581793849915e-01 4.221964496094410269e-01 2.145248473833190062e-01 5.772690775246549499e-01 5.963739537976919802e-01 5.277266660836860135e-01 5.756046013453079979e-01 6.521142330278849597e-01 6.409152720285169469e-01 5.659857724565680037e-01 5.108360220276010333e-01 8.055885520744110462e-01 6.634941138652570292e-01 6.798079871841410382e-01 5.797262226287469566e-01 7.205020154156499546e-01 4.568411124196989914e-01 6.454983692486480074e-01 6.400758893778130121e-01 4.742935402074829887e-01 3.046282200895230052e-01 2.019177082948860058e-01 3.691054535358109789e-01 4.379581732649390213e-01 4.356163486598689794e-01 5.350715379780990322e-01 5.638353225309079564e-01 6.002108667786000273e-01 5.933064713427459447e-01 4.588912178466449943e-01 6.159268186596129624e-01 3.028832837466399752e-01 4.119471481192740203e-01 1.444935208560960138e-01 9.241080568866530398e-02 2.140397261748110125e-01 8.443397812836020422e-02 2.233220782682260042e-01 3.195410898443150072e-01 5.762695628669180226e-02 2.142410667435220017e-01 1.820026830713299959e-01 2.835535607791859758e-01 4.087795853130539725e-01 5.762972761165839897e-01 3.371063966879019880e-01 2.325983038196879904e-01 3.102371761195830135e-01 1.741538688509300103e-01 2.298264901005959981e-01 1.328290996794979917e-02 3.258430714551899809e-01 1.321688864652039996e-01 3.418003373881839946e-01 4.381622752342589910e-01 4.034495367542790256e-01 4.739355588180759749e-01 4.186623593231509899e-01 3.658819158185699916e-01 6.268329274129950113e-01 5.567852670948429950e-01 4.111430191888810204e-01 5.441682112678659644e-01 6.068756861619869492e-01 6.174664814750210340e-01 3.157636854284269767e-01 3.362640569726589868e-01 5.787814771462029828e-01 5.755393743184790134e-01 5.485906364349569797e-01 5.376331492579450311e-01 5.799628776269519781e-01
3.010258738947459989e-01 6.821641514966310105e-01 6.151987282728239581e-01 5.803932847180960364e-01 5.620542700927519952e-01 6.065151035201059582e-01 6.038002653028019528e-01 6.046820255651009779e-01 5.759089528936429669e-01 8.484362242879369687e-01 8.014130609198619748e-01 1.000000000000000000e+00 6.950242425955189818e-01 7.153424640564679526e-01 7.087758429900430368e-01 5.546001102553319573e-01 4.397734456296030214e-01 3.097611027130869887e-01 3.615014100008249742e-01 3.424204023614579873e-01 6.560187379947060027e-01 5.423023437346139453e-01 5.975226962286089849e-01 6.203891442625939501e-01 7.051577009370959548e-01 6.246407013154899879e-01 4.409502401134779981e-01 4.641105438509420256e-01 4.909878030919350156e-01 6.463049657142000415e-01 3.155758571411549918e-01 5.001598190402150035e-01 3.325677736926500039e-01 8.661787691194759720e-02 1.452621185599989873e-01 1.211982433218470045e-01 1.076269323337609995e-01 3.987975421971020062e-01 3.616938699581199734e-01 5.834002917743349448e-01 3.254908192291779967e-01 2.751539912605360239e-01 3.518897432211309795e-01 2.250222250456719864e-01 1.007347691473540058e-01 1.854647354287229932e-01 5.044690357538029746e-01 2.494028234521850074e-02 3.497651897341890193e-01 1.591562838056939932e-01 4.855088769087830269e-01 6.282295466366429881e-01 5.847649336059089764e-01 5.907791291584869597e-01 6.271856645348919956e-01 5.978169780909320385e-01 5.368845775540189713e-01 5.748445043796629461e-01 8.413582791960160234e-01 7.068958759148680215e-01 7.859041874708480035e-01 6.793304191866640362e-01 7.338714735185229987e-01 4.904959616192189897e-01 7.298297825827240182e-01 7.117912534092170063e-01 5.653829470776270405e-01 4.103346725313810062e-01 1.921731679928589953e-01 3.451941196704330084e-01 5.505946159730660261e-01 4.178068117828169781e-01 6.153213389949879764e-01 5.479589776478870355e-01 7.708820377017240322e-01 6.716760731651369998e-01 4.321729709785079865e-01 6.778843976121089465e-01 2.298639401468209886e-01 3.607007528471050106e-01 2.622453275806109763e-01 4.432640247965489999e-02 1.877237859164390121e-01 2.438414599045439848e-02 3.060648696201769825e-01 2.743908381020320197e-01 5.273034339009719657e-02 1.534497178388649907e-01 1.567712008528439893e-01 2.689070373389300106e-01 3.291790839405859814e-01 6.176209862433630349e-01 2.736535869281470079e-01 1.323657755388130131e-01 2.251370059856019901e-01 1.024425987266940064e-01 1.996749296176240085e-01 -5.828122759698369654e-02 2.119702943073339951e-01 6.451316299997850168e-02 3.629707006168069738e-01 4.593537695787879849e-01 3.518822584838979806e-01 5.164091814013399562e-01 3.941236552753960010e-01 3.507445018029179962e-01 5.449204888292670246e-01 5.498564198341030496e-01 3.715672328763229837e-01 4.253917772702749955e-01 5.909702508450469516e-01 5.854566723233749492e-01 3.981332531067000025e-01 4.237661654007540135e-01 6.110887696595359575e-01 6.264939721439389819e-01 5.233938467275710549e-01 5.831929191304220383e-01 5.630068533491100480e-01
3.109787929195729772e-01 6.557985509207480135e-01 5.868482681300279946e-01 5.915135718593349523e-01 4.662594982839919910e-01 5.828711428025570296e-01 6.245625470428139980e-01 6.020695675909589761e-01 5.530684960665920302e-01 6.852052577022540447e-01 5.955599114197700494e-01 6.950242425955189818e-01 1.000000000000000000e+00 7.541108278246519969e-01 6.366888349922740220e-01 5.236056483015559815e-01 4.807701804332369933e-01 4.302266538179370103e-01 4.192482152986820032e-01 3.826560383214480110e-01 6.221723213623030491e-01 7.231665884079440110e-01 5.790287953482130545e-01 4.567621609813690142e-01 4.171056217484839790e-01 4.292619878560089974e-01 3.140586180990310172e-01 3.488790782281340208e-01 3.770831410021779906e-01 4.508171806867820042e-01 2.948426820007329918e-01 5.582965017615849623e-01 3.111983481675930086e-01 2.691184934364190262e-01 2.981348050249409964e-01 1.397268067237689981e-01 9.192473455475549948e-02 3.133848277332880183e-01 2.652659306847349741e-01 6.003090961112099722e-01 3.669347304539959942e-01 2.180492582836869864e-01 3.992882628774250264e-01 2.039813284272080085e-01 1.201412876364089943e-01 1.317740203828239864e-01 4.785240941859750241e-01 8.505714462855309965e-02 4.147195517910149953e-01 2.161741507188570111e-01 5.707333762444229963e-01 5.877266525310780310e-01 5.535785827101009637e-01 5.475142119701680299e-01 5.760779103525299760e-01 5.814195013965040015e-01 5.595401634890050380e-01 6.088799795131659698e-01 5.420980034121950508e-01 5.880207920508599972e-01 6.448956287511690144e-01 9.247141672409480151e-01 7.921225937498590497e-01 6.292034924577929456e-01 5.463673575106470226e-01 5.750266925650260319e-01 5.081161751324160258e-01 4.818499920127550240e-01 3.204254500654160065e-01 5.054584088410499776e-01 4.335722955201140039e-01 5.173406323347909952e-01 5.854978050721739713e-01 4.364159979792630040e-01 4.231572109141589766e-01 3.969351043852359928e-01 3.098635656381519832e-01 4.603115489150539918e-01 2.616113837047510104e-01 3.982647514313220061e-01 2.357495166885769933e-01 1.823993884833430001e-01 3.018735544176199825e-01 1.773835487941670119e-01 2.076575568489129886e-01 4.048491252040020139e-01 3.405529760306229975e-02 1.095585783067200003e-01 1.820684572907700083e-01 2.763255523928500046e-01 3.814636560862750270e-01 3.120472320183639847e-01 3.248401208668729723e-01 1.723152212389690019e-01 2.176478733444180136e-01 1.343308514880759974e-01 2.113060989961099978e-01 1.186420712155979995e-01 3.030263903521789870e-01 1.888392733585909922e-01 4.187077363254220197e-01 4.588060195595909940e-01 4.147706475892540268e-01 5.636312756442990457e-01 3.214811575461670179e-01 2.688531713954129820e-01 4.206424502898010176e-01 3.916101679238669919e-01 2.182555018898910126e-01 4.028591943394410069e-01 5.201720571337700161e-01 4.848738739275619825e-01 4.300371130542929854e-01 4.588179841124540026e-01 5.710082322346909933e-01 6.073125719423170255e-01 4.428177609871610243e-01 5.385827163001319917e-01 4.964103832325130194e-01
