1.000000000000000000e+00 5.831164365105500069e-01 5.941234650224089808e-01 4.459483487309859884e-01 5.661311410680389677e-01 5.562430226793010357e-01 5.297682143194859528e-01 5.995080492350249868e-01 5.225626617138200425e-01 4.893429063172399784e-01 3.788705484119689881e-01 3.037640242877009955e-01 7.488427273407639861e-02 1.854651231834719971e-01 4.585216198266109933e-01 6.970291167852340486e-01 2.191526080769810036e-01 6.512922972730169624e-01 2.974142791245339978e-01 7.587905200683500162e-01 3.751244509955999895e-01 1.435627845549569959e-01 3.974722728131599991e-01 4.267745725761569742e-01 4.145694419652600216e-01 -2.840240374947420113e-02 9.859264277639259721e-02 1.308654235505919972e-01 6.403082928737759971e-01 -8.778968246669680009e-02 4.557800555659249908e-01 2.911984087076119887e-01 2.935207718407950028e-01 5.415660779044050299e-01 2.622896889193809811e-01 5.973102282987620137e-01 1.942396120809460058e-01 3.883314294685509815e-01 3.415002253713890212e-01 6.210838691406660450e-01 6.400374796182499715e-01 1.162721665731420023e-01 2.973286946667970110e-01 3.849256660286050069e-01 9.379860740069190239e-02 2.543613058861480258e-01 9.988901098267199963e-02 3.917515594610430085e-01 6.444660882118570244e-01 6.442620621172390205e-01 7.194207928323179679e-01 6.490411062287509969e-01 5.279661167258009602e-01 3.638359406476759927e-01 5.376726532192820374e-01 5.671258728485010225e-01 6.092331358476600345e-01 5.748771326773309820e-01 3.922618445443670221e-01 2.514395700479339912e-01 2.492229783068110049e-01 8.292048189786530021e-02 7.554960793664500240e-02 1.777310578052919976e-01 4.229299942645989852e-01 3.710942966298069745e-01 7.503293857853290394e-01 1.783019108325160085e-01 4.299894895223870250e-01 6.725865017166650084e-01 6.455896049635979628e-01 2.545703906996609756e-01 3.854676406855219728e-01 5.533499312133800530e-01 2.732523503386690145e-01 8.403053185868460118e-02 5.613338460323159529e-01 8.613999273861079609e-02 4.092927367986449738e-01 2.666972832253939885e-01 2.528572149123429758e-01 4.397058852117810002e-01 1.065968296655600001e-01 2.214668506231599887e-01 1.823723102474139879e-01 3.281456438025799893e-01 2.278870022759010017e-01 8.648794432990429548e-02 6.753969172431979473e-01 5.372162003222510362e-01 5.905898197902560431e-01 3.670647630784680260e-01 5.048600422701879920e-01 1.919167844160619973e-01 2.756788327579339781e-01 3.860062561177329821e-01 2.799086200668809976e-01 3.790030488744750015e-01 6.837399786171449723e-01 6.528110936424550426e-01 4.519190165177099927e-01 3.062032858566789972e-01 1.948980907918010097e-01 1.957289774115009984e-01 2.542239060583060262e-01 2.343874858020839891e-01 5.588547624885430208e-04 -1.150592739825590091e-03 -1.039780626202219949e-01 2.508181058206430114e-01 3.705645875309470094e-01 4.314120279981860095e-01 5.225574348943540226e-01 4.089797435281050109e-01 3.817424588653339779e-01 4.491594343935459976e-01 5.999744471668450041e-01 6.071821040450690043e-01 5.218230195336810429e-01
5.831164365105500069e-01 1.000000000000000000e+00 6.587241291374500429e-01 7.870737458338139536e-01 8.995290848945519668e-01 6.239699858700979984e-01 6.971987304007849495e-01 8.775555333680850056e-01 6.334323940979039724e-01 6.900621762552759941e-01 5.087281016533079514e-01 5.039113483733860255e-01 2.629498101756069794e-01 4.198614870799159959e-01 5.042405861222319929e-01 8.389196636177770339e-01 3.358961714796950271e-01 7.590511544552960288e-01 4.446358024009630094e-01 7.141665442888980309e-01 4.472165406063319804e-01 1.906898982797959885e-01 3.697906179197950061e-01 5.425137828595230083e-01 3.090763375599259732e-01 -4.509272585233970267e-04 1.169807631249610014e-01 -6.965117050906739597e-03 4.222615955526790033e-01 -7.373119458205229515e-02 2.837717857545479783e-01 3.862044410121229787e-01 3.277166731759880158e-01 4.497256048567390141e-01 2.244033339845269981e-01 6.348552025966199830e-01 -9.626545225018269536e-02 5.468902663036879774e-01 4.268828652415139757e-01 6.189331495935159744e-01 4.050328348847789806e-01 -8.740001187692250650e-02 3.402988402552930003e-01 1.668241534443730134e-01 2.390881965076920024e-01 2.347939001846200135e-01 8.024907022793729972e-02 2.723630517392769956e-01 6.026949456564919538e-01 4.788323019951580273e-01 6.033623936201170102e-01 8.863438090275640446e-01 8.328333307954960407e-01 6.943188485026929868e-01 6.818396509832940211e-01 5.837626965677239488e-01 7.281052575212849653e-01 8.186242145766520206e-01 5.164924942133689578e-01 4.157002424827450082e-01 4.903069328478479871e-01 2.812623787136759868e-01 2.207064754785670047e-01 3.624605317518980185e-01 6.438235797212940037e-01 4.457977709038499770e-01 7.104808601834240456e-01 3.542743642798770187e-01 4.207189349359680142e-01 7.270814405847889628e-01 7.585831487057940192e-01 3.058988921732669897e-01 3.255333425257719848e-01 4.857232804195240061e-01 5.009713313071539886e-01 1.948295218179380006e-01 4.931126900391040180e-01 1.419532054616939876e-01 2.396537973514699937e-01 3.950060100673120078e-01 2.494221080298540116e-01 2.010358960585600097e-01 8.429629544927770557e-02 1.973918466013420137e-01 1.070392564481089936e-01 1.599068398808750069e-01 -8.300548148140350635e-02 -7.157446232301739597e-02 5.815256262766429485e-01 3.063980811239330193e-01 5.958200875795850449e-01 4.413447752007910174e-01 5.858220437240410083e-01 1.953171293023690108e-02 2.637979705289130172e-01 1.551586724882620116e-01 2.388744057181219904e-01 2.847282337800700058e-01 5.456065434830129623e-01 4.802885539047569985e-01 4.722728446999460150e-01 3.600840227067840238e-01 1.690989130251669970e-01 3.466212264902420181e-01 3.769906139448719884e-01 2.551711216423370177e-01 5.245942951975339670e-03 -5.787463546082460136e-02 3.125473241272970215e-01 1.861909141806609991e-01 5.227847697076269951e-01 5.372177287520389921e-01 6.764870537315960108e-01 7.111962011903869563e-01 5.751352031510149621e-01 6.799954246830719473e-01 6.504155176921190273e-01 6.673741752039259456e-01 6.314744970997580031e-01
5.941234650224089808e-01 6.587241291374500429e-01 1.000000000000000000e+00 3.523194548751479860e-01 6.450419183198889961e-01 8.853409476480169626e-01 4.628702572820819761e-01 6.734811280934079880e-01 8.693324073382699968e-01 7.090245621071880056e-01 6.095336997903210152e-01 5.757717278295000352e-01 4.046612987879230072e-01 5.782965202210850197e-01 6.748046850068990521e-01 6.408615735504760158e-01 4.788462236776270253e-01 7.618256951785680187e-01 6.636536994944890466e-01 7.540266023044429611e-01 6.989073342313879555e-01 3.436200392306930085e-01 5.890966127047519985e-01 4.689452067528619983e-01 3.926167570502139825e-01 1.581302286994940021e-01 2.526402919134250191e-01 2.249828042419390051e-01 6.558876841236199740e-01 1.472455626981649945e-01 4.182915728639899910e-01 2.136375811290389948e-01 2.707966360533630157e-01 4.902015410564620201e-01 3.791821743397870148e-01 7.759773987609309698e-01 7.296826569613740210e-02 5.495715347727799793e-01 4.783849059736600129e-01 5.298618874973279880e-01 3.113457908933269791e-01 1.394312581640529958e-01 2.616425469404000115e-01 3.789831743210130277e-01 3.052861564144009887e-01 3.410868419541470131e-01 1.919639707200540002e-01 3.862659091125140165e-01 7.716305277836069676e-01 5.941514688185389748e-01 5.004355662720260112e-01 8.063684791595490120e-01 4.847084532498849851e-01 2.841591745157849846e-01 8.442999459587550160e-01 8.385016864369679856e-01 6.367994841418309626e-01 7.858018620607319926e-01 5.027113170814500043e-01 3.985176087300140169e-01 4.610860422872790076e-01 4.043383456949650179e-01 3.629635881957600230e-01 5.303429908939190085e-01 7.265466421945829811e-01 5.965157114252569448e-01 6.283070833946799993e-01 5.894083943067029985e-01 4.906993360846850227e-01 7.402294999651549690e-01 7.830482293735450128e-01 4.092498421058060054e-01 5.306777435675760213e-01 3.269580732612140106e-01 5.196333985057790539e-01 2.643538674560089730e-01 6.360237719740959861e-01 2.824768576299659939e-01 4.195532130339870158e-01 1.412909306073819871e-01 1.363032236162849964e-01 1.689802901637539878e-01 1.863253723185910038e-01 3.301929665716110129e-01 2.117901351055239967e-01 3.051209976847539806e-01 1.013397032609820031e-01 1.246267219310210062e-01 6.659765386795160058e-01 2.297065725391750080e-01 5.206664714393399729e-01 3.446053853270120149e-01 4.050994271197400076e-01 1.128625352668270049e-01 1.969922735119599977e-01 3.696536738795270227e-01 2.431359577332450062e-01 3.479540927681630258e-01 6.195541759827369876e-01 4.285827148750480098e-01 2.254831766175730001e-01 6.225458142719889759e-02 3.597133137665179947e-01 2.062255500335279934e-01 2.841002603559730222e-01 2.287515894840440045e-01 4.788914885958420187e-02 -5.094931030878659811e-02 2.596843618874690174e-01 3.644422710759079864e-01 2.876033979197230028e-01 3.844512179623389980e-01 3.363302883078849725e-01 3.276194051982470046e-01 3.407856072876520037e-01 4.200058389974080097e-01 5.734104223100979780e-01 5.717708524721000218e-01 5.075819857068130103e-01
4.459483487309859884e-01 7.870737458338139536e-01 3.523194548751479860e-01 1.000000000000000000e+00 7.677990636688289960e-01 4.246647902788330264e-01 6.426088211870549793e-01 7.646479441172839842e-01 3.734796083980400083e-01 6.095880222853079511e-01 4.625602083624519856e-01 4.514862061349589895e-01 1.356868625428619968e-01 2.699766025436530215e-01 3.913829759689200216e-01 7.233861399959630178e-01 1.843252451491430022e-01 5.990253026462559749e-01 2.366307114720430094e-01 5.052497849050200385e-01 2.205661513794029971e-01 1.178501898380780039e-01 1.851157506608969994e-01 5.241170186082979576e-01 3.238276166389350008e-01 -8.641598383570720660e-03 8.729371097211290065e-02 3.999697042113090073e-02 3.224945479266170256e-01 -1.367477983362589966e-01 1.983327406750859945e-01 3.667586712531379911e-01 3.287187324144270062e-01 3.994270106338619897e-01 1.457302712903910114e-01 4.408641240286699792e-01 -1.055210873047480041e-01 4.105144184372799820e-01 2.560710790339880139e-01 4.431937262831749935e-01 3.323090005780839906e-01 -1.529322526580670083e-01 3.519477887810720240e-01 8.423234078395179514e-02 1.696926710240299896e-01 1.263371770972540054e-01 4.796707281928209998e-02 1.885921690476519974e-01 3.836584014479950122e-01 3.214956491039139830e-01 5.416085645391900405e-01 6.814180174101239773e-01 8.316952212241589537e-01 8.952421628870870229e-01 4.660277557509779900e-01 4.111745202504680230e-01 7.433261262990750184e-01 6.698575675970850352e-01 5.399084874148479818e-01 3.626906709487490166e-01 4.543144267582340246e-01 2.356706288089669976e-01 1.120620523756580000e-01 2.350739541851880055e-01 4.800406822218279967e-01 3.518578737205940166e-01 5.934064005908500361e-01 1.954297428848580098e-01 4.095434170338950186e-01 5.726427388861999868e-01 5.684976397444839735e-01 2.561980219975529827e-01 2.146034024218549940e-01 4.277018332219330032e-01 4.907815072200589768e-01 2.296201184328399980e-01 4.435512367353730001e-01 1.405981594786100131e-01 8.840899418070059801e-02 4.727649052504540039e-01 3.087681623706939882e-01 1.898262130084759913e-01 3.791915673831339900e-02 1.462778523628339988e-01 7.926589254413160535e-02 1.508384778548869931e-01 -8.326281761242060320e-02 -9.621803499797380518e-03 4.021943814484150170e-01 2.363423851483560101e-01 5.324711406681029713e-01 3.701933757095189903e-01 5.230716138313049601e-01 2.353644475154499996e-02 2.543423733277960230e-01 6.245700171569559811e-02 2.011460591206379878e-01 2.569254814737850223e-01 3.297455516704079770e-01 3.764045496199520113e-01 5.405332234233429789e-01 4.627087516009230073e-01 7.724717644115540460e-02 2.829088300681910084e-01 3.689265700024669803e-01 2.847154529594589922e-01 -5.040585680562720272e-02 2.366246370027310156e-02 2.130541539275329910e-01 1.060822927689459988e-01 6.310335364603719688e-01 5.747884656762449751e-01 7.220808530258320257e-01 7.415225574170289935e-01 6.029953390344889863e-01 6.846562620693800172e-01 5.347434332182430250e-01 5.856161587910100330e-01 6.256940449842449681e-01
5.661311410680389677e-01 8.995290848945519668e-01 6.450419183198889961e-01 7.677990636688289960e-01 1.000000000000000000e+00 7.053730684530740147e-01 6.604374346844329446e-01 8.587927109656390279e-01 7.238664995251830048e-01 6.640302370698140111e-01 5.149649386561350184e-01 5.305475715976240014e-01 2.709869562227980033e-01 5.233632255549349743e-01 5.590626521521939729e-01 7.866581150003150169e-01 3.488865322832699900e-01 7.297132995138779776e-01 4.884213647955309989e-01 6.897741123331829760e-01 5.024540076378439801e-01 2.536064326168939731e-01 3.918291855384969935e-01 5.340341552226649524e-01 3.263706007376400153e-01 3.102373077726219841e-02 1.294124164782909925e-01 4.882699015198729842e-02 4.494182890652470008e-01 -5.407935982025020155e-02 2.571691500512869877e-01 3.441907124399600226e-01 2.957679688239699956e-01 4.452295173316320187e-01 2.386019530547240086e-01 7.050917449977379681e-01 2.456715417342450122e-02 5.117753914147360472e-01 4.525197209226640149e-01 5.842368153928819696e-01 3.935733120895250070e-01 -5.415038329033820125e-02 3.551755071469099856e-01 1.973453258284059986e-01 2.102285626847759936e-01 2.368775627644690018e-01 1.033339554626210022e-01 2.819719130943539875e-01 6.497791330615719785e-01 5.393485611627309995e-01 6.267686866298050052e-01 8.229055517202870096e-01 7.681484362243400366e-01 6.533064673489620278e-01 7.910217766159810537e-01 6.657677302464309887e-01 6.817076418728840181e-01 8.219849759976910475e-01 5.322408304761869768e-01 4.116165646417579982e-01 4.752879085982820162e-01 2.949017846714629965e-01 2.712401868201489985e-01 4.058888791252640016e-01 7.049811403858889935e-01 4.922239325045810188e-01 6.767782364741590229e-01 4.181382734269190049e-01 4.298114974559890111e-01 6.961330471326220293e-01 7.517456963554850491e-01 3.243329521189889930e-01 3.707985405039109783e-01 4.803145082832749879e-01 4.967221039246759728e-01 2.209849394966059977e-01 5.649451473784310451e-01 1.966170705012399988e-01 2.377345525609579902e-01 3.730473594127399761e-01 1.815197257862070090e-01 1.868596008601370040e-01 1.004884016251089973e-01 1.874480173272279893e-01 8.052436220506389852e-02 1.501019077963519910e-01 2.149168861705420125e-02 -2.729504556685349859e-02 6.074985932127350274e-01 2.995903269399939894e-01 5.369253744413530205e-01 3.960300290961979996e-01 5.962699877066890419e-01 8.386632250619290019e-02 2.805489438369970223e-01 1.822133874512270046e-01 2.428900524653870019e-01 3.073074892573159911e-01 6.085932130792980344e-01 5.297903192049639998e-01 4.870121969715129895e-01 3.656314092959500051e-01 2.140083995814419937e-01 3.185176144811470156e-01 3.795755252034350158e-01 2.614463505429530099e-01 4.128439527976660028e-02 1.625032388690359972e-02 3.045660595375029867e-01 2.219542391457060004e-01 4.875820542047770156e-01 4.874494109718799928e-01 6.083388619322770419e-01 6.612991206692270252e-01 5.055868429319749779e-01 6.176889925820010507e-01 6.019382444154890432e-01 6.433290061414800309e-01 5.596646261605350281e-01
5.562430226793010357e-01 6.239699858700979984e-01 8.853409476480169626e-01 4.246647902788330264e-01 7.053730684530740147e-01 1.000000000000000000e+00 3.915803484014280245e-01 6.460668615375070312e-01 9.127291521569670385e-01 7.325032794102980249e-01 6.929972616973629762e-01 6.223667704726989491e-01 4.632992372737200215e-01 6.313480051166110441e-01 7.227422746657879982e-01 5.613817859254010001e-01 4.437226244252759910e-01 7.216595439134350087e-01 6.073234837041769918e-01 7.553012252867510323e-01 6.953699975540860168e-01 3.131164527529050057e-01 5.575646476262899887e-01 4.559490114162519925e-01 4.895141459456450184e-01 1.523444476532549996e-01 1.508640562964140008e-01 2.060573952060240077e-01 7.352930960225749768e-01 9.909762005520389438e-02 3.786986592317099776e-01 3.074581598043960029e-01 2.515364763763949796e-01 4.682639820091429872e-01 2.724080154211330207e-01 8.153371402329600004e-01 1.102039327771100058e-01 5.159819256728790382e-01 4.568081536524730146e-01 5.426297315103789654e-01 3.173484768436189984e-01 7.619075559697199851e-02 2.302918428621089919e-01 3.781291377567890244e-01 2.207745703423550088e-01 2.887243595224209813e-01 1.814760690490430095e-01 3.987457107001670109e-01 8.709505845181380046e-01 6.379602893855640389e-01 5.633616869298839758e-01 7.379712621761109759e-01 4.393396996141549771e-01 3.081756293199480190e-01 9.040444012568780163e-01 9.237283176257909956e-01 6.431269821514999929e-01 7.670005248881249793e-01 5.987741210173600503e-01 5.010640010865670124e-01 4.811873970654980126e-01 4.478712225766670052e-01 3.259012455051070178e-01 5.508306947391230501e-01 7.370200773549480111e-01 6.225325219381280251e-01 5.922737182736930173e-01 6.107366769799329465e-01 5.042926939667330410e-01 7.444088133058780477e-01 7.656393082399599592e-01 3.716508615706780039e-01 5.139296666194089758e-01 3.459513565648920097e-01 4.877736998967969750e-01 3.341184038452459926e-01 7.493648856094370370e-01 2.763012352196079768e-01 3.931929797739400212e-01 2.170750819336569881e-01 1.397906922548750042e-01 2.032057900273900042e-01 1.124329022728370042e-01 2.688615729617410133e-01 1.245370634652740033e-01 2.794555882566029936e-01 1.478772823808710002e-01 1.036520557589000052e-01 6.902114448143009673e-01 2.551699966225259852e-01 5.076194600570429483e-01 3.930660375156709851e-01 4.199138503337649930e-01 7.917889480063909635e-02 1.997524109308289886e-01 3.927765143673049852e-01 2.315043234603819944e-01 3.767144213500430161e-01 7.463729088611950058e-01 4.506360912364840154e-01 2.624756855236690112e-01 1.663714985951069980e-01 3.643816071523510169e-01 2.902497831991869837e-01 2.548526973431000098e-01 2.194341168018419941e-01 -5.191274916842770343e-02 -6.314527150692890445e-02 2.051153702174579874e-01 3.115688947489059779e-01 3.009839236354879821e-01 4.224785018479850218e-01 2.816281978681580145e-01 3.116933176501889835e-01 2.945051065846330252e-01 3.982350243379019772e-01 5.273858786059010262e-01 5.482307464410709485e-01 4.654680570860649791e-01
5.297682143194859528e-01 6.971987304007849495e-01 4.628702572820819761e-01 6.426088211870549793e-01 6.604374346844329446e-01 3.915803484014280245e-01 1.000000000000000000e+00 7.786782614612020037e-01 4.814944320292530167e-01 5.176764683101130471e-01 2.872381563708720220e-01 2.798818993067270222e-01 4.999675488754119768e-02 1.620311221982259908e-01 2.470552186898890001e-01 7.930332738812979620e-01 1.180967348840430003e-01 5.597672079790859678e-01 1.761520688978039928e-01 5.635910439197949762e-01 3.609896860568649890e-01 -7.351709383806949438e-02 1.302784079114820137e-01 4.476557031740370229e-01 1.911784615138530097e-01 -2.547450789620520073e-01 -1.602439716886029930e-01 -1.985665194718500004e-01 2.787471639944870128e-01 -2.381512398375479900e-01 1.708463752950920012e-01 2.620255996575669988e-01 4.341143051338210157e-02 2.399773427870079967e-01 -8.571815316462200185e-02 4.393049167561010049e-01 -3.309935622099189900e-01 3.763969043963840133e-01 3.895225475465899923e-01 5.114551471737479593e-01 3.574490451857449957e-01 -2.146219615134120073e-01 9.648604263628460243e-02 2.173030456649850152e-03 -1.118241200685559933e-01 -1.004431062964849936e-01 -1.981396881875230054e-01 -1.864559192512939972e-02 3.687221360607200182e-01 2.644125108416289782e-01 6.412679988205920445e-01 6.756017940230020224e-01 8.014908543941530183e-01 5.158694177443390316e-01 4.804281174787630171e-01 4.254032995521380145e-01 6.740055476044429783e-01 7.227304177240639893e-01 2.904399072544079918e-01 2.207760745835110061e-01 2.973223356242409854e-01 9.496004342416279609e-02 6.387676064116790120e-02 1.390003627583800139e-01 4.364541877370600176e-01 1.968684021328299949e-01 7.764293499950729593e-01 1.363211744880550025e-01 1.881922763223780048e-01 5.512434157145540414e-01 6.111694517651929948e-01 1.295303705873910027e-01 8.632837537910480197e-02 5.840954281518450086e-01 4.489344841920659968e-01 -4.472893019661949854e-02 2.532869267768430022e-01 -5.593200980735599931e-02 1.162536962992320039e-01 2.562268888502259867e-01 2.536425642278040127e-01 -3.601348679714710260e-02 -2.423933140431600020e-01 -1.606344624748839989e-01 -1.771944162325790051e-01 -1.235650863667780014e-01 -3.188781159242469743e-01 -2.524454414289000193e-01 3.858632239564149802e-01 2.388601678155340136e-01 3.184431857879500005e-01 3.007123407762660183e-01 5.731548422406720356e-01 -1.689281233661610038e-01 9.618390573765639440e-02 -1.750004805790720055e-02 -1.023969734058509939e-01 -4.257796194267420009e-02 3.918530744965230128e-01 3.626113131021430069e-01 4.589129521672949963e-01 3.785711627959579828e-01 7.010222749725139590e-02 2.166170361879259931e-01 2.809443859854279801e-01 2.248139442391270115e-01 3.070529754021820035e-03 -6.294252399293699847e-03 2.031979363959469931e-01 4.720733092926460150e-02 3.196100381432189774e-01 3.204450755099459980e-01 5.360957566560570209e-01 4.754784767450829785e-01 4.469696633546589859e-01 4.975227096221370160e-01 5.171485629763840075e-01 5.581686480837869668e-01 5.311201543622160459e-01
5.995080492350249868e-01 8.775555333680850056e-01 6.734811280934079880e-01 7.646479441172839842e-01 8.587927109656390279e-01 6.460668615375070312e-01 7.786782614612020037e-01 1.000000000000000000e+00 7.252179507909439771e-01 6.962649550097069762e-01 5.371109125877659984e-01 5.359946850773750215e-01 2.313052763575980109e-01 4.106555331347209736e-01 5.038487041470800509e-01 8.286167921547660242e-01 2.739756785553669749e-01 7.842196615502540213e-01 4.289203620686650176e-01 7.062490822735310037e-01 4.964059220150650042e-01 1.581157715424099941e-01 3.514377219634839955e-01 4.979747739857789957e-01 3.599837298340080038e-01 -5.926688878531229804e-02 6.646928857049000383e-02 1.441848067746679871e-04 4.437147825759539810e-01 -1.055727988316060018e-01 2.476954228311950001e-01 3.996270640050489931e-01 2.086349319268820113e-01 3.961449714308790115e-01 1.135983310958999931e-01 7.000054596599789569e-01 -1.563704085982320080e-01 5.550348259895430125e-01 4.054931961052329892e-01 5.689386921517119999e-01 3.549078177474320195e-01 -1.394359780866339937e-01 2.549355551726710245e-01 1.269858762226530047e-01 6.822866855293929778e-02 9.071783450916369451e-02 -6.020400216877540289e-02 1.678201245803140063e-01 5.792918709981389469e-01 4.308181257997770186e-01 6.862964413850609624e-01 8.641722797127789901e-01 8.231043937141100386e-01 6.723925675085720144e-01 7.232315059028789905e-01 6.207725685402869509e-01 8.518705779979659498e-01 9.310184235731340241e-01 5.373215580334810282e-01 4.444075934812830031e-01 5.326926537440279663e-01 2.897337648399920251e-01 2.391816828248649884e-01 4.052479032412499849e-01 6.689922297676159646e-01 4.466921810705469786e-01 7.769433238291959531e-01 3.684581350010259770e-01 4.311614736735679965e-01 7.819583149435990199e-01 7.654343453290689547e-01 3.084925968508799854e-01 3.324214425360230152e-01 5.000681805114619571e-01 5.479281638319599690e-01 1.966473136809419875e-01 4.974939539469550032e-01 1.208990801919840041e-01 1.660985157173399951e-01 4.527900570473469832e-01 2.136108413644559889e-01 1.436480133925109870e-01 -4.172381729002450079e-02 1.084116547237419931e-01 3.724784480326399916e-02 8.816334635118819318e-02 -1.087519997601460037e-01 -1.031149381253689962e-01 6.163875773026840088e-01 2.525635355435559837e-01 5.209946550580539792e-01 4.071393629878790055e-01 5.694062500287899731e-01 -2.632129438978299957e-02 2.087758211623889915e-01 1.210091104660069999e-01 7.457114471053440108e-02 1.917670124558099876e-01 5.540472063786230361e-01 4.860209797659370001e-01 4.951731715483960183e-01 4.261479035779019986e-01 2.262511421394030053e-01 2.584223605523109923e-01 3.482628525378589912e-01 2.606573554244530078e-01 -1.629706914930740061e-02 4.049756019769600035e-02 2.451485290319060095e-01 2.024888546813639889e-01 4.746540530414379844e-01 4.743846558004259917e-01 6.086691094117230305e-01 5.870890542937160506e-01 5.589811012495879972e-01 6.251962964247049781e-01 6.286981503164339458e-01 6.368653634069180169e-01 6.189757514838379882e-01
5.225626617138200425e-01 6.334323940979039724e-01 8.693324073382699968e-01 3.734796083980400083e-01 7.238664995251830048e-01 9.127291521569670385e-01 4.814944320292530167e-01 7.252179507909439771e-01 1.000000000000000000e+00 6.665931227459760411e-01 5.962015700455349787e-01 5.691639827850279998e-01 4.319838213778229852e-01 6.374300031345639939e-01 6.721640818324779998e-01 5.791873175443249533e-01 4.371024756814639867e-01 7.295015205377000100e-01 6.331179982042810517e-01 7.224640982991900051e-01 7.096424113285549895e-01 3.016330582145779760e-01 5.392217309639070200e-01 3.990487574122479897e-01 3.675093261472839878e-01 1.127593642498660037e-01 1.726882098048060088e-01 1.387369847727789873e-01 6.445695029987480451e-01 1.128566675322399959e-01 2.969569605198609796e-01 2.773664660075250143e-01 2.222583408742460076e-01 4.179136147267090151e-01 2.271595800081359917e-01 8.464260011728610422e-01 4.255571831929830240e-02 5.226930855229789952e-01 4.856586273684119770e-01 5.146358375103929905e-01 2.516351559613990152e-01 4.206215132029410275e-02 1.971239341009959900e-01 2.765501045726679874e-01 1.663470940728130065e-01 2.430547099929820098e-01 1.195143973434889956e-01 3.137732734642589838e-01 7.932530100490300384e-01 5.644930982750719917e-01 5.572836490529660125e-01 7.527174278629420456e-01 4.668620846706260097e-01 2.620673552886390034e-01 8.970914573856160201e-01 8.783973824654519591e-01 6.246601702527709854e-01 8.414684925172200014e-01 4.969575337556340067e-01 4.344563440254060049e-01 4.520800470554400263e-01 3.995898428541220238e-01 3.802578371710820249e-01 5.499318305468909873e-01 7.554565996951030371e-01 5.955849483100590369e-01 6.149224364561980405e-01 6.057458748857129649e-01 4.256047288676589879e-01 7.167193253482100346e-01 7.546209001814939699e-01 3.710238432877809855e-01 5.006937643278930317e-01 3.357300501506609858e-01 5.039570448653399870e-01 2.440733707664629881e-01 6.644757945957010525e-01 2.580936747332640002e-01 3.316971529396769980e-01 2.193870268045080008e-01 6.620323996396990096e-02 1.254563828131670111e-01 8.593496203099269815e-02 2.119497373984459976e-01 1.117520585906100067e-01 1.985850996967530036e-01 8.803163035225730626e-02 2.816306093766069926e-02 6.801558037889470221e-01 1.939991642727539878e-01 4.283788088929370019e-01 3.300447175252529952e-01 4.264975431520510174e-01 1.331168978562350010e-02 1.833821930165289993e-01 2.992856297439229762e-01 1.509728333953959944e-01 2.951870612895169943e-01 7.008016048922469654e-01 4.404859816493960079e-01 2.849388705783210129e-01 2.000831048777680088e-01 4.014031049664519846e-01 2.612514087190669909e-01 2.576240958812739956e-01 2.349447706166910010e-01 2.127398627164199876e-02 -1.681025785154309851e-02 2.338407613660730133e-01 2.764525736482950080e-01 2.021838733860630011e-01 2.899832126979099978e-01 2.783620659250000129e-01 2.826387723145700193e-01 2.712089957397399997e-01 3.726918504322530024e-01 4.953727638695579749e-01 5.033573795702509512e-01 4.285714135500799937e-01
4.893429063172399784e-01 6.900621762552759941e-01 7.090245621071880056e-01 6.095880222853079511e-01 6.640302370698140111e-01 7.325032794102980249e-01 5.176764683101130471e-01 6.962649550097069762e-01 6.665931227459760411e-01 1.000000000000000000e+00 7.984408928466849575e-01 8.190991605985370461e-01 5.425863625264539802e-01 5.666724024198980247e-01 7.467019393932520233e-01 6.939069610973399582e-01 5.285510704806040128e-01 7.675335329488589542e-01 5.392207233127670474e-01 6.847733911909930082e-01 6.444596390374830452e-01 3.544249720446470131e-01 5.705789379492760549e-01 7.205231739231290344e-01 5.793824322815459560e-01 2.048266354704559866e-01 1.578612496912540075e-01 2.785702978852069855e-01 6.418205059143580193e-01 1.416232838636070079e-01 3.989715351665359955e-01 5.249901731314909892e-01 3.730922676308570107e-01 4.158232111770039929e-01 2.214785087470919900e-01 6.422799894343840243e-01 -1.462874279881519989e-02 7.746706304094960194e-01 6.077648918444430448e-01 5.725255603444100450e-01 2.641490558827179758e-01 1.634103084131330041e-01 4.055661773239699897e-01 3.298555586950630003e-01 2.639029434980709743e-01 2.980577951098800082e-01 1.416950625269040032e-01 2.930958695048879736e-01 6.061642586186709591e-01 4.772152221689360263e-01 5.793693367008040385e-01 7.385992630973079454e-01 6.711483445097039535e-01 5.657851761969879822e-01 6.674130087535860012e-01 6.541942674139550329e-01 7.454393246697019748e-01 7.614542048405570362e-01 8.557909890963190103e-01 6.239081575921749945e-01 6.960456855040360047e-01 5.710110420357460415e-01 3.577959440003999902e-01 5.874100665774180108e-01 7.170277212319230431e-01 6.982607258717099530e-01 6.411822339543650218e-01 6.432933352830529916e-01 5.744435344065289550e-01 7.469779109282650431e-01 7.906124479602030242e-01 5.374781944412470036e-01 5.284657115481840028e-01 4.656055605552519849e-01 7.307345500250550518e-01 4.724429309052070036e-01 6.840003845924470527e-01 3.447019239208040098e-01 3.062892722008869750e-01 5.143993341562229649e-01 3.158395103542270266e-01 2.541040609973099773e-01 1.383251114802679926e-01 3.168826831724069759e-01 1.656265312039849891e-01 3.122123974963840198e-01 6.649234836329219467e-02 2.327752889049750085e-01 6.051053753301940397e-01 2.880021862928209830e-01 7.060649706763160172e-01 6.433122213584360205e-01 6.498188639716570014e-01 1.362358708240810068e-01 3.051580899633020150e-01 3.782332167390710098e-01 3.465341974082469800e-01 3.738277566234790017e-01 5.523066564037849568e-01 3.785911406609649976e-01 5.155629437138500304e-01 3.843658106064720137e-01 4.599871884172500036e-01 4.210602408373300132e-01 5.088948430100409537e-01 4.277092411765219815e-01 1.314591811943000010e-01 2.122909472606820114e-01 3.699078586055780105e-01 3.933424550649249896e-01 5.830491990192080420e-01 6.390292273561209990e-01 5.451997450405069445e-01 5.709653634580630355e-01 5.826539413265610090e-01 6.536608675851539596e-01 6.306603579775640345e-01 6.542425651601210257e-01 6.693667599826239600e-01
3.788705484119689881e-01 5.087281016533079514e-01 6.095336997903210152e-01 4.625602083624519856e-01 5.149649386561350184e-01 6.929972616973629762e-01 2.872381563708720220e-01 5.371109125877659984e-01 5.962015700455349787e-01 7.984408928466849575e-01 1.000000000000000000e+00 8.116309721082060058e-01 5.885523582284230004e-01 5.324054524866349558e-01 7.406625454178079604e-01 4.817222788984609760e-01 4.571596612761810174e-01 5.775219598418049882e-01 4.427854233286229735e-01 5.398537499569240339e-01 5.587245000591190003e-01 3.100467865377120047e-01 4.276429942705389786e-01 5.476041290435219588e-01 5.661854748451750075e-01 2.402869134977499987e-01 1.152074933986440008e-01 2.583734920691200254e-01 5.923120100160620405e-01 1.177487108780189973e-01 3.144943564499489974e-01 4.124544038195929740e-01 2.513803782727149772e-01 3.079981633420499909e-01 1.112637607358210046e-01 5.315177933801910060e-01 -2.636151886630180071e-03 5.145877274707280069e-01 3.692104015769249736e-01 4.215006470124589844e-01 1.522382965876299954e-01 1.099227008714420001e-01 3.048305046674910090e-01 3.029936289456650056e-01 1.050345309583070041e-01 1.920299491712380013e-01 5.595777590571650306e-02 1.794378711868870047e-01 5.495145938715709777e-01 4.109992950627570085e-01 5.056476529234269490e-01 5.760683265568640188e-01 4.695508884007190131e-01 4.208871492836370187e-01 5.931100102445739930e-01 6.095317962528250533e-01 6.249578483822489927e-01 6.244181463184089731e-01 7.490849239120930259e-01 6.944257670687870032e-01 7.115372879964210195e-01 5.973632077227990500e-01 3.327440254796260044e-01 5.407749688385169451e-01 6.150031248931789873e-01 6.400454074057749798e-01 4.720086351176039918e-01 5.848442518760840203e-01 4.646191196783410193e-01 6.162093271864169663e-01 6.248450505236320396e-01 3.841800886214730149e-01 3.934829150292880051e-01 2.610736831037600014e-01 6.211482263227789957e-01 5.175598111963429782e-01 6.702870818702409972e-01 2.429130927861810063e-01 2.644445833706040028e-01 3.999374667677110251e-01 2.414090535280760119e-01 1.259660866961349879e-01 -3.289127683009959724e-02 1.858369961122390002e-01 1.270562554298949876e-01 1.532846271410260031e-01 5.773993215418340291e-02 1.730234518552770107e-01 4.610368187477230095e-01 1.416232134022190059e-01 4.900293570918329844e-01 4.464641492848949733e-01 3.787181466893960180e-01 8.194822138071219952e-02 2.051015759804339922e-01 3.313853045138600018e-01 1.396335507103410034e-01 2.078396875045900039e-01 4.565028526994199809e-01 2.676171979856409866e-01 4.196846946125289968e-01 3.282436852029270158e-01 4.400394604604450088e-01 3.625569526942999943e-01 3.585522576906789993e-01 3.616244790371649920e-01 1.026412897074869962e-01 1.679290642705580094e-01 2.136855128102420065e-01 3.837139745577000105e-01 4.543599016268289881e-01 4.872368202830429929e-01 3.496066021794599910e-01 3.913382042337230082e-01 4.539619032610069937e-01 5.121265035695680146e-01 4.960835920190330151e-01 5.192918377017400333e-01 5.396572152741939687e-01
3.037640242877009955e-01 5.039113483733860255e-01 5.757717278295000352e-01 4.514862061349589895e-01 5.305475715976240014e-01 6.223667704726989491e-01 2.798818993067270222e-01 5.359946850773750215e-01 5.691639827850279998e-01 8.190991605985370461e-01 8.116309721082060058e-01 1.000000000000000000e+00 7.755821542285750159e-01 5.866726323115970532e-01 7.134204589216389669e-01 5.173697615204959632e-01 6.207630122981090404e-01 6.154188120484539448e-01 5.439198468380159746e-01 4.740270759528850131e-01 5.411154745751149964e-01 5.346024127981999774e-01 5.363139392401730099e-01 6.318513402957920411e-01 5.970173455138909624e-01 3.852270247631239819e-01 2.433906185522269894e-01 3.739994524002520082e-01 5.123631605289149515e-01 3.058659217843929801e-01 2.886113026179289998e-01 4.251193542153819949e-01 3.254219898905539865e-01 3.763496961763069804e-01 2.364399667553060136e-01 5.553245627033640552e-01 7.828851288287780319e-02 5.849739245916429908e-01 4.253694564836449921e-01 4.280833182423769978e-01 1.331788453104540138e-01 2.068270320414150043e-01 3.831927355504329835e-01 2.517473532656189783e-01 2.048612108965290057e-01 2.898784269691789817e-01 1.824655010293539936e-01 2.294999364883759940e-01 4.647863794003829763e-01 4.042738344313709931e-01 4.336183102193730265e-01 5.156421263197300542e-01 4.948399080466420186e-01 4.443187277877749808e-01 5.593681985359579834e-01 4.734707355104300075e-01 6.092081378988190021e-01 5.797162662710759751e-01 8.472826291317889780e-01 7.105661925510310395e-01 8.654190963470179687e-01 7.794231575742880391e-01 5.084605890808180373e-01 6.232839394162069668e-01 6.459147368175709447e-01 7.441836581970170394e-01 4.564083232158179793e-01 6.953324830487099817e-01 5.947661154832220021e-01 6.100973827334810196e-01 5.894615199665560468e-01 6.175301985398740090e-01 5.080437735382780096e-01 2.511437366980859842e-01 7.563563122937599914e-01 6.583970906104149590e-01 6.138371023459090470e-01 4.235297099321430059e-01 1.931438217666699986e-01 4.781782596154769971e-01 2.866636698711579889e-01 2.356881648328879864e-01 9.992253625049049570e-02 3.652214237521940188e-01 2.137317357121520101e-01 2.828148561233069791e-01 1.527613014775240086e-01 2.397161712317719962e-01 4.942696224353980150e-01 1.639711517047910128e-01 5.836892015653539767e-01 4.415441756376770055e-01 4.858855190060680229e-01 1.986849887881189936e-01 3.173626411266000091e-01 2.852457046011280251e-01 2.563470701385079931e-01 3.289256573280530116e-01 3.749829840583679963e-01 3.039652764205379998e-01 3.987345131895589923e-01 2.972795405914330225e-01 4.778588546536369774e-01 2.436351142854600027e-01 4.274955378641990267e-01 3.546895685345680116e-01 2.084115943924849945e-01 2.654270472033239958e-01 3.783896863129440069e-01 4.044405142906900008e-01 5.544612717104889787e-01 5.430573301434229450e-01 4.474624100277139749e-01 4.772138175875860200e-01 6.059367221838120043e-01 6.108477249473459603e-01 5.790680620757300279e-01 5.817248961797829576e-01 5.589470408287630088e-01
7.488427273407639861e-02 2.629498101756069794e-01 4.046612987879230072e-01 1.356868625428619968e-01 2.709869562227980033e-01 4.632992372737200215e-01 4.999675488754119768e-02 2.313052763575980109e-01 4.319838213778229852e-01 5.425863625264539802e-01 5.885523582284230004e-01 7.755821542285750159e-01 1.000000000000000000e+00 5.875962667000009798e-01 5.941617186125730532e-01 2.088856124464950059e-01 5.411982664257609654e-01 3.713349968232360077e-01 5.171202918508149837e-01 2.996377344843429991e-01 4.827771576806140219e-01 5.238854619823779535e-01 5.117679857052780390e-01 3.289103039459980171e-01 3.239461737700670141e-01 3.560471115367579986e-01 2.413256328248490068e-01 3.228531217148409849e-01 4.034740131741150204e-01 4.018767366979529854e-01 1.299726773724080020e-01 2.808419439006950014e-01 2.887939498743319899e-01 2.596957277925009966e-01 2.018759563779060073e-01 3.478033388873220111e-01 5.723885655920359777e-02 4.295292936705940035e-01 3.185487400107809841e-01 2.434922219495410101e-01 2.733012323496630119e-02 2.142925580661780016e-01 1.676440224154510106e-01 1.730527289740790009e-01 2.171182505242769956e-01 3.231053822755299842e-01 2.554724429481289860e-01 2.648017512719039734e-01 3.773801874924839761e-01 3.228753677558680035e-01 1.734693075494929959e-01 2.738208044364179861e-01 1.802035752573240002e-01 1.187531812027879941e-01 3.899227924386080013e-01 3.241734913281970054e-01 3.089880154875179752e-01 3.016570372697430225e-01 5.933076383795270470e-01 5.223652124694789789e-01 6.883206429643859980e-01 8.798780488294379865e-01 5.149589530508800195e-01 5.554715437608249706e-01 4.850139682796649754e-01 6.654577805354520148e-01 2.373667632878299905e-01 6.867372859419319520e-01 3.819517330286509860e-01 3.819132687054119790e-01 3.711774002290599839e-01 5.170420038580979538e-01 4.648538959654119895e-01 1.194917371249149957e-01 4.788834528785290146e-01 4.639743464580359800e-01 4.597190511231539767e-01 3.872302410932250138e-01 1.093350932047120055e-01 2.556898877891730093e-01 5.728987976604889981e-02 1.512598728104060097e-01 1.360157678753740051e-01 3.098502067680610206e-01 1.640058132192729889e-01 2.898615331902140158e-01 1.082296420756769934e-01 1.796709192298640012e-01 3.168549657886859938e-01 8.378509054532559674e-02 4.130778730717479807e-01 2.495266651524029877e-01 2.564016177504960248e-01 7.396003959288340035e-02 1.315873842497899959e-01 2.066519488220960044e-01 2.677385528343719789e-01 3.194945954553650158e-01 2.884040318210759901e-01 1.672313947848340088e-01 2.223325619645409867e-01 1.104083563138169993e-01 5.082694937039330396e-01 1.619997450694299901e-01 2.282124245644980010e-01 2.409344535062850068e-01 1.827025189969140040e-01 8.933412039277290051e-02 2.899528628280930165e-01 2.418244675009660061e-01 2.434811496651110019e-01 2.376955630364250005e-01 1.824867975373070106e-01 2.290899552476680090e-01 3.038332518865309861e-01 3.180341282939139758e-01 3.432653567753299884e-01 3.071829657786859791e-01 2.589445359424640269e-01
