1.000000000000000000e+00 8.190064528392370091e-01 8.607655062064839546e-01 5.915096448653099914e-01 7.337217891953899951e-01 7.434119308340140231e-01 5.247007700836670008e-01 5.940783340398410051e-01 6.175900903480380233e-01 7.346121074363279879e-01 7.121985407022569659e-01 8.020858266345930465e-01 6.884982244377190197e-01 6.591142384786790043e-01 6.702234317656540208e-01 7.869573776926790387e-01 6.389516933661160136e-01 6.768622429410370289e-01 5.576307241013039873e-01 7.615620280468760050e-01 7.008338349122560373e-01 5.970375959715420455e-01 7.095941009491859575e-01 7.018167377316569810e-01 8.028896790120270133e-01 7.942128104341570349e-01 4.812809411501829948e-01 7.183557084618790167e-01 8.339248345581240507e-01 5.472457147455359605e-01 6.078966161167199678e-01 5.573323327798880289e-01 5.319985549469909980e-01 4.625886439156359775e-01 4.998475063576219846e-01 7.367515415769450016e-01 6.716407984092620520e-01 7.017041079926890079e-01 4.303951865324530113e-01 6.238099430435609660e-01 5.849060386558340152e-01 6.980813448175210434e-01 4.596881434802260191e-01 6.011082522002479944e-01 3.188952900452249883e-01 3.479871664986179947e-01 3.526819805588770063e-01 5.470605329732040056e-01 7.655431014054170369e-01 6.481291914872969739e-01 7.533201171541440422e-01 7.975643970090440238e-01 7.303259690727189613e-01 4.848339761292579930e-01 7.018750570033449598e-01 7.636095897960980539e-01 6.080245388236590331e-01 5.448565718800240099e-01 7.828097831737109713e-01 7.123962612000509509e-01 7.909530273880549522e-01 5.953348404349899647e-01 6.483296689130260138e-01 6.417530158366420157e-01 6.759810571747200125e-01 6.685103784694730322e-01 6.812716072712620141e-01 6.719215657627870542e-01 6.216743601550319687e-01 6.214693993236040104e-01 7.204088416844699472e-01 7.892724307965349739e-01 7.183147309817490278e-01 7.089998582819589945e-01 7.977968223345509591e-01 8.148718141661299708e-01 7.359646322065940272e-01 7.906337265599250319e-01 5.198049572403660168e-01 5.162555395706439620e-01 6.386484654979479592e-01 4.556534872853539864e-01 4.654233674451240255e-01 5.593446411402439589e-01 5.210756237593909823e-01 5.316205239025739715e-01 6.521135799910690034e-01 6.383169301692660502e-01 7.479678448447170114e-01 4.954045489472709840e-01 7.161055671194359595e-01 8.225749633176420161e-01 5.358580013292939537e-01 7.107915322751120479e-01 6.186221475640969469e-01 6.139485937332359589e-01 5.644595940030819881e-01 6.178395634267840331e-01 7.847880402569189506e-01 6.778798113186039753e-01 7.247478563112069727e-01 7.000571371054380432e-01 4.651013379366120137e-01 5.479891571898289904e-01 4.539348385740780145e-01 4.712614091802380112e-01 5.394579789607369946e-01 5.673758767188139540e-01 5.314857272222039963e-01 4.393106442545379742e-01 6.909616867090320191e-01 6.820783227981399577e-01 4.468078505309669990e-01 2.860796224447039737e-01 7.544906458105840041e-01 6.270767762421990410e-01 6.360383092987109688e-01 6.187329303025750349e-01 6.857827232702210507e-01
8.190064528392370091e-01 1.000000000000000000e+00 8.721069537002910099e-01 7.532268852028050077e-01 8.315740371996680480e-01 7.215808739740220412e-01 6.172656003632299715e-01 7.621018378746600153e-01 7.241048346228720067e-01 6.821644431047549917e-01 6.462370845204199465e-01 7.835211457127010393e-01 6.872229830230039971e-01 7.177712193597090007e-01 6.447111986399259864e-01 9.353331697799609490e-01 7.098242261379129614e-01 7.933170139583749503e-01 6.787996016539250554e-01 7.941004375595009934e-01 7.728605569896469518e-01 7.030781909689169940e-01 7.412558662175989799e-01 6.937849917043990011e-01 6.286039043998610243e-01 7.188824564715270427e-01 5.943239592292659523e-01 6.469613789783430491e-01 7.893231759184360374e-01 6.043826261695519619e-01 5.482463253707490214e-01 6.057224924964089707e-01 6.787679770303629567e-01 4.554486239573459772e-01 6.040843702738589727e-01 8.744010229192209493e-01 5.122413918984489722e-01 7.099426349099360323e-01 4.980916066026940259e-01 6.407055444727770555e-01 4.931152133286549888e-01 5.734546063914229830e-01 4.925812047553990158e-01 5.040441291768239518e-01 3.469515194571040073e-01 4.117876994425009873e-01 4.266411446300270027e-01 5.832514331797149509e-01 5.976696763286609704e-01 5.389040536580500529e-01 8.287060278741059660e-01 9.078212882368219550e-01 8.887407793264320288e-01 6.489508683835549796e-01 7.600160912880880026e-01 7.585781997875810090e-01 8.041277838642040265e-01 7.346312894541969785e-01 6.990241274659659831e-01 5.754183051607150157e-01 7.140955201613310432e-01 5.959384922650790006e-01 6.558365197889820530e-01 7.147313774381299778e-01 8.095255474068610013e-01 6.818444207446200389e-01 8.401019439813810497e-01 7.704916280032869658e-01 7.528773753049009532e-01 8.110147293372650390e-01 8.152757253952239713e-01 8.161879027226710548e-01 7.715708156941519791e-01 7.479389311119950534e-01 8.199560142918399519e-01 7.086234808101790072e-01 7.177332915072710540e-01 7.435671599923610042e-01 4.463261791759119967e-01 5.265262628386010446e-01 6.471990859901359805e-01 4.410653257422940121e-01 5.261993264717540475e-01 6.638429115530859459e-01 6.340147010656690396e-01 5.858086139012700366e-01 4.855300437007740166e-01 5.927625205162829758e-01 8.077485257668479690e-01 4.721069205269339819e-01 6.968965005161340542e-01 7.269231712256809530e-01 6.306755638905070516e-01 5.498862137175559717e-01 6.144512326773069466e-01 5.471724570842360080e-01 6.370981109567249723e-01 6.531079197604719999e-01 6.550809721145409714e-01 6.112383273911959902e-01 6.551468036026649733e-01 6.621687269275510213e-01 3.919053133040459880e-01 4.775558103255930220e-01 5.294173467987749460e-01 4.902090541594250062e-01 3.973739846708220225e-01 3.949225170456039935e-01 3.702867181712419797e-01 3.112649589055330179e-01 5.469093257108990080e-01 6.030195272636710291e-01 6.113055827918340013e-01 4.443014304670099834e-01 7.908658352463300290e-01 7.351496456436340532e-01 6.660803071594799674e-01 6.984489845384459494e-01 7.130466718781950375e-01
8.607655062064839546e-01 8.721069537002910099e-01 1.000000000000000000e+00 6.108925692634079585e-01 8.538163342811899703e-01 8.813642655039189977e-01 5.453110851052159758e-01 6.295192861695360076e-01 7.616666000833159922e-01 6.823818214308550179e-01 6.801622742202090288e-01 8.379111625817390330e-01 7.134235640920060240e-01 6.722223622335700144e-01 6.672832509010839797e-01 8.642267224310540286e-01 6.832545087275749829e-01 7.066167058638129772e-01 5.972480197671959923e-01 7.822777386945459765e-01 7.873300972148590260e-01 6.995018122125109539e-01 6.963124341043820387e-01 7.893801755307260359e-01 7.269253366953279949e-01 8.313180163148600199e-01 5.309718266446380452e-01 6.821729395613650437e-01 8.323337958281969984e-01 6.526657128962409793e-01 6.017760441740660493e-01 6.248154364294220553e-01 6.505271305765939482e-01 4.633996275609579829e-01 5.696550516992789914e-01 8.782385696889040139e-01 5.964229188643600521e-01 6.997256450571980313e-01 4.963893976799110264e-01 6.565028789452179714e-01 5.429664166967339556e-01 6.626605566974259620e-01 6.020665088656780295e-01 5.869228099513860153e-01 3.658128261444389961e-01 4.360443980553729837e-01 4.402227962856489762e-01 5.396124562399819968e-01 6.749971026940629892e-01 6.059202759562549723e-01 7.841269425123169601e-01 9.073024840025309956e-01 7.952273541881450525e-01 5.567849733675499513e-01 8.728309545378649670e-01 8.898960392544710274e-01 6.728911757238890123e-01 7.625265039255629818e-01 7.068738455697559653e-01 6.188586899005109609e-01 7.703015877277960000e-01 6.070113839878139572e-01 6.335607997772679800e-01 6.418031294975149459e-01 7.655997428180919551e-01 6.774923137245180138e-01 7.517060806753680380e-01 6.864289532148240003e-01 6.691017998836560343e-01 6.872419292388040057e-01 8.028554736320580032e-01 8.024251581463089922e-01 6.779487942375029830e-01 7.324061952612329618e-01 8.246236029857200167e-01 8.039867430357909850e-01 7.416647342123040554e-01 7.617520953576599751e-01 5.052231116247249965e-01 5.665348268129269949e-01 6.540564497565849456e-01 4.850482747920800142e-01 5.852579625536860064e-01 5.971539798127010190e-01 5.500628511384879626e-01 5.816013420720319571e-01 5.888495568495929477e-01 6.369328039473649561e-01 8.332137177609459933e-01 4.872685642843400111e-01 7.377557673786190318e-01 7.700640918286539849e-01 6.091354441355050220e-01 6.803419375570669558e-01 7.135703086234920223e-01 6.186163184358489664e-01 6.009928811918689995e-01 6.122109572487760554e-01 7.192755800794220500e-01 6.792382960342260301e-01 6.602473309613110519e-01 6.330289205524329832e-01 4.546581380353260093e-01 4.864984751952829978e-01 5.712614863745050231e-01 5.240390183831290516e-01 5.186464788313499552e-01 5.112365332489919867e-01 5.587988576463950308e-01 4.230817722259990199e-01 6.737713046755210433e-01 6.666313291439439626e-01 5.767344437061600049e-01 4.406242003521489980e-01 8.389901696811840059e-01 7.442971753844479510e-01 7.375269757403269955e-01 7.364090198553550071e-01 7.885376300737579891e-01
5.915096448653099914e-01 7.532268852028050077e-01 6.108925692634079585e-01 1.000000000000000000e+00 7.412424631343409454e-01 5.711187232829190163e-01 2.738351198300419953e-01 6.366467519140529552e-01 4.503776275935910123e-01 3.233359155924330208e-01 3.795833366957420130e-01 5.688130363025459824e-01 3.372475509820819783e-01 3.909719218887759973e-01 2.792920428325399995e-01 7.237971503737790080e-01 4.934122257533319900e-01 5.862419844520060375e-01 4.307531258294329812e-01 5.748906043336620142e-01 5.235866343983980320e-01 5.238863539214609899e-01 5.246409277069640220e-01 6.814256876744460012e-01 4.547807524905079779e-01 6.314274396615829898e-01 6.713679285668070484e-01 6.069677521285330446e-01 5.567149240239469554e-01 5.474312269000349840e-01 5.625401707510909732e-01 4.263111608815349785e-01 5.761779718513569959e-01 3.518278577842989807e-01 6.095053574499149640e-01 6.747539378221669715e-01 4.752535526451689973e-01 4.448704677372259941e-01 2.439444876909460103e-01 4.456753057022789788e-01 3.736055345209989831e-01 5.249746441512750383e-01 4.901110540835370011e-01 4.657889217166309992e-01 4.726654574589370106e-01 4.246857994158280136e-01 4.922530646499779783e-01 5.953606548471449544e-01 4.039928437633499847e-01 4.181472883825170239e-01 6.636590577416530135e-01 6.982243197722900474e-01 7.402786073196220284e-01 8.428593745451919972e-01 6.454681155682640004e-01 4.816512202110609930e-01 7.500999165824639991e-01 5.782523034685309593e-01 4.261035581621300250e-01 3.960830186145309906e-01 4.735311865408730059e-01 2.410613585529670089e-01 3.204375641668730235e-01 3.994952012078369918e-01 5.512991637916100363e-01 3.359841949997849908e-01 6.350483056899689505e-01 5.304340690872320074e-01 6.829896353697559874e-01 6.747138127554099807e-01 5.924870839014330093e-01 6.325258055414789693e-01 5.203820882281640081e-01 4.606089584665020165e-01 7.240099449535779552e-01 5.533409380573659497e-01 4.956175797332980082e-01 6.408056948396310126e-01 4.457952268975640120e-01 3.625055225617930255e-01 6.845525857832760463e-01 3.102020808027259879e-01 6.166055995615840057e-01 7.074839813217129736e-01 7.195633551893060309e-01 6.414793154142910403e-01 4.528763560314130188e-01 5.959577479335129713e-01 5.733991063591320492e-01 3.101742773390129826e-01 5.822645321115880179e-01 4.769905716396120043e-01 3.854328459015020081e-01 5.011544064669479770e-01 6.296371023482689733e-01 4.743681754488169866e-01 5.921861863579720442e-01 6.068534217529419905e-01 3.468053715293399897e-01 4.468779528179169791e-01 5.408380756848689686e-01 4.785891787799830266e-01 3.231177967748289914e-01 4.650888703101270227e-01 4.929015504988150109e-01 4.349900055420590217e-01 3.356962903507509921e-01 3.094606455046070015e-01 3.093901853786750200e-01 2.316654919427000026e-01 5.983349949705260018e-01 6.819823615336290112e-01 7.563679950966180066e-01 5.960472416144849683e-01 7.593625703205210131e-01 7.760553268115020220e-01 7.088224581151110204e-01 6.843162038578419759e-01 7.028722449719959631e-01
7.337217891953899951e-01 8.315740371996680480e-01 8.538163342811899703e-01 7.412424631343409454e-01 1.000000000000000000e+00 8.664682947073230057e-01 3.085642437979119745e-01 5.794229756391200414e-01 6.471025224313620150e-01 4.544584223607550100e-01 4.358246350244999734e-01 6.864641836299709698e-01 5.271851080190490535e-01 4.432126870677859931e-01 4.316986096505839865e-01 7.534551625602240454e-01 5.020229571325349749e-01 6.918726673265119809e-01 4.449441072720899948e-01 7.675551522925779802e-01 6.668677450952710251e-01 6.072195848907390170e-01 5.940325388680920415e-01 7.396093816705260338e-01 5.290752954246650264e-01 7.292574383622050238e-01 5.844051949661209777e-01 6.520818470654310417e-01 7.068307188031029975e-01 6.447825385938189546e-01 6.404242799094329586e-01 5.364002986039100307e-01 6.992305696830709572e-01 5.337883600582900012e-01 6.598623785546610110e-01 8.609391195561989507e-01 6.370790983200480539e-01 5.515263699634009864e-01 3.611293493131429999e-01 5.675952158428659855e-01 5.657889530311780435e-01 6.373311207177350113e-01 6.410554344237959778e-01 6.032351499148089768e-01 4.874883600915180248e-01 4.863553263381780178e-01 5.866298804101469644e-01 6.563859893691219582e-01 6.254500704983200210e-01 6.454052300768819972e-01 7.476830727114559538e-01 8.234159368363489495e-01 7.598622260940429696e-01 7.719200288206600202e-01 9.315109817421749483e-01 7.489462898965589810e-01 6.329647277739739453e-01 7.549251154924390139e-01 5.084822424276680408e-01 4.091225370663070238e-01 5.855071626959069686e-01 3.913563877805010249e-01 4.387901928844670230e-01 4.436768431137509960e-01 5.829721690404150447e-01 4.447369875907239978e-01 6.236665792712520195e-01 5.258038603655129650e-01 6.727518008323040144e-01 7.031873227739839916e-01 7.124700867973080554e-01 6.807625919276050208e-01 5.560878266992790309e-01 5.812094352280829934e-01 7.277844359305100097e-01 6.559315840941190023e-01 6.019410127363540308e-01 6.749298826565199860e-01 5.242767615344200438e-01 4.352524974572499761e-01 7.214876219260180079e-01 5.360307784146830512e-01 6.647118881665370349e-01 5.814599173868120197e-01 6.061207859543890075e-01 6.649605178926789595e-01 6.308947467022899547e-01 6.615459195041799578e-01 8.242852690704709495e-01 4.877032852613070180e-01 7.564180914982600035e-01 5.970527935161670241e-01 5.080074873085459464e-01 6.436681639963149903e-01 7.257894301169860451e-01 6.177575397093649778e-01 6.331637869841439947e-01 6.720540140116220140e-01 5.952241797881949736e-01 6.880269789237769551e-01 5.329717550491249733e-01 4.829702298466240218e-01 3.472323982727369973e-01 4.061611783056229830e-01 5.228503606084360378e-01 4.709374201370600255e-01 4.070523828927419818e-01 3.762993498188270114e-01 4.820731395039999923e-01 3.378550121130999839e-01 6.936366368295600049e-01 7.270299682972539701e-01 7.835720986968519597e-01 6.786384746888259878e-01 8.586845703057249812e-01 8.279160154511919778e-01 7.903363521639650280e-01 8.170800526425600063e-01 8.333373496677359826e-01
7.434119308340140231e-01 7.215808739740220412e-01 8.813642655039189977e-01 5.711187232829190163e-01 8.664682947073230057e-01 1.000000000000000000e+00 4.178788375817519829e-01 5.274338237042109911e-01 7.201499615276319988e-01 6.288922710281830142e-01 6.208366994909819692e-01 7.819297504886150163e-01 6.375164353266820072e-01 5.273173141942120168e-01 5.823861425096189537e-01 7.050847718251760377e-01 5.795318697781649542e-01 6.450210990081000073e-01 5.224762689472780552e-01 7.349224387020210081e-01 7.062127148283420253e-01 6.295903675676179923e-01 5.730448842706119539e-01 7.076002411053019525e-01 6.098122948616300221e-01 7.564558376718489852e-01 4.225164419852709963e-01 6.110930360345270262e-01 7.855559080360370316e-01 6.427681062624199804e-01 5.730387638332770095e-01 6.009236796865929930e-01 6.558735057037640148e-01 5.183380832921169468e-01 5.150284650162040290e-01 8.471001438292790064e-01 6.627906530252729578e-01 6.371531865626469671e-01 4.703638542886369733e-01 5.862911315801070389e-01 5.739905957999480446e-01 6.055107678467199772e-01 6.115209506335950174e-01 5.871185770704849816e-01 4.132262866319519889e-01 4.234835803908389984e-01 4.541838434562809890e-01 5.339916131145699962e-01 7.425642206254869926e-01 6.956152652003050330e-01 6.810155795819909930e-01 7.726746985665730039e-01 6.560912684676359907e-01 5.336975093732440056e-01 9.415173409891479661e-01 8.869793977531590379e-01 5.326863012938569675e-01 7.406453357025279960e-01 6.398468139667410348e-01 5.584263288758190003e-01 7.208601948179099717e-01 5.426286832708629992e-01 5.615567739795199742e-01 5.132100625439699471e-01 6.101806444165019938e-01 5.735615312462000182e-01 6.192866024171279626e-01 5.701950153675590105e-01 6.332699697534649452e-01 6.177885489278449604e-01 7.068555956028049758e-01 7.199186791062289759e-01 5.395260526683169910e-01 6.183482605751540184e-01 7.234436025297620310e-01 7.265131986771330430e-01 6.767858277014959789e-01 6.773218577172820387e-01 4.492793352724199774e-01 5.144116770325819488e-01 6.332652997126959615e-01 5.511187969276709619e-01 6.033931987729810320e-01 5.397853060411740289e-01 4.423588935500479824e-01 5.407699722094100325e-01 6.414135504151029510e-01 5.759149795236589986e-01 8.046955826096070519e-01 5.336917619266500212e-01 7.302320182292489914e-01 6.668194767060150463e-01 5.822142211813410295e-01 6.700643338087619583e-01 6.959325363521929875e-01 5.986676539027230293e-01 5.373097057489769623e-01 5.501977834120209687e-01 7.363218750480999830e-01 7.386539282064289447e-01 5.968887968860550064e-01 5.403765385347250039e-01 4.418077083636109958e-01 3.768688622809640010e-01 4.467540616487379879e-01 4.244061454740479800e-01 4.332377527570970277e-01 4.388352114218589950e-01 5.599811420300400133e-01 4.077722750576299737e-01 6.814881236443249835e-01 6.547227727767069849e-01 5.817466774966190135e-01 4.787849680263119856e-01 7.735059051873719449e-01 7.156781172772720412e-01 7.079752821034389632e-01 6.750379466973209786e-01 7.718376449515069737e-01
5.247007700836670008e-01 6.172656003632299715e-01 5.453110851052159758e-01 2.738351198300419953e-01 3.085642437979119745e-01 4.178788375817519829e-01 1.000000000000000000e+00 6.739125335288860263e-01 7.028045336445419844e-01 7.418306053404050138e-01 6.409113599527359595e-01 5.806931505499359769e-01 6.882662669318539983e-01 7.619530011817720050e-01 7.173740815277169780e-01 7.058544181362169656e-01 6.962634420233919652e-01 6.398160808648239994e-01 7.337459429803500077e-01 5.471114177379330368e-01 6.766484317079209942e-01 5.356982983531159981e-01 6.445297281123130162e-01 2.911963505212210035e-01 4.470488607912829759e-01 3.951600834959420050e-01 2.279285016842090006e-01 1.780851684324910034e-01 6.186192026733859928e-01 3.527083865591679745e-01 2.765228336360410211e-01 5.526618036931030264e-01 4.177781850325250068e-01 3.043746650037910118e-01 2.961196543519610258e-01 5.358246488126110485e-01 1.549356892077849990e-01 7.004399964347850505e-01 6.004644030492900519e-01 5.967231417890199729e-01 2.796708670363020066e-01 3.025599940455039882e-01 2.092450906525689935e-01 1.964988720595320093e-01 1.702919287680559890e-01 1.928398305027869963e-01 -5.815061645234599966e-03 2.453245173438599880e-01 4.566336340924579962e-01 2.978311293849379982e-01 5.449135365378670048e-01 5.888230607174670395e-01 5.772389621784349556e-01 6.832991912980809768e-02 3.677629474001810062e-01 6.003361971666180130e-01 5.539481155834019566e-01 4.978094404816429952e-01 5.909531358741410001e-01 5.062855349810509997e-01 6.225850745544220244e-01 7.007668371495500148e-01 7.159760683290240513e-01 7.736296540051830206e-01 7.316934799607639484e-01 7.363556861101879791e-01 7.511918565262409864e-01 7.420848954458629798e-01 5.113283716890000274e-01 5.600694713388779666e-01 6.560733889423270293e-01 6.195438379230080450e-01 7.527422224592350553e-01 6.192342357599229796e-01 4.697685378066859818e-01 4.641520741111220261e-01 6.724409108321599549e-01 4.768884813408419965e-01 2.115479602260240122e-01 5.691174434736789856e-01 1.752516114650629897e-01 2.543078211921199761e-01 1.205742372365970067e-01 4.740050941042239785e-01 2.768657162895200030e-01 1.665037702510600015e-01 1.312515592951500054e-01 9.634386708585819525e-02 5.141451907430549806e-01 3.110445736735090172e-01 3.831518583537090183e-01 6.333830098200019521e-01 6.300112048824090261e-01 2.228706308310690054e-01 2.401839751044849980e-01 1.940607474266680121e-01 3.548085920552420114e-01 3.059238436710999820e-01 5.640679916650940262e-01 3.581471018665470241e-01 5.345044777938029457e-01 6.267828969333899547e-01 4.212220380160410227e-01 3.782364935832109865e-01 1.653369451466270013e-01 1.892460210090219919e-01 1.354173540392880071e-01 1.503356219122249926e-01 7.860250636279900172e-02 4.119905627409430060e-02 1.476447670677309976e-01 1.141713528610750067e-01 9.626406744903159840e-02 -9.314583391455900224e-03 3.064176819215280179e-01 2.524077863106239938e-01 1.269657711860310012e-01 1.082314132759440023e-01 2.358672887201249957e-01
5.940783340398410051e-01 7.621018378746600153e-01 6.295192861695360076e-01 6.366467519140529552e-01 5.794229756391200414e-01 5.274338237042109911e-01 6.739125335288860263e-01 1.000000000000000000e+00 7.657528799521220453e-01 5.056669025085790414e-01 5.591299067395389955e-01 5.908885620147199536e-01 4.765070910793010039e-01 5.508011991464130119e-01 4.516863638044539830e-01 7.184954590398630048e-01 5.786618580519079513e-01 6.336382165624779850e-01 5.512266185115669570e-01 4.823719274815910230e-01 5.503084444111310258e-01 5.501975179552489603e-01 5.055243466156109644e-01 4.522307398612049889e-01 4.434904445142789919e-01 4.860303409243100226e-01 3.563235233010980108e-01 2.906685013668450224e-01 5.446855690487020230e-01 3.472337275300440007e-01 3.302953230752270208e-01 4.822541498348190125e-01 3.790551767442589814e-01 2.090893892100340046e-01 3.632161004610670041e-01 6.820117585446280328e-01 2.672183460739199767e-01 5.391184036268580337e-01 3.638928410361619847e-01 4.250142694490199879e-01 2.965628456634680221e-01 3.746263812190059883e-01 3.170125945034569792e-01 1.863796868874399992e-01 2.425653702234570053e-01 1.751896376099459918e-01 1.631350992464560001e-01 3.043781446420160131e-01 4.471954525506279809e-01 3.409917587710140086e-01 6.006003551931210493e-01 6.898524598624720117e-01 6.041108848479209703e-01 4.367145600519660165e-01 5.542675738302630384e-01 5.232258387532929822e-01 8.674594727037150399e-01 7.503532751397840039e-01 5.028616997204320427e-01 4.457967975531039739e-01 5.435040774460130342e-01 4.239421531667569853e-01 4.776757201951299936e-01 5.135594116095290040e-01 5.572340755146699687e-01 4.658626543913800266e-01 6.774686369140829889e-01 5.975656236084270212e-01 5.611033956359600117e-01 6.026191855374199990e-01 5.588222300352749805e-01 6.009706116711129864e-01 6.013031655566259959e-01 4.566952570239090070e-01 5.492922591201699900e-01 5.274631365287230089e-01 5.020595390923739965e-01 4.995485622526880110e-01 2.386744870590070122e-01 5.050758511493009806e-01 3.653964155219899812e-01 2.518066465346099903e-01 3.574005753551500186e-01 5.590157305922359710e-01 3.947000247821749741e-01 3.272898163144040140e-01 2.115699974760739954e-01 2.317594027309000104e-01 5.051644652154230197e-01 2.271583349169870036e-01 4.745246644541949999e-01 5.591820813774680543e-01 4.344084188309210171e-01 3.371642847843500101e-01 3.660197956350400017e-01 2.196631962976189900e-01 3.754402811205450052e-01 3.738704881516490275e-01 4.602205652980639883e-01 3.749952548650750117e-01 5.144310950865269572e-01 5.856790048325920539e-01 4.662700651678129971e-01 4.060096270415999853e-01 1.863602801549660015e-01 1.639265499835790008e-01 9.916152754350479603e-02 9.144033843015900165e-02 3.391172835232519889e-02 2.131152220919150034e-02 2.659277590343079867e-01 2.794430813302810068e-01 3.406255312310649819e-01 1.641853867864750127e-01 4.803574595785820023e-01 4.170369936141939959e-01 3.639681073293640212e-01 3.130302587280069937e-01 3.778661042339340193e-01
6.175900903480380233e-01 7.241048346228720067e-01 7.616666000833159922e-01 4.503776275935910123e-01 6.471025224313620150e-01 7.201499615276319988e-01 7.028045336445419844e-01 7.657528799521220453e-01 1.000000000000000000e+00 6.506728553889460365e-01 6.032021267415109689e-01 6.680008384988740389e-01 6.831414009690469635e-01 6.911988960722269537e-01 6.288061000587490401e-01 7.579945860247370160e-01 5.905682359129329484e-01 7.227012371662679957e-01 6.523146834516220238e-01 6.695921626121660308e-01 7.325736464984270446e-01 6.286423830694880532e-01 6.116580271184930417e-01 5.068634640914579936e-01 4.963445407687889777e-01 5.696185860065370310e-01 3.743482099635179750e-01 3.626090515950110005e-01 7.127921491313740088e-01 4.655020609904270135e-01 3.664200151527989835e-01 5.984106151423610465e-01 5.581393230739679634e-01 4.521330846705490236e-01 4.803169463726740251e-01 8.134349533755289574e-01 4.178368003083740012e-01 6.870969744557470227e-01 5.573646812661670058e-01 5.777580844014119643e-01 4.224382656507830180e-01 4.638035243198099788e-01 4.933862408702620050e-01 3.191446292775729776e-01 3.390973089514079941e-01 3.119378200155140113e-01 2.705710571301330192e-01 3.851924720364229837e-01 5.978533457314310073e-01 5.404469024760389928e-01 6.280788053122039472e-01 7.170005854842800286e-01 6.257596576169089930e-01 3.505504427618220120e-01 7.068839499705249496e-01 7.511768740907649455e-01 6.654751134667480361e-01 8.332485789297170431e-01 5.753197834403569466e-01 5.081910694878459811e-01 6.092249270313639942e-01 6.143613125863589541e-01 6.508555182893299706e-01 6.413222618459829549e-01 6.726893386229549909e-01 6.455238773524260010e-01 7.116983414265609653e-01 6.233995204157649628e-01 6.429174685938570111e-01 6.703586797232089500e-01 7.199181886171820421e-01 6.435902966191600072e-01 6.465932992964880111e-01 6.133905190861510537e-01 5.690383909541629759e-01 5.872647045248630127e-01 7.088367053693539477e-01 5.474907324586739676e-01 2.945892312900760257e-01 5.660117000610099813e-01 4.192004968032099765e-01 4.742299326581440044e-01 4.412214395958850011e-01 5.221693229681639847e-01 3.793126248938780143e-01 4.197084799659610010e-01 3.853550768004290195e-01 3.235919794436429853e-01 7.301478927307339939e-01 4.399658667518819843e-01 6.248686290126239662e-01 6.480636731780420323e-01 5.760771656832539556e-01 4.540025314741920059e-01 4.447913607034850170e-01 3.640964026573439982e-01 4.611092167082539994e-01 4.975028107728780014e-01 6.606527697332650328e-01 5.760928506452239750e-01 5.386580773897640118e-01 5.749551471996540153e-01 4.354535684204460244e-01 3.204005784498419884e-01 3.354461757145559830e-01 3.281873907749319752e-01 1.634883076086879883e-01 1.547437596636050128e-01 1.767318949180499976e-01 1.239890587913080044e-01 3.832172752678389971e-01 3.691978473499740176e-01 3.993835205142319822e-01 2.647967830691749791e-01 5.451912165995299597e-01 4.790430603714049829e-01 4.644137999548539897e-01 4.210641799339969737e-01 4.803627115999640207e-01
7.346121074363279879e-01 6.821644431047549917e-01 6.823818214308550179e-01 3.233359155924330208e-01 4.544584223607550100e-01 6.288922710281830142e-01 7.418306053404050138e-01 5.056669025085790414e-01 6.506728553889460365e-01 1.000000000000000000e+00 8.499612626493769918e-01 8.035460335349909888e-01 8.367201797157529652e-01 8.188631712631769810e-01 8.820377891767670064e-01 7.198834484535650002e-01 7.332614455222760119e-01 6.282539417631020084e-01 7.571381815828249762e-01 6.695157359631990213e-01 7.260829821961829467e-01 6.193082942595330431e-01 7.147652426959479888e-01 5.103092780537550333e-01 7.307622284291259707e-01 6.271086334501070336e-01 3.154994361018170212e-01 5.311428709055580066e-01 8.287068007838049866e-01 5.501716914394050306e-01 3.536890133829099780e-01 5.842238232181949931e-01 5.154916265825799648e-01 4.215033216190480214e-01 3.180142614011730040e-01 6.193075224080279995e-01 4.899922296842120217e-01 8.334720731144690253e-01 6.901489416209120042e-01 7.439325317734669651e-01 4.672646782885550021e-01 4.743570930842869737e-01 2.877603052095670244e-01 4.609803313606550268e-01 1.757037954519760081e-01 2.913273272830019800e-01 1.168089880305339945e-01 3.580542760106559808e-01 6.511541819080429727e-01 5.364494864047999467e-01 5.970183511365799722e-01 6.251921134511330136e-01 6.005890495870409573e-01 1.510138267408069890e-01 5.312676433026000122e-01 7.632558614869590086e-01 4.431783994810140070e-01 4.360072360299099836e-01 8.994818238832570367e-01 7.879374604326989662e-01 8.238923880902220276e-01 8.284675073706609938e-01 8.588581423609890075e-01 8.241376682011249954e-01 7.559252181431399542e-01 8.779213006954960097e-01 6.900818482608189752e-01 8.028669384990180236e-01 6.062599591516579789e-01 5.777038586364700024e-01 7.081793324834559922e-01 7.930833167451419863e-01 7.607720864560519880e-01 7.897671016837900515e-01 6.912169257453769644e-01 6.878928822199880111e-01 7.947283738388429830e-01 7.141551606594730428e-01 2.663851059949179922e-01 5.073850485256270471e-01 4.327079352960370162e-01 4.337815218299689857e-01 2.143004119255000062e-01 4.680404078297660253e-01 3.729092852589560025e-01 3.348525445448249926e-01 4.592286678130140243e-01 3.961940008190100171e-01 6.539223355604150134e-01 5.695420233247889819e-01 5.948090621158019786e-01 8.141890249516939848e-01 7.231941935380270525e-01 4.908355658470869853e-01 3.929149644887570125e-01 4.890321965806819771e-01 4.753189347826389799e-01 4.788784142519439957e-01 7.686612567013969555e-01 5.899609985379420385e-01 6.395518330161700238e-01 6.696238572230509556e-01 3.407181370306560098e-01 3.888693450335850010e-01 3.368420280054940097e-01 3.591979787292299831e-01 4.379793444479920250e-01 4.861861749271499944e-01 3.845883120522100018e-01 4.178242004667240272e-01 4.638268066083869878e-01 4.017606292848009963e-01 1.702254638901740114e-01 3.999632105986609953e-02 5.244488740300079499e-01 4.288135684693640259e-01 3.470333887234109960e-01 3.427413541933709840e-01 4.818186952218159735e-01
7.121985407022569659e-01 6.462370845204199465e-01 6.801622742202090288e-01 3.795833366957420130e-01 4.358246350244999734e-01 6.208366994909819692e-01 6.409113599527359595e-01 5.591299067395389955e-01 6.032021267415109689e-01 8.499612626493769918e-01 1.000000000000000000e+00 8.136218205942949977e-01 7.070416679765539891e-01 7.258309179726010196e-01 7.907474965634599950e-01 6.533392035994010083e-01 7.265803622204930479e-01 5.674144351438249467e-01 6.574852957737380432e-01 5.680454401666360509e-01 6.375092724562250179e-01 5.990695695738780246e-01 6.062279075311399756e-01 5.605553964336009720e-01 7.719923544629899714e-01 6.437255383710539514e-01 2.550285529505370019e-01 5.031578280456889818e-01 7.792071989997769732e-01 4.531632093349319823e-01 3.758333892920699970e-01 4.681779581204830176e-01 3.775019484165350048e-01 2.685033156811180155e-01 2.763738270130199903e-01 6.115958014511300167e-01 4.277952973253290048e-01 6.695544140520679477e-01 4.673928633760149887e-01 5.594985781502550548e-01 3.740449439505200147e-01 4.549198936096199852e-01 2.854943480420110147e-01 4.194915096366830243e-01 1.797616570889110088e-01 1.912597116073009862e-01 8.337083719598860354e-02 2.563666825294049767e-01 5.850539985664789944e-01 4.327201917487680238e-01 5.234359634732720368e-01 5.987264501838359676e-01 5.358783567023569505e-01 1.734921444482619979e-01 5.226533684939800306e-01 7.099998862197669514e-01 4.951809208783939931e-01 4.694641900520680200e-01 8.450341273131639630e-01 8.049160312318990318e-01 8.310027393378499605e-01 6.767178487377549789e-01 7.336143024928749590e-01 7.087235187544469461e-01 6.871492015429170319e-01 7.599711392361510054e-01 6.573722485685790096e-01 7.170296638724370508e-01 5.417416400382689678e-01 5.138619620386229991e-01 6.375635037043340114e-01 7.325239908575800207e-01 6.606117872686509962e-01 6.876484841972509976e-01 7.076151057328550209e-01 7.292227203871769481e-01 6.950833829553559884e-01 7.044224753338740319e-01 3.165931974520119763e-01 4.506144303837379961e-01 4.320059636387649782e-01 3.113535652570729728e-01 2.790137335036200206e-01 5.160893633753449450e-01 3.357186014388809925e-01 2.919382570342690109e-01 3.842561579322419929e-01 3.740407002555580229e-01 5.573399604185329537e-01 4.243408316584090234e-01 5.197927377537799876e-01 7.128542138343370027e-01 5.550046339365140025e-01 4.833259479664189784e-01 4.371475654569940139e-01 4.604190645135510240e-01 3.767625587710989876e-01 3.631225688303210131e-01 6.792947953218290147e-01 4.777954002498520092e-01 5.375238193406930431e-01 5.369337341672929531e-01 3.271924297644480117e-01 3.179100558066519921e-01 2.863577789870839774e-01 3.214184841296570116e-01 3.964322998956290034e-01 4.783223297991530121e-01 3.795827860147180099e-01 3.910728547829310231e-01 4.339515924664980040e-01 3.778912091570360010e-01 1.195755642503019966e-01 -4.308723415271589752e-02 4.799028340560960171e-01 3.476663407400429895e-01 3.873013554267110137e-01 3.177378453966669958e-01 4.322492127069519907e-01
8.020858266345930465e-01 7.835211457127010393e-01 8.379111625817390330e-01 5.688130363025459824e-01 6.864641836299709698e-01 7.819297504886150163e-01 5.806931505499359769e-01 5.908885620147199536e-01 6.680008384988740389e-01 8.035460335349909888e-01 8.136218205942949977e-01 1.000000000000000000e+00 7.472200048949070306e-01 6.905046418225699867e-01 7.485892470270489873e-01 7.969773919641730542e-01 7.868963770851129524e-01 6.070399144553070281e-01 6.643262390912130222e-01 6.838252819685529671e-01 6.976664783224839628e-01 6.557781805150499910e-01 6.153862165652920213e-01 7.821651524820369961e-01 8.035051926710700121e-01 8.340239471465810128e-01 4.165398449888910171e-01 6.654156578238960007e-01 8.625584074578449556e-01 5.955445817814030152e-01 4.495865581610130057e-01 6.594762666509580429e-01 5.662332182132839842e-01 3.391130011232370012e-01 4.304851617762199822e-01 7.610544168294129941e-01 5.734172069457560417e-01 6.704362601649219711e-01 4.700928546013919962e-01 6.810661884917730280e-01 3.985093971463209983e-01 5.798613605646569802e-01 4.013563433980920081e-01 5.417315915713289964e-01 2.519842848585779893e-01 3.096029821977089869e-01 2.455201973926469938e-01 4.116926705106350171e-01 6.585665075119060408e-01 5.489310508298870239e-01 7.205677695656520498e-01 7.902236338456040121e-01 7.297923590649000314e-01 4.596100002755880154e-01 7.357443082447190363e-01 8.297590772793640435e-01 6.166414775522910396e-01 6.440478607149889845e-01 8.484850393467090468e-01 8.072956157668289556e-01 9.102290633603079550e-01 6.654522135315169562e-01 6.902881794311509500e-01 6.709217007062480143e-01 7.662857775142239980e-01 7.496189202942069585e-01 7.409415012756840335e-01 7.546874700080800080e-01 6.193542082031350260e-01 6.143824933349549822e-01 7.674103034172190529e-01 7.897446869256530277e-01 6.270939216866330268e-01 7.773254179260550289e-01 8.666868944042950273e-01 8.134794049946859618e-01 7.724976446434309585e-01 7.873385258120539909e-01 3.516963971065660277e-01 5.735009982949169638e-01 5.727939523666170096e-01 3.441967993817420246e-01 3.711626390804390052e-01 5.157228419431260091e-01 4.876096377710419927e-01 4.471057102466780009e-01 5.373076523918229874e-01 5.272801583980170070e-01 7.233950595803679828e-01 4.339061105959139963e-01 6.009386205492569522e-01 7.380768177974450506e-01 5.724663855338180118e-01 5.508357019666110244e-01 6.027453835601159771e-01 5.589617943431780533e-01 4.985942481541710269e-01 5.109512312888260244e-01 7.392218997591589735e-01 6.180752251822919652e-01 6.097758694845669680e-01 6.338720899853339530e-01 4.152712791157159855e-01 4.584770815911050068e-01 4.770437567494030251e-01 4.569147036251060001e-01 5.231368883135120162e-01 5.074244985829260424e-01 4.816799040213949890e-01 4.492417330805750231e-01 6.459265350448919474e-01 6.287092989113080010e-01 4.066925181308809756e-01 2.477677780262939888e-01 7.274165324662380527e-01 6.378138831062020175e-01 5.824525147651680168e-01 5.741289155674880185e-01 6.544215300215679987e-01
6.884982244377190197e-01 6.872229830230039971e-01 7.134235640920060240e-01 3.372475509820819783e-01 5.271851080190490535e-01 6.375164353266820072e-01 6.882662669318539983e-01 4.765070910793010039e-01 6.831414009690469635e-01 8.367201797157529652e-01 7.070416679765539891e-01 7.472200048949070306e-01 1.000000000000000000e+00 8.534152614574830320e-01 8.553106272092639850e-01 7.138860383173779578e-01 7.238517182260869598e-01 6.536585659010899496e-01 7.562060972579760509e-01 6.942809212876840386e-01 7.518133616244220274e-01 6.055183786262979817e-01 6.934355858066479916e-01 4.503118473248399756e-01 5.941526861652219882e-01 5.674133066723709984e-01 3.875690625656659782e-01 4.858214654616310191e-01 7.766093103266640263e-01 5.239396389704039647e-01 3.801966343703579998e-01 5.208897956664729767e-01 5.349797944037270048e-01 5.062519267879730389e-01 4.012109091174589914e-01 7.079171864633420075e-01 4.639228418182400060e-01 7.767826622018779714e-01 6.794125864915590007e-01 7.028440419727080002e-01 4.273631101964450174e-01 4.191480445941809796e-01 2.812409413894589871e-01 4.736821553777499916e-01 1.677397882392649975e-01 2.695767914368750184e-01 1.601146863845580026e-01 3.420981222192580051e-01 6.496319864232470431e-01 5.489294063439860150e-01 5.600757251529669967e-01 6.469580348690510130e-01 6.575249386358830161e-01 2.930961954471489883e-01 5.775499824133170090e-01 7.841310439319030268e-01 4.330837949583570268e-01 5.505402153407079613e-01 7.522430145563470116e-01 6.593887794533429547e-01 7.521875636122470343e-01 9.246906910650599665e-01 9.013396600219050203e-01 8.249996087998110461e-01 8.088102876075089487e-01 8.517531410656929980e-01 7.155169468709120517e-01 7.861509229826479928e-01 6.357529841861370157e-01 6.297864253426509462e-01 7.668543024354690374e-01 7.727791912279059483e-01 7.461379020893910141e-01 7.559005263064599855e-01 6.567562368883109736e-01 6.065992374533240028e-01 7.815489491700889912e-01 6.171803060412730524e-01 2.954255825461720164e-01 4.192177645202799785e-01 4.215316712090739770e-01 4.451279643536100172e-01 2.673043523143650013e-01 4.658490077970089960e-01 3.992187748875070108e-01 3.569727757036910143e-01 4.197952555937239927e-01 4.153337949255230255e-01 7.526549148368509856e-01 5.365107563480530084e-01 6.313610384793499897e-01 7.221020489915209728e-01 6.732820730750750382e-01 4.409685226871449815e-01 3.682388065118479825e-01 4.941198800378129863e-01 4.818561664403580025e-01 4.982554924151160192e-01 7.499673560262319905e-01 6.162068023830730157e-01 5.523376170222540349e-01 5.598367756521319683e-01 2.179082849782519871e-01 2.824802004548470080e-01 3.482454691110239975e-01 3.599709754140669737e-01 3.234664707440559894e-01 3.817079195528250146e-01 3.373104066393959877e-01 3.713803027310220162e-01 4.359004324819549803e-01 4.045894285392029888e-01 2.866015386373479967e-01 1.585109723480450095e-01 5.613286285844280021e-01 4.931643860559750125e-01 3.888588867850589770e-01 4.340416998774739854e-01 5.249085057195700399e-01
