1.000000000000000000e+00 5.144281608777260262e-01 5.927412760526969970e-01 3.939994221576719746e-01 4.859168669944419761e-01 5.387731856417580234e-01 5.163633957464870416e-01 4.753022710458060240e-01 5.153217649358530217e-01 5.402141362781750500e-01 5.717406767841950455e-01 4.956187090837799736e-01 5.213860601451449917e-01 6.110821301918050175e-01 5.943334188859169531e-01 6.335783680087759828e-01 5.545914213869530540e-01 5.877426174742189646e-01 5.719661600724209594e-01 5.911730275197150108e-01 4.594585227901389901e-01 5.354145078035510430e-01 5.832269680343740159e-01 3.880851722305900253e-01 5.827281891479569875e-01 5.020488556501560007e-01 5.587447369454620061e-01 6.388937525506910298e-01 5.643604129977209949e-01 4.907216465442270081e-01 4.493956343275150034e-01 5.752676695446790056e-01 4.628905675065310144e-01 5.108054586763389748e-01 5.199357896893409547e-01 6.327765842341379621e-01 4.957607291719959841e-01 5.933244324867570363e-01 4.567595767064510093e-01 4.051707739818279919e-01 4.631746512683599937e-01 5.285598670918290054e-01 4.761678500607199882e-01 6.792678088978509887e-01 4.893908326374319939e-01 5.645004163935070096e-01 4.708429610608120264e-01 6.367065167008619797e-01 6.845328806425290402e-01 6.688643148438550012e-01 6.224009780553130255e-01 5.682808810006899636e-01 4.476870389540790196e-01 3.668915318067990095e-01 5.218493077657110346e-01 6.194707203389949735e-01 4.180461705408419770e-01 4.289066958847240207e-01 5.239482885504810339e-01 4.086080079286479871e-01 4.605671919006469883e-01 4.463432752084749988e-01 6.078141917118049520e-01 4.842818917637640164e-01 4.786226183019580138e-01 5.823283260792769811e-01 4.740437559367209897e-01 5.288429191041620347e-01 4.980777678850870083e-01 5.566019366326510065e-01 4.828684745593920247e-01 4.392657583814180144e-01 5.439327362395489640e-01 4.390396290908670229e-01 4.088857409458940273e-01 4.955156123631950238e-01 5.535734500814639691e-01 5.810737703044970281e-01 3.714115898908930125e-01 5.869128764239579521e-01 4.063002135980169904e-01 4.377310548702659787e-01 3.233397532911910233e-01 4.987416837393059965e-01 4.678839591991280078e-01 5.226313602043449746e-01 4.202709406546760174e-01 5.495690921654520222e-01 5.913310797652040485e-01 4.614512818239400183e-01 4.702121586183189983e-01 6.056359260746030371e-01 4.695278916745789788e-01 4.093390769547279873e-01 4.554722649525669853e-01 6.303017533991780441e-01 4.959481274847949983e-01 6.521981410679730251e-01 6.604929227995760543e-01 5.431854682240909726e-01 5.264536299638510330e-01 5.485792102072379883e-01 5.294919802065459757e-01 5.347233684052230540e-01 3.619759027532030160e-01 4.205818000587510097e-01 5.849373982571689501e-01 5.375595611205330471e-01 5.549726049986419829e-01 4.275214595543260221e-01 4.414754573837669782e-01 4.348161059656079908e-01 3.653123330318939765e-01 2.488094987155030080e-01 5.207049199772589843e-01 4.618153463421489913e-01 4.455467087987090014e-01 4.091541427136339837e-01 5.226716185301080175e-01
5.144281608777260262e-01 1.000000000000000000e+00 7.789955051558770105e-01 7.124567060510840211e-01 8.439204708588330384e-01 7.581840124013919935e-01 7.717975961284100350e-01 8.406785541245109794e-01 7.560746171636569812e-01 6.055645467455009756e-01 5.497280073352379670e-01 6.174213323045389945e-01 3.936874342266469817e-01 5.798180358452880157e-01 5.970728961836450077e-01 6.812021837216220010e-01 5.045555755349430127e-01 7.445607541899970094e-01 6.443047885248469608e-01 7.657597273962439832e-01 7.439177432958179459e-01 5.120854761427510171e-01 6.353495060855349763e-01 5.108432353790069991e-01 4.718242328548549747e-01 5.627048085094790153e-01 6.503786756515109735e-01 6.151459808585749700e-01 6.996944997677050360e-01 3.533314867736059850e-01 4.806025652826529937e-01 4.317154082934959725e-01 5.048812058557140547e-01 4.283359431789949823e-01 5.729543452963710148e-01 7.516126013479910162e-01 5.169628665394789824e-01 4.066044784129950185e-01 3.339892808396979773e-01 3.900328731014490180e-01 1.814567598304240026e-01 4.094377203843569957e-01 4.783438645112190191e-01 5.233911440460220499e-01 6.278341165593990247e-01 5.301923827902379482e-01 4.709758215985089813e-01 5.408690344384059490e-01 6.587024592836610015e-01 5.507552884269180105e-01 5.899648192472110031e-01 9.157427360639189828e-01 7.587608151757679886e-01 8.277430949370609969e-01 7.429312308834320477e-01 7.210604280979220349e-01 8.444456675298129822e-01 8.316348289386760184e-01 5.502184874679360016e-01 4.587241075619110098e-01 5.565007072709310387e-01 3.543861586940619812e-01 4.855188968149820039e-01 4.728566919044189798e-01 5.373038999099150059e-01 5.448789419717460225e-01 5.564355071972030276e-01 5.208349868827689688e-01 5.741400086545069836e-01 7.462619866434000437e-01 7.384767720068310393e-01 6.196276600107040178e-01 6.495491225976649519e-01 5.699119582824440089e-01 5.992947581133379886e-01 5.671289533759540369e-01 6.053458632478959656e-01 6.704132840313850039e-01 4.771486183605490039e-01 5.685376180448430405e-01 4.043402796534399934e-01 2.058486337193839999e-01 5.508290268691550251e-01 5.553164289457149794e-01 6.315408896826329999e-01 5.917229894995319484e-01 5.158959847694299938e-01 5.543077746025699692e-01 8.113318694573179446e-01 3.507312627985320064e-01 4.443486019368350082e-01 3.919880470940629857e-01 5.953924927453050353e-01 4.406030708637079796e-01 5.745974459010390056e-01 4.416204536918509893e-01 4.967068447220269745e-01 5.668533413149440259e-01 6.094352824239589461e-01 5.458589065333040447e-01 5.491133272967330115e-01 4.598085939928959753e-01 2.916683004441310012e-01 3.947155608019289885e-01 7.110230291336280262e-01 6.392998910329460438e-01 4.680139891247239725e-01 4.442055232852700208e-01 5.078397385636600481e-01 4.149444283136209943e-01 5.648609829004479499e-01 6.151918572897380200e-01 6.990202497365930467e-01 6.526765271716189476e-01 7.190147148386629716e-01 7.246920976429569450e-01 6.436054280707750319e-01 6.884373246506120259e-01 6.175631364820619584e-01
5.927412760526969970e-01 7.789955051558770105e-01 1.000000000000000000e+00 4.337959004517730199e-01 8.351219878214489745e-01 8.774263711790160070e-01 6.167032974869319784e-01 6.981451710188989468e-01 8.630482918648539892e-01 6.402998679198289578e-01 6.340934622125969922e-01 6.029929087682409650e-01 5.239362165407890348e-01 6.653553628495719741e-01 6.643723612391709832e-01 5.081860471205339458e-01 5.662272446549679872e-01 5.541450028859939980e-01 6.155478357512570442e-01 6.023977334933769967e-01 6.238076167821909879e-01 3.744578982908989828e-01 5.559978187803980010e-01 4.891797125050120210e-01 6.003408876323450549e-01 5.589075365000949480e-01 5.770646042304280465e-01 6.141879435296460077e-01 7.693136115723340218e-01 3.793751077354939882e-01 4.522003794169440205e-01 4.503957937646140275e-01 3.740280414316080049e-01 3.057575788379089943e-01 4.565496854957959982e-01 8.157968489788229860e-01 4.578398957835679850e-01 4.650347309876000090e-01 4.193755625529950182e-01 3.661405514252850102e-01 2.094825043991269953e-01 5.286115185737390032e-01 4.161608830309930229e-01 5.041526306606409769e-01 4.709020356432970233e-01 4.214759031074900020e-01 3.729094666884220088e-01 4.706032439407289991e-01 7.129694835959430321e-01 5.512636574715390481e-01 5.701511530806310235e-01 8.679785536747549601e-01 5.398411689386249934e-01 5.815140259275840551e-01 8.866555050775729585e-01 8.869810852883810437e-01 6.426069138334049580e-01 7.985332901491130064e-01 5.912963123889519723e-01 5.679672640494940472e-01 5.960060449108249836e-01 4.382936866376500040e-01 5.937303531756700226e-01 5.702534391889869658e-01 5.855041926565269783e-01 6.407667799757370553e-01 4.606542414073759861e-01 6.176725906618759643e-01 4.539257338891249938e-01 5.428044401533490548e-01 6.409721652571580552e-01 5.587932534202469936e-01 5.863123835939839656e-01 5.067412892410699810e-01 6.393156598705810323e-01 6.640535807287669678e-01 7.320303814565439771e-01 6.603987799344529508e-01 4.540201093287620226e-01 5.219428964663189729e-01 3.854159999037020112e-01 2.020856372023820124e-01 3.924403986220599827e-01 4.453892163764299750e-01 5.432539398023480404e-01 4.720170908742200022e-01 4.860734769800009736e-01 5.345844667351760116e-01 7.192682754970619596e-01 2.974454198410609873e-01 4.186680205403580102e-01 5.603062541986639777e-01 4.985144786516270132e-01 5.106632288134940190e-01 5.899291153899669515e-01 4.746546724198250078e-01 3.968459954085989949e-01 5.117045432995329657e-01 5.382891927311990177e-01 4.813767256557909824e-01 4.024219143378309771e-01 3.809667702879039886e-01 4.008155859013429745e-01 4.834150802086070176e-01 5.069498145560520364e-01 5.525317642822870079e-01 6.198230536308569905e-01 5.556078096785009857e-01 5.693469290110699799e-01 4.495563195611190221e-01 4.644040688589530230e-01 5.138636807521119731e-01 4.527168678178349892e-01 3.783366720429540142e-01 5.950016774268710451e-01 5.872717871098910303e-01 4.787493046125089746e-01 5.075701569732899987e-01 5.252080644452989944e-01
3.939994221576719746e-01 7.124567060510840211e-01 4.337959004517730199e-01 1.000000000000000000e+00 5.521688248260749887e-01 4.935725216261909742e-01 5.464603831963149583e-01 5.639038379033669557e-01 4.127394527341999853e-01 5.610345080708479815e-01 4.284338591547490194e-01 5.596850865972730071e-01 3.177390526259880055e-01 3.579816514209729905e-01 3.886564031209729930e-01 5.297668027620210385e-01 3.037383102026049997e-01 4.766341010349500196e-01 3.572051398898830055e-01 5.500864640100510128e-01 4.927896030425529816e-01 4.003898819471299886e-01 4.270999348321130040e-01 5.664392541744680543e-01 4.688153208327889843e-01 5.008815855335629896e-01 5.545031201913830365e-01 5.392273274158969620e-01 5.619553718883190108e-01 2.919727209559729864e-01 4.322779727381230175e-01 3.088629381393809825e-01 5.278631217752669524e-01 3.562684749347039825e-01 4.607981970410879868e-01 4.568133896976879771e-01 4.817980327948869768e-01 3.657619231017649741e-01 3.665411547918099866e-01 3.710390849074299835e-01 2.409422366403490001e-01 3.117537431423719751e-01 4.416147902286859939e-01 4.021413701727170054e-01 5.728506264183129693e-01 4.167765998991440068e-01 4.644405953038320267e-01 5.100929175638529989e-01 5.183084183866220052e-01 4.846530628378240002e-01 4.584874011946529770e-01 5.991996784806209453e-01 6.363194922000759979e-01 8.595525323559569664e-01 4.706587785204690011e-01 4.619564914497000241e-01 6.814404068477719623e-01 4.869132448456329754e-01 4.972914825034929764e-01 4.401980654727030151e-01 5.415427453755560228e-01 2.952178634586539729e-01 3.907263026346809998e-01 2.262991008492659939e-01 2.865920556436249989e-01 3.420060139815779832e-01 5.906475301009680434e-01 2.826663807651200178e-01 4.018297802365169979e-01 5.736284234434909646e-01 4.231559193518240058e-01 5.063361186607140407e-01 4.224209526571819917e-01 5.533291915362840152e-01 4.984361738797670194e-01 5.385404541311450410e-01 4.724390076347120271e-01 5.209075363440780482e-01 4.527419192519270275e-01 5.035617939220849992e-01 4.250651423771100168e-01 3.225665849113880101e-01 5.823461479468780011e-01 5.107326718398440546e-01 5.697835504021040443e-01 5.600543087389130426e-01 5.385769848479869948e-01 5.357273798514819996e-01 6.204224238339089981e-01 4.959709587860319790e-01 5.159724428827709986e-01 3.274659501282810026e-01 5.531287153416030167e-01 4.129505257933909768e-01 5.608981522324369973e-01 3.476737566003390012e-01 4.072817022849570257e-01 5.887244296242439834e-01 5.617334705739129852e-01 5.580113467461480514e-01 4.665940106476709759e-01 4.301288004518740160e-01 2.405634796918700025e-01 2.970424978106159797e-01 5.736359071645580343e-01 5.395023857679429602e-01 3.607322400600360135e-01 3.682848854735170097e-01 3.702275566737550094e-01 3.316736618620049759e-01 6.469155367906690435e-01 6.820866161184849785e-01 7.003327029797470349e-01 6.032223964722750464e-01 6.377547791209530192e-01 6.929196859120599905e-01 6.292449327760359923e-01 6.459883838553159841e-01 6.425974110105869830e-01
4.859168669944419761e-01 8.439204708588330384e-01 8.351219878214489745e-01 5.521688248260749887e-01 1.000000000000000000e+00 9.007537863658210409e-01 7.321425350907789786e-01 7.686579546414620268e-01 8.966113316632510211e-01 6.610687420427450167e-01 6.084744333691789464e-01 6.378562128318290281e-01 4.502416688172469761e-01 6.009712870917219840e-01 6.400027573156630289e-01 5.689840249143790496e-01 5.753291991800419947e-01 6.568917433727670119e-01 6.515887489659279996e-01 7.128956044082019883e-01 7.613673271669100240e-01 4.502126053350229973e-01 6.201737525626640490e-01 5.680103433709250416e-01 5.854335903156450138e-01 6.034346319598770103e-01 6.184782282845889823e-01 6.412529489551499484e-01 7.191542784194590032e-01 3.756443762267550057e-01 4.809056474990909824e-01 4.866944531882599900e-01 4.513374056875120166e-01 3.552912894334380178e-01 5.169570973754129550e-01 8.133318852041799829e-01 5.612676993861189789e-01 4.733204538877380241e-01 4.454317142725029988e-01 4.199098259482469953e-01 2.236456916312569987e-01 4.979497457744779809e-01 4.681993766239400112e-01 5.204307535224760306e-01 5.709542553347769500e-01 4.494274312188080156e-01 4.575545235022169810e-01 4.851589249200429776e-01 6.695127706965869896e-01 5.678258769466889566e-01 5.287791550395339879e-01 8.504808822563360016e-01 6.826262825213400554e-01 7.741691237741530340e-01 9.208539090707990038e-01 7.935296945577330341e-01 6.905131823866700325e-01 9.220488131879229776e-01 6.194297290921939592e-01 5.238140223669079942e-01 6.109747329376139513e-01 3.723455144598810107e-01 5.616678947620680207e-01 5.787524856692880526e-01 6.413945743480979900e-01 6.500214929476969550e-01 5.194677756553699455e-01 6.052992326097620390e-01 5.534378284551140226e-01 6.467897316943510555e-01 7.364901717431679984e-01 6.328602482675630414e-01 6.633063709712989642e-01 5.677466318745429952e-01 6.849733912003740377e-01 6.793387438883039531e-01 6.386430894115010526e-01 6.786168121220810256e-01 5.159848651128009500e-01 5.486150409445820220e-01 4.458541398809049983e-01 2.346344102234249884e-01 5.305773741077830508e-01 5.645085594974219578e-01 6.549486306299030502e-01 5.606920445695640076e-01 5.412879808002120097e-01 5.643214571223590381e-01 8.216388331873909490e-01 3.585788749436680245e-01 4.302142389246150223e-01 4.836754536311749786e-01 6.270889413704100468e-01 5.458283111617959760e-01 6.028670176585649854e-01 4.446173427272719914e-01 4.393363746223740152e-01 5.240788194978519554e-01 4.951532515185499972e-01 5.271966392547730029e-01 4.315840526415369860e-01 3.542467325400709965e-01 3.237654250601390005e-01 3.746231929945290084e-01 6.281879273339270320e-01 5.744993760237989688e-01 4.751986255105499768e-01 4.624896350243770105e-01 5.083922050843719953e-01 4.367121144609720229e-01 5.905497398500270112e-01 6.640725449999099750e-01 6.588017090407339849e-01 6.145020515190590116e-01 7.288410672265780432e-01 6.905915310025779741e-01 6.343929167429800398e-01 6.793045945301919852e-01 6.262339492257460449e-01
5.387731856417580234e-01 7.581840124013919935e-01 8.774263711790160070e-01 4.935725216261909742e-01 9.007537863658210409e-01 1.000000000000000000e+00 6.598076291112899838e-01 6.932197431814249855e-01 9.465858237239560546e-01 7.419621995763170386e-01 6.942048140816320378e-01 6.953303926141199964e-01 5.571048893379390021e-01 6.833840293946720212e-01 6.923788621230499984e-01 5.623180481858549573e-01 6.050071367489330276e-01 5.790752717703290253e-01 6.241951801653800036e-01 6.650431393612380448e-01 6.795594980614110270e-01 4.408753646722590180e-01 6.046417269718530330e-01 6.114491980807800209e-01 6.757134793272290274e-01 6.277749166810160375e-01 6.116433705850290448e-01 6.983686145857590510e-01 7.909653726237809712e-01 4.520718040744030053e-01 5.444128443433969844e-01 4.848861593934880032e-01 4.695073774997269855e-01 3.567823374559679905e-01 4.955428586472059860e-01 8.545412935720589909e-01 5.590586315855560207e-01 5.296748003143729733e-01 5.351038541128000370e-01 4.737235525819060156e-01 3.055433472601880029e-01 5.696802720755590466e-01 4.901341090275260215e-01 5.562576393202049996e-01 5.289650657714050075e-01 4.565253767127460116e-01 4.521314779090470082e-01 5.162070455217160347e-01 7.677030589617359624e-01 6.241732034966820386e-01 5.588833766647239853e-01 8.038103235111520029e-01 6.249609393440019867e-01 6.914233058596590542e-01 9.661763140043949649e-01 9.078706447052939943e-01 6.409896669531830460e-01 8.809885107961280548e-01 6.988609638996440276e-01 6.039677067063830007e-01 6.814934964760359648e-01 4.777679302710819975e-01 6.286745250154790465e-01 6.036624024635519614e-01 6.050734569047330202e-01 6.957323487014840380e-01 5.474356613878990085e-01 6.317196137307240500e-01 5.000461893497980537e-01 5.730174565863549452e-01 6.649182995866870227e-01 6.270110420645670368e-01 5.984902124332229789e-01 6.198329241559229486e-01 6.969159631643739861e-01 7.266485250392900053e-01 7.235444956876250222e-01 7.078200636002259794e-01 5.868839730913869568e-01 5.382839145774449552e-01 4.522208030791570188e-01 2.719249364302029903e-01 4.807133870308800128e-01 5.446219033540280474e-01 6.380040286982989750e-01 5.180972347458610017e-01 5.410240964009099818e-01 6.063267814161490410e-01 8.134808036729840319e-01 4.064792387927709805e-01 4.847320766695299987e-01 5.964525323022290548e-01 6.411074742638670498e-01 5.567934446992860442e-01 6.520489472353140359e-01 5.133348540800669602e-01 4.501928568569509848e-01 5.196810643224839543e-01 5.700182168144769523e-01 5.532477953242800339e-01 4.212777799403629730e-01 3.882882464623739760e-01 3.805151472451909767e-01 4.528354412330919954e-01 6.306374240477290449e-01 6.152195240734740223e-01 5.573255659153100172e-01 5.411092430536740272e-01 5.576649049433299865e-01 4.552240384257850159e-01 6.274134227481580339e-01 6.529291187928509821e-01 5.988687959536009853e-01 5.242030487173340303e-01 7.080727530390530378e-01 6.862455120308720291e-01 6.215557805765810073e-01 6.435256753006930452e-01 6.562531503400820254e-01
5.163633957464870416e-01 7.717975961284100350e-01 6.167032974869319784e-01 5.464603831963149583e-01 7.321425350907789786e-01 6.598076291112899838e-01 1.000000000000000000e+00 8.692922785181860235e-01 7.250230237833129587e-01 6.919830379858650238e-01 5.701397946578210529e-01 6.643448682217140133e-01 5.198844652804920363e-01 5.950329747216529519e-01 6.162851776190370057e-01 7.537481329189510415e-01 6.690854388141810327e-01 7.872981639158780354e-01 7.076581724543189456e-01 7.885135579535099692e-01 7.228323583940540198e-01 5.910853341207460421e-01 7.229351186767980497e-01 6.344362774617120504e-01 5.431472740423499701e-01 5.303513636300839496e-01 6.199269243982969968e-01 6.038866328063090538e-01 7.143648124814120370e-01 4.280890173652540098e-01 5.564576250878700003e-01 5.571520024705759466e-01 5.335081441416089643e-01 4.640111912032490182e-01 5.215183773670040157e-01 7.942374868996999737e-01 4.937701368090540166e-01 5.413344789793449463e-01 4.624982701869290169e-01 6.173432247685030072e-01 4.186859502307689884e-01 4.432613295520370089e-01 5.385330404311580166e-01 5.735107777200290080e-01 5.608989357175729884e-01 5.658257752309600042e-01 5.431809519399930508e-01 4.947480114567159859e-01 5.918056095415670237e-01 6.217589097876839999e-01 6.639439980385219986e-01 7.323782508852729745e-01 8.597275769967139825e-01 6.769767736988829832e-01 6.376970219334999745e-01 6.197802349755490159e-01 8.122079686163650170e-01 7.584593170763690440e-01 6.387837531784350542e-01 4.371773906202289783e-01 5.558296785188110434e-01 4.336388392178219808e-01 5.963727536332550372e-01 5.418255812246259850e-01 6.137984775584870434e-01 6.183960573185980358e-01 7.158348410922289462e-01 6.066301962785140001e-01 6.442171115995259933e-01 7.281901928407700231e-01 8.135040302696709968e-01 6.321066108504239667e-01 7.551308258396699502e-01 6.791610333675860423e-01 7.355818424703599590e-01 5.722036571137190109e-01 6.683618914480919937e-01 7.042673084043910015e-01 5.296598894742380326e-01 6.637441977270609472e-01 4.261709666841240196e-01 3.000689510476989841e-01 4.767460413953710230e-01 5.461212017458190182e-01 5.452009144123109996e-01 6.023983182345430398e-01 4.712378326415089802e-01 5.376883642627779958e-01 8.185461677748240295e-01 4.833837550326399723e-01 5.118908017785489539e-01 5.466593180104539762e-01 7.059322732604179640e-01 5.189053220354969964e-01 6.189840233518230095e-01 4.777480113232320247e-01 5.491749885166079537e-01 5.468254685872639964e-01 5.464579471005039935e-01 5.588426178091869811e-01 6.049104441892430017e-01 5.618912885794720147e-01 3.444571112269280144e-01 5.409472362433039860e-01 6.939099178712010429e-01 6.410154891743260475e-01 5.101328476409480173e-01 4.955239762011049987e-01 6.232881342465460550e-01 4.657014763158159876e-01 6.053658332502870332e-01 6.515236542410399734e-01 6.567480905556559723e-01 5.636572148927090353e-01 7.309538055166470150e-01 6.668669367482049637e-01 6.942044705103570523e-01 6.897542039206330244e-01 6.331345569490649527e-01
4.753022710458060240e-01 8.406785541245109794e-01 6.981451710188989468e-01 5.639038379033669557e-01 7.686579546414620268e-01 6.932197431814249855e-01 8.692922785181860235e-01 1.000000000000000000e+00 7.740254520701029817e-01 6.120917771451620526e-01 4.764691892490119929e-01 5.190441432120349585e-01 3.455799514589080190e-01 4.767177595599200179e-01 5.191187858025190227e-01 6.141131852458530105e-01 4.855532098677700081e-01 6.928254312303480100e-01 5.522624417342070213e-01 7.134999801338900438e-01 6.476441564007020535e-01 4.308941610772539788e-01 5.465756975615120306e-01 5.013882891889209770e-01 4.642527302192019922e-01 4.743179739563719854e-01 5.311077484162259887e-01 5.095737551829370160e-01 6.762126567389940002e-01 2.893620067451869726e-01 4.557861558115759992e-01 4.341553417456510133e-01 4.042942120851120147e-01 3.049188500483540065e-01 4.138808088242900141e-01 7.683774547747830308e-01 4.294326504997160177e-01 4.141926618645310199e-01 3.418095243354439816e-01 5.078697011549909712e-01 2.453146442016229944e-01 3.793014122679340128e-01 4.115893850433869905e-01 4.811848479115580224e-01 4.811936792440930089e-01 4.598052865349300244e-01 4.164887116730789929e-01 4.146094061524719931e-01 5.872441050164980414e-01 5.407955696040780413e-01 6.055330153139459881e-01 8.154667518063889453e-01 7.658668494043729957e-01 6.681618882244959590e-01 6.805065873665749887e-01 6.694407784966009967e-01 9.017375717952830216e-01 7.996680835430930445e-01 5.840116617715359615e-01 3.222047468032550044e-01 4.646221615206480027e-01 2.632428900191580157e-01 4.438698238649940175e-01 3.518292477570549859e-01 4.729677375159799801e-01 4.674018244135320077e-01 6.361875522843399855e-01 4.264710015011510258e-01 5.413424562583849520e-01 6.686936603583040206e-01 7.165775673808240098e-01 5.468280545510409985e-01 6.209282872785659713e-01 6.750905705720450234e-01 6.620429905339210164e-01 5.311443630279369943e-01 6.004539531373089822e-01 6.145678918910429944e-01 4.395255038068889841e-01 5.996651004014430519e-01 3.844866238899199984e-01 1.760346326583359933e-01 4.067634539603789956e-01 4.410879680806730208e-01 4.901485229180679859e-01 4.891829500314009982e-01 4.502998067330969967e-01 5.152693321076819988e-01 7.787295195905059586e-01 3.433726848676110222e-01 4.056293812894680162e-01 4.597176083097779808e-01 5.874036488645529852e-01 4.105330399370100136e-01 5.226352851095350527e-01 4.150617696236330034e-01 4.395079412067159907e-01 4.934349902926870035e-01 5.602131681934019447e-01 5.227228109021779812e-01 5.443412237406149989e-01 5.098240607686630455e-01 2.947165525162619981e-01 4.603624258053610196e-01 6.476977178636530441e-01 6.138460803043269687e-01 4.394213263589690222e-01 4.501359530424299815e-01 5.343931962288129833e-01 3.759072604483990054e-01 5.267454132125319877e-01 5.685186764321960018e-01 5.831378133089349936e-01 4.944411822319170202e-01 6.376808185809690332e-01 5.944252813194279561e-01 6.000152756971010026e-01 5.895242960484130545e-01 5.209832319452469829e-01
5.153217649358530217e-01 7.560746171636569812e-01 8.630482918648539892e-01 4.127394527341999853e-01 8.966113316632510211e-01 9.465858237239560546e-01 7.250230237833129587e-01 7.740254520701029817e-01 1.000000000000000000e+00 7.035941870738450232e-01 6.524196298588910148e-01 6.498568790553520547e-01 5.157321482248999889e-01 6.717419360036559484e-01 6.764781380161709601e-01 5.367298361430850040e-01 6.207761338224889736e-01 5.886285386507690287e-01 6.525366554681309994e-01 6.609892978972470301e-01 6.928607364305370275e-01 4.105024075117569837e-01 5.962010615960909865e-01 5.644408668289280229e-01 6.513380843954329480e-01 5.850330235939440460e-01 5.851725047088349729e-01 6.491479940475359811e-01 7.640322847497930114e-01 4.201188983811879885e-01 5.242183354425280495e-01 4.952216114041150252e-01 4.109229718851449831e-01 2.940089866215189751e-01 4.563644869072440158e-01 8.930827681959949693e-01 5.196309759133860284e-01 5.258392150157740197e-01 4.969921748427990060e-01 4.780272155682709911e-01 2.694562843144799880e-01 5.622788899755020164e-01 4.470169672549880180e-01 5.754023267922879770e-01 5.075123756247380546e-01 5.000177883117029598e-01 4.443986683476869870e-01 4.583946545165090147e-01 7.080989380833130342e-01 6.118138113945500445e-01 5.523817412775799962e-01 7.986274846431770102e-01 6.318865347169370095e-01 6.384885691989049539e-01 9.329159335332639635e-01 8.772483689882409896e-01 6.705131137139469510e-01 9.161943786126289790e-01 6.883090988988289638e-01 5.726690507477120162e-01 6.470701303540300486e-01 4.203031647236050161e-01 5.949782881008880420e-01 5.977009081506750032e-01 6.411309705229619738e-01 6.785607206194900209e-01 5.450576693656049576e-01 6.402030754067620233e-01 5.072215981897819637e-01 5.714043516843210213e-01 7.197162408766070163e-01 6.211907009290940085e-01 6.413354654584889625e-01 6.193955334333219875e-01 7.221703545934009538e-01 7.040557607794429851e-01 7.241410839647079989e-01 6.909893665197089918e-01 5.333769283402790551e-01 5.708061012794870548e-01 3.955311553373129785e-01 2.009629595318629947e-01 4.448034276341100157e-01 5.111797504584130181e-01 6.036102422502590548e-01 4.896710188395360097e-01 4.935900851571750070e-01 5.828402507992950232e-01 8.030001929347889700e-01 3.481760950548309919e-01 4.349511664776120057e-01 5.810475587594750024e-01 6.335351103036710452e-01 5.329806711022999632e-01 6.032079668407720474e-01 5.227571664295169729e-01 4.877773142644040161e-01 4.863264556125250215e-01 5.269457063298139676e-01 5.275915137169809865e-01 4.250976401851460085e-01 3.828277274321980062e-01 3.936032758531500253e-01 4.848755251069569727e-01 6.280812225280739680e-01 6.212914468733230500e-01 5.261276200884860144e-01 5.224598128755719717e-01 5.872889025695620102e-01 4.483332471965449928e-01 5.656862872349089910e-01 5.976299629208979836e-01 5.553274723591520301e-01 4.804460763683580105e-01 6.582893669265820202e-01 6.219354935788320438e-01 5.765672891332019878e-01 5.879247324246390516e-01 5.681999954273639908e-01
5.402141362781750500e-01 6.055645467455009756e-01 6.402998679198289578e-01 5.610345080708479815e-01 6.610687420427450167e-01 7.419621995763170386e-01 6.919830379858650238e-01 6.120917771451620526e-01 7.035941870738450232e-01 1.000000000000000000e+00 7.549808736287350053e-01 8.687651153455620001e-01 7.271827798667419573e-01 6.980418221149480296e-01 6.576453328485359906e-01 6.752511340702710418e-01 6.905391073592630491e-01 5.982350912086199513e-01 6.401747893182689886e-01 6.514161921765969643e-01 6.634343669667369658e-01 5.579136523572120199e-01 6.296119159967930035e-01 7.733737651540639746e-01 7.921879302649690313e-01 7.099524323752950394e-01 6.416213103440839838e-01 7.882680116891570554e-01 7.755000569540829725e-01 5.119232852185570115e-01 5.691197241332209833e-01 6.371153849421280491e-01 6.370968434600620123e-01 4.817800096055839809e-01 5.323222580540230009e-01 7.475346246555010232e-01 5.596782547556210519e-01 6.637165355742560280e-01 7.008963999342290307e-01 7.184624390994039933e-01 5.011594059128690049e-01 5.881282231466939958e-01 6.381456053026050013e-01 6.354653761783469745e-01 5.525407584718079468e-01 4.811600400864060045e-01 5.381636238835649788e-01 5.303385103671259815e-01 6.994099652229690545e-01 6.781476088607439889e-01 6.428079828194159795e-01 6.284646635094399691e-01 6.697018510829120252e-01 6.325640299895469720e-01 7.114850156641170376e-01 6.937695279863019815e-01 5.933024692362890429e-01 6.424919810511989793e-01 9.208201256207240171e-01 6.043083221625580315e-01 7.664706119324310452e-01 6.391178964906919502e-01 7.420972519144749535e-01 5.757975706457360010e-01 4.925076333321650179e-01 6.584401646740669634e-01 6.997742329321879895e-01 6.490462512047210364e-01 4.570803735184150174e-01 5.441015199895740118e-01 6.166170640896060373e-01 6.374792089762719716e-01 5.590403132122130359e-01 7.926350434327940064e-01 8.049180461774370077e-01 7.661912103489599835e-01 7.212943237000569718e-01 7.631311637183469943e-01 5.419297476415609882e-01 6.196234058495210251e-01 4.973685807073779941e-01 4.127246079831500269e-01 5.335992660868960069e-01 5.581790419825299887e-01 6.429502174605810083e-01 5.929771987690319879e-01 5.752856512451599569e-01 6.728540694227379548e-01 7.533932921835899688e-01 5.673174148978820108e-01 6.101243333160319970e-01 7.109254252358689907e-01 7.844531899112330287e-01 5.895838502652369639e-01 7.268363401278009617e-01 5.990595919066720176e-01 5.019805410330380191e-01 5.456197536209810295e-01 6.042277990864289849e-01 6.159978112308930331e-01 4.641130192657270115e-01 4.728300137197070097e-01 4.037391282068890086e-01 5.342244129045039536e-01 5.901965726897120401e-01 6.648857419094650334e-01 6.301003262821579520e-01 5.833928796475179590e-01 6.336184408130459689e-01 4.582094579810729873e-01 7.314853705061999944e-01 7.205664624774940075e-01 6.009865659089249634e-01 4.703627391136990243e-01 7.240742845944400097e-01 6.974979916207210140e-01 6.930121170972090017e-01 6.640262567756940459e-01 7.177478238061809623e-01
5.717406767841950455e-01 5.497280073352379670e-01 6.340934622125969922e-01 4.284338591547490194e-01 6.084744333691789464e-01 6.942048140816320378e-01 5.701397946578210529e-01 4.764691892490119929e-01 6.524196298588910148e-01 7.549808736287350053e-01 1.000000000000000000e+00 7.217555281085770158e-01 7.257037756337439971e-01 8.406164298229760190e-01 7.309150573813989471e-01 6.237664596382680449e-01 7.521200069486460027e-01 5.236999265190069863e-01 6.659867227292719516e-01 5.446986220207670204e-01 5.409693114549749549e-01 5.048549342804780071e-01 6.413364012415579962e-01 5.592454250901900403e-01 7.707509638772910288e-01 6.341681386259999664e-01 5.237790820116200452e-01 7.022916063203069603e-01 7.110223791019170125e-01 5.110754115340090387e-01 5.057267800814809755e-01 5.530860211093600043e-01 3.989371242859269806e-01 4.063501793926960204e-01 4.392593281775790115e-01 6.955782053011370092e-01 4.978569688293230100e-01 6.082594070622669991e-01 5.178565224463269612e-01 4.533222314783840190e-01 4.267212916228509956e-01 5.094982717856110233e-01 4.746951550578950019e-01 6.011076245867940093e-01 3.869767688049339793e-01 3.877560922599799786e-01 4.170658119147250265e-01 4.315858314266540208e-01 5.787459018102799613e-01 6.103540086478209670e-01 5.621321704653929885e-01 5.892683503993969563e-01 4.770726960295900154e-01 4.714086998227670078e-01 6.932682501193559998e-01 6.925019837398910250e-01 4.373798265222629822e-01 5.332522264951460311e-01 7.579851514871429607e-01 7.106704767269840239e-01 6.708511100519169990e-01 6.004278574826450443e-01 7.047056744555020291e-01 6.976548815801120185e-01 6.038836407147819552e-01 7.611577761545710308e-01 5.117738163840559462e-01 7.325540340869030054e-01 4.399463205298699831e-01 4.110138152899480146e-01 5.243151696953379792e-01 5.210074759307530279e-01 5.417468533388940521e-01 5.687578508351760487e-01 6.440274215495139787e-01 7.107306697104720516e-01 7.101525926601439664e-01 6.899414132473400407e-01 4.014367154790259851e-01 5.988798228525189504e-01 4.545140159523919920e-01 4.261296602728960048e-01 3.104036181309359765e-01 4.905665136948100247e-01 5.724758293363479966e-01 4.863057452317400275e-01 4.613410437004130116e-01 5.971598890037109753e-01 5.864676478001129567e-01 5.269990761567829862e-01 4.380604820296710167e-01 6.322209677809940143e-01 5.139104953455749802e-01 5.484071003381230103e-01 5.886497968722910201e-01 5.827024860885560154e-01 4.406799824310220215e-01 5.248011524144360340e-01 5.134321232095809817e-01 5.099380638875320448e-01 3.825016095558400053e-01 4.147038573175539922e-01 4.274187477912109734e-01 4.891356313625530028e-01 4.256090979342759817e-01 4.929473449470599955e-01 6.916660119026319942e-01 7.036042833540719910e-01 6.238314000630159617e-01 6.353398699792740523e-01 5.755403506886099807e-01 5.396391309644780199e-01 4.239392177182990107e-01 2.829929778732769852e-01 6.146343319345890510e-01 5.646835285523390535e-01 5.149350422769699565e-01 5.482386196465760531e-01 6.026011380763129921e-01
4.956187090837799736e-01 6.174213323045389945e-01 6.029929087682409650e-01 5.596850865972730071e-01 6.378562128318290281e-01 6.953303926141199964e-01 6.643448682217140133e-01 5.190441432120349585e-01 6.498568790553520547e-01 8.687651153455620001e-01 7.217555281085770158e-01 1.000000000000000000e+00 7.624876069206969476e-01 7.246064345991719557e-01 7.436944040012379853e-01 6.847520874436370253e-01 7.119695935540329979e-01 6.201897595072860536e-01 7.132019496735350073e-01 6.504006188833130198e-01 7.456669102149150463e-01 6.184728019694879508e-01 6.933832246906730390e-01 8.011017388510089932e-01 7.133653987904660099e-01 7.195345406059889815e-01 6.930300845994720182e-01 7.718944189545430268e-01 7.772803544235059592e-01 5.586979288773270547e-01 6.560895136247260062e-01 5.685439342544790220e-01 7.065649918436790466e-01 5.058296809479140288e-01 6.361300286549540495e-01 7.111734833907750186e-01 5.482693022236939662e-01 5.573945766773790167e-01 6.277530938288790052e-01 6.071389241492419764e-01 4.709105070913119917e-01 5.728635137119469922e-01 7.176246157593150210e-01 6.476554318250939968e-01 6.698730746866840002e-01 5.343330644416579567e-01 5.986113176812229986e-01 5.358276673560420367e-01 6.493445021620130042e-01 6.098757647450200325e-01 5.715302622091970042e-01 6.106620493575469766e-01 7.010884081066209861e-01 6.934255292067169618e-01 6.714280533772639670e-01 6.731035211669299523e-01 5.349694640592720374e-01 6.460477553907579829e-01 7.784518370487599759e-01 6.600744695204170398e-01 8.247155168879659604e-01 7.069921370578570174e-01 7.744143575228770171e-01 6.848125817528689652e-01 6.414602722525549749e-01 7.491768276523500525e-01 6.369445292516510149e-01 7.446739985873489509e-01 4.570849817498600087e-01 5.899930252023289912e-01 6.562811328063999916e-01 6.867243687095350158e-01 6.108588167477519981e-01 6.495741389557619927e-01 7.868889115184060090e-01 7.323809991328440461e-01 7.069807858515120280e-01 7.819249637464109615e-01 6.106236981413729614e-01 5.553686062297390480e-01 4.503653335714559725e-01 4.181685695818420090e-01 6.444161769802509987e-01 6.156981821294149615e-01 6.685798724681270011e-01 6.254275761781750154e-01 5.105621244098129674e-01 6.208250436399540551e-01 7.396133164662740400e-01 5.362050865153870083e-01 6.142119143135750248e-01 6.097270325713559647e-01 7.460393108953470298e-01 5.976161367866109630e-01 7.495495466520439853e-01 5.913094815101379575e-01 5.504326825946590507e-01 5.207327629752039888e-01 5.106974221514080092e-01 5.418136771622890091e-01 5.123047616915510361e-01 4.491881494415410070e-01 3.672767207713389936e-01 5.119479770387019846e-01 6.567899273884030276e-01 6.622983458595990136e-01 5.511493530661919493e-01 4.947036391888139928e-01 5.684363622636799951e-01 4.414324742468430096e-01 6.552449526172170469e-01 6.875473169821310071e-01 6.634600734415050383e-01 6.223016725515899683e-01 7.278665558360789545e-01 7.516032216058750048e-01 7.128973351141649761e-01 7.327905975690619522e-01 7.299412390485060520e-01
5.213860601451449917e-01 3.936874342266469817e-01 5.239362165407890348e-01 3.177390526259880055e-01 4.502416688172469761e-01 5.571048893379390021e-01 5.198844652804920363e-01 3.455799514589080190e-01 5.157321482248999889e-01 7.271827798667419573e-01 7.257037756337439971e-01 7.624876069206969476e-01 1.000000000000000000e+00 7.423007824029580481e-01 7.416003752610149657e-01 5.762407851212070220e-01 7.959957693445049998e-01 5.093427392459419778e-01 6.037982258372980304e-01 4.767003980311210198e-01 5.245023756831149742e-01 5.201739479195890414e-01 6.294837400924270243e-01 5.617845150747740046e-01 6.484515326848669936e-01 5.522830593261269794e-01 4.318666652513090121e-01 6.091878666776660012e-01 6.541859784198370553e-01 5.942671436913200544e-01 5.856325921300320481e-01 5.039400801963990206e-01 4.734707918054020248e-01 4.272178840682059886e-01 4.529285883947160030e-01 6.126452990608399762e-01 4.229512619999539758e-01 5.389809298687250338e-01 5.636661116469150468e-01 5.445922912178019493e-01 4.404279960897540258e-01 5.841344646084849490e-01 5.422032045640220455e-01 6.186582432530950415e-01 3.967260757701949747e-01 3.842138273908269896e-01 4.595172963874860073e-01 3.409655428950399969e-01 5.396999667698040293e-01 5.274804360122899993e-01 5.168071807145200314e-01 4.681312331346900169e-01 4.709198732383350072e-01 3.708238560439139908e-01 5.483050250555759897e-01 6.086809334918079628e-01 3.508059853033099751e-01 4.453015855721980110e-01 7.250442552613769465e-01 6.657220158506169660e-01 7.297596245839099716e-01 9.133762937222470457e-01 7.952315606748739940e-01 6.359920249703799877e-01 5.473405588736730554e-01 6.987818508157109809e-01 4.327089452055219998e-01 7.317512318337080490e-01 3.724253588221629885e-01 4.435748262136550157e-01 5.177327596784270236e-01 5.426742971107559876e-01 5.421874077822520510e-01 4.594757453106779743e-01 6.282255277284920503e-01 6.494069087475360380e-01 6.466450014960070103e-01 7.035524550896149476e-01 5.109157779506040553e-01 4.615001003036000027e-01 3.257431323959339986e-01 3.885225724559229765e-01 3.477684842496879813e-01 4.553195296690200067e-01 4.363195098972619812e-01 5.018168125572799454e-01 4.266580264962530067e-01 4.966473080113459893e-01 5.411366114412230477e-01 4.402020182968660045e-01 4.956612782100239811e-01 6.351222094900279558e-01 4.991597423353379970e-01 5.416369445463850019e-01 6.052284206214080253e-01 6.017806857564530487e-01 3.955876406571400272e-01 3.582662593343259871e-01 4.205395196026159854e-01 4.358957906706900087e-01 4.083474252934810034e-01 3.787497521840400005e-01 4.078460097583250232e-01 5.670355608214620036e-01 3.519023715503989957e-01 4.406686310838319742e-01 5.863988751605220262e-01 5.330629573763849827e-01 4.905418809191289808e-01 4.374633725507490190e-01 4.725387108112260037e-01 4.293880407428519730e-01 3.543022920115520003e-01 2.623463874129070006e-01 4.808131908315810277e-01 4.713738686230989905e-01 4.421698945228489941e-01 4.458509772502199930e-01 4.996807620146470064e-01
