1.000000000000000000e+00 2.554090197476640012e-01 3.705863205611180100e-01 1.110496029048790023e-01 8.146321664902149429e-02 4.665335256314019907e-01 2.698990945184610024e-01 1.965341692148220021e-01 3.419247578814400002e-01 2.181332685980049979e-01 2.564316461164239946e-01 2.129933469837310134e-01 2.705769625939539735e-01 2.715262870113619997e-01 2.050697066120210077e-01 2.835471171632190091e-01 1.833839078886130014e-01 3.223452592767199754e-01 2.961913339920709820e-01 4.360138897165449778e-01 2.322325455161519947e-01 3.451195196094499762e-01 4.132871365560479848e-01 2.636702000589999928e-01 2.789313168813259969e-01 2.929213915520739731e-01 2.808499179635520204e-01 3.234820940844529980e-01 3.284482545371120166e-01 3.234349218836259920e-01 1.064488542610529942e-01 5.979739883785399890e-01 4.580810301959700181e-01 3.517320378581469953e-01 3.854447410338899815e-01 3.285502191342130063e-01 4.595216445615660228e-01 4.093954168765500112e-01 2.159172709215680108e-01 3.418365062436630186e-01 5.038037579339560423e-01 3.762269976234779989e-01 2.127453660753020059e-01 2.758435019640370078e-01 2.204518323275309888e-01 3.380872954936829933e-01 3.191213226589860175e-01 5.497541938526849803e-01 5.093050417833080434e-01 3.425742967894629953e-01 5.661100704818929907e-01 3.248294075611389831e-01 2.070002489987810002e-01 3.979152351242239843e-02 2.573161805911109989e-01 3.772668894696910025e-01 1.056912888835259967e-01 7.399471884629189866e-02 3.947239301666339850e-01 3.647248987150559785e-01 1.829059615747239964e-01 2.079890380953909879e-01 3.146509666744299882e-01 2.754364594845399861e-01 1.904011741507289912e-01 2.587377039528260259e-01 4.738374872822679884e-01 2.784739418107399778e-01 3.001178370766259818e-01 2.734241111465020024e-01 3.181220838520760208e-01 3.295638696319029837e-01 4.350616628056809820e-01 4.194382561424759848e-01 2.133219614495689975e-01 1.695239634034390042e-01 2.700708007938830146e-01 2.561343212378029977e-01 2.876141017146430223e-01 4.000818149909530219e-01 2.377827443020580078e-01 4.198978055773620044e-01 1.695971777818859882e-01 3.566547845522800020e-01 2.245589893135220005e-01 3.719047791988749907e-01 4.707048184613050190e-01 3.595378761761209851e-01 3.870115509488399885e-01 5.038201961150610142e-01 3.713956523860050263e-01 3.743688839977499794e-01 2.746837415820549966e-01 3.879835353209309945e-01 1.907674325676569915e-01 2.995740290767759939e-01 3.541210084956760151e-01 5.012752784901419734e-01 6.314349205919650432e-01 3.758804849180449881e-01 4.958594121815990130e-01 3.109333985640639897e-01 8.113810534896730153e-02 1.945780119344779902e-01 9.798714364544139355e-02 1.357734666453460082e-01 2.053859544083549982e-01 1.739991126651860009e-01 3.419213576471650251e-01 1.501954896478709944e-01 3.025692641834260010e-01 3.037094347068289846e-01 2.647202425184269972e-02 -4.602596898330219705e-02 4.566945260973859777e-01 4.274253884835210182e-01 3.227353755198770213e-01 2.848099551632339854e-01 4.062780309739760232e-01
2.554090197476640012e-01 1.000000000000000000e+00 8.100277133336489799e-01 7.866078214908399646e-01 7.298484680720369600e-01 6.791594191306400408e-01 6.676059967625119773e-01 8.438398816142770320e-01 8.142336633197190254e-01 5.995544088449340503e-01 3.701129423861669876e-01 5.445791034204809922e-01 6.278410641877200105e-01 6.646924451653739574e-01 5.611000373764090110e-01 8.886171336860559933e-01 5.378269539189379778e-01 8.117302361801520538e-01 5.387691941928579586e-01 7.510955106621429733e-01 7.002264892429530541e-01 5.979459722903379681e-01 7.005650879777040041e-01 5.009511858242370330e-01 3.947382353806609956e-01 4.254464546361629851e-01 7.807709868880650106e-01 6.445169109792390216e-01 7.173637001331889529e-01 5.806257642303610522e-01 4.955231534024649998e-01 3.432411165235930151e-01 4.134125124754510217e-01 3.133831557566629789e-01 3.734909997993000053e-01 7.233766947194549823e-01 4.146421832749360159e-01 3.848796836526029996e-01 6.266772053141730359e-01 3.961247364435520057e-01 1.563622352259569914e-01 5.070221881946640474e-01 6.171763994030630140e-01 4.747219405856680230e-01 7.340901003914189760e-01 6.602374814853000373e-01 4.878833770708170259e-01 4.798949736747640249e-01 1.677919078974129952e-01 3.824956332345689769e-01 3.462795122801889947e-01 9.035671249957659690e-01 8.359577584193530475e-01 5.443608839380970066e-01 7.806024318470270451e-01 7.239679382498239724e-01 7.495508351251459755e-01 7.148516754408139606e-01 6.232012622393700019e-01 4.423852328437100079e-01 5.751831448591729901e-01 6.341107613994440007e-01 7.414538956094469668e-01 6.728596693395000328e-01 6.270821101023950073e-01 6.512964772672470426e-01 4.845446212372480077e-01 6.220322230331070124e-01 3.593068354845669887e-01 7.981768475083970138e-01 7.888120996671510454e-01 7.335097289516470109e-01 6.627276859900940176e-01 6.502442165836890275e-01 4.567738718695339983e-01 4.627594977388400088e-01 6.380122916323289761e-01 6.592826534347669964e-01 2.643892610111350239e-01 6.696882496602990509e-01 5.486847243055970047e-01 1.769847931985150113e-01 6.102094153632680040e-01 3.961098209892359723e-01 7.504443370612210451e-01 4.020388350812060252e-01 3.735169891414499843e-01 5.197332928868290125e-01 7.495790201664009889e-01 2.050985080914979886e-01 4.011662173122009789e-01 5.046631012949639450e-01 5.212711290343540194e-01 3.602674397885969881e-01 4.770244626263859811e-01 4.286215011963410149e-01 5.671541144066970519e-01 5.662939981941009782e-01 9.675535706822629978e-02 2.306583469407439968e-01 3.937678714653020107e-01 2.724574843103900190e-01 2.685819729865520089e-01 4.620259005679300257e-01 5.681666287177870034e-01 5.361260610581880526e-01 4.762654218005379914e-01 4.957766382051460030e-01 3.615584200516059887e-01 4.164870905692319991e-01 4.187796228164399892e-01 3.239120255997610109e-01 5.384370178199370249e-01 6.433699116288360553e-01 7.016334967865679451e-01 7.107141482657109988e-01 7.650469789413749666e-01 7.311063262427359710e-01 4.962711586096340000e-01
3.705863205611180100e-01 8.100277133336489799e-01 1.000000000000000000e+00 5.500443967015149482e-01 5.677261382144539459e-01 8.359055655243909921e-01 6.252398329794069953e-01 7.017724855497610159e-01 8.618578341220279881e-01 6.302291424149719656e-01 4.327090762915509758e-01 6.350640269801529625e-01 6.019527944469950098e-01 5.962984301812369603e-01 5.160390669042049794e-01 7.041561122025640218e-01 5.535189325045090092e-01 6.188257033532460483e-01 4.225497219277479788e-01 6.990730370576500041e-01 6.854252733398820130e-01 5.977202682852099658e-01 7.167269051415320336e-01 6.061131423983999733e-01 5.319126397961150277e-01 5.314674751487079574e-01 7.225514732380110550e-01 7.267432122334539502e-01 7.675798963362709948e-01 6.627569030169030428e-01 3.251773021460669932e-01 3.739306187415499805e-01 3.514835209651139825e-01 1.828141772160150058e-01 4.003481631529000051e-01 6.780254749810530335e-01 3.644040584516790027e-01 3.545474067127339923e-01 5.428752309108270113e-01 3.597888282620890221e-01 1.359703364868510012e-01 5.419073703007180054e-01 5.383082740579819836e-01 3.872973046588489843e-01 5.551764008809260131e-01 5.752032130541400168e-01 3.758722476228549825e-01 4.830462034162250062e-01 1.574307694343760056e-01 2.698558908605300233e-01 2.599432561644899886e-01 8.819098992267220272e-01 6.177958364782369927e-01 3.215487157540820040e-01 8.193447917800109614e-01 8.854002511093790329e-01 5.158982261740550079e-01 6.212102274805539892e-01 7.005774967370329565e-01 5.396571368416549497e-01 6.013793362551800303e-01 5.657979402752769671e-01 7.046698389057080014e-01 6.308573731749089752e-01 6.220281348398419841e-01 5.703805861164440438e-01 4.639499097559339758e-01 6.172115269916419455e-01 3.967353328095160059e-01 5.633916460058430165e-01 6.933652787232359449e-01 7.147834505500919589e-01 6.699070951742029933e-01 6.445948854720210397e-01 6.297441541992969682e-01 5.954285824216239975e-01 7.117359911199979683e-01 7.128419182595330250e-01 1.814526033533540028e-01 5.615780474072650241e-01 6.385038059134160449e-01 1.258542920436420132e-01 4.217856349378830139e-01 4.211798624377359745e-01 7.174475316197279628e-01 3.284103906170490195e-01 3.695680691546199825e-01 5.967082297494750165e-01 7.424898892049659471e-01 2.115934617033889964e-01 2.881580902764450114e-01 5.601318052912720447e-01 3.939127843945480212e-01 4.045739547457899987e-01 4.850642525997400090e-01 3.478406296912699980e-01 4.891432465234579752e-01 5.755773803191660543e-01 1.718209171128670110e-01 1.688779913407809918e-01 3.882601013795710099e-01 1.812506859865400111e-01 2.443939285082890045e-01 4.011929204384540038e-01 4.330958650437810031e-01 4.270175320333020053e-01 5.242075291969430229e-01 4.928320268799379900e-01 4.219813484426029881e-01 3.565411343825040102e-01 4.422199424177010174e-01 4.004832673056940018e-01 3.353673951496500272e-01 3.788927011638589804e-01 6.788764224340709807e-01 6.751843614713940456e-01 6.877817681232210045e-01 6.662080875160739657e-01 5.442962421029300391e-01
1.110496029048790023e-01 7.866078214908399646e-01 5.500443967015149482e-01 1.000000000000000000e+00 8.287050735772829579e-01 5.211926741388830386e-01 5.231253862298780311e-01 8.277447684081860046e-01 7.224766267494669991e-01 4.800296461045819862e-01 2.925544810158829945e-01 4.233889505050780211e-01 5.467743992345660553e-01 6.405717008972779958e-01 5.629254557252559854e-01 7.758623638910639997e-01 3.989015672908460264e-01 6.966392671674119796e-01 4.093024421032189775e-01 6.370473061186490149e-01 5.908102400392060138e-01 5.263001965570019980e-01 5.911964978821659944e-01 4.230686633426509746e-01 2.937474860857610115e-01 3.322862898326700010e-01 7.288619149044219814e-01 5.331252247195149563e-01 6.230905841809980528e-01 4.801471803055930021e-01 4.390691707930269860e-01 2.634180774781509915e-01 3.433865032113569971e-01 1.498070977412709892e-01 2.389204097149059958e-01 6.417939110095519650e-01 3.671883659869489835e-01 3.169128694498070109e-01 6.447135370442900193e-01 3.103456019047680092e-01 3.095868296180200041e-02 4.265878620261229770e-01 5.579240477012560318e-01 4.378854780620379805e-01 7.488537879035409572e-01 6.203362323938920175e-01 3.666061421991529956e-01 3.135844284101960144e-01 9.599403530690979458e-02 3.585746902106479728e-01 3.862329826921729881e-01 7.051543827141060206e-01 8.498721287199270114e-01 7.844959391932420090e-01 7.432951249998710486e-01 5.810379822678269912e-01 8.662670465794100050e-01 8.142473092133329926e-01 4.562548987167689973e-01 3.270676845693529788e-01 4.231403310985190069e-01 5.645692926148470070e-01 6.716096873751989937e-01 6.790459638064010317e-01 6.423204885381229579e-01 6.921214449208860087e-01 3.663307019426609856e-01 5.352619788653260047e-01 1.697763572107310048e-01 6.818641485487459963e-01 7.424001305782740312e-01 5.625951763399329453e-01 5.405464828869179783e-01 6.429194334152199541e-01 3.317602827163059764e-01 3.692155433813860133e-01 4.863606681132859877e-01 5.542767791667290167e-01 2.725938645368169988e-01 4.661039985125660090e-01 4.895841551345300191e-01 7.010690933821529802e-02 5.372024090047360367e-01 2.337341879460780036e-01 6.636773571307670316e-01 2.756776287133990144e-01 2.861160265192059793e-01 3.972381066542879924e-01 5.932242557267429772e-01 1.218317788618040048e-01 3.480406190359109919e-01 2.741072180933930014e-01 5.823257871084780435e-01 3.152555549329040252e-01 3.908134717376219869e-01 4.355694774130139946e-01 5.248957713663140456e-01 4.359625385892719751e-01 -1.598293374027260141e-02 2.242416526664089971e-01 3.221380350427550110e-01 4.064138893010070253e-01 2.738248439729389916e-01 2.659681312846189916e-01 6.757207167217450516e-01 5.514193391693960056e-01 3.935178208208769957e-01 4.295609874787379989e-01 1.691649578809039933e-01 3.525033458889669791e-01 4.619168262102740230e-01 3.859411836816309949e-01 6.654799989322639497e-01 7.610615392419020075e-01 6.566298535802189695e-01 6.898244100589979722e-01 7.113533377235999877e-01 7.557365165695180131e-01 5.208539298475119983e-01
8.146321664902149429e-02 7.298484680720369600e-01 5.677261382144539459e-01 8.287050735772829579e-01 1.000000000000000000e+00 5.835469736034499810e-01 5.784257810187110049e-01 6.770650457848239601e-01 7.407705303677960540e-01 4.753220844196109907e-01 1.820156349637210014e-01 4.228411825533440194e-01 4.566517437231579768e-01 5.585744711453890510e-01 5.363394420218400294e-01 6.964095601771419508e-01 4.956605845457370263e-01 7.220312604339159668e-01 4.282633395955410260e-01 7.232619040294170354e-01 7.065614702189010332e-01 5.950410027060110130e-01 5.306419791659240381e-01 4.843333967316220123e-01 1.893977834239239932e-01 3.250083364033949929e-01 7.247858411560389458e-01 4.866444044701310201e-01 6.265413508029600287e-01 3.837797694335279841e-01 4.925264214154150277e-01 2.100394926954189945e-01 3.799612889226690049e-01 2.178343581498440040e-01 3.703663531059889769e-01 6.931200545594440321e-01 4.638176365224899733e-01 2.771584621683679805e-01 6.618867698965610336e-01 4.484358169840529929e-01 1.687990237571750096e-01 3.804589699531519820e-01 6.331007208878189907e-01 4.935113009513210081e-01 8.055459401569660116e-01 6.741123645919220309e-01 4.626043346501459985e-01 4.637570359898610106e-01 2.308845750992530033e-01 4.875899825972400126e-01 3.269451439210729893e-01 6.335170250812930393e-01 7.886064694493160054e-01 8.626509200953229595e-01 8.265115966626509492e-01 5.874866395584910084e-01 6.772067546078920364e-01 8.789206405608059880e-01 4.308468515352250061e-01 1.929358166205659975e-01 4.010308617155480260e-01 4.681045649024450084e-01 5.579000846926429613e-01 6.773151614599209891e-01 6.381842992910919943e-01 6.703568299855660051e-01 4.407428305649310207e-01 5.054053141466949839e-01 3.160059839301149753e-01 6.147722742374019944e-01 7.579578189238069807e-01 5.075907735548740307e-01 3.943298408505029884e-01 6.066217679492249548e-01 3.368357007977439976e-01 3.098143971919710138e-01 4.977722854953299803e-01 4.713693650255940115e-01 3.584996645920390246e-01 4.619462555930999859e-01 4.603447279145649884e-01 2.258903422360810098e-01 6.212643879725640028e-01 3.639206850676129923e-01 6.805514618122470161e-01 3.384198047160349998e-01 3.959056682098360258e-01 4.060168866700349932e-01 6.739570041916449483e-01 1.906704765328499918e-01 3.767043649111330161e-01 1.453747753236369900e-01 5.524674161806030215e-01 2.740694324523170189e-01 4.228290508381369883e-01 4.434476835116449855e-01 5.755115547245449603e-01 5.157392900110420175e-01 1.101724352465239948e-01 3.188779541852170274e-01 3.173847143021190087e-01 3.734119639377149746e-01 1.227383421695169979e-01 1.665566231898270022e-01 6.633785800673319688e-01 5.616475184923279684e-01 2.202549853507700106e-01 2.318702004936790129e-01 8.564965837183810549e-02 3.359539226967709902e-01 5.580248304416099980e-01 5.394387728913150326e-01 8.626814161008989901e-01 8.774526607856619753e-01 6.915624313563759618e-01 7.699213225243140002e-01 7.782125463641870189e-01 8.125135159531200468e-01 6.213258422919679669e-01
4.665335256314019907e-01 6.791594191306400408e-01 8.359055655243909921e-01 5.211926741388830386e-01 5.835469736034499810e-01 1.000000000000000000e+00 6.343518660331799452e-01 6.164684832880169552e-01 8.540777383542780266e-01 6.700001450442210071e-01 4.492460978510259828e-01 6.723271610312989699e-01 5.448983404923649632e-01 5.906045550295609958e-01 5.653267599767130003e-01 6.503392598869800478e-01 5.330363218630299604e-01 6.026807351404589452e-01 4.045145309965649805e-01 7.234822555472839589e-01 6.751701721949290302e-01 6.530174218202370318e-01 7.075929658428270486e-01 6.287692404041540506e-01 5.693109450609360467e-01 5.422916678737199625e-01 7.214929746169800318e-01 7.472877705567010365e-01 7.691429756557259800e-01 6.514995712913870252e-01 3.912767249218059851e-01 5.170369595780169858e-01 4.007723247893900109e-01 2.185766597976870063e-01 5.450686665862159996e-01 7.168363124596960345e-01 5.361303703960119682e-01 4.090639444761219878e-01 5.768383354854199618e-01 4.792096767592209927e-01 2.922870820092789979e-01 6.360772830304729508e-01 5.596196085614699722e-01 4.253376124864530206e-01 5.781149974021260185e-01 6.188952114927539494e-01 4.578566233606530256e-01 5.792729204324480463e-01 3.892801832009329943e-01 4.249819123576449864e-01 4.259277863840350009e-01 7.683667892491490292e-01 5.787346159821470382e-01 3.647815139719199906e-01 8.561287795041060411e-01 9.277469132289269949e-01 4.566576817796049736e-01 5.811422889687120064e-01 7.308709824013900347e-01 5.581662455555880253e-01 6.149610409507899611e-01 5.498247238718509955e-01 6.711187297125309481e-01 6.344842195878209745e-01 6.668138548387659847e-01 5.894776924072510083e-01 5.929254265433010485e-01 6.040954341618439694e-01 4.078643841357190158e-01 5.005908070852349567e-01 6.910975316800259671e-01 6.984800146086580508e-01 6.516364998737850245e-01 6.544865701480320208e-01 6.470831202120059800e-01 6.517307364283170257e-01 7.052377363026379742e-01 6.810201295938660415e-01 2.909043915126939828e-01 5.626275587413650525e-01 6.270959906786599536e-01 3.046663254207980231e-01 4.511286988896189842e-01 5.335967866441909679e-01 6.462110265698219891e-01 4.137967600426369907e-01 4.732289373359470086e-01 6.177603894334160461e-01 7.558310443445970250e-01 3.119668173430319991e-01 3.935917269988229994e-01 5.423605097841409650e-01 4.504779829916920053e-01 4.381684221898179965e-01 4.628400682418269962e-01 4.206313888237689924e-01 5.504513057986909486e-01 6.500550076601100402e-01 4.124070413631730214e-01 3.483018432436150169e-01 4.730662814728849863e-01 3.131162328042950138e-01 2.423741519569750091e-01 4.085745202363559869e-01 4.645865434286169937e-01 4.965660392624530184e-01 5.471558256976719603e-01 4.788279861069230092e-01 4.606502452096620237e-01 4.096798740213830059e-01 5.188741650305730424e-01 4.649978440105170252e-01 3.385911989000189859e-01 3.455059019969050071e-01 6.926212553549759843e-01 7.090334630549860462e-01 6.988761287737029759e-01 6.726541901762780329e-01 5.975317757039679822e-01
2.698990945184610024e-01 6.676059967625119773e-01 6.252398329794069953e-01 5.231253862298780311e-01 5.784257810187110049e-01 6.343518660331799452e-01 1.000000000000000000e+00 6.314216241247569972e-01 6.658647857037709450e-01 5.539765091210090420e-01 4.076421010924239918e-01 6.134341185288819664e-01 6.852293048979030132e-01 6.808403311234899613e-01 6.436003363552820211e-01 7.883719030639310121e-01 7.392931036085700347e-01 7.344556851653669671e-01 6.722939453476080018e-01 7.831746299663879807e-01 7.572378102216159590e-01 7.055687459633349645e-01 7.051498222894130308e-01 5.547621565725120441e-01 4.887411895541299844e-01 3.801635062414859823e-01 6.421250584571599473e-01 5.601415693164010223e-01 6.733456851419949984e-01 4.768328789973529935e-01 3.324462057347559729e-01 3.960560718689670190e-01 3.904794075114019769e-01 3.290413949133130234e-01 5.166625275325380517e-01 5.449216785470399893e-01 3.391477362252590111e-01 1.937168952105320086e-01 4.696928718346359832e-01 4.210392362972290026e-01 2.241379466633280082e-01 4.467774861596390257e-01 4.824209356991129849e-01 3.338109979756310186e-01 5.234845933423419861e-01 4.928377598701729756e-01 4.378429583966529925e-01 5.705772206011060499e-01 2.026105182820290007e-01 3.290595019947279987e-01 4.025902629469430005e-01 6.948767057749110077e-01 7.467505691239649801e-01 4.043656363546470067e-01 6.801559915420379854e-01 6.499121002464920416e-01 5.071606121233279696e-01 5.973832539077219561e-01 5.945018706477209758e-01 4.259168199007770106e-01 6.012251931931049675e-01 6.610759010410499625e-01 6.499016876165909506e-01 6.760816729320330287e-01 6.437443391834869466e-01 6.864180445705589939e-01 8.038834712440999786e-01 7.337515603725840441e-01 5.130799997957300462e-01 7.396586747771930481e-01 7.731769609064570448e-01 7.324318431101819460e-01 6.623008157051449851e-01 6.224747771236599503e-01 5.802480407062620138e-01 5.026358305720970421e-01 5.908665852959880116e-01 5.732849488613419586e-01 2.900162843066870222e-01 4.886892343003539918e-01 4.738869026909969806e-01 3.007963589958150274e-01 4.791406499725309742e-01 5.501987675025109548e-01 5.600502745515060221e-01 3.260009726536339802e-01 3.165548512765329892e-01 4.197495940187109809e-01 6.818124419945370551e-01 1.453992840582389867e-01 4.095286029370859837e-01 3.353460252181030277e-01 3.884059910729930065e-01 2.489259976263429874e-01 2.930847188643230239e-01 3.164689764108720160e-01 3.946032706342870178e-01 5.558731655059140353e-01 2.771876312681750276e-01 2.167513680612629945e-01 3.827189197339689875e-01 4.247264484922330108e-01 3.249231460054429754e-01 4.437714342095899767e-01 5.144683410593560158e-01 4.790824261558059849e-01 4.040642605165499779e-01 4.186896178070310115e-01 2.255445783875449917e-01 2.953346424874849774e-01 4.947037810829479909e-01 4.207553064174859858e-01 4.179257256351480154e-01 4.600812285633130161e-01 5.616485858124620201e-01 6.260883833065039594e-01 6.636110121855629540e-01 6.773684297565619739e-01 4.637933145281620262e-01
1.965341692148220021e-01 8.438398816142770320e-01 7.017724855497610159e-01 8.277447684081860046e-01 6.770650457848239601e-01 6.164684832880169552e-01 6.314216241247569972e-01 1.000000000000000000e+00 7.995548821976999898e-01 5.333280820913089970e-01 3.657402733666150207e-01 5.010603428189189801e-01 5.778508477913989472e-01 6.263323198975619954e-01 5.177217081936560383e-01 8.066937595282830387e-01 4.308614735392520267e-01 7.130070285708820510e-01 4.277579369568950129e-01 6.306153595738369644e-01 5.414356215131950201e-01 5.499099872838859593e-01 6.536187573894890468e-01 4.161830308563960190e-01 3.987338086840819806e-01 3.927120192657220232e-01 6.807867319728759803e-01 5.975520582281530491e-01 6.545702695100500401e-01 5.371634652117469599e-01 3.860341947112900240e-01 2.804328267936380126e-01 3.015596425190419927e-01 1.630549921805090063e-01 2.676154108108830254e-01 6.008621959924409506e-01 2.830070708984370187e-01 2.829612455936810211e-01 4.968395447811300158e-01 2.535696768942219959e-01 -2.572693452392840058e-02 4.688170046788939782e-01 4.861846722325600112e-01 3.798871434343870090e-01 5.719249619140950314e-01 5.218974615109139847e-01 3.521294677624440261e-01 3.540958694104099913e-01 4.672981762137100314e-02 2.032625452763670015e-01 3.453817068731980244e-01 8.624829053732659956e-01 8.128215982963240549e-01 5.704045215456079454e-01 7.608742089256159691e-01 6.950049234568319578e-01 9.003027710930510130e-01 8.076266914303720235e-01 5.131084742577940450e-01 4.370616341808660210e-01 5.202286701389770007e-01 6.144598090127929568e-01 6.982447232519679581e-01 6.066681804668440092e-01 5.759743503573969692e-01 6.113185228274490290e-01 4.255853374536570088e-01 5.836182183998259720e-01 1.896700932923620075e-01 7.748429262192889633e-01 6.804241611687410485e-01 6.916641678191149945e-01 5.875916307783449755e-01 5.885665899184540084e-01 3.989832479421709932e-01 4.797080580730139765e-01 5.373991052361609677e-01 5.970369318973559603e-01 1.671714667633449891e-01 5.026205295818609864e-01 4.882122967296900207e-01 -1.742396083797000117e-02 4.041043963931360006e-01 2.437190098430679908e-01 6.226537261279220248e-01 2.131386665709379957e-01 2.273143643314380069e-01 4.155764701911989767e-01 6.289733039960699879e-01 4.816030681405009811e-02 2.634726140674299999e-01 4.123009362276079948e-01 4.351164513405589851e-01 2.863837594581919999e-01 4.173777895409819805e-01 3.417483509847489831e-01 4.379057169442159836e-01 4.178950585029549969e-01 -2.104169547822550002e-02 9.710560381294000565e-02 3.079996708734459854e-01 3.719422382050079912e-01 2.972920719841680159e-01 3.576564713248009952e-01 5.309293881947300120e-01 4.534535092796480038e-01 4.554696279142280146e-01 4.845149435417869799e-01 2.884412206399680212e-01 3.543172222748590117e-01 4.018013203593570060e-01 2.875341394051399990e-01 4.259012051435280277e-01 5.147786457831420304e-01 5.990523541017960252e-01 6.067443645777830241e-01 6.611809820057680254e-01 6.530385743465739745e-01 4.684386960330489957e-01
3.419247578814400002e-01 8.142336633197190254e-01 8.618578341220279881e-01 7.224766267494669991e-01 7.407705303677960540e-01 8.540777383542780266e-01 6.658647857037709450e-01 7.995548821976999898e-01 1.000000000000000000e+00 6.433762032900059991e-01 4.771125263060759791e-01 6.729005719841499866e-01 5.875565748744949746e-01 6.715009811146820384e-01 5.892358301860110004e-01 7.578157618446059729e-01 5.170861144171620127e-01 6.936684107907999941e-01 4.406251102339630021e-01 7.406365145993809573e-01 7.125731356827410545e-01 6.558070289989099688e-01 7.201667780399120256e-01 6.196068657211379893e-01 5.440946438625859916e-01 6.025794256211169930e-01 7.849208989019339500e-01 7.449327733166809518e-01 7.641588462177000274e-01 6.349781237298119940e-01 3.860087563432100244e-01 4.144889926667080227e-01 3.730471103312659742e-01 1.467417250236409954e-01 3.959616716524180235e-01 8.008379761127599750e-01 4.283286060136810014e-01 3.864173811577840123e-01 6.386890288097110124e-01 4.378882736405579901e-01 1.581854606711750044e-01 5.353860927491740362e-01 5.643230041221000137e-01 4.335592089295879914e-01 6.664805029737690401e-01 6.366864506497800225e-01 3.718479886607469753e-01 4.801216778921930106e-01 2.392239703753079871e-01 3.569917093226159799e-01 4.223669687678219820e-01 8.608620414645310470e-01 7.764238398894010018e-01 5.910604730703330478e-01 9.133317542074520512e-01 8.981878519019590446e-01 6.820582975247340141e-01 8.083692842640110010e-01 6.859076668597400284e-01 5.395509509383079605e-01 6.105337339158479759e-01 5.720189541378529752e-01 7.168374119778589959e-01 7.112043666928270502e-01 7.124065486225320543e-01 6.783298838394390406e-01 5.376260350001650368e-01 6.251253781565350165e-01 3.652288603900050168e-01 6.356625173640719773e-01 7.669540283826999927e-01 6.962053292983909625e-01 6.421208287070669929e-01 7.341330785347810473e-01 5.857601815433769454e-01 6.061811016147560238e-01 6.877028926783590457e-01 6.972607111680639846e-01 2.994783552425610007e-01 5.143539101017869930e-01 6.633367766463329485e-01 1.426752103222380108e-01 4.448410528921160068e-01 3.874666920439239770e-01 7.361264420171169665e-01 3.230823796701169925e-01 4.052757998426479991e-01 5.798293787271869837e-01 8.030449437616640207e-01 2.411379441043219884e-01 3.273864211862950180e-01 4.611439562618899757e-01 4.967184463577700160e-01 3.905485626884029893e-01 5.184055449546169925e-01 4.123964309112280180e-01 5.525672119119540149e-01 5.791727487609249492e-01 2.218315265000639913e-01 2.611585551858049969e-01 3.713702872950639944e-01 3.430348138335950203e-01 1.968980255280539937e-01 3.006733377597500256e-01 4.903760453748799986e-01 4.753034247911600008e-01 4.492885517971260123e-01 4.063190418649890168e-01 2.968988412526250009e-01 3.467730854952860153e-01 5.328336241863560474e-01 5.216806166078430396e-01 5.073653263044040074e-01 5.096790959032779789e-01 7.420462318147610370e-01 7.557215380819849448e-01 7.797119469491160526e-01 7.657440013023729675e-01 6.669585203311400035e-01
2.181332685980049979e-01 5.995544088449340503e-01 6.302291424149719656e-01 4.800296461045819862e-01 4.753220844196109907e-01 6.700001450442210071e-01 5.539765091210090420e-01 5.333280820913089970e-01 6.433762032900059991e-01 1.000000000000000000e+00 6.713943905500000531e-01 7.999552655525350442e-01 6.068275193932549660e-01 6.890514920336420213e-01 6.855555866602019988e-01 5.934080062109079456e-01 4.753067870789949856e-01 5.008303697018160472e-01 4.231137671473170214e-01 5.658610431368760185e-01 6.471635259179130406e-01 5.720024483599079890e-01 6.444055619519170053e-01 5.462819133953069617e-01 7.167343491547589762e-01 5.159596660962130210e-01 7.116960866857180434e-01 7.526528950406230489e-01 7.370334524195889525e-01 6.572474538473740413e-01 5.111878372874070209e-01 3.407719153420180058e-01 3.377903099987070168e-01 3.155335731859409965e-01 4.000242404610089841e-01 5.071442342595819941e-01 4.748733455498420075e-01 4.531592323978340109e-01 6.358602288931120006e-01 3.041268889276099729e-01 1.600817651699950050e-01 6.009751531704500271e-01 4.527115649736169756e-01 4.757595003078979867e-01 5.432746310053839789e-01 5.377442314269500478e-01 3.024227313568380038e-01 4.146002176790979932e-01 2.222240201478619948e-01 3.183076312346679870e-01 1.786285397804089903e-01 6.163847130161560495e-01 5.255673029185740086e-01 3.037371824292169897e-01 6.779106627435500521e-01 6.989761184079790191e-01 4.334950861044299941e-01 4.293150220779199944e-01 8.412807600585999745e-01 6.078054386609269555e-01 7.761539127499500479e-01 6.614778409041860430e-01 6.990481050465460200e-01 6.668997151338920126e-01 7.270495485573810202e-01 6.750441400219260313e-01 4.563055434930550214e-01 5.931613318689029635e-01 3.040388300508889974e-01 4.130985729430050046e-01 6.059658305723989447e-01 6.434056116246269497e-01 6.318231934318949694e-01 6.856732582710569623e-01 6.513924124314850461e-01 6.771780167982379695e-01 6.852049380957799807e-01 7.285260085594009727e-01 3.300904942927099794e-01 4.703561722457350047e-01 5.722262122166239529e-01 2.141365347213800008e-01 4.898717751949759891e-01 4.320797123955250063e-01 6.548174352557230016e-01 2.316861605731130036e-01 4.074173288498140200e-01 5.536939898312229769e-01 5.945323090878169570e-01 1.429049145630139905e-01 4.185561906928469966e-01 6.553688513215489841e-01 5.305945886912519782e-01 3.859847973574930258e-01 3.518345943849010005e-01 3.767743535808940059e-01 4.244260313514000016e-01 4.763886985875209756e-01 1.964016819307899953e-01 2.367582733113960114e-01 3.474035476292650082e-01 2.302471264416389995e-01 2.746064289302729833e-01 4.992123088432959821e-01 4.586214687193599926e-01 5.725323065181610049e-01 6.486830096966399450e-01 6.239006187587390340e-01 4.522464161461349774e-01 4.914778511145549977e-01 4.656448332459929840e-01 3.750472891749950244e-01 2.028984660089130088e-01 2.917941744572919993e-01 6.467461640300390391e-01 5.806728928325820549e-01 6.456154267749819597e-01 6.550314419218690176e-01 4.806006893113389800e-01
2.564316461164239946e-01 3.701129423861669876e-01 4.327090762915509758e-01 2.925544810158829945e-01 1.820156349637210014e-01 4.492460978510259828e-01 4.076421010924239918e-01 3.657402733666150207e-01 4.771125263060759791e-01 6.713943905500000531e-01 1.000000000000000000e+00 7.335885647333959536e-01 5.223532087463600426e-01 6.046840248852000110e-01 5.981067363973969764e-01 3.875821504927399741e-01 3.046096287282969994e-01 2.712558691180240178e-01 3.326967894953610227e-01 3.194648784358120053e-01 4.353315222502819881e-01 4.110947369803700235e-01 4.856280733195539878e-01 4.017453462161830191e-01 6.473790488731580028e-01 5.431953149355569499e-01 4.388235254195639867e-01 5.629959404393639621e-01 4.595218073033500161e-01 5.551207208306999652e-01 2.892046108481419742e-01 3.972284655835089939e-01 2.774382245844499995e-01 1.388633255250840137e-01 1.766182318206920010e-01 3.098608769369289861e-01 2.334452457085360033e-01 3.771711867202500179e-01 4.265452097975139800e-01 1.684399814712289889e-01 7.036008452821319870e-02 4.892618609463579848e-01 2.590166528706460136e-01 2.496028911219730084e-01 2.719841378229180262e-01 3.211932257369169985e-01 1.340108906808079869e-01 1.954294642461520126e-01 4.314962104430750123e-02 1.238798768493819952e-01 1.852559461141909947e-01 3.934867223521910096e-01 3.586074499219770173e-01 1.016603548162030024e-01 4.236948138100630201e-01 4.999447143771210134e-01 2.787835124388060026e-01 2.158101900528859862e-01 6.527270964038860424e-01 6.515387541584189979e-01 5.974243957732260357e-01 5.260866708659660551e-01 5.787049629350390356e-01 5.167274775443490009e-01 5.259613279883490478e-01 5.772672062802529647e-01 3.212909199063310184e-01 4.928189375781130144e-01 1.248890420034659970e-01 2.441135015488770099e-01 4.072800261461729798e-01 4.669002096639410238e-01 5.397791121950129556e-01 5.181219996738050115e-01 5.335906143839359572e-01 5.776185337162309530e-01 4.890414536430799930e-01 5.802370683012869623e-01 1.735355959003440085e-01 1.953180960075029948e-01 4.336545995119279739e-01 2.490489386165339880e-02 1.126953647687199966e-01 1.978101420946390132e-01 3.728359221762420073e-01 3.685442493668079911e-02 1.848346822664869993e-01 3.053157852969159980e-01 3.676857226206780016e-01 1.286491937521299922e-01 2.744598497938199877e-01 5.195076486520829873e-01 3.538621484140179740e-01 2.399448259768749980e-01 2.379884646585969932e-01 2.024701020113429950e-01 1.927178904807700099e-01 1.687749922004070091e-01 9.252263917123260129e-02 1.095667517193849999e-01 1.463079555204920001e-01 2.620304167067040169e-01 1.454368249578240069e-01 4.238073392391529803e-01 1.192864143320000042e-01 2.394229788449440122e-01 4.661121505780739804e-01 4.449981205116450012e-01 2.406766399950160118e-01 2.542414057930290072e-01 2.627101679201970241e-01 2.364675555087349945e-01 -1.581419137546790157e-02 2.199114806092929836e-02 4.232659827873200276e-01 3.550121300339659780e-01 4.376488775439940082e-01 4.219399011493930041e-01 2.915213589162959917e-01
2.129933469837310134e-01 5.445791034204809922e-01 6.350640269801529625e-01 4.233889505050780211e-01 4.228411825533440194e-01 6.723271610312989699e-01 6.134341185288819664e-01 5.010603428189189801e-01 6.729005719841499866e-01 7.999552655525350442e-01 7.335885647333959536e-01 1.000000000000000000e+00 6.651755115051509737e-01 6.503338212789370187e-01 6.935522892429020203e-01 5.532113393109650001e-01 5.419222076556790002e-01 4.297159596649759994e-01 4.045383910461490262e-01 5.424373852955509667e-01 6.697652650474730240e-01 5.908626262007870000e-01 6.530348709834919996e-01 6.503899608312500025e-01 7.540870608245330287e-01 6.350717050270799913e-01 6.659864124556339471e-01 7.761186334170909751e-01 7.082886402648159718e-01 7.158520274804940353e-01 3.757389725440409833e-01 3.577499773204539935e-01 1.874909318976079875e-01 1.486219772039530096e-01 3.944791340523690071e-01 4.837686803299219851e-01 2.902850166545219990e-01 3.428657353003159991e-01 5.246871091577749446e-01 2.843073561418770212e-01 9.482682865807859351e-02 5.294720438936889595e-01 4.242897348066370089e-01 2.822457529156400247e-01 4.357583799047720086e-01 4.495295837881890244e-01 2.670197129595680008e-01 3.264166916022550047e-01 4.442280796533860238e-02 1.790797877701109930e-01 1.808823211647450080e-01 6.144902010156000349e-01 5.151731645998339770e-01 2.437725540057409934e-01 6.676212624856200373e-01 7.315029505352920181e-01 3.519072712705160200e-01 4.253066534505630103e-01 8.030541039174069473e-01 5.958208645362900180e-01 8.367497620114420220e-01 6.860102532310300427e-01 6.892228550614279969e-01 6.744324603980710320e-01 7.098446507855520338e-01 6.726291574013459895e-01 4.731408277814200258e-01 6.475288255462330334e-01 3.223207581388229936e-01 3.675181548419880206e-01 5.991058555752299952e-01 6.677951225206769648e-01 6.875749537428219593e-01 6.066233299456199601e-01 7.676299675497849639e-01 7.867112819686939984e-01 7.266308057905049855e-01 7.932104837823209520e-01 2.131426804487500104e-01 3.858802852701049835e-01 6.327764607031399757e-01 7.919915305517490067e-02 3.497517445014710069e-01 3.983051896963660243e-01 6.245558331334739588e-01 1.629301679064809882e-01 2.623731449707989993e-01 5.409967130707640237e-01 5.705005994450109696e-01 4.590098036274530002e-02 2.647114970604390050e-01 5.059881041661530299e-01 4.082891294069059818e-01 2.795078730505209941e-01 3.820321127072309753e-01 2.307256890420170126e-01 3.239648276602379862e-01 3.954766184984589983e-01 1.187289021990349941e-01 8.627018948939990661e-02 2.253926452609829878e-01 3.191480200536029876e-01 2.591446558132279865e-01 4.542247120965550167e-01 3.397913258687069726e-01 4.308028051713009843e-01 5.383701145559219858e-01 4.955831259474109962e-01 2.818999412031090168e-01 4.915851678701160243e-01 4.441025361173470132e-01 3.907320272819799767e-01 1.817401637647169943e-01 2.325717526641120081e-01 5.754018874387429872e-01 5.382103672444800146e-01 6.265606405862450545e-01 5.956650752734240495e-01 4.868114609322959918e-01
2.705769625939539735e-01 6.278410641877200105e-01 6.019527944469950098e-01 5.467743992345660553e-01 4.566517437231579768e-01 5.448983404923649632e-01 6.852293048979030132e-01 5.778508477913989472e-01 5.875565748744949746e-01 6.068275193932549660e-01 5.223532087463600426e-01 6.651755115051509737e-01 1.000000000000000000e+00 8.338298541559010513e-01 7.638103878972549721e-01 6.601184610957240295e-01 6.022717900362769550e-01 5.618376310095239967e-01 5.711142057126129545e-01 6.144955123739029856e-01 7.228356799397750443e-01 7.137800624321519738e-01 7.583207062085920436e-01 4.865150194028849961e-01 5.435569666350580365e-01 4.343067464594220217e-01 6.536766181393549591e-01 6.733174710365790183e-01 6.292247079672369514e-01 6.682790361760849729e-01 3.761043487593450085e-01 4.044499182133129978e-01 4.067311587440480269e-01 3.215774933266190017e-01 4.968669806735440120e-01 4.698466526158620038e-01 3.235742157078930203e-01 3.473261410186410103e-01 5.441722509671700347e-01 2.816647338865669870e-01 1.836521794297469867e-01 4.874751620386629791e-01 5.025019326083079996e-01 3.484716782930379897e-01 5.290200485824999577e-01 4.880965265593579794e-01 4.217767159867579774e-01 4.364612942035129839e-01 5.977858399783630289e-02 2.428815053965590054e-01 2.781990147663380153e-01 6.244806396530120374e-01 5.992577426059410017e-01 3.339483069364649892e-01 5.703068057618979614e-01 5.787057388593059848e-01 4.742108006963989819e-01 4.432378776868760029e-01 6.799538310545020225e-01 5.706927094954890034e-01 6.963909746800349687e-01 9.005965290779499588e-01 8.152955455267919538e-01 7.307120150868869901e-01 6.748656987554429998e-01 7.902688097716019655e-01 4.972045608491399982e-01 7.241849742104859988e-01 3.527742887930029880e-01 5.515984284041149932e-01 6.686126225868780359e-01 6.675891094651500435e-01 7.465241554556649728e-01 6.152003333393389894e-01 5.647816121264329636e-01 5.295893058074699900e-01 6.368618337961440279e-01 7.064522611399349783e-01 2.575600223100920072e-01 4.674222320623059868e-01 5.292264198152220045e-01 1.986804521623959929e-01 4.428733713064719746e-01 4.002857105522629744e-01 6.095223362629119679e-01 2.518638433049800174e-01 2.611407364185400204e-01 4.643116324234810022e-01 5.411531896966570443e-01 1.449245888690829931e-01 3.985153645362869979e-01 5.290681188257549961e-01 5.034624034291810268e-01 2.408085998339309919e-01 2.634642499145110062e-01 3.117086767047150264e-01 3.844347376616180090e-01 5.336495779051310118e-01 1.208069689024370008e-01 1.466874264449480048e-01 3.504855262752289979e-01 3.853646454685650258e-01 3.003605004243439791e-01 5.144011661169030081e-01 5.388954051093139963e-01 5.156394852279100327e-01 5.565762940502509970e-01 5.558490020845600066e-01 3.951838034359140273e-01 4.752011437539330196e-01 5.410812704984689914e-01 4.369543832516120108e-01 2.552821429195609726e-01 3.486965940287169996e-01 6.045070464598809590e-01 6.192268131006659626e-01 5.895435942379879668e-01 6.102518101389370342e-01 4.634929516726850052e-01
