1.000000000000000000e+00 1.877200101072689920e-01 3.148360408870329863e-01 2.855497912139369765e-01 3.026115458702809957e-01 1.295408249788219945e-01 1.489334378444140128e-01 2.033252315704670021e-01 -1.689986332388559997e-01 -2.089308564271100122e-02 8.332250385518899516e-02 -6.107095504777920042e-02 -2.905676704601040106e-02 9.922303946744449876e-02 7.413361928691909741e-02 2.377448639579340106e-01 -8.530506308710099350e-02 2.697616526053049912e-01 7.009046673585139775e-02 2.441364560099870129e-01 8.586089187729059602e-02 1.997223166129369898e-01 1.403662387004790124e-01 -1.827159444432600172e-02 -3.551531907200990157e-02 -2.398254448140139938e-01 1.023228725631329938e-01 1.382876755275420089e-01 1.477767542750479945e-01 -4.607073577211909937e-02 2.003096861768250136e-01 2.774586885900480124e-02 2.547150048867600214e-01 1.221730619724959999e-01 1.338518784371899861e-01 2.114800103644189910e-01 1.845389497531000067e-01 3.051837857979259883e-01 1.603647799098339988e-01 1.550248296461000097e-01 2.409950354272029915e-01 4.500156602870839656e-02 4.209387145711009776e-02 1.938891900839669891e-01 3.766629170325009879e-01 2.395427480483680038e-01 2.102521322495909950e-01 4.140561040212090149e-01 2.662665315986019743e-01 2.847899708093090121e-01 2.433496391689589922e-01 2.059240477805749925e-01 1.469558426195899936e-01 1.947661274965039879e-01 2.601623511133530076e-02 2.242262465518710113e-01 2.586844207115360228e-01 9.519009587121920676e-03 -1.800543232364469962e-02 1.786606686733240024e-01 -1.140972486832909916e-02 4.076300263183169764e-02 7.662928344233649325e-02 3.270971280297649830e-01 1.858057996398869982e-01 2.503186959396609956e-01 3.225979484635539962e-01 3.076117629350619831e-01 1.625934220048549927e-01 1.445721949411659935e-01 1.118226130871989993e-01 6.422554618802139761e-04 3.083401571362570093e-01 3.802834302854540133e-02 -9.239751660070179978e-03 -2.087651578962229915e-01 1.380839566669850027e-01 -1.145732124880299990e-01 3.188114726944950017e-01 1.737727288527330105e-01 -3.398661832961440143e-02 2.323561893727089933e-02 -4.605512300299879902e-02 1.301406920616320073e-02 9.603158411358370117e-02 2.118901046663080046e-01 4.276757908288759957e-02 1.741952298893560125e-01 1.273452946358979987e-01 6.054849154752119794e-02 3.461937790233949874e-01 2.681959157708579955e-01 1.430372899595110103e-01 -6.381126857535560082e-02 -8.872811559412599469e-02 1.618404824882559989e-01 1.930539235900169959e-01 2.859616512738539784e-01 1.860396292025260079e-01 2.714062745139920185e-01 4.140414054196859817e-01 9.721788891608479366e-02 2.094188804500609902e-01 1.365487636903839896e-01 2.024994178356250007e-01 -7.737648095715700391e-02 6.921571731955029894e-02 -1.327411722814179906e-01 1.056725492884399986e-01 -5.086478914878200114e-02 -1.840633632435509925e-01 -1.127465049457409968e-01 9.820577878892390589e-02 1.406255702920830020e-01 1.600954936887500069e-01 -2.171541529761850196e-03 1.310211803356519933e-01 -4.107568567520939774e-03 3.050814140453480053e-02
1.877200101072689920e-01 1.000000000000000000e+00 4.879008883438389899e-01 5.112515913158870440e-01 6.170891261292099639e-01 3.447784828963659787e-01 6.094132058979749855e-01 5.850904416261220042e-01 3.663178850746189874e-01 4.577669306737299770e-01 3.249904887415209775e-01 4.493547407598080246e-01 3.116592078885699890e-01 4.641975532775339808e-01 5.042540644562200081e-01 6.557036983457249502e-01 2.935894564239370230e-01 1.556960483279919982e-01 2.894741202999390195e-01 3.258586407584039835e-01 4.574043477485399967e-01 1.506976774052289914e-01 2.506521578983429976e-01 2.358777808215840044e-01 2.666326153091880258e-01 2.550216175441579747e-01 3.021767856579580247e-01 2.254227288795090101e-01 2.380722603274280091e-01 3.350743374847979794e-01 2.552041635465099878e-01 2.928636346592820017e-01 2.116070231447420014e-01 1.956257700149389989e-02 8.994547467547030217e-02 2.846932390536470181e-01 2.273057523050829865e-01 4.331320087098929905e-01 3.326904978940180002e-01 5.349472998865529849e-01 1.751699899557350058e-03 1.601881058191410023e-01 1.668060656949340026e-01 9.308496451243060410e-02 2.939310966961680149e-01 2.502260594318170273e-01 2.078128479358500036e-01 1.006180465427779919e-02 7.734137629120770019e-02 1.296932564804479937e-01 9.373178072067940569e-02 6.498575145760020488e-01 6.449690582378360126e-01 6.466667624193379593e-01 4.595039970705139809e-01 3.158182824709320213e-01 5.599004173125800010e-01 2.846713859706639926e-01 5.374453999822590422e-01 1.450251718145129931e-01 3.252932368279219943e-01 2.079277717478079934e-01 3.962228390628220187e-01 3.245784476654209882e-01 4.489985583884070208e-01 4.251688668648179736e-01 2.599026009021699890e-01 3.482753103838719944e-01 6.286836387459450448e-02 1.615645391618819871e-01 5.120858598804309825e-01 2.631949817867930141e-01 1.989148958395819955e-01 4.557759810858449945e-01 3.821863560912049929e-01 2.682861240207269904e-01 2.736611204642719897e-01 3.561648981278269788e-01 3.001816652907839944e-01 3.219368848538989858e-01 1.653303671602479874e-01 1.079987399115470009e-01 3.288341129351339820e-01 1.578075885411759915e-01 4.128646931755419747e-01 1.928212006994529937e-01 2.392788977790610006e-01 1.462189859825059890e-01 1.744312445342970086e-01 1.844274743584869980e-01 2.605465691192059841e-01 4.198818836362939733e-01 5.800859199391500409e-01 1.686886126503999994e-01 2.971974101893409825e-01 1.424802929969140042e-01 2.526857439375220227e-01 -3.006946964426559805e-03 6.182493518068359756e-02 2.363806764135279945e-02 1.311203756216740013e-01 1.484398434189239946e-01 -2.487737928962499914e-02 1.813462764201299871e-01 1.737997459275620049e-01 8.001461185200220427e-02 1.575575409609900057e-01 2.705954889489080029e-01 1.465830082355999986e-01 1.560755652091710133e-01 1.914644404717749937e-01 2.614653717643170006e-01 6.420287706910819958e-01 6.077480878598170433e-01 5.819236432655909841e-01 4.887051363402529769e-01 6.265871995044609566e-01 4.909109469841059781e-01 5.257792515311660031e-01
3.148360408870329863e-01 4.879008883438389899e-01 1.000000000000000000e+00 1.515551294688959882e-01 4.476554578505069770e-01 6.327487283922730299e-01 5.314448183226350153e-01 5.172369047497400452e-01 4.137794935432370091e-01 3.460833680753879760e-01 3.630597464977600164e-01 3.571869122703349997e-01 3.185154284625489884e-01 5.596863124304169990e-01 4.718764043725909851e-01 3.525510265961809830e-01 2.118462694065690044e-01 1.786745006520140122e-01 4.092675887525549783e-01 2.302965410816880110e-01 3.976391202554129811e-01 1.423807691136700082e-01 3.480760416513289934e-01 1.006945885025449933e-01 2.360084548032989893e-01 -3.386794886778959901e-02 -1.695253432157730125e-02 -4.645313618245579951e-02 2.163131181492979893e-01 2.182980690644530097e-01 2.837535293402960179e-01 9.914461987547500132e-02 2.000913652549529964e-01 8.512910045716149884e-03 -4.824359658947829921e-02 4.205825742374270093e-01 1.018732854899350032e-01 2.945364513584369792e-01 2.802234778416790029e-01 4.022680592691439960e-01 3.043431023504499996e-02 9.676694285981470023e-02 1.546195877734490021e-01 1.744619799444069863e-01 1.720948503537670093e-01 2.046059978088929920e-01 7.966271772329039380e-02 7.171614559590780424e-02 3.326964225354809845e-01 2.104374491193959917e-01 1.006683042088999946e-01 5.812409404104940114e-01 3.319138569519279880e-01 3.935769943059779785e-01 5.004464018545909942e-01 6.417814735361599965e-01 4.943801581443419968e-01 4.585105163195880018e-01 3.547508167579739857e-01 2.837000474770590142e-01 3.349598790120100200e-01 2.793681011789019841e-01 3.513198274589829917e-01 5.940045886572919986e-01 5.256407488210540491e-01 4.824280886451909889e-01 2.516897291764569888e-01 4.454166755899789942e-01 1.719325935722700038e-02 1.264577229081239873e-01 3.755454375183249760e-01 7.547155692730149468e-02 3.497359333144309801e-01 2.781172060066410268e-01 1.993386721275219875e-01 1.155887067475560026e-01 2.883859124942509955e-01 1.254546930947539884e-01 3.500328653702169945e-01 1.800228489388500108e-01 -7.435830950725770550e-02 -4.748959149573939859e-02 1.613936833665120113e-02 -1.665317052163139966e-01 7.085132686214790088e-02 8.202453233047460324e-02 8.245351330661500333e-02 4.895996311697140002e-02 2.356292860239189990e-01 4.103741727483530000e-02 2.893938223169310042e-01 3.609571986062299898e-01 4.444380722625079772e-01 1.107366674429230008e-01 1.070482130916020069e-01 1.966821426795510031e-01 2.748649530555539733e-01 4.188028652674789798e-02 2.477694123893230127e-01 1.936430172155310103e-01 2.534480571969059959e-01 2.662732252406559974e-01 -3.743307831954349740e-02 1.852809847087930062e-01 6.176272705030930177e-02 -4.702764640590310213e-02 4.524113958926650331e-02 1.515150738734520053e-01 1.014663431542189992e-01 1.170736786115959965e-01 -8.724301885722129946e-02 7.470740707829780052e-03 1.339517009832039973e-01 1.319578921738989996e-01 3.892542131403359806e-01 9.927159257279040416e-02 2.157168687026700116e-01 1.470601538009529974e-01 2.907183007512820216e-01
2.855497912139369765e-01 5.112515913158870440e-01 1.515551294688959882e-01 1.000000000000000000e+00 4.936598651604749977e-01 -1.444736955480500039e-02 1.895465755381630091e-01 1.383722195489829887e-01 -1.831165412318270028e-02 8.866580288082340222e-02 4.290713354227439907e-02 5.652938665372760074e-02 2.960510095339270037e-02 6.882466878505580365e-02 1.968657122886000033e-01 2.849348593797709772e-01 1.426296830396609969e-02 -1.763823809728620046e-02 2.430353690656590192e-03 1.083577899132349975e-01 2.355479986472580056e-01 7.053265276376489978e-02 -9.851486286293820172e-02 8.270077602034120456e-02 -3.623850087466130160e-02 -8.339473597097130098e-02 1.904432446659539979e-01 2.217359248692009899e-01 6.675066417771649552e-02 6.826657576354150381e-02 1.259326477477860085e-01 1.127944678983069937e-01 1.622095532748039914e-01 -5.361894999950959917e-02 4.074339497346340239e-02 5.441905048163429848e-02 7.727503947304549536e-02 3.176042057784839723e-01 1.818392956106159863e-01 2.088477047435599865e-01 1.962998635529110067e-02 -9.124573795046950209e-02 -1.604646242608059881e-02 3.510352019706670240e-02 2.817405949892379802e-01 1.446286370364449902e-01 8.578559274333040496e-02 6.627048123279180580e-02 -7.644615043972559365e-02 -5.274167797588630302e-02 1.108246677154089976e-01 2.226236626982180111e-01 3.558255465800440054e-01 4.849814766269989752e-01 3.789476160379479791e-02 -2.532854926852949953e-02 1.156147764395570043e-01 -3.661864869051770222e-02 1.477922500781420068e-01 9.007075162803490631e-02 4.069612709224770114e-02 1.519421169447210118e-01 1.994452825110029914e-01 2.200328235645999941e-01 1.941893704904769924e-01 2.420429199340619897e-01 1.428185483228809893e-01 1.839659575281399895e-01 1.559845069687919999e-02 -5.311679665314809895e-02 9.518455903666810103e-02 1.231981862313299980e-01 -2.555194145812229867e-02 2.295666847989679960e-01 1.402061400357909951e-02 -4.780783392705759832e-02 6.773662268169089451e-02 3.606414016993610139e-02 2.240423099480380043e-01 1.465907151326439894e-01 -2.327671080799920134e-02 4.914676267925350076e-03 1.251780705580539943e-01 1.747060157246050141e-02 2.263797702801070011e-01 1.437504614246739865e-01 3.862262612727740304e-05 3.924443163792380035e-02 -9.677514306808869538e-02 -2.300909081353379876e-02 2.707843988478190189e-01 2.568143269635769776e-01 3.304203075907800047e-01 -1.638198173473379982e-01 -3.734493880582120257e-02 3.609260393186909666e-02 1.173880053178240068e-01 1.439285405941989962e-02 -1.050102640309570068e-01 -1.015164640285890069e-01 1.732699202711550091e-01 2.288229517280080116e-01 -2.490933145789449993e-02 -5.274904371175159756e-02 1.252226689640950075e-01 1.249607674973649968e-01 -3.078524418077659836e-02 -1.503251223631119904e-01 4.102635002261739716e-02 -8.168034528286230445e-02 -1.144289801782149979e-01 2.869727826847780217e-03 4.043163136775190236e-01 3.859914391403149736e-01 1.917861127117299891e-01 1.020313061512850006e-01 2.701822642543290076e-01 9.197249033911210347e-02 2.376604640943029978e-01
3.026115458702809957e-01 6.170891261292099639e-01 4.476554578505069770e-01 4.936598651604749977e-01 1.000000000000000000e+00 4.905749583229779831e-01 5.345604453654829724e-01 4.618700278453080066e-01 3.123046475219979912e-01 2.418725046000400059e-01 3.062713596946550210e-01 2.338162089067019889e-01 3.290674567490969871e-01 4.438301315719149764e-01 3.720533930953929813e-01 4.702870663791520189e-01 2.122077000597460128e-01 3.670336640050689825e-01 2.378884705077070061e-01 4.971648441216069969e-01 3.384202249705209886e-01 1.468785557417570109e-01 2.524616927614780071e-01 1.030905377438069981e-01 3.941626385336959720e-02 6.954419802920730476e-02 1.362648054332949998e-01 9.782867076834260434e-02 1.963754517002520017e-01 1.545185060086310125e-01 2.592004510956230079e-01 2.202735727515379993e-01 2.291157850901310022e-01 7.932916079805789333e-02 1.466091050847569965e-01 3.997598787442829815e-01 1.322885298801129983e-01 3.565665152897909973e-01 2.443884724317889889e-01 4.194634826202859879e-01 1.935386960812240098e-01 7.702633385141109679e-02 9.165561889564929898e-02 1.964990448067809869e-01 3.502940245411850229e-01 2.176137323118599864e-01 2.138071698668159992e-01 2.293402741834439929e-01 2.986665285394110025e-01 2.266972630074789996e-01 2.939669403752139809e-01 4.590059966388089774e-01 4.735734771432860146e-01 7.290567669927999761e-01 6.080662622032210196e-01 4.609161250385869768e-01 3.797648610565619864e-01 3.106722063919319932e-01 2.364528632658290108e-01 1.285797736653999934e-01 1.867391858147990080e-01 2.563372244062970262e-01 3.783683279018609791e-01 4.319344109013930066e-01 4.526117597104750145e-01 3.208909443828920072e-01 3.320051826803340211e-01 3.223482036796149752e-01 8.070531781053570664e-02 2.094187564672820023e-01 4.472242459489270128e-01 1.994971592016140105e-01 2.429081267998770000e-01 2.217418220719530042e-01 1.715182764045740105e-01 -1.797445505485369827e-02 2.558322939690140241e-01 1.186716810160030056e-01 3.080281501328500093e-01 3.697505695733609987e-01 -4.375267456354919871e-02 5.218122999940379841e-02 2.349849190749420114e-01 4.756877485039080061e-02 2.193042315794060115e-01 1.885727536646709945e-01 3.410696003799779802e-02 1.240859962901700031e-01 2.475471630848679883e-01 8.950034695840800025e-02 2.901027669753130089e-01 2.524636012044110256e-01 2.926367557193800262e-01 3.657457387220459932e-02 9.467498945055259629e-02 1.897393008260389868e-01 1.927801401140739890e-01 1.550712098772639991e-01 2.395073237488520024e-01 1.838157757871949904e-01 2.120870353693420085e-01 1.217260017693480023e-01 3.315625999011229813e-02 8.317752921759860585e-02 1.092118475085169932e-01 1.334722017422780016e-01 5.805513409608629993e-02 1.541641609481160004e-02 1.165113488561189958e-01 2.772529199248020132e-02 -7.900550972885439852e-03 3.418844598161890208e-02 4.146763397070299950e-01 4.491493775893660167e-01 3.083137174478550180e-01 2.815537065737240274e-01 4.125283606383099988e-01 2.864663717303509993e-01 2.129579348280400131e-01
1.295408249788219945e-01 3.447784828963659787e-01 6.327487283922730299e-01 -1.444736955480500039e-02 4.905749583229779831e-01 1.000000000000000000e+00 5.922909397682980526e-01 3.491879004775210182e-01 5.984393531757380424e-01 3.399024502631449729e-01 2.396145695772430029e-01 3.045844072814730130e-01 4.316673174694000137e-01 5.527594186689539502e-01 4.141717280861039741e-01 2.807527509255069997e-01 2.690605095620420273e-01 2.403585599034580023e-01 4.233248891084759880e-01 3.478887597242379948e-01 2.770806978058850123e-01 8.511064660260400649e-02 2.325751427214390044e-01 8.528089738519149809e-02 1.638403346995510046e-01 2.121089785816199919e-02 -7.729861758904600644e-02 4.321817038820890272e-02 2.637775860345970003e-01 2.278897524755920112e-01 1.615513122447820027e-01 2.717174029463900187e-01 1.659747141137090098e-01 8.364816137849399869e-02 2.317163031065019863e-02 5.643654061981689951e-01 8.281417370993110483e-02 2.515648198472379971e-01 2.031027183209559994e-01 3.827019167339790195e-01 1.533479854122200003e-01 1.926442381240180135e-01 1.305476605501769971e-01 2.912844506794349808e-01 1.128770693407829956e-01 1.981943007670070034e-01 1.016519720308800001e-01 1.265202345116389904e-01 4.347783698087809845e-01 2.977579737761250067e-01 1.251688538563059949e-01 3.786146293109480254e-01 3.046808289006109893e-01 3.574737338473309989e-01 7.761549869060250240e-01 7.357363817555570007e-01 3.056108947562650169e-01 4.134803746290490190e-01 2.812633692214779879e-01 2.516555383535690193e-01 2.801185857443069804e-01 3.069314163382519944e-01 4.711154516491720123e-01 6.080500915844320176e-01 5.220748870132999597e-01 3.659139311626329882e-01 2.831928857928510124e-01 4.366751953407729814e-01 2.219094470561109866e-01 2.877815611605240020e-01 4.137966040238750254e-01 1.064094683526739943e-01 3.286379676157419882e-01 2.478086201907210018e-01 1.861462881137150027e-01 9.750760746877129570e-02 3.141791633962809915e-01 1.616006662619730028e-01 2.134111125420150024e-01 3.306216336640490083e-01 -4.467972296482469741e-02 1.320129100112429898e-01 1.442387233172570116e-01 2.378142698949409911e-02 8.903323946589609961e-02 1.796203975146319909e-01 1.031195950307639969e-01 1.656993392237010032e-01 4.328240436507990174e-01 2.308271168451929978e-01 1.856826496088279932e-01 2.468151301921250040e-01 2.704972516085379919e-01 2.125850558159000092e-01 1.907877649484429894e-01 2.746925665202040179e-01 2.486929964085979883e-01 1.793179681791549906e-01 3.123313345337659919e-01 3.497603937317559919e-01 1.049670695070129972e-01 1.099282395788540034e-01 -1.361561657140260007e-01 1.329794075686429877e-01 1.728779521365819971e-01 1.643667816419719929e-01 5.239834020641630230e-02 2.729444439756210095e-01 1.329998411995519936e-01 1.495865804998370019e-01 1.127797327937360011e-01 1.327038355255590052e-01 1.399450673753339924e-01 8.271173060147180012e-02 2.058597748058189902e-01 1.379639665715899910e-01 2.116886302320609980e-01 1.331914292212350026e-01 1.906594099326950065e-01
1.489334378444140128e-01 6.094132058979749855e-01 5.314448183226350153e-01 1.895465755381630091e-01 5.345604453654829724e-01 5.922909397682980526e-01 1.000000000000000000e+00 5.132228471012170168e-01 5.974157482300499478e-01 3.675754080066589990e-01 2.120178728826589976e-01 2.952941803147680067e-01 4.310714876285189900e-01 4.919188055032799878e-01 3.430976875969399820e-01 6.395560771089230379e-01 2.918139226156519772e-01 3.799857834244890209e-01 4.649371874168740093e-01 4.745543672120600132e-01 3.366368455505889812e-01 1.839495708421290121e-01 3.247877235532540263e-01 1.417368046304010032e-01 -9.204765320556919719e-03 3.533631134623180237e-02 3.455881541973500337e-02 3.715322129623210151e-02 9.528927893017799522e-02 2.974247395774000102e-01 3.163149934538290187e-01 3.108382033531320032e-01 3.470871334869070068e-01 1.489756345189280073e-01 2.041607766409279934e-01 5.325419660444780101e-01 1.201909688675990018e-01 5.167969549035319465e-01 3.973848881162340141e-01 5.741292117524120497e-01 1.943387766178999998e-01 1.418114537550629883e-01 3.556709049671959999e-01 2.242406686957650053e-01 2.180464426583720028e-01 4.027185534879709761e-01 3.191943982800570234e-01 1.733249191510179976e-01 2.442521339050149898e-01 3.944417997456849956e-01 3.154414421645070077e-02 5.593854392113990492e-01 5.915272539635789695e-01 4.426282679568440126e-01 5.905799669923890161e-01 4.930105987538220269e-01 5.457638850838669731e-01 4.741080048374459732e-01 2.844773132537369853e-01 1.067278378155999963e-01 1.921410796190100023e-01 3.335687375238219898e-01 3.910733618700469871e-01 4.972965147269590158e-01 5.016817832318489767e-01 3.047182471608539944e-01 4.534972162797150097e-01 4.746227148944319740e-01 1.228909136794919948e-01 3.166345714185330174e-01 5.012872054675340250e-01 1.964387454127239918e-01 2.997269666032270075e-01 3.399473353713159951e-01 2.424364407588459891e-01 -2.809554500117220077e-02 1.685983008763080049e-01 1.337951264860640088e-01 2.835644643098370055e-01 4.377655671985969943e-01 -7.912707534023779785e-03 1.100075699473219981e-01 2.454432729707879957e-01 4.561535466169820002e-02 1.605552120097860080e-01 2.801508603427039779e-01 1.592689206282889985e-02 7.173394515079449529e-02 3.134144381865699991e-01 2.446893036384490128e-01 3.207040032329380175e-01 2.939266049536550240e-01 4.499262578454429895e-01 2.123744439684749907e-01 3.653595707747570032e-01 2.233923488914600075e-01 4.018309587895739776e-01 1.745351569988579932e-01 1.076669595394629947e-01 2.544697567850700004e-01 4.733202111140519946e-02 1.035259853468810040e-02 -7.503014868619360678e-02 3.768094644951589661e-02 1.560770158495619897e-01 5.457605287064459798e-02 -4.630175056849560045e-02 1.038514662147750067e-01 3.850032166315259935e-02 6.377512036195870371e-02 1.594752747505699952e-01 1.081410882655530065e-01 4.533892063977860154e-01 5.230986296808020075e-01 3.653899202716510142e-01 3.026572714944040232e-01 4.159286807195199942e-01 3.722730684808640000e-01 2.716676991720289869e-01
2.033252315704670021e-01 5.850904416261220042e-01 5.172369047497400452e-01 1.383722195489829887e-01 4.618700278453080066e-01 3.491879004775210182e-01 5.132228471012170168e-01 1.000000000000000000e+00 5.283381774957950361e-01 2.770727815118669835e-01 3.221552203798789815e-01 3.556590975235450203e-01 2.445891568975739894e-01 5.600967938105799737e-01 4.094893891084139814e-01 4.064686284175719755e-01 3.030443689311240196e-01 3.872452790970309922e-01 4.065926470126740022e-01 3.936038483695070145e-01 5.815935979271720235e-01 1.009982410813359960e-01 3.597819905910559779e-01 2.304659170884479913e-01 1.607272862273139979e-01 2.415243670592359948e-01 1.632231090756159908e-01 7.232759595452099843e-02 3.040198801795950256e-01 2.011676854553390015e-01 5.304274656387039655e-02 2.973729334545199832e-02 -1.131317735342459996e-01 -1.288855027826789901e-01 4.216036736761009929e-02 4.384236785457800156e-01 1.502198949897019971e-02 -4.468556701785740028e-03 -9.603129198383759946e-02 2.553892190836279941e-01 -2.419014566448109971e-01 -4.470004091354100317e-02 -7.124733773509990542e-02 -9.507688934442880269e-02 1.409747845030799862e-01 -8.234814029315840056e-02 -2.867910794422460011e-02 6.107655102114459928e-04 1.631148278365819881e-01 -2.994719475787909965e-02 1.773257659172310097e-01 7.172330508560800233e-01 4.946374491061629741e-01 4.530692315232749956e-01 4.830295489808140164e-01 4.626777799563620008e-01 8.638039607857509461e-01 6.530717501517050438e-01 2.970282839619660109e-01 4.353654454607439744e-02 2.157729020932749875e-01 1.985348486720860117e-01 2.769645505693459908e-01 3.676191474611170129e-01 3.842081692158170192e-01 3.187796162915250142e-01 1.094300468771469970e-01 3.514486810837370023e-01 1.748356530087079863e-01 2.761369017944290127e-01 5.491907902872960046e-01 1.240529469345300062e-01 3.655457444378369947e-01 2.151501445433869897e-01 3.187437424361960203e-01 1.474298759877130105e-01 4.630463452298450022e-01 3.048707688105160019e-01 7.696027990629560056e-02 1.781628657139429917e-01 5.720778617763259966e-02 -2.385345731548290105e-01 1.039683229022889989e-02 5.186162815792710185e-02 1.772851292481620045e-01 -5.856961024254119658e-02 4.038798642883059675e-02 3.092638629875860135e-02 2.825181069638910136e-01 -7.990690207560680047e-02 -5.126206635297109876e-02 7.746058390799340221e-02 1.867257509089390033e-01 6.669262718096929943e-02 3.846430963559110267e-02 -9.619841582037159944e-02 -9.046863892705370169e-02 -5.659719041988269667e-02 2.406517973334280081e-01 -2.072539670169330165e-03 1.673121408814650171e-02 -9.057310074120399762e-03 1.367061858734829917e-02 -1.607250845905600078e-02 5.915695405712999982e-02 5.713713256129530210e-02 1.512929633330269974e-01 2.319628762683239864e-01 4.328410693318379687e-02 1.721573646068330077e-01 5.177888732844170006e-02 4.151941385503629678e-02 1.984795985368379978e-01 1.822604161006650125e-01 3.973762587637559851e-01 3.567922044638789925e-01 4.035546931311950192e-01 4.027378385813469852e-01 2.785625026746820221e-01
-1.689986332388559997e-01 3.663178850746189874e-01 4.137794935432370091e-01 -1.831165412318270028e-02 3.123046475219979912e-01 5.984393531757380424e-01 5.974157482300499478e-01 5.283381774957950361e-01 1.000000000000000000e+00 3.609294331775009801e-01 2.563390510544710232e-01 3.739752103511240211e-01 4.142208293467949942e-01 4.871738760069069807e-01 3.646431235923219827e-01 3.450096889054660165e-01 4.171926872791710261e-01 2.242839427215810033e-01 3.919223852415629761e-01 2.459298786255429969e-01 3.684347621340209877e-01 1.460307625566290013e-02 3.062349705307609860e-01 1.787019754589289910e-01 2.223736856023370012e-01 1.740111769396489871e-01 -1.348793485779859955e-02 1.049600718196539995e-01 2.470361985499769930e-01 2.702539332641750169e-01 3.123595290547150072e-02 7.100727847365979895e-02 -7.465444065431689480e-02 -5.669300165213120302e-02 3.209939904241109919e-04 5.245651595492309971e-01 4.502312716808670214e-03 8.206267815140390331e-02 2.395900068074170025e-02 2.864881129004949734e-01 -2.158929818990339977e-01 5.273659686773409828e-03 1.355606065117879924e-03 7.773979729578170406e-02 -6.828294648367450037e-02 -1.325624448395189975e-02 -8.694649903110650280e-02 -1.172753977921359991e-01 1.954578853848699949e-01 4.456526988627849961e-02 -6.343069482256130653e-02 4.385333796493899872e-01 4.109394382786860089e-01 2.443166027584300071e-01 6.493527217057170065e-01 5.016954034725880085e-01 4.733971151857769843e-01 6.413055471281470243e-01 3.246064170467479748e-01 1.083092522710669969e-01 2.556696269231210072e-01 2.798206771907220114e-01 3.807095322481089950e-01 3.943638362119469831e-01 4.469471249298480053e-01 2.854101277365370115e-01 7.453641180170579583e-02 4.013418148132940066e-01 2.419346762816619867e-01 2.649010422237880191e-01 4.570357564040650189e-01 1.253985189968009895e-01 2.400758208438850128e-01 3.471728745834239960e-01 3.448909424112530098e-01 1.696583388494959932e-01 3.015102345992810018e-01 2.522151814588740049e-01 1.617672139967010064e-02 1.978174201320430092e-01 4.711617695343359863e-02 -9.981697160750749309e-02 8.468900944952119370e-02 5.568201290653369828e-02 7.020961725019199406e-02 -2.755943791220629921e-02 1.415917468716470021e-02 1.009107035797570003e-02 3.488765739233550267e-01 5.008347640473460177e-02 -9.703127685362339383e-02 7.568503312633829971e-02 2.086739588422590053e-01 1.733319291472170121e-01 1.629093154296570034e-01 7.550985334945570226e-02 1.323620606460050066e-02 -9.788771082682200253e-02 1.804520229097469897e-01 7.715200538147619358e-02 -6.249852007823419875e-02 -8.381315767680899698e-02 -1.664799687835389896e-01 7.945449126429640629e-02 1.382813025997179923e-01 1.407874629063839977e-01 8.313266871422529680e-02 2.437807481440150137e-01 -2.551683471158380009e-03 1.694662451520189961e-01 1.826276589613909929e-01 1.845482629916180006e-01 1.475272957849839972e-01 1.056372875775660053e-01 2.326842078841339923e-01 2.835322801033239859e-01 2.983966827252830245e-01 3.377728261961029932e-01 3.130186918733159906e-01
-2.089308564271100122e-02 4.577669306737299770e-01 3.460833680753879760e-01 8.866580288082340222e-02 2.418725046000400059e-01 3.399024502631449729e-01 3.675754080066589990e-01 2.770727815118669835e-01 3.609294331775009801e-01 1.000000000000000000e+00 5.622250258375729448e-01 7.947757463133889866e-01 6.214796939198340420e-01 5.407192151570070493e-01 7.179639481319659566e-01 3.727443060387979901e-01 5.189653620475379592e-01 -8.507078120608910221e-02 2.602707560113790008e-01 1.794827087823629985e-01 2.502487779801970125e-01 1.553079033542389964e-01 3.333615182799959942e-01 4.548734961517790221e-01 5.511508444479999991e-01 5.301407231149349863e-01 3.451698235343220178e-01 3.782184816722770071e-01 5.518003629257099973e-01 5.509397302763580084e-01 1.423763628206100029e-01 7.442928582321560460e-02 6.335265048306949753e-02 -6.498069155869920510e-02 9.029570807697059887e-02 2.404254480998440080e-01 3.379183738104750145e-01 3.550057800418179865e-01 2.665237915638740129e-01 6.131067870872769499e-01 -5.893277465901859691e-02 3.037086864039880152e-01 1.897944969821440120e-01 1.208987088126280002e-01 1.374393019523119930e-01 1.291595259816969987e-01 1.275369835925470041e-01 -1.083547897631779999e-01 6.668649591294309974e-03 8.714405478683860673e-02 -3.216531639864789877e-02 4.961337639087429752e-01 4.479294290337539897e-01 3.849240033631050051e-01 3.138133355329950080e-01 2.941029592508679902e-01 2.996526375140909915e-01 1.677458418813110030e-01 8.414769458344909525e-01 3.170150427218890177e-01 6.686022710454579965e-01 4.801427786293169797e-01 6.351846794793429840e-01 3.541756802817230265e-01 4.757142273830169965e-01 6.491278465422429811e-01 2.188335066357489922e-01 2.888807622721479840e-01 1.201934951775650018e-01 1.398978706475790049e-02 5.119245609614869741e-01 4.799352876394940015e-01 3.757075290388209865e-01 6.767324860954999632e-01 6.943881253843590118e-01 5.830799506247810182e-01 5.732935364146160007e-01 6.502980553737639502e-01 2.517920349656689871e-01 1.723119308318200038e-01 4.129521745135850130e-01 1.029452971345850010e-01 2.145147812948000055e-01 2.732905469856959924e-01 4.860260210561839767e-01 2.159350052394800046e-01 4.415805977803590188e-01 3.850683801113510274e-01 2.549613286619579755e-01 3.612111652447039800e-01 9.708061616092400481e-02 4.633191494022910195e-01 5.874580361278100016e-01 3.517804922524859768e-01 3.899788981593639847e-01 1.453693120709539932e-01 1.585786124577960032e-01 2.562756655170569942e-02 1.081183530791210018e-01 -2.508293272972009994e-03 -1.842531650155499953e-02 1.132344072551779990e-01 -8.048865204232630299e-02 3.493877642019029839e-01 1.651246863598939962e-01 1.351225118085080112e-01 3.375356893553549953e-01 4.380153448285670215e-01 3.681760920951490101e-01 3.177049801199480217e-01 4.150800742521710274e-01 5.295073385671039690e-01 4.473328051964109986e-01 3.826824096685240151e-01 6.049454133479259532e-01 4.035957222291080004e-01 5.344437092542939638e-01 4.297154632079480119e-01 5.732837001794970355e-01
8.332250385518899516e-02 3.249904887415209775e-01 3.630597464977600164e-01 4.290713354227439907e-02 3.062713596946550210e-01 2.396145695772430029e-01 2.120178728826589976e-01 3.221552203798789815e-01 2.563390510544710232e-01 5.622250258375729448e-01 1.000000000000000000e+00 6.734013241587849530e-01 5.293757492459979508e-01 4.499401902413370236e-01 5.644373246465149707e-01 1.794285439496760004e-01 4.019885728922359958e-01 -1.812666858862629904e-02 2.574402086848199822e-01 1.959276086151449936e-01 1.787005527326540055e-01 9.124519381746959423e-02 2.907812327183970091e-01 3.084905823588349749e-01 4.386005700354139725e-01 4.285089378592640275e-01 3.297120468050829811e-01 3.339121785611949833e-01 4.897873530104440154e-01 4.455842972563289761e-01 2.318574611740109870e-01 6.315758306714840120e-02 -5.664758874249210124e-02 -6.628145869013139790e-02 2.452761301211309891e-02 3.452332404134150212e-01 3.278444414853829980e-01 1.381551737950449943e-01 9.511692591564220589e-02 4.633986979363790004e-01 -1.064517327234990041e-01 1.873828726738860084e-01 4.744508856416430193e-02 8.031737293900169383e-02 7.474390056939660132e-02 -5.024457789759619736e-02 5.103877002337269680e-02 -2.717051598146070016e-02 1.698226684351220039e-01 6.962987582645889517e-02 6.674090122372740297e-02 3.984123724300719926e-01 2.196221316051349959e-01 3.801019119305519833e-01 2.593066570739869792e-01 3.094242379538230114e-01 2.927022995669519845e-01 2.671935514748740026e-01 6.274018116667029465e-01 2.153871704999379966e-01 5.179686649171759694e-01 3.708248637605650044e-01 5.629829213108850094e-01 2.725933698256099991e-01 3.487688215286199878e-01 5.188043458557199950e-01 9.265699429595120051e-02 2.597684353598739837e-01 7.037845367523719309e-02 2.444395008089840157e-02 3.830568229904720012e-01 3.443944674038360021e-01 2.828241454770830110e-01 4.637691973673920276e-01 5.910272708593350410e-01 4.004141675714010251e-01 4.702965983194509758e-01 5.086814319441439469e-01 1.929435419011109876e-01 1.608669319959619981e-01 1.980200599354380031e-01 6.594915678740589926e-02 1.080789372794069975e-01 1.418430527905119864e-01 3.392842866282049785e-01 1.618615495587809872e-01 2.912450142084079818e-01 3.208945739115550144e-01 3.442480408601339970e-01 2.449024958622260106e-01 9.963563552854509675e-02 2.624418041078590003e-01 3.286957042392180117e-01 2.147340520115809948e-01 1.611605600703920060e-01 1.423997308686320018e-01 2.782531673205489858e-02 8.148796350668449651e-02 2.025605693860789980e-01 8.514381877421829670e-02 1.049958733903690045e-01 1.659998100801360066e-01 6.582478690889069506e-02 2.917202893145059983e-01 1.423387416259249971e-01 1.713310030328200062e-01 2.855795120135469767e-01 3.648546837671139964e-01 1.596303996218839949e-01 1.859995678207150005e-01 2.065150726322000085e-01 2.520244573167120250e-01 2.037289571514699915e-01 9.620334939780039729e-02 4.432920791664959892e-01 2.775206851961630194e-01 3.400193705117550147e-01 2.811111629023930192e-01 3.448676084465119862e-01
-6.107095504777920042e-02 4.493547407598080246e-01 3.571869122703349997e-01 5.652938665372760074e-02 2.338162089067019889e-01 3.045844072814730130e-01 2.952941803147680067e-01 3.556590975235450203e-01 3.739752103511240211e-01 7.947757463133889866e-01 6.734013241587849530e-01 1.000000000000000000e+00 6.314003896120079506e-01 5.527518579056469594e-01 6.892915224441440447e-01 3.295798432848580095e-01 5.922842198576759865e-01 -7.901266725230729482e-02 3.340849519214750263e-01 1.436112837899929939e-01 3.737118806759769929e-01 1.879530539329259953e-01 3.910341188457789885e-01 5.613640389631909811e-01 6.380231517567209742e-01 6.360398420313539969e-01 3.566351568810550154e-01 4.061364324140350202e-01 5.317974427273050031e-01 5.132047734784159765e-01 1.610191193412220112e-01 3.275458069052190196e-02 -7.037233576011840165e-03 -1.076482135956190050e-01 3.007989028824130037e-02 2.331034922849190005e-01 2.346244895689469923e-01 2.253665190925970008e-01 2.006623889894990076e-01 5.976236787289449515e-01 -1.593034690804009945e-01 2.757925643099859991e-01 1.471877669697899960e-01 4.734403115588679822e-02 2.028301044531529915e-02 2.942416704997799851e-02 6.581749992301430541e-02 -1.199095008852349986e-01 5.068401284133620260e-02 -5.617426923193809957e-02 6.392925434554199739e-03 4.605253673662350056e-01 3.832631633263809956e-01 3.489268543133040024e-01 3.141637904714449925e-01 3.185020394163379787e-01 3.540164270477940134e-01 2.138284066601320033e-01 8.026322956508169515e-01 3.095564586340029956e-01 6.605588286482340088e-01 4.326316934326959740e-01 5.894341633585370444e-01 2.969521377420130115e-01 5.311680730388820271e-01 6.247922032784110069e-01 6.880847971378549477e-02 3.258442837796279856e-01 1.484801581821680039e-01 -5.709686450690630057e-03 5.314337835614569849e-01 4.056190071948350129e-01 3.348615982783459954e-01 6.312077185386310019e-01 8.307245713404489695e-01 6.056260577625529606e-01 5.676138095010420104e-01 6.801882229087710119e-01 2.635279188595009980e-01 1.428615132041889946e-01 4.386658927641590155e-01 7.052956972711340276e-03 1.459268876024900075e-01 1.914472237627350137e-01 4.226774203897840088e-01 6.406099378020059520e-02 3.186770957262199944e-01 3.626006223486429869e-01 2.180859455404559888e-01 3.059378071701929769e-01 -2.740788757699970032e-02 3.400233875391869831e-01 4.649343262866619808e-01 3.135385682099299798e-01 3.243112157845070009e-01 1.107307910105179982e-01 5.474440371251650117e-02 -5.225620819795429722e-02 1.473428316805860117e-01 -1.023188282132559968e-01 -9.458581528029469734e-03 2.164600305770660038e-01 4.061795977890799575e-03 3.365306594634949744e-01 1.808923066117330003e-01 1.753878930032830019e-01 3.217012109622879867e-01 4.705615391375260192e-01 2.874258321741420263e-01 2.556312562611550154e-01 3.736280265117979948e-01 3.936115762678050189e-01 3.019317713613349774e-01 2.189950768268769943e-01 5.865014238896599785e-01 4.133907639979310100e-01 5.005608297707260235e-01 4.245045079371160268e-01 4.790894640692580086e-01
-2.905676704601040106e-02 3.116592078885699890e-01 3.185154284625489884e-01 2.960510095339270037e-02 3.290674567490969871e-01 4.316673174694000137e-01 4.310714876285189900e-01 2.445891568975739894e-01 4.142208293467949942e-01 6.214796939198340420e-01 5.293757492459979508e-01 6.314003896120079506e-01 1.000000000000000000e+00 5.083027842137669561e-01 5.802724367455589505e-01 3.447230066818379735e-01 5.260209716417050263e-01 1.240184658847779953e-01 3.036679892595139929e-01 3.258664979862839761e-01 3.067229319041059887e-01 3.576345818267889776e-01 3.415173906478989885e-01 4.232280999086919793e-01 3.510538923745160078e-01 3.925187843901429829e-01 2.331283196526159895e-01 2.707892206882849817e-01 3.905011960444489949e-01 4.938824772142380026e-01 2.256172771891800100e-01 2.339726503382690004e-01 1.741734278260400060e-01 8.291707588605659596e-02 2.057865592299260027e-01 4.006035198367189909e-01 2.028913756970650017e-01 2.563211795875030008e-01 2.710482082448599783e-01 6.122597869358520351e-01 4.763773416825060197e-02 1.677572536512000057e-01 2.134457145141619994e-01 8.202459556257539475e-02 1.178561105983289975e-01 1.141718381274530042e-01 1.862019773927620081e-01 -6.461220081121869796e-02 2.653521326552840121e-01 1.634059592158310092e-01 6.212275663339920234e-02 3.264526504998400136e-01 4.227147037185480238e-01 3.057517460721029812e-01 4.189510753820099853e-01 3.832850500027750185e-01 1.979391326936000006e-01 2.151943396447099921e-01 5.133211457134839728e-01 2.113345896803880131e-01 4.991371332592460242e-01 6.535028886862049857e-01 7.400464592786789586e-01 5.018143629194430355e-01 4.247105068407079909e-01 4.653702146626270131e-01 3.512521676173500085e-01 3.948278154946879837e-01 2.370190072510869883e-01 2.191410462477869914e-01 5.076031963862599472e-01 5.416222214590470374e-01 2.226232561013349875e-01 5.245734591569519711e-01 5.440610719422820374e-01 3.210255043644040240e-01 4.346794168690549798e-01 4.875901787094080175e-01 2.250456301005349935e-01 3.165868724683409963e-01 2.090224817252299971e-01 1.964240908822010023e-01 2.415436974814499926e-01 2.758714950092109874e-01 2.746360786962899758e-01 3.331930431854520092e-01 2.006654856374359974e-01 3.105974324330039726e-01 3.897664443508819798e-01 3.326159596397910145e-01 1.743207453656279993e-01 2.340108811502359942e-01 3.033990954229410231e-01 2.362777613924419984e-01 3.131669249453630233e-01 1.663342423392870084e-01 1.186882844888079991e-01 1.828957202803689897e-01 2.302695049863960064e-01 1.289524185615729956e-01 2.045510254354369895e-02 1.202932584516370057e-01 -8.026555391821749846e-03 3.133811698702910209e-01 1.812564851843720126e-01 1.884251943055459955e-01 2.005594992267130117e-01 3.401754596732000091e-01 2.479205994208960040e-01 1.677573982091520033e-01 2.921428381792769979e-01 3.506995517800470252e-01 3.116116865017150017e-01 2.125999181475879962e-01 4.287147285457970081e-01 3.303632115597660013e-01 3.325068812038010080e-01 2.593977037067140001e-01 3.930553731897429848e-01
