9.999999999999998890e-01,9.710312148878610383e-01,9.544114085205097631e-01,9.811923289105621837e-01,9.243686925171475943e-01,9.439908564947580016e-01,9.768669510917793453e-01,9.451941650293969044e-01,9.148201851281807517e-01,9.689587535829292664e-01,9.528241255318113945e-01,9.186253278532641176e-01,9.857238176287363984e-01,9.358700563319487520e-01,8.919970120790451373e-01,9.447778833592084258e-01,9.755473225078847843e-01,9.731116196593789791e-01,9.519815240602073070e-01,9.863234584565492291e-01,9.547405122165375513e-01,9.347489167969353918e-01,9.333208840623850033e-01,9.269960684300526665e-01,9.683628996993456362e-01,9.366031622631385556e-01,9.783216523167419520e-01,9.736443091598927513e-01,9.419036389041736124e-01,9.729862691919712869e-01,9.467665763806918378e-01,9.376606147785545575e-01,9.616616903855053078e-01,9.619191097098680476e-01,9.628535118122497627e-01,9.791137671817868871e-01,9.855945512595460922e-01,9.739216262453755935e-01,9.332665128023860390e-01,9.489162671503564850e-01,9.061374273305077276e-01,9.654903367796180413e-01,9.253457195540347735e-01,9.338161564791851443e-01,9.116374092373286109e-01,9.408949995510895725e-01,9.519755177913208355e-01,9.589106877184488953e-01,9.696902723870617358e-01,9.712632461020065389e-01,9.737406829825971943e-01,9.545309895975073733e-01,9.753099321016777123e-01,9.681340613209457047e-01,9.543190091528827024e-01,9.718289535049828842e-01,9.714909770389590360e-01,9.595719055234972483e-01,9.581005247652609746e-01,9.762543807572148236e-01,9.752669134329852163e-01,9.435110815325162825e-01,9.725669183564604747e-01,9.648560951190101598e-01,9.403175217750294745e-01,8.773676633420679494e-01,9.434926113501848066e-01,9.561866461202938039e-01,9.324077835631512379e-01,8.874033162419781018e-01,9.450070724279994172e-01,8.743772767694555359e-01,9.492211345795862343e-01,9.608077694921566270e-01,9.595510231642929710e-01,9.410538733760931418e-01,9.847181427845504986e-01,9.779873363817058740e-01,9.529124792219256790e-01,9.473186943612761368e-01,9.603289873507834251e-01,9.592034597987111333e-01,8.523265184273944861e-01,8.598614598347165128e-01,9.345694057651132702e-01,9.355638733006836905e-01,9.452618996704768017e-01,9.675636891511787407e-01,9.634047616881198373e-01
9.710312148878610383e-01,9.999999999999998890e-01,9.865621882369459694e-01,9.915638566839199974e-01,9.026545704310229290e-01,9.327641628185235900e-01,9.635043859324964322e-01,9.806452354480029721e-01,8.821452929455563252e-01,9.604062017771259896e-01,9.782589068262840248e-01,9.706220121404955936e-01,9.577765218361894428e-01,9.711204457423051606e-01,8.363948075763822931e-01,9.144558135190423709e-01,9.570396001030586630e-01,9.909332736695068977e-01,9.488431415212763564e-01,9.895559665138573546e-01,9.441150339462167640e-01,9.203702976963046289e-01,9.666342510420091738e-01,9.524828474001227896e-01,9.602415395584182889e-01,9.238346468599097916e-01,9.741790893403513563e-01,9.814454741219280631e-01,9.388613095755454774e-01,9.726428582435712178e-01,9.058611563897038810e-01,8.931652068444205783e-01,9.364746902656247984e-01,9.716397160832550561e-01,9.159601170130463599e-01,9.360311524294466778e-01,9.835725787947889875e-01,9.684328105160933120e-01,9.443443870570427112e-01,9.285771042805874842e-01,9.149442686421594972e-01,9.595688208603653235e-01,9.439935286698066808e-01,9.528124620574685011e-01,9.506219946628957640e-01,9.641312428520251165e-01,9.694355699899843692e-01,9.831473966183473800e-01,9.778613792732472332e-01,9.721754052035140869e-01,9.785547537834631271e-01,9.945490435844478450e-01,9.691047024882091243e-01,9.727954243459947525e-01,9.595015154753805398e-01,9.825131816704621990e-01,9.737754229246509130e-01,9.636035370364143260e-01,9.485080533953572646e-01,9.547423276926924052e-01,9.825719600175111257e-01,9.760897681794287184e-01,9.690692218113137191e-01,9.489539102672261972e-01,9.721848665274699375e-01,9.490890491517580685e-01,9.663525957715998205e-01,9.159114660499403371e-01,9.203081222957247842e-01,8.576749553441265217e-01,9.275357240254975544e-01,8.111041263662697176e-01,9.229306366884810764e-01,9.741060826407756945e-01,9.692186668163427221e-01,9.727070063802822908e-01,9.784030828614721509e-01,9.886454166552569589e-01,9.633066217205435988e-01,9.631875297736489649e-01,9.809159009292178766e-01,9.800108858627092356e-01,9.103908259652910839e-01,9.194873467729208771e-01,9.690689997775306930e-01,9.686827696058764037e-01,9.609483425394982348e-01,9.673949128164454070e-01,9.905383770251144915e-01
9.544114085205097631e-01,9.865621882369459694e-01,1.000000000000000000e+00,9.844573070832330908e-01,8.501891111139560087e-01,8.806997143548133122e-01,9.528717644768937012e-01,9.916201602405205762e-01,8.342114721551383560e-01,9.542589661340497020e-01,9.751645389472413106e-01,9.833678227469566657e-01,9.393140218834603594e-01,9.892149939797623137e-01,7.663993027124682555e-01,8.574526789050961328e-01,9.510841165006981290e-01,9.822931656104540998e-01,9.021824420772290853e-01,9.727742510498202932e-01,9.147073289694801490e-01,8.700460870600903451e-01,9.912996677725974815e-01,9.785489650154374219e-01,9.378258509069193893e-01,8.726834623404504665e-01,9.547374212376686931e-01,9.744778266543462353e-01,9.539650550339644486e-01,9.618778226385314989e-01,8.648517600908629532e-01,8.400239436266421222e-01,9.108329591530102132e-01,9.734341233155352491e-01,8.756903343288260366e-01,9.137061744660321949e-01,9.655181988768997137e-01,9.566211335141443506e-01,9.375464413264811281e-01,8.935957089623463023e-01,9.352394225275113548e-01,9.764255395033381024e-01,9.716526064282904329e-01,9.755414376034969859e-01,9.793015686918553619e-01,9.805990659825598588e-01,9.886962025191661230e-01,9.918228056685111094e-01,9.892876160112227257e-01,9.829247082920546941e-01,9.689978293389753805e-01,9.871559220911383381e-01,9.660740723709844158e-01,9.586696430565202487e-01,9.720757303230134205e-01,9.864899955727468583e-01,9.663342019375216196e-01,9.743310626929044815e-01,9.622473740450454560e-01,9.584596720100013734e-01,9.834233450697926759e-01,9.941092190949218921e-01,9.474302237237259838e-01,9.190247845136347848e-01,9.856008190461423846e-01,9.495984024228720788e-01,9.751501249376987035e-01,8.784848785193581922e-01,9.093757132781049579e-01,7.981889342387554764e-01,8.778532450735752057e-01,7.399798043375820367e-01,9.277038201020578745e-01,9.793643237618179231e-01,9.832105344291235394e-01,9.918326225342626312e-01,9.542459489081833723e-01,9.704312478683123633e-01,9.809077019080111315e-01,9.815846756646956495e-01,9.951848422772213709e-01,9.877164278699177569e-01,9.507841340065814606e-01,9.514531293056803785e-01,9.907536504267122623e-01,9.899158123029520029e-01,9.685098891118674169e-01,9.550068064006049795e-01,9.943737254267598358e-01
9.811923289105621837e-01,9.915638566839199974e-01,9.844573070832330908e-01,1.000000000000000000e+00,9.080052179448464544e-01,9.323282051224515143e-01,9.682967702787859121e-01,9.740941574724991669e-01,8.846614156685490560e-01,9.661549829058584393e-01,9.759565235181438814e-01,9.598538803254001994e-01,9.726541026670306733e-01,9.685003660012474480e-01,8.519277727508101083e-01,9.168183813571585405e-01,9.723001021958463941e-01,9.899434491971336181e-01,9.375268108137497780e-01,9.882675644177344454e-01,9.360873201584982706e-01,9.143166237809801089e-01,9.677850752864280981e-01,9.509082147990193246e-01,9.598040673015306723e-01,9.250634883090587124e-01,9.737477388152890878e-01,9.798178629105720461e-01,9.530960128371278595e-01,9.720111165523532826e-01,9.236389571001952792e-01,9.098728163741415242e-01,9.579991056247227910e-01,9.807066308383309838e-01,9.323238163318178229e-01,9.514053842866988520e-01,9.870660336869804263e-01,9.642481495347762221e-01,9.271446496185914432e-01,9.212303028288068019e-01,9.252942222601082678e-01,9.788282494203992545e-01,9.482952724259067212e-01,9.644769999297173602e-01,9.497667439751129592e-01,9.740846602624612105e-01,9.772762073111935788e-01,9.828735993994699438e-01,9.840089307140096331e-01,9.775410319610221554e-01,9.808844779375328615e-01,9.833219167162622343e-01,9.777285907217159178e-01,9.741603829838212381e-01,9.617101175304247906e-01,9.841397952300832142e-01,9.681775000529559971e-01,9.658361372360020347e-01,9.619407720577857202e-01,9.717041189054710371e-01,9.810448215243980918e-01,9.728865007289151379e-01,9.606929075710948229e-01,9.470501023566846310e-01,9.666846822384881355e-01,9.261457832358153119e-01,9.585472656905431599e-01,9.262061285230153151e-01,9.090692609548800540e-01,8.375409532875779384e-01,9.270889434776689031e-01,8.288859559239643016e-01,9.367997583515768056e-01,9.777898727298586223e-01,9.707886523253099753e-01,9.712690807089050526e-01,9.817189539972275281e-01,9.908071996121482483e-01,9.712980917960594152e-01,9.663069494204076237e-01,9.835702503219705406e-01,9.781309456554827531e-01,8.971405258536799820e-01,9.042402210710264177e-01,9.660239646584223294e-01,9.689850080451214431e-01,9.603650767937366162e-01,9.657851491752595940e-01,9.895654855334288236e-01
9.243686925171475943e-01,9.026545704310229290e-01,8.501891111139560087e-01,9.080052179448464544e-01,1.000000000000000000e+00,9.721535467972706179e-01,9.276099584107617702e-01,8.239215032780651260e-01,9.634608210048062338e-01,9.133753014861991648e-01,8.861254231814120752e-01,7.919321197617759100e-01,9.474023331464762609e-01,8.037975326602722070e-01,9.542777664460644349e-01,9.830458342269258187e-01,9.184636721412170468e-01,9.226250228057566449e-01,9.705017253085177487e-01,9.308551648126703881e-01,9.439384035986998489e-01,9.747443027968928364e-01,7.969106048732664815e-01,7.705765212475749193e-01,9.573258154247060725e-01,9.938435430319653152e-01,9.478242259968638894e-01,9.267247720255828991e-01,8.454601949168296660e-01,9.184500435632062532e-01,9.780757494334633151e-01,9.709596044721631181e-01,9.518948377601266220e-01,8.883637307751022227e-01,9.606922968022565401e-01,9.289480834251799823e-01,9.205566347932832016e-01,9.011025259885809824e-01,8.207873616246101900e-01,9.304974732450067565e-01,7.737412049833523042e-01,8.494834060681668575e-01,7.770575410899052127e-01,8.057483701107311935e-01,7.984928530851016504e-01,8.294228741220284196e-01,8.285710408197788368e-01,8.699537458707420345e-01,8.597717005745917351e-01,8.752482060440333056e-01,8.709170270843020756e-01,8.835540505320066407e-01,8.618207698684807738e-01,8.664520264144098816e-01,8.412234473777092658e-01,8.528849905470885506e-01,8.972195735002070904e-01,8.482886358232777368e-01,8.624823310468234805e-01,8.928005832831138466e-01,8.903514366578819672e-01,8.357197982867496933e-01,9.313067700827284412e-01,9.685871505016204752e-01,8.204974785199300458e-01,7.588992436258491514e-01,8.248663760703314196e-01,9.756466155696235099e-01,8.439924143764476749e-01,9.165363843798886023e-01,9.856531842715514635e-01,9.554033827319209360e-01,8.693730309462629480e-01,8.892647760033312032e-01,8.452816085255829837e-01,8.158510144090467264e-01,9.213191979501709206e-01,9.147697815441088176e-01,8.426461716502327004e-01,8.234110428698420137e-01,8.536502071386937729e-01,8.667828388909744053e-01,6.803620893627095878e-01,6.978690747887866808e-01,8.015994600192808406e-01,8.021238456477589596e-01,8.230440167811501340e-01,8.795858030324619214e-01,8.724507021492248215e-01
9.439908564947580016e-01,9.327641628185235900e-01,8.806997143548133122e-01,9.323282051224515143e-01,9.721535467972706179e-01,9.999999999999998890e-01,9.190527359853493117e-01,8.619954114826119396e-01,9.141838356562549395e-01,9.082456582286833058e-01,9.170496048339833450e-01,8.432131838744492125e-01,9.433001240861251802e-01,8.376566168548191804e-01,9.527591378079867113e-01,9.801182473090666036e-01,9.158259130712556040e-01,9.419648020128612576e-01,9.766601003410417814e-01,9.456288576766200826e-01,9.474144973858400487e-01,9.819175612123616226e-01,8.268451902113633789e-01,8.014941176680260293e-01,9.473965033871859509e-01,9.787844561015568434e-01,9.540202618235644749e-01,9.350038812708998393e-01,8.413692499514558998e-01,9.175540200016066850e-01,9.461135807642218065e-01,9.569778869280779476e-01,9.382676369667986016e-01,9.107143578044625265e-01,9.422184535037155806e-01,9.168635958049703438e-01,9.370809074818796658e-01,9.027211145065165976e-01,8.404336417747375609e-01,9.228794077266767593e-01,8.339415234004414756e-01,8.721954036076402517e-01,8.343254380233168233e-01,8.391958830103328770e-01,8.413469727603384296e-01,8.744759279183775824e-01,8.654113857092793349e-01,8.988679275536316515e-01,8.965121997120777397e-01,8.877761300287219104e-01,9.222746594348103510e-01,9.222979602378857944e-01,8.963881884490132457e-01,9.238135086622625280e-01,8.452269854780536384e-01,8.916948024998285760e-01,9.108789996465594951e-01,8.598552321411612187e-01,8.580010410278684496e-01,8.958255708170339560e-01,9.055558951959223890e-01,8.728401858226642052e-01,9.391132028658892850e-01,9.550018156576939310e-01,8.563370734555133534e-01,8.336683229500059245e-01,8.601565888539731697e-01,9.486052280758189292e-01,8.406598389025060625e-01,9.128702161435324758e-01,9.625934534870611570e-01,9.395493245079598044e-01,8.494892788872772105e-01,8.976193044950715461e-01,8.593657958848024414e-01,8.485541319892146994e-01,9.501464553739402685e-01,9.385156718128089270e-01,8.518047172569508385e-01,8.494520395623627040e-01,8.782578545607075959e-01,8.971138636032907065e-01,7.445627447173371882e-01,7.646261847275162005e-01,8.457193458239843364e-01,8.413646197237257818e-01,8.730235920251604442e-01,9.242737763026600550e-01,8.993992688387225654e-01
9.768669510917793453e-01,9.635043859324964322e-01,9.528717644768937012e-01,9.682967702787859121e-01,9.276099584107617702e-01,9.190527359853493117e-01,1.000000000000000000e+00,9.462552753607421652e-01,9.361985879866006055e-01,9.945938192754386620e-01,9.500598677690044180e-01,9.119416306514853687e-01,9.895103788270261935e-01,9.416327378206570398e-01,8.390328035272675011e-01,9.281241073286745635e-01,9.756254902227247117e-01,9.750804143055493700e-01,9.537050605087086241e-01,9.870802446736646196e-01,9.655752625211139195e-01,9.291522831808275429e-01,9.378440877366983619e-01,9.365721391834442855e-01,9.865007340370453015e-01,9.311333261136091055e-01,9.881267947485510295e-01,9.852249686588002708e-01,9.714877912029723506e-01,9.950783760432787561e-01,9.467069532231386919e-01,9.149018744843465667e-01,9.575233110193592800e-01,9.426237844562277424e-01,9.552314978076505980e-01,9.679515904180644448e-01,9.715002399091493546e-01,9.875245661362939131e-01,9.490209835312560793e-01,9.674183869778341105e-01,8.466543590473994962e-01,9.504093294299487127e-01,8.906622450205002872e-01,9.232334009332648916e-01,9.006306692976352446e-01,9.095622771806888274e-01,9.408889563799762712e-01,9.559011135251189728e-01,9.603135593953266991e-01,9.827915549552805885e-01,9.328515247967467117e-01,9.482757481103363251e-01,9.412157750669865042e-01,9.156482119158575461e-01,9.728598188069770281e-01,9.602209764851200591e-01,9.857005104031355547e-01,9.768314247484291002e-01,9.765818922953987125e-01,9.825355213034054902e-01,9.872788749704735078e-01,9.405676532428233205e-01,9.869855734326447028e-01,9.798748094277396348e-01,9.441754652433742567e-01,8.598682004622352215e-01,9.514415077306908053e-01,9.650758703754607204e-01,9.617501006820767806e-01,9.031372496067722189e-01,9.507583795597196463e-01,8.339093824987378056e-01,9.813542796565364323e-01,9.762517614574317548e-01,9.760799758211625710e-01,9.452026203254186854e-01,9.536479598629958865e-01,9.571881046405905646e-01,9.678631836177379322e-01,9.597524208220334918e-01,9.620188363679765819e-01,9.495257699491754799e-01,8.385903200552715653e-01,8.381728386714112355e-01,9.312865458077116410e-01,9.374263045055659660e-01,9.093181437338053730e-01,9.258507086282099507e-01,9.617277057063412515e-01
9.451941650293969044e-01,9.806452354480029721e-01,9.916201602405205762e-01,9.740941574724991669e-01,8.239215032780651260e-01,8.619954114826119396e-01,9.462552753607421652e-01,9.999999999999998890e-01,8.096667958123473507e-01,9.473523804315957531e-01,9.754928081562129760e-01,9.937436818069970146e-01,9.263827207944124176e-01,9.932056461094922462e-01,7.362180839505290120e-01,8.382760872364413141e-01,9.404605784998563145e-01,9.722103593643740549e-01,8.842922689690654314e-01,9.665775707203658751e-01,9.092697958410380643e-01,8.548087017942416210e-01,9.888999736242862770e-01,9.850821487677698940e-01,9.286578070965862963e-01,8.474096530385408776e-01,9.458832297639150344e-01,9.646791203610971532e-01,9.445465686018668094e-01,9.573010878347646413e-01,8.368292841300755125e-01,8.120564768997873273e-01,8.893571968630269442e-01,9.463796163138696871e-01,8.537645466557057805e-01,8.972946179602110384e-01,9.584522068421366114e-01,9.562611067401619591e-01,9.405392082189290015e-01,8.824070668788683847e-01,9.158002254580206447e-01,9.695747412596948944e-01,9.523144146475326366e-01,9.781636767682444500e-01,9.616888402307604000e-01,9.625406545576173922e-01,9.853339728077853410e-01,9.864344666599647038e-01,9.839323912457753618e-01,9.763192351398108926e-01,9.557922137820569208e-01,9.814391928507135709e-01,9.664265159744118705e-01,9.496820557023905041e-01,9.765929486226873069e-01,9.912195758972393023e-01,9.709897237560081162e-01,9.795002452252323799e-01,9.613171634265316179e-01,9.527651363554874298e-01,9.817907939937261519e-01,9.883378558402273750e-01,9.407382348660496829e-01,8.997337015237407698e-01,9.960511663914808356e-01,9.637307787698169426e-01,9.889977053930085749e-01,8.582827213625101592e-01,9.164309894136022372e-01,7.983628534299966883e-01,8.552029210209337595e-01,7.063002272050171726e-01,9.209249669261794224e-01,9.701568948931256209e-01,9.857715834303981683e-01,9.948129175027922155e-01,9.423859528002448416e-01,9.606445761085944390e-01,9.830711936655289751e-01,9.898227459949732188e-01,9.868284936094173787e-01,9.687789482784736617e-01,9.413347709281720821e-01,9.385588699963811621e-01,9.913234157336990870e-01,9.913816595379392194e-01,9.525532862369647802e-01,9.364452629157336006e-01,9.864080271905555364e-01
9.148201851281807517e-01,8.821452929455563252e-01,8.342114721551383560e-01,8.846614156685490560e-01,9.634608210048062338e-01,9.141838356562549395e-01,9.361985879866006055e-01,8.096667958123473507e-01,1.000000000000000000e+00,9.214149585257962460e-01,8.339934976315099835e-01,7.638421819362605225e-01,9.463576509474663778e-01,8.037537444156738209e-01,9.077624558023187351e-01,9.558279326281433619e-01,9.101457190136937880e-01,8.932158769910316654e-01,9.536512023711236630e-01,9.202241453921694569e-01,9.240473817898238185e-01,9.189995896907816597e-01,7.982959785590288959e-01,7.864415850662125340e-01,9.418519581598592261e-01,9.618533358498368990e-01,9.309512557057586513e-01,9.076455167599835061e-01,8.659505214777422077e-01,9.224622008255316530e-01,9.748307997986900286e-01,9.579375195134686161e-01,9.441071616716935067e-01,8.699798945943568729e-01,9.685310021604519592e-01,9.446678481432164709e-01,9.149017027516719303e-01,9.197457089166116706e-01,8.630366782598837272e-01,9.535463688545454675e-01,7.252144562425089092e-01,8.315792762190505893e-01,7.555803699292059639e-01,7.748100556400291383e-01,7.621462310799502760e-01,7.970013296352567167e-01,8.038759418294960657e-01,8.423506744516614519e-01,8.379007363051917956e-01,8.756344751110077818e-01,8.492879274179954141e-01,8.496823578629700835e-01,8.418036148027339127e-01,8.350515322502032323e-01,8.618160448771510218e-01,8.391221005946041256e-01,8.892318431516540445e-01,8.592716270519464850e-01,8.747469474023938929e-01,8.887292075141590697e-01,8.879198611174665690e-01,8.061577920091698157e-01,9.376884911065437311e-01,9.694795780718368228e-01,8.011809758318459984e-01,7.120196822609963228e-01,8.092790785060879344e-01,9.780610928842117247e-01,9.037952554245662906e-01,9.161375159063886997e-01,9.813341230694754280e-01,9.180708370131248630e-01,9.046004379730390177e-01,8.836013695564349790e-01,8.553819414694485701e-01,8.032951686465749086e-01,9.060478343749343022e-01,8.987430586176806679e-01,8.417691101673241416e-01,8.124517098837518159e-01,8.452337949352446422e-01,8.563631517791191472e-01,6.777350386461551413e-01,6.928990688197494974e-01,7.833665161341776262e-01,7.924093212952966203e-01,8.065914736914339134e-01,8.577815133827466632e-01,8.606690317144685132e-01
9.689587535829292664e-01,9.604062017771259896e-01,9.542589661340497020e-01,9.661549829058584393e-01,9.133753014861991648e-01,9.082456582286833058e-01,9.945938192754386620e-01,9.473523804315957531e-01,9.214149585257962460e-01,1.000000000000000000e+00,9.479601104952042334e-01,9.168644611508820486e-01,9.836949659141502877e-01,9.472369917111688187e-01,8.170399583937353327e-01,9.110514939006617574e-01,9.675976209289758323e-01,9.740760210975929478e-01,9.444940959277998704e-01,9.814457369849522994e-01,9.550701520685892509e-01,9.148247794343237205e-01,9.411439850288068065e-01,9.387904252878296329e-01,9.814609545765147214e-01,9.201835780503470064e-01,9.850029021522888062e-01,9.837599349306000995e-01,9.804834061622527130e-01,9.946441682383641014e-01,9.319637408710023108e-01,8.958790805065901530e-01,9.490461084563692751e-01,9.400811478737607363e-01,9.415554139207942264e-01,9.598606746895020914e-01,9.622137667422119289e-01,9.776366535201254093e-01,9.466553797256560543e-01,9.605573976033792150e-01,8.465043858040826041e-01,9.477737217131334546e-01,8.921399913136237592e-01,9.211174069757452898e-01,9.040214721845103441e-01,9.094651873685558607e-01,9.406163500551063539e-01,9.539713373141666120e-01,9.598046910210689120e-01,9.804315290761113078e-01,9.300542691516459071e-01,9.497331949413003738e-01,9.327168138923751517e-01,9.093974896296825872e-01,9.672262728718419300e-01,9.564970297369581598e-01,9.806431707987507407e-01,9.754133006763758829e-01,9.712758146115552105e-01,9.784372867208472879e-01,9.844904311912719974e-01,9.419175992653845420e-01,9.837401405252801379e-01,9.731222496860167936e-01,9.435833803956191757e-01,8.659937537514925676e-01,9.471464139440486374e-01,9.501216000355876545e-01,9.517545607710249378e-01,8.893035137536906554e-01,9.378492777188516261e-01,8.084491657056294134e-01,9.794648195220289066e-01,9.842579680402845366e-01,9.756601072034851718e-01,9.466202951709281610e-01,9.434767952532078228e-01,9.479541594200404653e-01,9.661217006293960630e-01,9.607005322297524907e-01,9.632391526251369296e-01,9.470268949524009994e-01,8.438864744027942955e-01,8.424374495485291714e-01,9.353889055888018333e-01,9.452757198083026058e-01,9.073088564793698740e-01,9.219827525434649562e-01,9.635010264499153099e-01
9.528241255318113945e-01,9.782589068262840248e-01,9.751645389472413106e-01,9.759565235181438814e-01,8.861254231814120752e-01,9.170496048339833450e-01,9.500598677690044180e-01,9.754928081562129760e-01,8.339934976315099835e-01,9.479601104952042334e-01,1.000000000000000000e+00,9.676825076440342954e-01,9.382402611313729324e-01,9.591314909861720084e-01,8.090830969091717950e-01,8.909630868971545326e-01,9.540338681724943592e-01,9.855086196077825766e-01,9.133694866167266779e-01,9.740675178098382458e-01,9.357052485180303858e-01,9.169082075190917447e-01,9.559061638651198400e-01,9.413647538968846762e-01,9.574148499619568042e-01,9.012751979191333529e-01,9.606669186060839971e-01,9.756987855208119065e-01,9.200607198800729858e-01,9.575573947161744037e-01,8.790411468332837153e-01,8.592738725591020366e-01,9.092440878307356256e-01,9.465442068617017091e-01,8.809748786886832939e-01,9.103270589412719715e-01,9.599417548298002645e-01,9.483468794195798468e-01,9.016258462758089953e-01,8.872372247685854640e-01,9.129308725996448937e-01,9.658802611837689067e-01,9.265334608477497902e-01,9.721822017496732915e-01,9.526972024422089014e-01,9.527728849880463535e-01,9.765840774534358948e-01,9.864445164881342487e-01,9.777486007992015615e-01,9.659046869420275794e-01,9.451257588556112310e-01,9.830318202944521300e-01,9.633377945614584048e-01,9.467912292725380041e-01,9.539827749660045875e-01,9.774217699472300680e-01,9.746947931352059058e-01,9.623071485548941872e-01,9.518417417347370124e-01,9.620077182217644518e-01,9.743233457825082322e-01,9.803574059628678006e-01,9.413721201122016158e-01,9.244390990165779476e-01,9.774321170341266907e-01,9.357552271427584945e-01,9.743884505833827481e-01,8.926719822713575780e-01,8.768112068618998389e-01,8.303749743832087304e-01,8.962890357303824329e-01,7.834786950952244977e-01,9.079134495533567328e-01,9.620977547983871059e-01,9.629650629584128874e-01,9.757741564181432459e-01,9.505089759941520722e-01,9.623201342514543510e-01,9.689538342448996699e-01,9.737617226304481344e-01,9.707530106075176191e-01,9.555946795325448440e-01,8.858880947759733004e-01,8.849386790944141490e-01,9.684086746339537477e-01,9.594349018515782035e-01,9.314108369261092646e-01,9.349509040643401159e-01,9.680213934601147319e-01
9.186253278532641176e-01,9.706220121404955936e-01,9.833678227469566657e-01,9.598538803254001994e-01,7.919321197617759100e-01,8.432131838744492125e-01,9.119416306514853687e-01,9.937436818069970146e-01,7.638421819362605225e-01,9.168644611508820486e-01,9.676825076440342954e-01,1.000000000000000000e+00,8.925158532433292713e-01,9.862108805237415066e-01,7.071787167714282951e-01,8.070032798847772693e-01,9.097088401738870900e-01,9.570927883539321890e-01,8.582054429815675345e-01,9.441231601680919461e-01,8.802825806536132003e-01,8.292113039004553876e-01,9.790471779021099330e-01,9.710747116008564550e-01,8.988088289556416255e-01,8.206877140388491032e-01,9.206435381625762693e-01,9.442910533781532223e-01,9.165222382998825523e-01,9.295385151201958074e-01,7.954619727338809732e-01,7.756474653282450227e-01,8.582666750551541934e-01,9.323306500598522728e-01,8.121269734679701369e-01,8.596410413490849223e-01,9.381885784043412224e-01,9.242454944189787414e-01,9.138579367397923203e-01,8.424071673667838933e-01,9.199886291466216059e-01,9.525908823517844626e-01,9.497065570316968186e-01,9.699165110718932503e-01,9.604468935529264506e-01,9.605177361304162442e-01,9.756788649114604972e-01,9.764147779975628216e-01,9.699257120330768700e-01,9.518835427720395703e-01,9.475629652604160569e-01,9.777267952463728484e-01,9.532467543012073108e-01,9.450758702246027099e-01,9.501745705667993258e-01,9.775588111882845821e-01,9.460160426170032277e-01,9.539489848430739993e-01,9.307236496547559579e-01,9.217401836879188792e-01,9.594358736304322566e-01,9.826540402718898504e-01,9.124274176294666638e-01,8.654226278931831384e-01,9.885096887717896852e-01,9.812906701428091294e-01,9.756839499291567464e-01,8.145154459976166050e-01,8.786088219165274493e-01,7.587958560027446842e-01,8.197426835587492411e-01,6.688419236111162736e-01,8.788434922705203878e-01,9.536760770129221187e-01,9.638418839566745833e-01,9.853549732707908015e-01,9.249031952120867484e-01,9.457854069597551039e-01,9.622831619829239624e-01,9.738862589675417736e-01,9.727238379008467106e-01,9.563257791980372957e-01,9.477549522659307613e-01,9.463372162444082525e-01,9.864114049846832710e-01,9.857890299614721075e-01,9.479121059342630051e-01,9.263432759213672263e-01,9.763733008651721557e-01
9.857238176287363984e-01,9.577765218361894428e-01,9.393140218834603594e-01,9.726541026670306733e-01,9.474023331464762609e-01,9.433001240861251802e-01,9.895103788270261935e-01,9.263827207944124176e-01,9.463576509474663778e-01,9.836949659141502877e-01,9.382402611313729324e-01,8.925158532433292713e-01,1.000000000000000000e+00,9.218257398900113753e-01,8.898372661337552447e-01,9.520195597130649556e-01,9.816227789693390271e-01,9.694192270737430617e-01,9.584653539629579555e-01,9.833220645304241447e-01,9.582695060124389874e-01,9.398769593969522607e-01,9.177098615472509824e-01,9.101647500813574432e-01,9.796281702153628590e-01,9.520610783405135669e-01,9.848605917250907726e-01,9.764633915044765855e-01,9.560955072336233540e-01,9.809804654962845927e-01,9.716282326650503842e-01,9.519906716672996705e-01,9.801061026596915582e-01,9.519186338094915989e-01,9.767994766770782267e-01,9.803027819191968417e-01,9.792200300331520557e-01,9.750637783733722141e-01,9.227037425494053480e-01,9.625176465374828405e-01,8.540896438098857235e-01,9.517102673248037936e-01,8.875661285110436616e-01,9.121717183814841423e-01,8.866541310149843591e-01,9.160879595390956087e-01,9.308102518423800875e-01,9.450146684606761660e-01,9.541715962713516186e-01,9.700911359388444399e-01,9.446161308038178994e-01,9.371132890840025986e-01,9.452111557291171806e-01,9.298968353545042920e-01,9.506841525187805786e-01,9.511828624218868766e-01,9.667418164808788683e-01,9.553868938537963817e-01,9.618876771315445495e-01,9.781822727838207499e-01,9.714780878644029283e-01,9.236265942849600785e-01,9.773577399273023492e-01,9.799183409995285698e-01,9.223940466016070650e-01,8.410318409303074727e-01,9.249985278267016664e-01,9.787074647320540555e-01,9.400774948796926100e-01,8.954573608316829247e-01,9.630357177305319816e-01,8.848531442090640242e-01,9.684062939267847892e-01,9.668979939782401667e-01,9.553360431018634857e-01,9.234702788555497754e-01,9.686417348107516645e-01,9.674703550584622391e-01,9.484061697889891729e-01,9.366602375523818136e-01,9.491530617690639993e-01,9.442355152172241528e-01,8.141015365389467906e-01,8.189054609794439443e-01,9.117136043958112834e-01,9.203990323985064004e-01,9.099540696211980695e-01,9.356373461730348451e-01,9.530573761830972712e-01
9.358700563319487520e-01,9.711204457423051606e-01,9.892149939797623137e-01,9.685003660012474480e-01,8.037975326602722070e-01,8.376566168548191804e-01,9.416327378206570398e-01,9.932056461094922462e-01,8.037537444156738209e-01,9.472369917111688187e-01,9.591314909861720084e-01,9.862108805237415066e-01,9.218257398900113753e-01,1.000000000000000000e+00,7.101409879178506301e-01,8.136745774055922364e-01,9.347999542380985849e-01,9.639782515997017409e-01,8.679498897693735948e-01,9.561594312999226464e-01,8.859256924999814320e-01,8.241048223632011505e-01,9.932555481967095812e-01,9.904298840585358255e-01,9.144227717161297342e-01,8.301730089095396004e-01,9.321034865374582257e-01,9.554752682595045732e-01,9.563081635479769860e-01,9.507532676337188127e-01,8.297709955241749924e-01,7.981958461916078829e-01,8.830455329421310617e-01,9.442918722406832277e-01,8.460969486006322260e-01,8.959886727011469043e-01,9.517799993728883745e-01,9.492707785666448794e-01,9.363070840309526410e-01,8.701036603516055790e-01,9.088362675768562049e-01,9.681505647520972646e-01,9.515971015992530369e-01,9.714484897136511643e-01,9.579868865248319931e-01,9.607800886816534325e-01,9.809253742074923732e-01,9.787222363993568486e-01,9.798768928237089337e-01,9.743728319442654939e-01,9.499818179016218389e-01,9.703190398486725154e-01,9.541729592071443999e-01,9.401261898628350266e-01,9.761414672843706786e-01,9.817124751125689830e-01,9.558882714799555869e-01,9.766150307885675952e-01,9.609661174315500265e-01,9.498427071961755841e-01,9.750039466090013596e-01,9.799342743293624203e-01,9.315456963722539285e-01,8.893639649068201258e-01,9.864133710587322801e-01,9.467413729560558711e-01,9.732072463283794050e-01,8.477682214003900985e-01,9.149367307986266962e-01,7.639429176339108674e-01,8.408580156992060406e-01,6.823101477098207912e-01,9.287821582275305188e-01,9.736344572423365484e-01,9.859510016483000738e-01,9.916027903700606050e-01,9.333158736293716284e-01,9.517138166762969531e-01,9.806504814797969427e-01,9.844001116550743502e-01,9.856568926596157576e-01,9.642248870210508027e-01,9.457484077762567942e-01,9.401317092043061097e-01,9.901049379379018855e-01,9.957519742282137098e-01,9.469155284953149065e-01,9.264108737406513416e-01,9.826411700133265148e-01
8.919970120790451373e-01,8.363948075763822931e-01,7.663993027124682555e-01,8.519277727508101083e-01,9.542777664460644349e-01,9.527591378079867113e-01,8.390328035272675011e-01,7.362180839505290120e-01,9.077624558023187351e-01,8.170399583937353327e-01,8.090830969091717950e-01,7.071787167714282951e-01,8.898372661337552447e-01,7.101409879178506301e-01,1.000000000000000000e+00,9.694731533392624279e-01,8.594390362686388229e-01,8.444855231157402109e-01,9.144517699538299293e-01,8.650109908487744192e-01,8.694066237981405987e-01,9.338507312914425817e-01,7.059114683318243877e-01,6.755313682307344525e-01,8.751612296769528676e-01,9.554365224357344033e-01,8.699955284525575649e-01,8.396324757827486884e-01,7.369751607054471076e-01,8.256363205574769326e-01,9.448946919797773791e-01,9.739360041566025306e-01,9.130007097416283912e-01,8.399721623466409604e-01,9.382691295183847036e-01,9.001531048065718466e-01,8.792335188769290211e-01,8.262929056244813220e-01,7.379422585312831462e-01,8.628500151682707564e-01,7.595756664735217045e-01,7.951656674555475091e-01,7.316371514162343104e-01,7.368138566114866839e-01,7.176206471829966738e-01,7.847116375780995856e-01,7.585706152315402351e-01,7.911508670967487555e-01,7.918275762733412160e-01,7.882458091094139974e-01,8.489660090174764306e-01,8.087027129492034838e-01,8.369243959915640962e-01,8.588620061335487943e-01,7.479773427211404702e-01,7.912281847537770973e-01,8.100479403005516055e-01,7.546213612861329967e-01,7.707975777599742617e-01,8.226598967455139855e-01,8.015847974907632789e-01,7.503583379346084881e-01,8.499139180186234821e-01,8.970929888658076834e-01,7.312989868781512026e-01,6.850837041725370558e-01,7.351434716347022835e-01,9.250999808150925929e-01,7.557532178686188207e-01,8.607654520204567339e-01,9.401104987271585722e-01,9.917619774684989231e-01,7.739885272691642282e-01,7.926263324563274093e-01,7.490860640599209530e-01,7.253649040776959378e-01,9.031478530479768452e-01,8.775552574087475133e-01,7.480829872142826797e-01,7.267131641901686256e-01,7.699935813832352594e-01,7.993938352124629887e-01,5.993441499206775269e-01,6.278374810483264845e-01,7.140391229838309872e-01,7.092354590778886525e-01,7.856951179379100259e-01,8.598786695525428847e-01,7.922841294430117420e-01
9.447778833592084258e-01,9.144558135190423709e-01,8.574526789050961328e-01,9.168183813571585405e-01,9.830458342269258187e-01,9.801182473090666036e-01,9.281241073286745635e-01,8.382760872364413141e-01,9.558279326281433619e-01,9.110514939006617574e-01,8.909630868971545326e-01,8.070032798847772693e-01,9.520195597130649556e-01,8.136745774055922364e-01,9.694731533392624279e-01,1.000000000000000000e+00,9.236416829854074972e-01,9.214056224341165002e-01,9.712345551643120078e-01,9.430222641678116524e-01,9.460658964880819255e-01,9.805141408277930903e-01,8.091978773989436657e-01,7.894698474327215276e-01,9.560965472158846623e-01,9.853385972964263662e-01,9.476937554474560432e-01,9.251632471953927794e-01,8.393401601703667225e-01,9.225820191619414912e-01,9.736264827318530379e-01,9.851884699652375676e-01,9.564216331494442835e-01,8.965966723198225408e-01,9.747351226135196889e-01,9.475522996121401587e-01,9.399624384518734388e-01,9.192626538975466888e-01,8.521041259196655560e-01,9.437841002426164971e-01,7.959278595239596132e-01,8.637023865982942361e-01,8.011800655889709244e-01,8.211613775751072097e-01,8.033538620391998952e-01,8.426429238581354397e-01,8.425390327029786963e-01,8.756529007315286828e-01,8.721784242983940949e-01,8.830347001719898170e-01,8.966237246563451002e-01,8.934195317824640270e-01,8.928771027611264177e-01,8.955129409272633012e-01,8.542413939762314445e-01,8.754504247638463799e-01,9.111296225765623813e-01,8.623496008186932738e-01,8.639553171161378220e-01,9.017501555471260088e-01,8.989925456158092132e-01,8.443427366839775239e-01,9.370321622953604601e-01,9.649216151601629488e-01,8.366679981704134850e-01,7.801347785308920812e-01,8.465505606150349749e-01,9.708258439553802965e-01,8.645511125119140772e-01,9.334901352219038273e-01,9.860132030800961012e-01,9.620113352093795367e-01,8.708449401577077476e-01,8.859895251187626108e-01,8.556076929160614242e-01,8.284091243456550568e-01,9.496287607278126597e-01,9.336598199757417671e-01,8.503267359648217782e-01,8.346138691217703798e-01,8.616458172519005920e-01,8.779185929528350307e-01,7.014277508182265031e-01,7.215042006914411665e-01,8.134290164217244934e-01,8.079911519808168352e-01,8.477137221869339712e-01,9.058332417531080871e-01,8.777007785812711571e-01
9.755473225078847843e-01,9.570396001030586630e-01,9.510841165006981290e-01,9.723001021958463941e-01,9.184636721412170468e-01,9.158259130712556040e-01,9.756254902227247117e-01,9.404605784998563145e-01,9.101457190136937880e-01,9.675976209289758323e-01,9.540338681724943592e-01,9.097088401738870900e-01,9.816227789693390271e-01,9.347999542380985849e-01,8.594390362686388229e-01,9.236416829854074972e-01,1.000000000000000000e+00,9.702526893950844666e-01,9.226724260826337787e-01,9.790094303117865548e-01,9.356518724216058569e-01,9.191883831616842748e-01,9.372384765863984724e-01,9.304625224165850028e-01,9.670798943171095008e-01,9.317661612359888768e-01,9.668503066086765463e-01,9.689035552960156839e-01,9.405575509315562410e-01,9.642716752956066451e-01,9.516721405663786104e-01,9.252790624739390957e-01,9.577783029384707714e-01,9.548999798495130253e-01,9.470345068387276966e-01,9.684677198806708187e-01,9.777735150469696324e-01,9.770141578447879560e-01,9.091311746058683418e-01,9.280034464741503397e-01,8.749863578823418031e-01,9.713366998672806618e-01,9.019372006550951948e-01,9.479458731293242124e-01,9.104908148899888420e-01,9.353952441682128471e-01,9.555953643697605582e-01,9.645180879016176378e-01,9.678007100011716268e-01,9.764046642242369956e-01,9.377053148042275854e-01,9.392055031769372953e-01,9.576101473975926481e-01,9.301094495818078567e-01,9.660877783203853930e-01,9.634174738720452380e-01,9.675002982099480953e-01,9.685822878606542563e-01,9.771670018771990707e-01,9.874495182474578581e-01,9.715778718639258571e-01,9.420057733821863843e-01,9.537127277295173178e-01,9.549739694804117995e-01,9.422596299156059674e-01,8.442640887774890412e-01,9.406955626376519719e-01,9.600880832016891464e-01,9.197245309398123236e-01,8.524249004064166080e-01,9.384911580397607977e-01,8.557194229053746160e-01,9.638129239486389332e-01,9.616137791049419459e-01,9.655466572596311803e-01,9.462990493865363062e-01,9.634155983076944096e-01,9.690721584475908701e-01,9.671005574921418546e-01,9.534877294305559303e-01,9.610160514652350550e-01,9.476505280546971832e-01,8.365311042142800080e-01,8.336994995321320712e-01,9.346753095467446038e-01,9.317758675248830613e-01,9.101886029227341801e-01,9.246766027052755188e-01,9.517827199797155302e-01
