1.000000000000000000e+00,9.894745400550657433e-01,9.121153675239097591e-01,9.513789507096617193e-01,9.822101140611587677e-01,9.767164636960949942e-01,9.488080007195046628e-01,9.611098446445005550e-01,9.500466441025690045e-01,9.132054266706490786e-01,9.342895744343908682e-01,9.505834553914418450e-01,9.546348232326502536e-01,9.492100602742072901e-01,9.569655292233295585e-01,9.476019188515715230e-01,9.516160970462685942e-01,9.200981867815254400e-01,9.637451347961341064e-01,9.595614311079829761e-01,9.692391803570544750e-01,8.936723942017966715e-01,7.745365300099389394e-01,8.300513151473858375e-01,9.103831604949377265e-01,9.356107245948155349e-01,8.862352014990725335e-01,9.371135905956087253e-01,9.487019621257035684e-01,9.039258588504803793e-01,9.426593384189134728e-01,9.675855412189926508e-01,9.601679353203188549e-01,9.401424188521116942e-01,9.853019350418819045e-01,9.800162381094068564e-01,9.394810635209849270e-01,9.600450349662992267e-01,9.474477522035562593e-01,9.498705477010422893e-01,9.530639933650958406e-01,9.891669647565246581e-01,9.900812052765377569e-01,9.857345781788924288e-01,9.689449083997735412e-01,9.859866563327084332e-01,9.730074938428421305e-01,9.950575604254225937e-01,9.540257351778190786e-01,9.850165340161709526e-01,9.639766022085997088e-01,9.604583639961734587e-01,9.841380597672624297e-01,9.708753223499704266e-01,9.206709818322523775e-01,9.656151128094767611e-01,9.445776472428866199e-01,8.459589647089862385e-01,9.272791134021731718e-01,9.585486192021357432e-01,9.927507993177824286e-01,9.848908991083775710e-01,8.627849912399471188e-01,9.340305537620254839e-01,9.049055629228670572e-01,8.932038898145890915e-01,9.768474403102442860e-01,9.458356417755099388e-01,9.486897605010548018e-01,9.459736808568793842e-01,8.441971306520045237e-01,8.290280357481023543e-01,8.792956200770511987e-01,9.820531696265681898e-01,8.970961153776447761e-01,9.044800138531272626e-01,9.670740411711740148e-01,8.681211566814084346e-01,9.311003781204831853e-01,9.537272010559171287e-01,9.313717229400003683e-01,9.415341284930277554e-01,9.675715646783917823e-01,9.184222596543236694e-01,8.996693755301876649e-01,8.846953140204862898e-01,9.661864547893432853e-01,9.716523146047408854e-01,9.542584809119691869e-01
9.894745400550657433e-01,1.000000000000000000e+00,8.816153914080377962e-01,9.268140257830875806e-01,9.718933497554704815e-01,9.455880525200234255e-01,9.033301830969046042e-01,9.273421941186741346e-01,9.140640211044084307e-01,8.586639752809807069e-01,8.904674309045668146e-01,9.064886857088406691e-01,9.137919295490417593e-01,9.002783064991131123e-01,9.457110741335192916e-01,9.163627409043408889e-01,9.179270723808072852e-01,8.689336133807799012e-01,9.843393734176630883e-01,9.827299201950114860e-01,9.674813785969870183e-01,8.545678464175479050e-01,7.164692844511797443e-01,7.758830299861025903e-01,8.787177987537374557e-01,9.152013012677261417e-01,8.418966976992016127e-01,9.110707849532162506e-01,9.182696586378853443e-01,8.660467704237226894e-01,9.511554812439797502e-01,9.761440628400024355e-01,9.610625331014908124e-01,9.204532385260424387e-01,9.687911381871909811e-01,9.789048397295402326e-01,8.962426199559523354e-01,9.326033943669825854e-01,9.784564326751781227e-01,9.352840354700823200e-01,9.225286954236282533e-01,9.814774418365788122e-01,9.750065060992648691e-01,9.942935065867142264e-01,9.389976033148961232e-01,9.804340606716011042e-01,9.433970081382075934e-01,9.778787647078438505e-01,9.061628546009541374e-01,9.691103337983292265e-01,9.358594741118050342e-01,9.273305720362116089e-01,9.671572954122673593e-01,9.477223048410274853e-01,8.731044413924340386e-01,9.350906047281791755e-01,9.171267333207038241e-01,7.907747077718291218e-01,8.935189547056876513e-01,9.110640173241522088e-01,9.957764616677479141e-01,9.817171111076264944e-01,9.030520942360078518e-01,9.689725646113672708e-01,8.685552408789761758e-01,8.477577793030361963e-01,9.771375117766317731e-01,9.218324619774156403e-01,9.709887734937294734e-01,9.677721112899683176e-01,8.666906203774229489e-01,8.506371254111680935e-01,8.324536047520614268e-01,9.815062814106071398e-01,8.558789799105328555e-01,8.608301961446966910e-01,9.291683771537411207e-01,8.045828557888642374e-01,8.931184567932443086e-01,9.170594004300591795e-01,8.886665827201234436e-01,9.002759542867659892e-01,9.355355427320748429e-01,8.675278613405450479e-01,8.517791175856245234e-01,8.378004267124582460e-01,9.465578999931184567e-01,9.354988207195937822e-01,9.145288252602424839e-01
9.121153675239097591e-01,8.816153914080377962e-01,1.000000000000000000e+00,9.904888011790647928e-01,9.419802664819332261e-01,9.551742596330586865e-01,9.515945563191330336e-01,9.608305418046644286e-01,8.797614249482197391e-01,9.086127911201996588e-01,9.356990207527076109e-01,9.327358036838214739e-01,9.426942901308079659e-01,9.317239741593050795e-01,8.320964815648868029e-01,8.491243233738143825e-01,9.081037006399395040e-01,9.262965156822702273e-01,8.547995936985988141e-01,8.471476627662049008e-01,8.957916519353037454e-01,9.232180072124833714e-01,9.404649650600275246e-01,9.597851247760706972e-01,9.751982529944258626e-01,9.352957522214259134e-01,9.307633341284021755e-01,9.234223051968608598e-01,9.318593284950063005e-01,9.110649139452769996e-01,8.605732086387914981e-01,8.584608266481225103e-01,9.275598663737356642e-01,9.452990125565350343e-01,9.536893560146606497e-01,9.019641013861133816e-01,9.591829119374014612e-01,9.674355474564542146e-01,8.533494188220477339e-01,9.073825466208926827e-01,9.008937276225481572e-01,9.422259231635163879e-01,9.319672242919567751e-01,9.007921939744062412e-01,9.356945262259790397e-01,9.263466867865590704e-01,9.504903816076627487e-01,9.137727397067632040e-01,9.294254966267576634e-01,9.477608432498505486e-01,9.574019438548201366e-01,9.630780574764712387e-01,8.725685581618652931e-01,8.687716717800711974e-01,9.462140317857088423e-01,9.019095966877755943e-01,9.369922782584603205e-01,9.038198244708437468e-01,9.416509569518277667e-01,9.314800421806496145e-01,9.167004529314211059e-01,9.477220234489949213e-01,7.268428224488796552e-01,7.924782069828266717e-01,9.723478500542132030e-01,9.327512271104408947e-01,8.872152530036577778e-01,9.221800256375862759e-01,8.535956292598232409e-01,8.445086174108024091e-01,7.035130058750913573e-01,6.674325572339192547e-01,9.164492283508304249e-01,9.272146784336383618e-01,9.480007887734223093e-01,9.367294808019418495e-01,9.390039236376721554e-01,9.135574842636104975e-01,9.766691066587196435e-01,9.504788204135840024e-01,9.590833799916789193e-01,9.727165618668509595e-01,9.607615410897092367e-01,9.688610840707725380e-01,9.586088086963531207e-01,9.525811518289282187e-01,9.322820067155506152e-01,9.348757637769186113e-01,9.477838756587662061e-01
9.513789507096617193e-01,9.268140257830875806e-01,9.904888011790647928e-01,1.000000000000000000e+00,9.713260438470674440e-01,9.789655080790753416e-01,9.651244400228469189e-01,9.810399521116681676e-01,9.045028064262359280e-01,9.144169843388061381e-01,9.536158493672703962e-01,9.525550572123533399e-01,9.639994400722703416e-01,9.479129343939803887e-01,8.730316342103110472e-01,8.790766052241174577e-01,9.417915131538318052e-01,9.417961969769923503e-01,9.043180801631091059e-01,8.929946913936477326e-01,9.353574605183939683e-01,9.295436775957521824e-01,9.104395236922420143e-01,9.397176424106225001e-01,9.779409348400689428e-01,9.637922494651234295e-01,9.405229204449223612e-01,9.523645264239422037e-01,9.555137735294915169e-01,9.277888939619766129e-01,8.951021154436603622e-01,9.001241105742496806e-01,9.489075175410336405e-01,9.582493723604763591e-01,9.786667202140661992e-01,9.350397227576611181e-01,9.622840218799415535e-01,9.867436929023344350e-01,8.964794243784014460e-01,9.467619702576597351e-01,9.246595761890357146e-01,9.731264429447242792e-01,9.672003845978824899e-01,9.377435191768257461e-01,9.652082710827986078e-01,9.617307611388892230e-01,9.685164823691694291e-01,9.502891597461153861e-01,9.493511247090963279e-01,9.768236731016417540e-01,9.794000693860186457e-01,9.777936464952138307e-01,9.202478808848739700e-01,9.057034003777317821e-01,9.520284002064377527e-01,9.352717940999839552e-01,9.593773261962167398e-01,9.068791112042811076e-01,9.447696095536937122e-01,9.537470997602198741e-01,9.540913949026930130e-01,9.764786025751711618e-01,7.708320041902915198e-01,8.461115320748291424e-01,9.668198781589538715e-01,9.407346710657085165e-01,9.314480571896468497e-01,9.501505144901748467e-01,8.977806774103094245e-01,8.953596600652685700e-01,7.474475813397232216e-01,7.127904274041777510e-01,9.362866109694421013e-01,9.629264640748973481e-01,9.549550350116856601e-01,9.498288301087155494e-01,9.555565821886461420e-01,9.039798081225560722e-01,9.806673695629017917e-01,9.691947280143510257e-01,9.655842113424810691e-01,9.769326726547271633e-01,9.751849481387324658e-01,9.708758790893456947e-01,9.591191222417029261e-01,9.540397417759559628e-01,9.531166708292566625e-01,9.580089082273679502e-01,9.690374110194819313e-01
9.822101140611587677e-01,9.718933497554704815e-01,9.419802664819332261e-01,9.713260438470674440e-01,9.999999999999998890e-01,9.812436989513247942e-01,9.359473998768657044e-01,9.554650034585748797e-01,9.244703504620113144e-01,9.039590647955331182e-01,9.263424175457788401e-01,9.314947239297708403e-01,9.388644361838195396e-01,9.336716551295202171e-01,9.261196821542692081e-01,9.133768367973311708e-01,9.274636236435750414e-01,9.048825866347549596e-01,9.632251079565390395e-01,9.627561190415756531e-01,9.408131114237048287e-01,8.829613819078051540e-01,8.116580517740624723e-01,8.570899956413702281e-01,9.187130226081399176e-01,9.276531905723023330e-01,8.802059955085536069e-01,9.189257881492471913e-01,9.360425789564343901e-01,8.841690965158012228e-01,9.695190386259091575e-01,9.742819963394568905e-01,9.674955248648053896e-01,9.816833088985663647e-01,9.906714182556191073e-01,9.883830813213112521e-01,9.527167818024572243e-01,9.606007011212842617e-01,9.385721472962074152e-01,9.307631996511809280e-01,9.284889709021335591e-01,9.852072441805045377e-01,9.746238845022284769e-01,9.821786665991758536e-01,9.486952110828256179e-01,9.719144363839483658e-01,9.795753563284343990e-01,9.782409906421359880e-01,9.366115397725681690e-01,9.706148931540268254e-01,9.546709659693863870e-01,9.512540286873343298e-01,9.491699412908276567e-01,9.396040976708881498e-01,9.178619894249873123e-01,9.336404272875569177e-01,9.298942482764774864e-01,8.401126870205376518e-01,9.407903575840117494e-01,9.464641699787555984e-01,9.808310181312306364e-01,9.831307116143641611e-01,8.800118477369744951e-01,9.292263227948651672e-01,9.163033273590290850e-01,8.945250412986197608e-01,9.519291173713751997e-01,9.253091440198001338e-01,9.203625950678099299e-01,9.167302264863546046e-01,8.704626898426386372e-01,8.466885978639855370e-01,8.753265782983102872e-01,9.693089859417355347e-01,8.971655173958053009e-01,8.986558966855091590e-01,9.574651220771415172e-01,8.701873794289407549e-01,9.465654132299545775e-01,9.427217975072244016e-01,9.309565661706470374e-01,9.475068616127154675e-01,9.663627742971292456e-01,9.256006211196040612e-01,9.060682152336938522e-01,8.890358765183241641e-01,9.647471491340031680e-01,9.594156060516659812e-01,9.485692442346450592e-01
9.767164636960949942e-01,9.455880525200234255e-01,9.551742596330586865e-01,9.789655080790753416e-01,9.812436989513247942e-01,1.000000000000000000e+00,9.709645714822902063e-01,9.872846392253336045e-01,9.368391501645199071e-01,9.424560143192877160e-01,9.709234942500765131e-01,9.763146724542864918e-01,9.742022046933460633e-01,9.752453083512000465e-01,9.087568841980343537e-01,9.202902451336123502e-01,9.623179026247329348e-01,9.581042248313158538e-01,9.147774097492474832e-01,9.079735651430569376e-01,9.457753600203087085e-01,9.359425716453366739e-01,8.637639138705268671e-01,9.069926974695368127e-01,9.489626331333183007e-01,9.501481286108013347e-01,9.340493391604939299e-01,9.530797311804870553e-01,9.694573083376213374e-01,9.381738746410469565e-01,9.158189737040254297e-01,9.313429329698035275e-01,9.528972449335154637e-01,9.599566319359625899e-01,9.894925073397907722e-01,9.583426383006786731e-01,9.799568557455780038e-01,9.826840484567539447e-01,8.873795725035231730e-01,9.502116060951203425e-01,9.487177375701595361e-01,9.792701255838249796e-01,9.790239120010884033e-01,9.486770792477630110e-01,9.760397289545680310e-01,9.646871484672286945e-01,9.857541217284921942e-01,9.739444455969863412e-01,9.786510175658214017e-01,9.800670807052698219e-01,9.787971574006446573e-01,9.804573203628939027e-01,9.496664574478178578e-01,9.403980454899322217e-01,9.664720597216727160e-01,9.637679233089774256e-01,9.648977294227116808e-01,9.091097816925871600e-01,9.644833500885928723e-01,9.830295067775927098e-01,9.635386740157763086e-01,9.737940588500262340e-01,7.908865456127953664e-01,8.620011177123920731e-01,9.541814072096905797e-01,9.473215898791839118e-01,9.464334417397038957e-01,9.557405287425109197e-01,8.943214170905426919e-01,8.919022299967790390e-01,7.908583853981693279e-01,7.659605156947607574e-01,9.311259639456486159e-01,9.611000000313093539e-01,9.476584312169835655e-01,9.518588580991250714e-01,9.800649649844115352e-01,9.225469113095214890e-01,9.781329234763171954e-01,9.792414234841113618e-01,9.727170917760268321e-01,9.788386253112668633e-01,9.742862918539103578e-01,9.693698598456922388e-01,9.558676452611620800e-01,9.414241714577847864e-01,9.517727813622701705e-01,9.745861966907560792e-01,9.852183033606771723e-01
9.488080007195046628e-01,9.033301830969046042e-01,9.515945563191330336e-01,9.651244400228469189e-01,9.359473998768657044e-01,9.709645714822902063e-01,1.000000000000000000e+00,9.830630671815225874e-01,9.489230730833995153e-01,9.515571250321356311e-01,9.781759573652428763e-01,9.871837678406359951e-01,9.938661590890618402e-01,9.858384894943994503e-01,8.949932197302316039e-01,9.294221721450891538e-01,9.750518895437328970e-01,9.816571735802646081e-01,8.508437700495345979e-01,8.390615229116550333e-01,9.354198652667249370e-01,9.499513748840505700e-01,9.003812561421911109e-01,9.358004530496089046e-01,9.639527993345115009e-01,9.528595162503025184e-01,9.609307647905711569e-01,9.616983968986939635e-01,9.714170063650879872e-01,9.551668974633731324e-01,8.380852166298734529e-01,8.621622311501173641e-01,9.011549365380715493e-01,9.097679612776011782e-01,9.602825473000959899e-01,9.071276833481558555e-01,9.624010471249366816e-01,9.770553007605152773e-01,8.388245056730124771e-01,9.426528448202774468e-01,9.549974195204830041e-01,9.460338541150149494e-01,9.619536570131056452e-01,9.028438244270069468e-01,9.850133322636956956e-01,9.419367174650700170e-01,9.599676063086632904e-01,9.566049571728660883e-01,9.885933893345518753e-01,9.701374197943792854e-01,9.841148339256967637e-01,9.874565023173945688e-01,9.482118229130411802e-01,9.404345754048533124e-01,9.726420104460551386e-01,9.743308544032330820e-01,9.678583643454736762e-01,9.396275437691750110e-01,9.342393451948416416e-01,9.813832154047431588e-01,9.278216199919845364e-01,9.437146136902885285e-01,6.914444229853291546e-01,7.915642890971562595e-01,9.561597361280411711e-01,9.499253584593221333e-01,9.317037865127544283e-01,9.631980621567378664e-01,8.637809792747147553e-01,8.609890722389236251e-01,6.842207712073942183e-01,6.685002883509008065e-01,9.497804596628198759e-01,9.418652142177177389e-01,9.588147730010014858e-01,9.661771481922003524e-01,9.773041038760620358e-01,9.441392896405621515e-01,9.668824425079421969e-01,9.840572160123980394e-01,9.760854775434184560e-01,9.751260469468248093e-01,9.818274156205505365e-01,9.847861646638503830e-01,9.703782062888115512e-01,9.645809536465983491e-01,9.474948506744136356e-01,9.823815167992588915e-01,9.842577178355746970e-01
9.611098446445005550e-01,9.273421941186741346e-01,9.608305418046644286e-01,9.810399521116681676e-01,9.554650034585748797e-01,9.872846392253336045e-01,9.830630671815225874e-01,1.000000000000000000e+00,9.167453642673244474e-01,9.298441018074392606e-01,9.873523225933416025e-01,9.890525097368572105e-01,9.884407387504919873e-01,9.791621184241989795e-01,8.738299573658533381e-01,8.940604464774408733e-01,9.806584129496123126e-01,9.813219723432669017e-01,8.818809671552682028e-01,8.687985391510182343e-01,9.588707098733776357e-01,9.680609507817282688e-01,8.975437329733944036e-01,9.370214114047537013e-01,9.778667358659187681e-01,9.773428009658239324e-01,9.734935297669361498e-01,9.851677814566341951e-01,9.866727932432015624e-01,9.739065484448586885e-01,8.590803391662924504e-01,8.828954637898274171e-01,9.383235635022344479e-01,9.195858346879834944e-01,9.760750061267169375e-01,9.209964783652342390e-01,9.656293270921713079e-01,9.967250011240585961e-01,8.686555675824042533e-01,9.750788661838720728e-01,9.439874519782199824e-01,9.716199159234619742e-01,9.767201782124241838e-01,9.249825497680735920e-01,9.908517517051331769e-01,9.609226570878828255e-01,9.642319358353774739e-01,9.557980653253195236e-01,9.823093340235901083e-01,9.873414123224260042e-01,9.939368276509924494e-01,9.944602397862294385e-01,9.408924838537569002e-01,9.182012693795740255e-01,9.814766667532226485e-01,9.748466111120611677e-01,9.883520755241893552e-01,9.514142615767292588e-01,9.531852027928424675e-01,9.776680985759991227e-01,9.518001642262322592e-01,9.703649674595949959e-01,7.188256512713534496e-01,8.214844951037189036e-01,9.735654717985129381e-01,9.738291661376724528e-01,9.533695753708835152e-01,9.814906260045221931e-01,9.017519764330277354e-01,8.994107088910309189e-01,7.010946353707616652e-01,6.737119876706512134e-01,9.693116039748495005e-01,9.645678597636742069e-01,9.812357055217679758e-01,9.832726029338444418e-01,9.719841998574427766e-01,9.238943143940550051e-01,9.866092371831227670e-01,9.962832447905982658e-01,9.878606720229154980e-01,9.817059158528689267e-01,9.672777022298283400e-01,9.830203518095764759e-01,9.798949649659959293e-01,9.747440686456155801e-01,9.316465507798965540e-01,9.638906704665488601e-01,9.933530156087805318e-01
9.500466441025690045e-01,9.140640211044084307e-01,8.797614249482197391e-01,9.045028064262359280e-01,9.244703504620113144e-01,9.368391501645199071e-01,9.489230730833995153e-01,9.167453642673244474e-01,1.000000000000000222e+00,9.618402569841066896e-01,8.984402345332428430e-01,9.309080714179542859e-01,9.427200597848169883e-01,9.468397137198210078e-01,9.723691888664559579e-01,9.896393667416989448e-01,9.042627240399991884e-01,8.983374805794849260e-01,8.746760569320825018e-01,8.765520794003877070e-01,8.889061574313337211e-01,8.552925317262531912e-01,7.606189848040999513e-01,8.107272675039465248e-01,8.585941582286845675e-01,8.617167193385188995e-01,8.399821464846661812e-01,8.692586281347753907e-01,8.955855740581135649e-01,8.546585588665439603e-01,8.831740122466844589e-01,9.056714764545701346e-01,8.942269845307596610e-01,9.061981268173687765e-01,9.318582297190929342e-01,9.259592278073822680e-01,9.316750493426324553e-01,9.043670063785991253e-01,8.543146453148515729e-01,8.684238078504327163e-01,9.735547928765361236e-01,9.270027954002899584e-01,9.430628003436782869e-01,9.157990632780230733e-01,9.352606644043568451e-01,9.217142679624954482e-01,9.609857291505042864e-01,9.667609127646723532e-01,9.468239918684440148e-01,9.296731090192325020e-01,9.160501598214095820e-01,9.333061495956005427e-01,9.560726524230689360e-01,9.862347927458183783e-01,9.006908437056014849e-01,9.282716071624650400e-01,8.856989255976431830e-01,8.151554312455449036e-01,9.057125986546235019e-01,9.536623109453321590e-01,9.231726458673259472e-01,9.128851383048798285e-01,7.903320703525447133e-01,8.405918079386632824e-01,8.701874852271141991e-01,8.551209054651669472e-01,8.954595329085506261e-01,8.811514907162379950e-01,8.489756026156555224e-01,8.402130034469275088e-01,7.964851614765009469e-01,7.914840998863983401e-01,8.268312151409434874e-01,9.029754414557449316e-01,8.535564788570479955e-01,8.590219634339116839e-01,9.659223297385750584e-01,9.198682481300342051e-01,8.956324671523584469e-01,9.162903855545393439e-01,9.050910517262764632e-01,9.313881484571296943e-01,9.577047289513491712e-01,9.047481462961923793e-01,8.696155962875299350e-01,8.470803441242724663e-01,9.654957930448844206e-01,9.807513598092125751e-01,9.170132324396708112e-01
9.132054266706490786e-01,8.586639752809807069e-01,9.086127911201996588e-01,9.144169843388061381e-01,9.039590647955331182e-01,9.424560143192877160e-01,9.515571250321356311e-01,9.298441018074392606e-01,9.618402569841066896e-01,9.999999999999998890e-01,9.118569854713944878e-01,9.430010490512832355e-01,9.377475089289352139e-01,9.633292763494459843e-01,9.074305454927162895e-01,9.515351983194277885e-01,8.888485809485967559e-01,9.178648421895770904e-01,8.059370496921534066e-01,8.113561643670541557e-01,8.446719963573963152e-01,8.903198602156923158e-01,8.397190768464650734e-01,8.783857693284407020e-01,8.825113931197759998e-01,8.606359194076114161e-01,8.726214013496189636e-01,8.693446009143755981e-01,8.915267663982737734e-01,8.748288325655265707e-01,8.371296610522456216e-01,8.517410266314604517e-01,8.906947929564298372e-01,9.029093176672735588e-01,9.116369987371335526e-01,8.849353616442489079e-01,9.628311317662132662e-01,9.102312859719674520e-01,7.763779991645407552e-01,8.619529593520601773e-01,9.466533212674113074e-01,9.123722432637801916e-01,9.193715360466419018e-01,8.693737495762580147e-01,9.238754986602901731e-01,8.948529522970113392e-01,9.643973651357489185e-01,9.295339211260900125e-01,9.540396409296942881e-01,9.128516323538391486e-01,9.075424758024936978e-01,9.448030803454080528e-01,9.022482149294972498e-01,9.309725343694392752e-01,9.383377624610536039e-01,9.012702103323844138e-01,8.852059221141559409e-01,8.629917120467521796e-01,9.440685952689967797e-01,9.624274270389865382e-01,8.841582059944829153e-01,8.866757676826160228e-01,7.081005260445193406e-01,7.524327971741326948e-01,9.116601972523545871e-01,9.069894184285363092e-01,8.444973248053364578e-01,8.655054009029443662e-01,7.929546701621927873e-01,7.784185625373092332e-01,7.277550408404999116e-01,7.079826562682144386e-01,8.567634762292093420e-01,8.673011422257230763e-01,8.974793519491883753e-01,8.883071856753763651e-01,9.738221229974576287e-01,9.750272776561820232e-01,9.337583521608264769e-01,9.324154035630444204e-01,9.417784196849596778e-01,9.674569861673162352e-01,9.467932453580085728e-01,9.323649344880711176e-01,9.082614120746671516e-01,8.833455335957742793e-01,9.355878224368290308e-01,9.584664350023897050e-01,9.234689327055840558e-01
9.342895744343908682e-01,8.904674309045668146e-01,9.356990207527076109e-01,9.536158493672703962e-01,9.263424175457788401e-01,9.709234942500765131e-01,9.781759573652428763e-01,9.873523225933416025e-01,8.984402345332428430e-01,9.118569854713944878e-01,1.000000000000000000e+00,9.916766098798450724e-01,9.850878870072850013e-01,9.827933480248663978e-01,8.341783111668403805e-01,8.711209859954867074e-01,9.860527947557545803e-01,9.954721767748553329e-01,8.315947032933423966e-01,8.190324987311971006e-01,9.428947119769476304e-01,9.780238028136194472e-01,8.946001785041831633e-01,9.353486114761545567e-01,9.607834758606642600e-01,9.514071747508612287e-01,9.798908666285891522e-01,9.774399264103668106e-01,9.915343803276885914e-01,9.842107911812508769e-01,8.188057480738850646e-01,8.489301732773478770e-01,9.004686927079041947e-01,8.899914460667692762e-01,9.595530088334993657e-01,8.950289849249591922e-01,9.602352851263370459e-01,9.829391190466340023e-01,8.160588839946247841e-01,9.517424550908206715e-01,9.243221639378680354e-01,9.345753095868478688e-01,9.443506031979695958e-01,8.846780385492223342e-01,9.781204089986534900e-01,9.177089308943386925e-01,9.393206774825554328e-01,9.283536082804629830e-01,9.877174028134123596e-01,9.621817660194478261e-01,9.841623240411925266e-01,9.801859138491022527e-01,9.169326666304012941e-01,8.944766946854297851e-01,9.890782057537056415e-01,9.798725410656573542e-01,9.870740420434129803e-01,9.750965465964932521e-01,9.470611110497778595e-01,9.722640187874698192e-01,9.139164050740118395e-01,9.379932495352709676e-01,6.575842866571030010e-01,7.679092073886917280e-01,9.690909656499818725e-01,9.774153084852580387e-01,9.389020319788657920e-01,9.823414093580535855e-01,8.541401057178348299e-01,8.475617630261039759e-01,6.518522623295923690e-01,6.378793585209157069e-01,9.709366924612785610e-01,9.309248037879247484e-01,9.779733287692842225e-01,9.888270697549081945e-01,9.620016942955400552e-01,9.273223968176447229e-01,9.775299572624692734e-01,9.908515682061602714e-01,9.861314559937532920e-01,9.629286964009970973e-01,9.434137706827696590e-01,9.871323246677592422e-01,9.880173953313859947e-01,9.803327344009481470e-01,8.906205918034093560e-01,9.463046766255389652e-01,9.946597727293282620e-01
9.505834553914418450e-01,9.064886857088406691e-01,9.327358036838214739e-01,9.525550572123533399e-01,9.314947239297708403e-01,9.763146724542864918e-01,9.871837678406359951e-01,9.890525097368572105e-01,9.309080714179542859e-01,9.430010490512832355e-01,9.916766098798450724e-01,1.000000000000000000e+00,9.903166636311202531e-01,9.928694774958306546e-01,8.739592300724418061e-01,9.115142414785317726e-01,9.836927728278612726e-01,9.916883285369100243e-01,8.448680783785961212e-01,8.360301404484312693e-01,9.473293716749785487e-01,9.746394517303654803e-01,8.794401132249622943e-01,9.240094595183362403e-01,9.550081849493166075e-01,9.503519208058813783e-01,9.698425592598839406e-01,9.734765514869015979e-01,9.865778409689409667e-01,9.788786667634752359e-01,8.311131759184445800e-01,8.631030314060439412e-01,9.138138684149662572e-01,8.927753107656815068e-01,9.612505493883634067e-01,9.055307427735836967e-01,9.658367476873579438e-01,9.794665178205538281e-01,8.293991300969388858e-01,9.546523347729785058e-01,9.497438536862884417e-01,9.469402276551306397e-01,9.604599344708445452e-01,9.000011023718290648e-01,9.858032461879535635e-01,9.339635985553079722e-01,9.547318633607158045e-01,9.475869336038408308e-01,9.955252512179622038e-01,9.710141626187025476e-01,9.831083184953491871e-01,9.885388040748187555e-01,9.391883415977261285e-01,9.239650157145081755e-01,9.886061804072198145e-01,9.845552671577959547e-01,9.828596184199418495e-01,9.603341716750074530e-01,9.536114905040737888e-01,9.826231987558657899e-01,9.285852154354286014e-01,9.437359328551661042e-01,6.817482632938524079e-01,7.865260429345516391e-01,9.656020599348188460e-01,9.726903824097994367e-01,9.423893408450758624e-01,9.759169599321612099e-01,8.691254514878877790e-01,8.618563747506902128e-01,6.749059954278322504e-01,6.587287204502512150e-01,9.576572097725625232e-01,9.384771118629697817e-01,9.729903256037281123e-01,9.804515138216215453e-01,9.793448005479942209e-01,9.440765486072942858e-01,9.749017762006038090e-01,9.944176268793661899e-01,9.877338924592942160e-01,9.741772196234663728e-01,9.572028557165870311e-01,9.819872162529051929e-01,9.785943591991916879e-01,9.687137040363298368e-01,9.148574572531351645e-01,9.637917153899941969e-01,9.912885678105813891e-01
9.546348232326502536e-01,9.137919295490417593e-01,9.426942901308079659e-01,9.639994400722703416e-01,9.388644361838195396e-01,9.742022046933460633e-01,9.938661590890618402e-01,9.884407387504919873e-01,9.427200597848169883e-01,9.377475089289352139e-01,9.850878870072850013e-01,9.903166636311202531e-01,9.999999999999998890e-01,9.835893779987091579e-01,8.919763786783754256e-01,9.207806784950333112e-01,9.847754829488833961e-01,9.846497452363682790e-01,8.629798940869982671e-01,8.486195060767454112e-01,9.517443877484149661e-01,9.576269617197662454e-01,8.807398735934773848e-01,9.214233242065346108e-01,9.618921823215123013e-01,9.612695390950591889e-01,9.647921559313703543e-01,9.747828744880036034e-01,9.824856274598959827e-01,9.667853001863843110e-01,8.402118230566397727e-01,8.682192660128499329e-01,9.090012887672956898e-01,9.022417236886275393e-01,9.654772386086536429e-01,9.090703479407618026e-01,9.554975123320627040e-01,9.831429970572654886e-01,8.519596208818016603e-01,9.571178339716063244e-01,9.579628584939660074e-01,9.517075871657723063e-01,9.682055819075560121e-01,9.086033092215103357e-01,9.924304478550682873e-01,9.448993000188528057e-01,9.565263446692422455e-01,9.573650726491855778e-01,9.885464022478686053e-01,9.771482711244194874e-01,9.899770381615657922e-01,9.886669769823817067e-01,9.522885447351390198e-01,9.406065745490252983e-01,9.737904515812421113e-01,9.832534584252015097e-01,9.803492673255821410e-01,9.464298433736424432e-01,9.335843697621428738e-01,9.810773255531193282e-01,9.363555754480833437e-01,9.527682725736422720e-01,6.961512588740605967e-01,8.041364528624107555e-01,9.563048854039947200e-01,9.563368160648723082e-01,9.476159959484736772e-01,9.777307224183489076e-01,8.800712507242117733e-01,8.785564238844456586e-01,6.830122142531230844e-01,6.664625365041640936e-01,9.600460945151830794e-01,9.496234949969220018e-01,9.648664519190287558e-01,9.740765754860480907e-01,9.725841555549499251e-01,9.311446258618423233e-01,9.681394536243129734e-01,9.885436847508989322e-01,9.760928806421464987e-01,9.698150238476158647e-01,9.700605022315667014e-01,9.818605677708407420e-01,9.710027852189213604e-01,9.663440760663479789e-01,9.371903348305594683e-01,9.784480659656673573e-01,9.894495865936123735e-01
9.492100602742072901e-01,9.002783064991131123e-01,9.317239741593050795e-01,9.479129343939803887e-01,9.336716551295202171e-01,9.752453083512000465e-01,9.858384894943994503e-01,9.791621184241989795e-01,9.468397137198210078e-01,9.633292763494459843e-01,9.827933480248663978e-01,9.928694774958306546e-01,9.835893779987091579e-01,9.999999999999998890e-01,8.877401004801644957e-01,9.286480109744672529e-01,9.691464587289951860e-01,9.851273814675078899e-01,8.398592105875865022e-01,8.351790681757305101e-01,9.228066225347376639e-01,9.557145094303575172e-01,8.724877372218158289e-01,9.169319304416581051e-01,9.362195316838414216e-01,9.244127183259699398e-01,9.482443876316687392e-01,9.486475079619313133e-01,9.682449447142964516e-01,9.546470466408543132e-01,8.447791577376171368e-01,8.724880413420266212e-01,9.112540719230064479e-01,9.074264128863818168e-01,9.576433397736523467e-01,9.121914806368516260e-01,9.791475129792681642e-01,9.677305643521385559e-01,8.180789061690539876e-01,9.306809529406687709e-01,9.513191365357400731e-01,9.427379384886500624e-01,9.527761151342557522e-01,8.994817620512698397e-01,9.736115040368890083e-01,9.266981286072364377e-01,9.676771201319115390e-01,9.530031311499055358e-01,9.975130013587489852e-01,9.605867864180284155e-01,9.698056448340348634e-01,9.813640146527993213e-01,9.387271915767669839e-01,9.341493319678906282e-01,9.854999805839179672e-01,9.735310325739037207e-01,9.612712968187016038e-01,9.430586583295317293e-01,9.614094554735433951e-01,9.902612493034390617e-01,9.214649347459217266e-01,9.330263025327540927e-01,6.978669518219225987e-01,7.825104424622153498e-01,9.550982150390872061e-01,9.611040849319213430e-01,9.240008798670428236e-01,9.532269406705320414e-01,8.476384511862258275e-01,8.357790235467085216e-01,7.035316531451946132e-01,6.937379680401696280e-01,9.347593903068042165e-01,9.223934854285242846e-01,9.543164530738849072e-01,9.597391902213702197e-01,9.899311611369491226e-01,9.625766661061536666e-01,9.705385929948084911e-01,9.852171036073111843e-01,9.836870681701386232e-01,9.773391475140589257e-01,9.638616730217944850e-01,9.790877013072465385e-01,9.670919215354164544e-01,9.501414639807015394e-01,9.260133348110947127e-01,9.711887337267758324e-01,9.830909055365031346e-01
9.569655292233295585e-01,9.457110741335192916e-01,8.320964815648868029e-01,8.730316342103110472e-01,9.261196821542692081e-01,9.087568841980343537e-01,8.949932197302316039e-01,8.738299573658533381e-01,9.723691888664559579e-01,9.074305454927162895e-01,8.341783111668403805e-01,8.739592300724418061e-01,8.919763786783754256e-01,8.877401004801644957e-01,1.000000000000000000e+00,9.824530169581867645e-01,8.620109158920419290e-01,8.248401645370492252e-01,9.310091475183385201e-01,9.320010398659672735e-01,8.854800257572669198e-01,7.777359637480270038e-01,6.622086635479313976e-01,7.193812508178687448e-01,8.060369228557009436e-01,8.367620027526162518e-01,7.648809661807224325e-01,8.290925769782973020e-01,8.471605598623734856e-01,7.862811471248397632e-01,9.217024922489485128e-01,9.428466253215561643e-01,8.971478431767418993e-01,8.979816342176080157e-01,9.173294667787780243e-01,9.412507359663494499e-01,8.762944423789306159e-01,8.670084664419861475e-01,9.096241031132614729e-01,8.522599368005903120e-01,9.432187501606262847e-01,9.302413731900799343e-01,9.408214636809002496e-01,9.459281464106998882e-01,9.006094747439546966e-01,9.357322042508320337e-01,9.383357643814076443e-01,9.705093549651213625e-01,8.908719016196089413e-01,9.164481569386125903e-01,8.794603010512326291e-01,8.886165667198115958e-01,9.633404474773830106e-01,9.866270399382019995e-01,8.256715943200886310e-01,8.923730650844112766e-01,8.394946911802417810e-01,7.172884814832040101e-01,8.526966946080185572e-01,9.090809466520890503e-01,9.416192384522434899e-01,9.153972939386157970e-01,8.790984542071069718e-01,9.150074423242129384e-01,8.001996944998354122e-01,7.790853268644729601e-01,8.979156063689603950e-01,8.419057825573598164e-01,8.892206043938426507e-01,8.870201184149628659e-01,8.732241055786943429e-01,8.659515240798021374e-01,7.588178842443875638e-01,9.119836890265998752e-01,7.811215139960772103e-01,7.879703360553711455e-01,9.250033467239047180e-01,8.302783048885340467e-01,8.362803224095940458e-01,8.654885944300522160e-01,8.389162729433569110e-01,8.795185297980541161e-01,9.327839855726315355e-01,8.317782492445667808e-01,7.895113693528009735e-01,7.672824983992756476e-01,9.666408855553327850e-01,9.531565610776169262e-01,8.657183053489397873e-01
9.476019188515715230e-01,9.163627409043408889e-01,8.491243233738143825e-01,8.790766052241174577e-01,9.133768367973311708e-01,9.202902451336123502e-01,9.294221721450891538e-01,8.940604464774408733e-01,9.896393667416989448e-01,9.515351983194277885e-01,8.711209859954867074e-01,9.115142414785317726e-01,9.207806784950333112e-01,9.286480109744672529e-01,9.824530169581867645e-01,1.000000000000000222e+00,8.865619712921095630e-01,8.710137625171734399e-01,8.793165124112329867e-01,8.835568582444097707e-01,8.800340213879469520e-01,8.243260274387588238e-01,7.139242730583865715e-01,7.681378441933319756e-01,8.275969670998556404e-01,8.401272005906206264e-01,8.057552622372468054e-01,8.453014463255622557e-01,8.731537382111966838e-01,8.261601795568520590e-01,8.850449572145182575e-01,9.098732232025132927e-01,8.817634013829682704e-01,8.910960477020080095e-01,9.173422301671189105e-01,9.234859300469810961e-01,9.092810925388481458e-01,8.794598613704271983e-01,8.582058872183895293e-01,8.503459533221644495e-01,9.541269127223944713e-01,9.170222453917296068e-01,9.334587318261347022e-01,9.159639380990085566e-01,9.178164314907558685e-01,9.165984854902891055e-01,9.461616273549811051e-01,9.650263716516656043e-01,9.291792427085922013e-01,9.160683216973726228e-01,8.949446333262613962e-01,9.118142740164709714e-01,9.592628803709353225e-01,9.854406138500969581e-01,8.714620155862123907e-01,9.159418777679906309e-01,8.617089057500207927e-01,7.750436116683857568e-01,8.819392973562464322e-01,9.371672632138687842e-01,9.199422470077489589e-01,9.006609940676429948e-01,8.085067510505391519e-01,8.547350735266066035e-01,8.366818349251133879e-01,8.200907086581705752e-01,8.881051696083126501e-01,8.590029043247278118e-01,8.482769407621199020e-01,8.413667782414041563e-01,8.149047578319874585e-01,8.136706805862381486e-01,7.919166367417349583e-01,8.942189564017012371e-01,8.193088819237144271e-01,8.268933986602060582e-01,9.524274036453889147e-01,8.908190365779672382e-01,8.648402402958327295e-01,8.932543821834890707e-01,8.767196137112540644e-01,9.079819535839129818e-01,9.447276359024281422e-01,8.732763669619806324e-01,8.346353114008910890e-01,8.111015322609640421e-01,9.601301983705756715e-01,9.686149124051443016e-01,8.942460279431111436e-01
9.516160970462685942e-01,9.179270723808072852e-01,9.081037006399395040e-01,9.417915131538318052e-01,9.274636236435750414e-01,9.623179026247329348e-01,9.750518895437328970e-01,9.806584129496123126e-01,9.042627240399991884e-01,8.888485809485967559e-01,9.860527947557545803e-01,9.836927728278612726e-01,9.847754829488833961e-01,9.691464587289951860e-01,8.620109158920419290e-01,8.865619712921095630e-01,1.000000000000000000e+00,9.835464614657525306e-01,8.635408561635613545e-01,8.456284084564326120e-01,9.691024388041038495e-01,9.543828404414207434e-01,8.492343350874842489e-01,8.952369470186760658e-01,9.501778999936820735e-01,9.670602144491573515e-01,9.675341031929496349e-01,9.852018384720655497e-01,9.900733351328936394e-01,9.741223928280731137e-01,8.237800661178923400e-01,8.616868537595564481e-01,8.883824927111340086e-01,8.723065003794541195e-01,9.580786870003948907e-01,9.015537532185122771e-01,9.273371147035374129e-01,9.766169326044414900e-01,8.533039212477432356e-01,9.689480029408433781e-01,9.248563197277701597e-01,9.409687841077047921e-01,9.595309240670232276e-01,9.022040944584455158e-01,9.872526464226060172e-01,9.396089710696811093e-01,9.250476307192752046e-01,9.456438451439571624e-01,9.786535288582842718e-01,9.715114382866192333e-01,9.872623083011713430e-01,9.711270521110569875e-01,9.525608884507333896e-01,9.155098435726687356e-01,9.596058601406931565e-01,9.933536498215245203e-01,9.858676028848908368e-01,9.453003795283970723e-01,9.053446103519581234e-01,9.626479799328684361e-01,9.332522339237672160e-01,9.463231080436218523e-01,6.806675029596491733e-01,8.097797852151581433e-01,9.348635099166557882e-01,9.453478670196169276e-01,9.666793497417591752e-01,9.897691633016871826e-01,8.868188988445547816e-01,8.913709752651972629e-01,6.642038001842078820e-01,6.543012151601140802e-01,9.649637488003729446e-01,9.544080047569437619e-01,9.557591650366397129e-01,9.747664303629782756e-01,9.482519383286983627e-01,8.807082294092225538e-01,9.463043419384199462e-01,9.819776515994614874e-01,9.598355732800665230e-01,9.359471156770955425e-01,9.458264662452062765e-01,9.627723900597427997e-01,9.595735168881402988e-01,9.598688918036006879e-01,9.008467618514863773e-01,9.515139316707933448e-01,9.883018652823508665e-01
