1.000000000000000000e+00,9.886342464017108256e-01,9.665490525627982166e-01,9.566575034885855811e-01,9.490307131619908354e-01,9.019356900519451825e-01,9.689826961512327808e-01,9.850790582595927436e-01,9.696677191847307142e-01,9.893853329925295093e-01,9.812013144474511783e-01,9.763541328320213264e-01,9.544119406094757618e-01,9.767158111650107166e-01,9.371264210961804952e-01,9.572258941362379314e-01,9.741474231109615856e-01,9.739285425660270112e-01,9.534040205271608892e-01,9.754725377390001118e-01,8.521294224768177772e-01,8.157243073793367660e-01,9.422962763894083826e-01,9.028285109919680362e-01,9.102440865257499514e-01,8.770549411693071562e-01,8.759029167863581211e-01,8.586669229003351944e-01,8.944522670445173018e-01,8.442928570400139998e-01,9.338831802227796075e-01,9.334315256166915153e-01,8.407041386056242072e-01,5.979239544725203359e-01,9.357035224713527999e-01,9.517679140339300181e-01,8.658464242430083946e-01,8.638087926178735776e-01,8.042184837326871172e-01,8.462785398277723470e-01,9.278691032698203056e-01,9.101201224288194558e-01,9.106897336281263300e-01,9.414461348500606785e-01,9.465039255320608635e-01,9.634845625313600559e-01,9.869804225233880235e-01,9.659617034067172758e-01,9.206859390993286096e-01,9.176290679556460272e-01,9.850374420880803061e-01,9.705135550760033425e-01,9.372103602461161476e-01,9.275922867392720761e-01,9.440115958406198882e-01,9.445995297797307177e-01,9.664113931742407404e-01,9.046812366384711090e-01,9.657650546250027279e-01,9.004691928847565752e-01,9.502336649906181210e-01,9.207106420552289006e-01,9.445770655679754935e-01,9.191146752597112446e-01,7.438674351285078368e-01,6.411481485852552620e-01,9.175457066489194347e-01,8.723453720833791447e-01,8.928735764607489411e-01,8.119710381962241819e-01,9.360046680016756993e-01,9.499502382558862035e-01,8.941272983765132798e-01,8.368021159108537388e-01,9.588079763917229936e-01,9.550232535674982870e-01,9.595010402340614641e-01,9.232035867860495237e-01,9.353856638345177110e-01,9.433383381678400736e-01,9.405011420506791398e-01,9.215369062685082602e-01,8.427139278913124976e-01,8.674117754650637613e-01,8.818174107206099288e-01,8.560776873342559323e-01,8.717288766803813482e-01,8.964174854624615829e-01,8.636493721153004621e-01
9.886342464017108256e-01,1.000000000000000000e+00,9.733946159810410448e-01,9.705191720308607994e-01,9.556748908559887790e-01,9.393721297144896898e-01,9.653966184736216816e-01,9.851521134940817159e-01,9.489197211314290836e-01,9.695552811374082980e-01,9.873658555574511553e-01,9.864521498975300506e-01,9.592521785247865029e-01,9.838623126270156227e-01,9.246709058857065511e-01,9.657050798865738361e-01,9.845229200205746212e-01,9.899881132816403806e-01,9.527939287023605708e-01,9.868059590061630804e-01,8.859622402068282332e-01,8.762746912805937649e-01,9.580667938481256529e-01,9.385219802436013392e-01,9.446621098295405750e-01,9.249145192340970656e-01,9.254266618495985419e-01,9.090059707823803237e-01,9.358408011128315218e-01,9.027755177683223220e-01,9.677087222663365296e-01,9.663550382915857551e-01,9.025166264029209628e-01,6.813723966651049624e-01,9.582371042853438103e-01,9.771194802448950334e-01,9.134271256664268090e-01,9.178600613439491518e-01,8.577448299889645078e-01,8.902223638147856999e-01,9.526053367755002999e-01,9.517942744072844796e-01,9.464274956109642867e-01,9.668770647717409572e-01,9.753842606417696404e-01,9.891453652373958239e-01,9.850354758690427204e-01,9.725575670681636531e-01,9.565650428971328445e-01,9.577273503215777417e-01,9.893801510527958643e-01,9.862087087612994019e-01,9.560659924882293215e-01,9.334163579903592689e-01,9.769818744018433643e-01,9.653950933134958223e-01,9.823022968751071726e-01,9.432411745617778065e-01,9.892454569478867921e-01,9.198005206544480616e-01,9.800089527502902076e-01,9.599695350757770917e-01,9.666053688891310669e-01,9.483364201404600458e-01,8.108818167847036129e-01,7.152760502053951974e-01,9.492398074864235591e-01,9.258087741449303465e-01,9.144829633376684308e-01,8.472764221931583517e-01,8.928581698487345619e-01,9.170404835875725080e-01,9.349382716409491145e-01,8.953049524623386546e-01,9.787866892767965732e-01,9.795284661689798167e-01,9.724089162091273941e-01,9.592523070467151580e-01,9.683492771987471937e-01,9.773006965039678917e-01,9.691182117787813244e-01,9.605956088588012420e-01,9.014367579973812106e-01,9.191874263581838456e-01,9.303591564581541462e-01,9.134818814720739866e-01,9.212215599597735061e-01,9.388566674312055493e-01,9.171632974286743067e-01
9.665490525627982166e-01,9.733946159810410448e-01,1.000000000000000000e+00,9.912826749464485054e-01,9.813269840659414323e-01,9.525411118276485567e-01,9.889391661474327133e-01,9.865227067636520575e-01,9.646281789755390967e-01,9.606244873928218020e-01,9.462222644476624422e-01,9.727977049963419942e-01,9.894298468308069250e-01,9.900903843058711518e-01,9.618445948610028218e-01,9.889505793681228063e-01,9.696179211658284558e-01,9.741031549814083146e-01,9.914866663811161551e-01,9.850981333182136090e-01,9.138415717548649120e-01,8.855843471313489257e-01,9.916538746827852080e-01,9.541226634908229753e-01,9.605098902317044107e-01,9.320920352825516897e-01,9.184142827195618253e-01,9.266734059855751271e-01,9.508965592240972153e-01,9.011264856413837565e-01,9.668542272038493923e-01,9.736037840299305302e-01,8.761630493485306204e-01,6.537671200686778761e-01,9.839670400813985696e-01,9.349696033228291903e-01,9.315658140115588015e-01,9.239632448176917645e-01,8.951778833133373636e-01,9.158699572892884389e-01,9.157459589479682860e-01,9.158883008485256827e-01,9.114641933858766976e-01,9.105986744592489135e-01,9.674996553006827149e-01,9.573421483195985182e-01,9.660789711740387364e-01,9.279880988805186970e-01,9.710290621019092017e-01,9.570734717287203708e-01,9.697397239997499474e-01,9.396864978019616732e-01,9.040816068706674091e-01,8.785627395155990449e-01,9.430951558080934438e-01,9.088523491777324992e-01,9.791947587297539224e-01,8.931079135175536976e-01,9.523403250024455868e-01,8.533720642023363556e-01,9.588712230091506195e-01,9.433394573651264770e-01,9.834497462190958661e-01,9.641925339428141228e-01,8.077584635086937359e-01,6.944189067673036675e-01,9.663514426700102744e-01,9.085087114511647410e-01,9.479442968785156687e-01,9.017467571754369526e-01,9.025149639986274064e-01,9.377217765544636485e-01,9.041712688360066252e-01,8.525722397739163849e-01,9.833635655728367730e-01,9.507718361514803096e-01,9.867261889221849991e-01,9.600219755700214463e-01,9.775114958677612043e-01,9.468761853220198921e-01,9.821139870042046027e-01,9.531822079984119123e-01,8.930931502511685327e-01,8.883582638779692342e-01,9.209450216956798219e-01,8.845353215218767495e-01,9.313494534101143252e-01,9.486419198331756952e-01,9.046256750660031098e-01
9.566575034885855811e-01,9.705191720308607994e-01,9.912826749464485054e-01,9.999999999999998890e-01,9.787703116284771632e-01,9.687044381309970476e-01,9.859259067080287098e-01,9.865409802918896354e-01,9.445124255112965495e-01,9.429869294972386129e-01,9.377109207606918462e-01,9.640641612195423038e-01,9.839218188513715324e-01,9.926358033933041503e-01,9.326391620006759808e-01,9.760814573044850340e-01,9.805711730000639115e-01,9.708035359629497707e-01,9.863840571556277137e-01,9.926388136971274756e-01,9.072269562075125915e-01,8.948666741627894217e-01,9.930249756893330115e-01,9.609389297338835068e-01,9.773055047815351060e-01,9.559562086971464812e-01,9.322928072217570028e-01,9.323963065866739397e-01,9.554548049169537816e-01,9.091549540808600005e-01,9.827862681952470592e-01,9.785720713390062553e-01,9.022783447939568546e-01,6.532030922322584754e-01,9.883048361432008599e-01,9.505578768066821338e-01,9.364721259106758566e-01,9.366915465255398754e-01,9.005369100368512125e-01,9.205478958941815115e-01,9.163849079974935030e-01,9.348941275305970855e-01,9.099623932179441432e-01,9.192075225981795050e-01,9.716297167787345535e-01,9.623537412856295603e-01,9.534905531169467485e-01,9.182657791915498358e-01,9.811921429510979120e-01,9.692883221992071308e-01,9.631799162282663751e-01,9.384265079543185895e-01,8.972106105396626674e-01,8.589601633197025965e-01,9.577823041007431648e-01,9.140401694735911242e-01,9.782697221905732876e-01,9.076374954998329692e-01,9.571945095966714057e-01,8.480642317503417349e-01,9.642843253638779810e-01,9.503036533475603953e-01,9.946719652233348974e-01,9.735212068891452297e-01,8.173145843647637854e-01,7.078161114545679089e-01,9.840797820785246453e-01,9.328502966891896175e-01,9.630158524907233009e-01,9.114519936192264637e-01,8.595403837634603139e-01,9.096696746691959046e-01,9.366221749267071850e-01,8.695448352327747044e-01,9.894439773010361705e-01,9.480311168628168250e-01,9.746845283113449998e-01,9.651343626391049035e-01,9.857139137587773714e-01,9.582248414446481455e-01,9.871903563233008772e-01,9.512761442382275945e-01,8.979190249158774950e-01,8.929723480399713864e-01,9.331715152134749669e-01,9.109785607562664866e-01,9.360003357548354330e-01,9.482004128427338197e-01,9.163448886190956877e-01
9.490307131619908354e-01,9.556748908559887790e-01,9.813269840659414323e-01,9.787703116284771632e-01,9.999999999999998890e-01,9.431019803594061779e-01,9.852972225819509600e-01,9.784122195152165080e-01,9.667149874010025901e-01,9.491859562962045027e-01,9.207416929716478737e-01,9.518817167005908519e-01,9.822891893844556410e-01,9.831552241248247004e-01,9.515985605186189078e-01,9.834273023569024552e-01,9.580456504431006381e-01,9.618341777048535768e-01,9.804036731047380826e-01,9.746890050272973838e-01,8.793341906315392809e-01,8.817449594777244659e-01,9.711041870982226598e-01,9.355299825046137219e-01,9.684390213586145935e-01,9.379625290473823096e-01,9.033308794660144248e-01,9.122824525951938046e-01,9.265994776624478790e-01,8.678830778065971252e-01,9.537634040077472841e-01,9.508261698313379418e-01,8.549505807191464246e-01,5.966967110575560618e-01,9.686569905633951594e-01,9.236094415005433600e-01,9.195291065989867896e-01,9.069841399190088360e-01,8.710111885305854562e-01,8.952623981942606779e-01,8.928638299760549568e-01,8.941666352590504907e-01,8.864922076579253574e-01,8.941733448551362207e-01,9.421432381010392820e-01,9.408302827805312685e-01,9.423398996574263720e-01,9.077171239252931345e-01,9.543807734004002841e-01,9.427435014146243741e-01,9.503955387211269201e-01,9.219130373114737820e-01,8.770040574268929134e-01,8.539776592542831501e-01,9.337693442898953311e-01,8.955175118816439683e-01,9.623884982785668729e-01,8.749720519638592986e-01,9.413232567279417040e-01,8.332238394906076318e-01,9.388108233433585248e-01,9.140615073248259392e-01,9.727698298416360689e-01,9.501941012179691004e-01,7.624191287785688775e-01,6.509660696408777758e-01,9.638930412308486240e-01,8.890959035714661729e-01,9.602793664026667564e-01,8.922139318972026611e-01,8.816076545018317612e-01,9.243337957837972629e-01,9.144493391972590146e-01,8.281285253209440533e-01,9.719431641538247568e-01,9.346673106494767236e-01,9.660512284741710198e-01,9.399638259522437034e-01,9.607922517245311989e-01,9.269810919349270595e-01,9.691685881630914823e-01,9.316106056061526086e-01,8.645440902618690693e-01,8.621755259304688668e-01,8.994183251358454090e-01,8.756484663255881262e-01,9.067927703223501723e-01,9.251255860265091835e-01,8.732233760550591750e-01
9.019356900519451825e-01,9.393721297144896898e-01,9.525411118276485567e-01,9.687044381309970476e-01,9.431019803594061779e-01,1.000000000000000000e+00,9.416000314097956458e-01,9.346881000528304284e-01,8.636835566074320125e-01,8.672796457852487428e-01,9.141132667083018415e-01,9.483127024398638749e-01,9.495259961105699809e-01,9.550748277563483324e-01,8.851894906754390613e-01,9.522736341522664016e-01,9.569017850259944336e-01,9.569624971944878933e-01,9.332910204212426786e-01,9.559769436060689962e-01,9.336778960302172248e-01,9.526742176324978217e-01,9.698114663358196053e-01,9.909458867461101717e-01,9.869642337770903051e-01,9.726715836453767583e-01,9.743900028741336872e-01,9.758518473646816682e-01,9.768053018183602276e-01,9.438853311682564584e-01,9.779326078215279106e-01,9.708813802472873178e-01,9.572017638170570164e-01,7.500974846742558544e-01,9.723724070400708852e-01,9.377001898788950296e-01,9.652479030541797345e-01,9.710492671724757496e-01,9.011546098469538357e-01,9.249610335559939056e-01,9.035897935939043446e-01,9.606220908829549154e-01,9.131376339579597712e-01,9.327496387413963808e-01,9.699804237126252726e-01,9.584781590424604758e-01,9.077754734300966799e-01,9.078025626424919281e-01,9.838866970518946875e-01,9.856678930286172369e-01,9.433160159571768455e-01,9.295318138072790060e-01,9.064875221902074509e-01,8.438993893890346376e-01,9.703554301476045030e-01,9.295051662007117743e-01,9.650720344257656125e-01,9.471946530668149400e-01,9.548963126999869822e-01,8.684883754991583604e-01,9.613507096002797958e-01,9.530213075262444766e-01,9.664063228308404918e-01,9.542269764192783388e-01,9.021552140281314802e-01,8.193080995463009053e-01,9.896026267847787272e-01,9.769707258770876646e-01,9.278558999342656488e-01,9.036013698203815281e-01,7.716685185664129421e-01,8.377022406385050690e-01,9.503864603417051526e-01,9.300137813153230848e-01,9.775610718256563247e-01,9.565197064012863626e-01,9.403097543361256250e-01,9.814041134157525104e-01,9.803479500080531928e-01,9.655966343870026058e-01,9.753118442643722297e-01,9.581170736931139409e-01,9.382900338561761533e-01,9.333407740745305325e-01,9.783266966820465260e-01,9.627600313544836252e-01,9.659938126123330804e-01,9.692219587813400983e-01,9.537284632987764743e-01
9.689826961512327808e-01,9.653966184736216816e-01,9.889391661474327133e-01,9.859259067080287098e-01,9.852972225819509600e-01,9.416000314097956458e-01,9.999999999999997780e-01,9.896303004949245086e-01,9.746262804481421460e-01,9.679774417284242594e-01,9.363783810103606386e-01,9.597646193517619384e-01,9.935384987615485386e-01,9.866406845703754591e-01,9.641548371652912675e-01,9.826418338225950677e-01,9.706446684255406465e-01,9.676284112608857235e-01,9.909870407678051940e-01,9.833717111035589209e-01,8.907899294676937529e-01,8.492893064754560850e-01,9.793113773236885589e-01,9.333771815333375965e-01,9.542638767274340683e-01,9.139491010384059866e-01,8.929041467358597162e-01,8.987117227972838407e-01,9.206200023686404998e-01,8.562234889970090634e-01,9.483438258937526566e-01,9.475912338903083043e-01,8.413448655605055837e-01,5.765755816373516751e-01,9.636186788424216942e-01,9.284393169557293435e-01,8.987085186607557397e-01,8.867960490895484549e-01,8.399920157616267424e-01,8.798193837344675527e-01,8.987253218221984419e-01,8.962746801183210099e-01,8.849902319925181393e-01,9.012215853546374777e-01,9.482096614495116871e-01,9.411110331758891778e-01,9.627498557751188457e-01,9.250800881108909302e-01,9.520024322034053021e-01,9.337583752141255244e-01,9.656251640869428776e-01,9.303440523736781209e-01,8.897338919276813751e-01,8.669357345411163873e-01,9.335920367239590734e-01,9.027980891972003930e-01,9.759887360866367212e-01,8.747526565956312838e-01,9.429738376596745741e-01,8.365633170810218289e-01,9.426615061728095268e-01,9.142038517708053202e-01,9.756673849810030275e-01,9.534714248693418881e-01,7.618343532262299433e-01,6.350441165038920310e-01,9.618589741041068120e-01,8.831578659823846600e-01,9.466832946323737730e-01,8.656093794899631932e-01,9.139499036230774864e-01,9.558900072269447268e-01,9.075524222881505843e-01,8.201692876734327786e-01,9.769605116782209553e-01,9.337914617250397953e-01,9.651297986365985349e-01,9.310623251477117002e-01,9.575334120352438916e-01,9.254972721170274808e-01,9.657270038438734439e-01,9.196644540500935605e-01,8.462740362132321614e-01,8.492933717505449787e-01,8.975932483032169618e-01,8.584440161909546729e-01,8.935373095325285231e-01,9.162925269510922011e-01,8.669602530919262584e-01
9.850790582595927436e-01,9.851521134940817159e-01,9.865227067636520575e-01,9.865409802918896354e-01,9.784122195152165080e-01,9.346881000528304284e-01,9.896303004949245086e-01,1.000000000000000000e+00,9.746074267696133164e-01,9.796950564069926148e-01,9.582562304325287217e-01,9.673747499096079228e-01,9.801266033373310371e-01,9.939867417455977572e-01,9.427620843714634713e-01,9.724809587183228521e-01,9.828766582601728974e-01,9.746957264856632719e-01,9.812163964480686840e-01,9.939453951714578572e-01,8.723904004762372821e-01,8.483646185237407877e-01,9.714367896857659668e-01,9.251629070460782867e-01,9.505592777401685733e-01,9.238558461851902326e-01,8.984206279201878420e-01,8.902321059072237919e-01,9.192958762077043655e-01,8.676619014302862087e-01,9.637247194120510674e-01,9.569611747345776465e-01,8.611740147892943398e-01,5.965109681150264631e-01,9.656386716437019846e-01,9.589355685986835631e-01,8.956678580878454365e-01,8.950635484447682089e-01,8.570371250319108736e-01,8.918740114251910711e-01,9.194018523293596701e-01,9.146137929199826822e-01,9.040323261018643475e-01,9.263711913041932089e-01,9.573041811332707596e-01,9.631404207093211545e-01,9.738892024957995774e-01,9.388894156345111153e-01,9.534647365706425681e-01,9.417876730400669416e-01,9.732541142773178944e-01,9.523360095175208428e-01,9.095541924385515120e-01,8.882794661120592128e-01,9.517008223637752895e-01,9.232862738576750328e-01,9.753141765368686933e-01,8.950763888064482421e-01,9.631727854124281230e-01,8.624393452034428975e-01,9.557672250139827019e-01,9.313268443464903790e-01,9.792918943128854359e-01,9.519973602839428839e-01,7.546110997444130941e-01,6.394062047266881876e-01,9.571649844857960110e-01,8.958706302879588801e-01,9.476921646422993284e-01,8.669525791528477354e-01,9.034333716672484638e-01,9.373791693889110821e-01,9.253554139090756081e-01,8.394135245531139100e-01,9.780828022220358076e-01,9.479081560388289418e-01,9.723726429727790332e-01,9.392995363640552764e-01,9.646995834655829327e-01,9.489149007367101429e-01,9.685403374735011006e-01,9.333552854087454609e-01,8.588128027649888363e-01,8.687391867970751802e-01,8.982674913182349119e-01,8.758542975647305440e-01,8.962121398551103901e-01,9.161911988843021160e-01,8.774223703525888540e-01
9.696677191847307142e-01,9.489197211314290836e-01,9.646281789755390967e-01,9.445124255112965495e-01,9.667149874010025901e-01,8.636835566074320125e-01,9.746262804481421460e-01,9.746074267696133164e-01,1.000000000000000000e+00,9.847835037428727123e-01,9.228661484431242013e-01,9.367620367773290546e-01,9.610522021108047763e-01,9.644594708192029131e-01,9.587173002618152307e-01,9.588765170196615895e-01,9.333793334747648718e-01,9.388371835724858006e-01,9.663655597856516399e-01,9.519447020520526159e-01,8.124461488145217070e-01,7.705349527859204350e-01,9.317363903885538257e-01,8.607766677594345106e-01,8.953586671309179401e-01,8.511937574211284607e-01,8.126113336989482239e-01,8.182756117358074288e-01,8.520645956666583754e-01,7.811711652737187705e-01,8.941406262656730330e-01,8.988285241388523916e-01,7.556362924615915855e-01,4.855894548699747348e-01,9.213765037010623882e-01,8.914135131743308182e-01,8.328154970897042597e-01,8.169749671209463049e-01,7.928987001735813278e-01,8.242816629087705849e-01,8.659842683506613348e-01,8.305081687504626275e-01,8.466447566555227455e-01,8.599322468371046746e-01,8.969772974330687543e-01,9.059313877391255154e-01,9.534182558285315690e-01,9.028940671408161034e-01,8.883980766428221099e-01,8.714630723144105584e-01,9.405299660278542140e-01,9.048384425409204956e-01,8.574881886110343743e-01,8.628496292822180891e-01,8.818016812027967832e-01,8.633849584125292687e-01,9.329345480278962155e-01,8.134129154732748779e-01,9.103526938659385337e-01,8.116700569804780052e-01,8.964840315780572277e-01,8.617424178227263143e-01,9.288979492235623914e-01,8.989206683689805466e-01,6.586163435635996599e-01,5.309105988275741872e-01,8.942492474604415431e-01,7.981617065048607351e-01,9.111095662593320377e-01,8.245441431551197020e-01,9.508883518390229828e-01,9.645207760317221490e-01,8.416720764424912016e-01,7.402156399099180106e-01,9.302760148517650318e-01,8.967437379824447774e-01,9.468033462641307629e-01,8.776061480168546591e-01,9.046146020148198019e-01,8.779610213512469841e-01,9.191203572577860692e-01,8.768185188557273690e-01,7.768775906037048706e-01,7.864404829613486081e-01,8.169550999409129766e-01,7.789380176526192745e-01,8.230634661222000492e-01,8.534108400535594940e-01,7.905028491506936872e-01
9.893853329925295093e-01,9.695552811374082980e-01,9.606244873928218020e-01,9.429869294972386129e-01,9.491859562962045027e-01,8.672796457852487428e-01,9.679774417284242594e-01,9.796950564069926148e-01,9.847835037428727123e-01,1.000000000000000000e+00,9.595816428011423316e-01,9.567715860193185540e-01,9.545188734572034317e-01,9.649158638850214853e-01,9.528246937664676119e-01,9.509393796454310710e-01,9.480125072510064976e-01,9.534942533395465158e-01,9.556026967759451152e-01,9.601764472325682309e-01,8.222416237352307977e-01,7.766778300003511770e-01,9.291777310753995822e-01,8.662987511925079875e-01,8.854172003158187199e-01,8.456248904646590514e-01,8.303796469078771336e-01,8.212048295900714612e-01,8.620184858550862250e-01,8.028513530985125213e-01,9.049977450594443029e-01,9.080493825926239104e-01,7.817648832039766349e-01,5.293228813336827709e-01,9.164326060461653878e-01,9.216075348086437691e-01,8.350461268533715398e-01,8.227007744273999723e-01,7.828505628718319675e-01,8.270808097027384509e-01,9.023019389899278320e-01,8.605072505657322957e-01,8.781666543821783355e-01,9.001257758467863246e-01,9.154785912830804007e-01,9.304940950370088615e-01,9.786194559213449162e-01,9.419223904260662916e-01,8.941030441552023644e-01,8.798137963641359249e-01,9.630348715936964954e-01,9.386665881972169334e-01,9.031599086528867559e-01,9.119479965071941585e-01,9.067299908312300705e-01,9.041562620289469443e-01,9.479746748951100033e-01,8.485590839503159843e-01,9.350853537642915825e-01,8.593326832911634128e-01,9.211492421878849646e-01,8.831989935434076955e-01,9.300135976064802801e-01,9.042495613142912392e-01,6.850375305555906902e-01,5.692847168591252949e-01,8.929078386783986243e-01,8.215596601907768637e-01,8.865257635188432683e-01,7.949233458287700005e-01,9.587973764460639980e-01,9.650197423936612839e-01,8.539476384458406510e-01,7.765318473737921057e-01,9.373014747800716417e-01,9.213648893926680294e-01,9.519200604525142051e-01,8.868922354841028977e-01,9.103323252847304037e-01,9.032004181818016342e-01,9.202793462887763898e-01,8.886084209254223598e-01,7.952423498608418573e-01,8.189017239790454816e-01,8.339054659666658154e-01,7.979594561604257397e-01,8.319811049120133806e-01,8.650506642754283160e-01,8.145132851150131970e-01
9.812013144474511783e-01,9.873658555574511553e-01,9.462222644476624422e-01,9.377109207606918462e-01,9.207416929716478737e-01,9.141132667083018415e-01,9.363783810103606386e-01,9.582562304325287217e-01,9.228661484431242013e-01,9.595816428011423316e-01,1.000000000000000000e+00,9.868120864625932187e-01,9.296327394983093795e-01,9.579596941178396552e-01,9.111409640394816378e-01,9.445551103942603222e-01,9.650805559017083812e-01,9.782641137717180690e-01,9.201579143504243774e-01,9.599191374583313507e-01,8.646887979002895186e-01,8.554614876476995811e-01,9.290359985263084708e-01,9.206174429062445874e-01,9.072311512691624280e-01,8.822988795988698785e-01,9.043653001412610415e-01,8.843417100537007691e-01,9.171960422531948431e-01,8.905201036062710962e-01,9.380031589254077540e-01,9.423670802458479212e-01,8.888649027733329655e-01,6.949617973583388508e-01,9.276269536439096797e-01,9.591435075393580645e-01,8.908682531767816437e-01,8.918801254987801519e-01,8.138157513421504508e-01,8.522196541202846642e-01,9.512938711434384409e-01,9.458162747966107897e-01,9.414272087210227014e-01,9.711597266661555761e-01,9.569025202148282450e-01,9.784949117456046563e-01,9.804426439608637800e-01,9.833242027312512068e-01,9.271228575826930829e-01,9.328865626628066732e-01,9.879425959664376311e-01,9.881185648435266700e-01,9.710558979778715072e-01,9.563993340849170632e-01,9.638448605464998709e-01,9.736071684805460702e-01,9.670117004739314792e-01,9.462585190632337717e-01,9.801753095413809902e-01,9.422673028948443941e-01,9.679179992207527228e-01,9.419608174981851656e-01,9.303604485958933967e-01,9.178284302257040395e-01,8.188536794424270404e-01,7.427380632840723251e-01,9.149628784499174161e-01,9.098699842265609572e-01,8.551555131339855231e-01,7.958445137471152897e-01,9.003373697978190870e-01,9.109109776296272498e-01,8.972909554236759844e-01,8.920531846312931279e-01,9.564287167342306883e-01,9.756520562708479449e-01,9.510771226641537845e-01,9.407283330110136621e-01,9.376631840346075775e-01,9.632748740594114789e-01,9.378575172835590390e-01,9.400548054287398703e-01,8.846182030227125459e-01,9.151992341757919647e-01,9.155310434472934134e-01,8.947778309273841657e-01,8.984381738356462810e-01,9.223714686997761536e-01,9.061102969391117146e-01
9.763541328320213264e-01,9.864521498975300506e-01,9.727977049963419942e-01,9.640641612195423038e-01,9.518817167005908519e-01,9.483127024398638749e-01,9.597646193517619384e-01,9.673747499096079228e-01,9.367620367773290546e-01,9.567715860193185540e-01,9.868120864625932187e-01,1.000000000000000000e+00,9.587939264244580428e-01,9.758106431614899101e-01,9.410347996556145400e-01,9.753368713390995204e-01,9.701812961241942368e-01,9.883235196625796970e-01,9.506829346866831898e-01,9.710702582901507007e-01,8.964816214102816483e-01,8.973194661333899758e-01,9.638211023273686173e-01,9.573563176582049472e-01,9.440244157172634765e-01,9.158259421767377395e-01,9.283842953250747154e-01,9.214468675138665077e-01,9.500495314782175793e-01,9.137162683346078396e-01,9.561142066644534587e-01,9.648324031481442242e-01,9.080048382711579658e-01,7.078554990280884196e-01,9.623289203174681949e-01,9.503288699762599823e-01,9.304936181518503879e-01,9.254028365654058952e-01,8.552977999908821793e-01,8.821027578278106684e-01,9.467626028180901043e-01,9.518129459579691698e-01,9.435530762498676172e-01,9.606780503877633270e-01,9.713960861240930056e-01,9.810802237285364269e-01,9.783308799221283047e-01,9.736321549746100867e-01,9.545893742508475555e-01,9.577610859716749747e-01,9.921646952415286158e-01,9.790529174458144634e-01,9.599981879708163746e-01,9.405266035244679301e-01,9.679218902184396622e-01,9.642910246336473534e-01,9.814506783436726112e-01,9.470952040129827498e-01,9.807389248095809142e-01,9.300997217514042070e-01,9.764047341710164751e-01,9.532196288652550198e-01,9.544340618395619202e-01,9.416548275957998815e-01,8.534402393824234156e-01,7.741792582642454956e-01,9.465620861462999969e-01,9.297590084496873963e-01,8.911047607040104568e-01,8.546890180999945352e-01,9.039119118049159241e-01,9.247804055994095496e-01,9.042083705737953281e-01,8.999751393741638461e-01,9.769043990951602474e-01,9.828105484137175107e-01,9.731281434605824066e-01,9.697507043273376759e-01,9.619653574246260774e-01,9.693008084010665826e-01,9.649809198430546742e-01,9.599347863558838068e-01,9.092003000742715502e-01,9.255616356033952163e-01,9.394322127528625943e-01,9.126828302319369701e-01,9.310020212221121749e-01,9.524721673750073947e-01,9.267276249160323331e-01
9.544119406094757618e-01,9.592521785247865029e-01,9.894298468308069250e-01,9.839218188513715324e-01,9.822891893844556410e-01,9.495259961105699809e-01,9.935384987615485386e-01,9.801266033373310371e-01,9.610522021108047763e-01,9.545188734572034317e-01,9.296327394983093795e-01,9.587939264244580428e-01,1.000000000000000000e+00,9.791346287220434874e-01,9.695159854438557545e-01,9.835468653505161640e-01,9.573512118114710923e-01,9.714407631878296812e-01,9.873367424150363281e-01,9.760533774608950441e-01,9.059708375987016726e-01,8.703620216371332763e-01,9.823375627783117459e-01,9.438989429286472888e-01,9.595142991174074876e-01,9.232354799683123447e-01,9.022505605098700698e-01,9.166280517303320163e-01,9.325769286754337362e-01,8.735219265192867288e-01,9.499449233869410314e-01,9.537158519804822543e-01,8.533678091709446800e-01,6.061848943923496824e-01,9.643384306728117750e-01,9.239681129085941524e-01,9.170258041259214954e-01,9.010784193114421692e-01,8.656050272038566806e-01,9.005507314271963271e-01,9.017146449908787220e-01,8.942014816838430580e-01,8.986827615585570861e-01,8.951401191103419697e-01,9.535130496979038472e-01,9.380861876618714623e-01,9.591070083898387555e-01,9.201385782079928299e-01,9.596872353037579906e-01,9.386837877086807724e-01,9.569063524036363066e-01,9.223505548637049856e-01,8.907431365470102058e-01,8.699706202927214305e-01,9.331679520158326913e-01,8.971627132594039988e-01,9.795899324623118520e-01,8.706470504695034140e-01,9.398148114708155809e-01,8.360390634814568456e-01,9.489283593441536491e-01,9.224782817843273364e-01,9.763198340841419132e-01,9.626986501039613842e-01,7.880064070031997936e-01,6.608232050827805848e-01,9.673393473543836496e-01,8.941284781657684588e-01,9.457749886900856939e-01,8.797967686098189244e-01,9.041027904387561875e-01,9.450739808692343313e-01,9.026859000408564704e-01,8.320145450876266224e-01,9.755476708000541120e-01,9.366107536870458272e-01,9.726431617984063749e-01,9.384518157205777866e-01,9.650781266454138141e-01,9.272558268684669702e-01,9.738832807936043112e-01,9.331512171455201843e-01,8.681940575852653552e-01,8.631804714518095389e-01,9.082571276855724296e-01,8.644728374741033061e-01,9.100877113099348215e-01,9.320401514650931141e-01,8.806888856062413673e-01
9.767158111650107166e-01,9.838623126270156227e-01,9.900903843058711518e-01,9.926358033933041503e-01,9.831552241248247004e-01,9.550748277563483324e-01,9.866406845703754591e-01,9.939867417455977572e-01,9.644594708192029131e-01,9.649158638850214853e-01,9.579596941178396552e-01,9.758106431614899101e-01,9.791346287220434874e-01,1.000000000000000000e+00,9.370067347729316154e-01,9.795890316406146159e-01,9.872824743703951800e-01,9.777274717906139223e-01,9.817084367383923649e-01,9.945504476496214163e-01,8.866438999834788115e-01,8.814606224584378147e-01,9.817458053251824079e-01,9.501503399105952763e-01,9.682938763977604335e-01,9.440658672119659478e-01,9.205571468045834482e-01,9.152278031973118955e-01,9.414503725319097738e-01,8.924916961760508416e-01,9.755060417963044017e-01,9.711314956827350464e-01,8.909774385013417008e-01,6.359999811473875386e-01,9.811552228098039397e-01,9.590076153884615762e-01,9.220307172070607571e-01,9.229785142859980862e-01,8.807178170796532424e-01,9.057272236771010121e-01,9.227649652198524066e-01,9.340987646525522603e-01,9.130375143270309524e-01,9.341779930442817292e-01,9.675497557956014294e-01,9.719321160624442291e-01,9.664172023131236688e-01,9.373734426721898050e-01,9.668748202835290018e-01,9.616406713566989506e-01,9.763270538564572387e-01,9.557117746600419794e-01,9.135918873759056869e-01,8.836755215814067199e-01,9.621727648277045297e-01,9.306588772082955430e-01,9.764533333070427590e-01,9.150330296258342155e-01,9.688979211037562767e-01,8.725397494881546034e-01,9.635347532158753392e-01,9.446118701647037152e-01,9.836525278943536454e-01,9.576469335703843289e-01,7.946623633946555687e-01,6.924291949563865511e-01,9.694593733807396196e-01,9.205414303865663284e-01,9.505679818411583160e-01,8.932139731218882162e-01,8.851189272894852689e-01,9.242165674219483540e-01,9.326015734349621944e-01,8.654623579359574936e-01,9.873420583746943535e-01,9.564768208098824998e-01,9.757280326637205459e-01,9.620553480128559709e-01,9.767066555920679294e-01,9.611100535240496567e-01,9.786084692390706330e-01,9.490355284635105804e-01,8.853604005578871172e-01,8.907796356629418266e-01,9.221906229746748007e-01,9.041166953501058590e-01,9.214850916315395768e-01,9.367516271164653130e-01,9.030938052952247608e-01
9.371264210961804952e-01,9.246709058857065511e-01,9.618445948610028218e-01,9.326391620006759808e-01,9.515985605186189078e-01,8.851894906754390613e-01,9.641548371652912675e-01,9.427620843714634713e-01,9.587173002618152307e-01,9.528246937664676119e-01,9.111409640394816378e-01,9.410347996556145400e-01,9.695159854438557545e-01,9.370067347729316154e-01,1.000000000000000000e+00,9.685978072334072708e-01,9.025800268823227501e-01,9.388448820106161108e-01,9.586262755786102430e-01,9.248603873964911237e-01,8.759873749030755441e-01,8.217204485790530200e-01,9.413592197071510848e-01,8.916267351424459475e-01,8.944079965503959340e-01,8.422447605535587911e-01,8.401816385645981544e-01,8.651743413829738882e-01,8.877608040726914229e-01,8.203127558972779232e-01,8.844789268823900485e-01,9.028231708340297423e-01,7.684337398333647151e-01,5.687556464597696149e-01,9.215035764058587819e-01,8.615417515847680896e-01,8.767069889911163205e-01,8.439188751306262448e-01,8.081879984116178139e-01,8.454266846325113605e-01,8.750439994853036474e-01,8.261945193788138297e-01,8.639273064154127102e-01,8.531613435859530803e-01,9.042974399636856120e-01,8.902316960361451592e-01,9.513561941283783518e-01,9.127146466649832535e-01,9.020813740183103446e-01,8.774708913573971980e-01,9.339849920770763037e-01,8.904041462763303549e-01,8.796597089923015034e-01,8.891167215935213974e-01,8.718751396835375811e-01,8.637946409442969209e-01,9.429682929413536474e-01,8.125510752897755484e-01,8.988060228262959583e-01,8.305283319998613134e-01,9.022760252967149119e-01,8.618867995044769970e-01,9.182147139732024232e-01,9.052503714700868009e-01,7.360848219352169597e-01,6.082911194514797337e-01,9.005333033213299698e-01,8.118357634787504162e-01,8.843665516720851105e-01,8.268281179190910546e-01,9.501614776227305104e-01,9.647202813509563324e-01,8.102888510113874787e-01,7.644767989937764074e-01,9.261091203522894277e-01,9.063125931935096524e-01,9.590901520571106786e-01,8.899504243830717032e-01,9.058886799995312655e-01,8.670242666191509961e-01,9.211971584970181093e-01,8.873894608482538748e-01,8.121539183873041079e-01,8.201698376963937331e-01,8.480504175993682781e-01,7.843316183780932871e-01,8.583933241933892067e-01,8.945930028912727483e-01,8.172926988733235643e-01
9.572258941362379314e-01,9.657050798865738361e-01,9.889505793681228063e-01,9.760814573044850340e-01,9.834273023569024552e-01,9.522736341522664016e-01,9.826418338225950677e-01,9.724809587183228521e-01,9.588765170196615895e-01,9.509393796454310710e-01,9.445551103942603222e-01,9.753368713390995204e-01,9.835468653505161640e-01,9.795890316406146159e-01,9.685978072334072708e-01,1.000000000000000000e+00,9.601859969644729320e-01,9.736781637277867052e-01,9.817607763220445038e-01,9.724377333963328818e-01,9.229747380197210749e-01,9.021943664004212771e-01,9.808982087402915440e-01,9.584299415094801322e-01,9.599028353357343946e-01,9.214663307158725836e-01,9.253085222824186662e-01,9.369829382548768848e-01,9.531061694242621840e-01,9.025831685932987902e-01,9.526260887383422027e-01,9.649090888156314216e-01,8.735006723005960261e-01,6.709473829906690279e-01,9.702988576433733137e-01,9.178404545641088985e-01,9.362923774854710057e-01,9.206001785166846307e-01,8.646313488476389253e-01,8.990054981421526925e-01,9.156576683047832343e-01,9.174818902084769245e-01,9.131258647965219133e-01,9.118122164582025402e-01,9.629745125470438039e-01,9.540736531175197932e-01,9.606389281343015174e-01,9.360410977338472494e-01,9.655347041812458730e-01,9.536463730576507647e-01,9.729494345850853154e-01,9.431689843121962014e-01,9.086648781236781325e-01,8.839751951460546042e-01,9.414823911667161704e-01,9.150717620829590393e-01,9.795599168359021558e-01,9.008629737042092023e-01,9.515782232576489585e-01,8.590555730849596117e-01,9.563166097204227611e-01,9.366008701681306503e-01,9.703763732345508375e-01,9.598758703042116203e-01,8.252157405334884510e-01,7.164119870225220676e-01,9.626501239763692874e-01,9.057858857489378135e-01,9.311725699538716539e-01,8.747849918709533767e-01,9.061430670594516901e-01,9.449758455663992418e-01,8.992893318524350921e-01,8.587757163864901955e-01,9.817750686558477380e-01,9.546347677510536034e-01,9.752058131828604814e-01,9.570767500920734916e-01,9.676532120592531427e-01,9.367780646657687393e-01,9.741668478362108807e-01,9.501017356000220904e-01,8.942363243726405564e-01,8.951150700813188532e-01,9.290441902773602934e-01,8.856785295172813210e-01,9.337667246302592261e-01,9.536814610039636708e-01,9.073673552002221587e-01
9.741474231109615856e-01,9.845229200205746212e-01,9.696179211658284558e-01,9.805711730000639115e-01,9.580456504431006381e-01,9.569017850259944336e-01,9.706446684255406465e-01,9.828766582601728974e-01,9.333793334747648718e-01,9.480125072510064976e-01,9.650805559017083812e-01,9.701812961241942368e-01,9.573512118114710923e-01,9.872824743703951800e-01,9.025800268823227501e-01,9.601859969644729320e-01,1.000000000000000000e+00,9.745277078400214066e-01,9.588060333913790423e-01,9.914899970932156137e-01,8.928027129306095322e-01,8.780220465870232083e-01,9.658225653027727731e-01,9.492960815967106392e-01,9.595092308165285022e-01,9.370822732076152795e-01,9.363150566197790958e-01,9.177172867252807453e-01,9.388330237985331728e-01,8.984474092185080751e-01,9.757849034836256763e-01,9.669782233228778612e-01,9.117005848246804156e-01,6.666108112943532893e-01,9.647224634193963810e-01,9.734911480692294283e-01,9.117721567296883656e-01,9.208343182944684902e-01,8.486849944330707718e-01,8.870004080784491540e-01,9.358486852657008637e-01,9.592736842981239853e-01,9.236612571888167533e-01,9.600016854165276392e-01,9.733503531271527898e-01,9.813964728847559549e-01,9.636619210462149532e-01,9.519646525992198072e-01,9.651371371092691831e-01,9.664909867324880111e-01,9.813942327716939085e-01,9.731541723446740511e-01,9.331507219434175271e-01,8.898096618055795215e-01,9.779470290586256276e-01,9.554640446690872979e-01,9.775173798569580796e-01,9.452396530782380957e-01,9.777804060314063683e-01,8.919158496784355128e-01,9.707893625471433197e-01,9.546269314000831452e-01,9.755264045439095977e-01,9.513184282490845245e-01,8.115548680026936079e-01,7.133817370939956604e-01,9.662440106219638558e-01,9.372862225238628442e-01,9.300922142847639629e-01,8.529947454730274492e-01,8.579490831981335663e-01,9.051212318331131046e-01,9.549850312286323195e-01,8.951173284951333686e-01,9.857815415809167980e-01,9.633798105052464589e-01,9.531418582371464776e-01,9.583047578239832776e-01,9.714516178474252861e-01,9.728654450111212659e-01,9.689676488852971836e-01,9.473829117173878656e-01,8.943151148373887915e-01,9.088556415978519265e-01,9.387394617934081698e-01,9.268303674187952090e-01,9.233824250248608978e-01,9.342514183027450514e-01,9.195719689035314337e-01
