1 0.399395141779693 0.624929859579564 0.383067500023077 0.291538844434907 0.288719575424391 0.11798584465743 0.166284911423225 0.0830074874247948 -0.0578450311720443 -0.221195797149685 -0.0683597715522182 -0.36808400836077 0.200242715776195 -0.0768932053617349 0.388307956199594 0.0696689561312134 0.180660205596666 -0.178928954577558 0.335189105945265 0.133632226642007 -0.0630054756192618 0.0359276327749995 0.0703396799117137 0.22942732839786 -0.243355332188783 -0.105617104494619 -0.193799209556171 0.130146440090068 0.272185556299382 0.67877294789049 0.38791131417789 0.0656111423021337 -0.260253720864937 -0.325024518953066 -0.0891295566360787 0.0947738901515182 0.268535382866047 0.244456546369768 0.0757302637156403 -0.196344716124718 0.465384444875942 -0.143297500784399 0.0292121457666477 -0.208924444308965 -0.0665380181986395 -0.161321278886877 -0.243917820539351 0.23303891677789 -0.147676652848743 0.235200821064319 0.479539443505503 0.353937919129864 0.292403210467408 0.305638860695823 0.410143969605722 0.0641666473388749 0.0981661946317942 -0.053509966161386 -0.0716790356935244 -0.277253034825006 -0.37736220128363 -0.0149461587931184 0.0434945632986834 0.0875029661214267 0.267351465670799 0.0086927473678196 -0.0583064398791461 -0.0170816447086833 0.0597127290621142 0.105568090869439 -0.247285768604482 -0.0228228676790318 -0.0287731939554349 -0.0161441961749674 0.0968963136451918 0.0249705402875453 -0.280586182459371 0.632995291299266 0.145711437960959 0.0531413568090744 0.00907415091831565 -0.0269255911398677 -0.00798928025176476 -0.0372270532215305 -0.0218977356304948 0.0959538832342885 0.0251735516154541 -0.160548279176335 -0.115641275057889 0.185231581137093 0.286391755959735 0.132640383691603 0.305493145432148 -0.0363880005802501 0.0270622417312488 0.210411356474089 -0.0847401209012157 0.0761711733196404 0.296630804992951 0.52484726560698 0.30975502451774 0.343567837670038 0.27460101578297 -0.103485120623425 -0.000741376829451891 -0.0203294021974507 0.0281396170011011 0.296768489917692 0.112008900738306 -0.192951274003894 -0.412112380619892 0.013703459574736 0.0833848286277552 0.694660663100131 0.598396432306983 0.604551547131806 0.29875507920022 0.69420009867143
0.399395141779693 1 0.60251740786601 0.464132775999375 0.530243754593984 0.224390828306683 0.180655258186024 0.447755989165564 0.187346332360914 0.113245347111872 -0.125559617609706 0.0906662009945037 -0.0218618827762488 0.363567516396198 0.126241169662448 0.4158686680317 0.0812448030051012 0.269593715499205 0.0542950303902385 0.308380497874555 0.186562465797122 0.133950510479211 0.239311047446426 -0.0121666324298486 -0.00147547174776713 -0.0497645106221574 0.0522620834553809 -0.0364481213919264 0.0616489665283025 0.16053421898697 0.467421498144112 0.325603733409022 0.124184280556182 -0.0648459105575116 0.0473808382122547 0.0146110133144641 0.0714397100723617 0.356411576963333 0.214442703416232 0.110722115759235 0.020606124564084 0.179054520126995 -0.0382252966774636 -0.121279781713374 0.115252631053197 0.136700400477293 0.0107945711812905 0.0948590117868431 -0.0195849144040348 -0.119305557059641 0.117596570049471 0.367307610653417 0.414992507120155 0.490279444116203 0.233804393868159 0.190682152182289 0.316233378663737 0.0737751293263897 0.057213141192182 -0.0512481778321616 -0.181766571182518 -0.00829818097646631 0.251699768788639 0.234370772921864 0.2314793862494 0.295692714898212 0.155827347708432 0.099602699661331 0.0385330390033888 0.263778060789075 0.17037164702363 -0.100539762138752 0.246804567734335 0.0558098148358161 -0.0525083056778564 -0.0294411172273755 0.118587800380752 -0.0941538196070843 0.436403464879517 0.390894412379556 0.0153605637074798 0.0568744944800775 0.070945967069489 0.136996838203924 0.0918691990157361 0.0836224050682609 0.0536149574064745 -0.00325077097979804 0.0824749685369376 -0.0310534967753018 0.317461399085351 0.267412040664507 -0.00769039068678593 0.0377707197624719 -0.0209452788774097 0.0185710331972701 0.208491885753769 0.104877209282449 -0.0177423798927433 0.0971592334901309 0.134330893119188 0.252127789296632 0.222933192587252 0.0603062619978603 0.0576946773821953 0.0802467317914979 0.00398187854319848 -0.0419996685355984 0.181076081894742 0.00356338648155268 -0.136567279572634 -0.256778216609402 0.177163531452498 0.401880340286642 0.497667184226655 0.477717070531281 0.440830880243525 0.283755707074542 0.472419830307631
0.624929859579564 0.60251740786601 1 0.597130181797651 0.587053235410335 0.602691273497048 0.223712439474553 0.420884443851329 0.370435982118173 0.156296208673757 -0.194047396389667 0.12640805670833 -0.0614945495742386 0.291215037557349 0.134325699240964 0.548407206869814 0.221938166328922 0.31184853372414 0.00363148187604495 0.424985483283561 0.308265264875651 0.208722898914396 0.252671962164204 0.218544053224435 0.335895846121974 0.0546443436409685 0.0992727198068674 -0.0329727067085083 0.195483471693672 0.310190707567779 0.477274703649385 0.418039143239437 0.215401235990197 -0.188555449662332 0.034118871738853 0.0923663860396947 0.0923032109081583 0.479185429585382 0.423520921846995 0.0572159240436955 -0.050448066206324 0.509137387893057 0.187600775380289 0.13770105991173 0.156927566231711 0.219243591664083 0.118775719767085 -0.0338225642445275 0.335208944948518 0.0465290922864469 0.294625745201377 0.631285113006703 0.611613081751777 0.570799411478773 0.460668964019981 0.577836465923862 0.358085372441459 0.295614965616876 0.179191486642673 0.0258075394655802 -0.0701290898207299 -0.0178142072917401 0.151705373805629 0.189482003016655 0.268387414263405 0.418638487240466 0.199857190543224 0.146871149905243 0.101387795502746 0.315805434508365 0.246584019942508 0.0155932535780813 0.236141040441008 0.0542008491082111 0.113274575958564 0.203061837695656 0.205413865033074 0.00754711015755759 0.657472560166691 0.324122129697443 0.188228537248138 0.117226193643969 0.33068433489025 0.343229962297937 0.210754647396356 0.247238555126406 0.146102744373056 0.142031562372996 0.191677449456988 0.0547118102773351 0.309044274170708 0.345502849355406 0.123275410357052 0.413773279072332 0.152233225740649 0.168334165076398 0.328806082396641 0.121074826017246 0.185516187658171 0.324903598692774 0.464449666576737 0.488495548227862 0.339901787978094 0.304805252008524 0.24413192983988 0.229835307925188 0.104691292031142 0.115247977008095 0.284561371824011 0.159965113876832 -0.00462539612583527 -0.175730951732001 0.259056044228939 0.378707077046175 0.63558539184901 0.58388407028935 0.527159171803739 0.260259567057052 0.689623254083953
0.383067500023077 0.464132775999375 0.597130181797651 1 0.792425207303663 0.373004364901222 0.346118430711972 0.405288167038612 0.195642321350513 0.243447720784798 -0.322267452948316 -0.175990739938284 0.11551768595478 0.323191621267897 0.333438544590326 0.518451678652475 0.268298314904595 0.423678387397513 0.0858120805795122 0.474661923009243 0.502963463176509 0.130640951582439 0.561292527244902 0.123638387197814 0.489044136093474 0.175678133664069 0.213304232981847 0.0729092619823506 0.160160938965108 0.579038327071485 0.370704817889545 0.478855346770911 0.346020575378625 0.0312269423801651 0.110776456023866 0.0580392787160477 0.21587821974498 0.541754392248299 0.547814098710179 0.129581476678877 -0.022615016232019 0.594847866030087 0.180595943370592 0.217564905151347 0.325102398034636 0.393803984839348 0.374457160129005 0.167152021676559 0.242527814240528 0.133670451899732 0.184837840049483 0.539562442680221 0.679315699471911 0.67237449992976 0.519563150418732 0.346877405954243 0.30501770073795 0.153755705156287 -0.0205344325057238 -0.233748578825251 -0.24839318620287 0.131215391233467 0.235927600305047 0.209582749701803 0.38531196871765 0.512014381992906 0.199553806657296 0.134690373653586 0.318097391327689 0.471451460718673 0.326906643399958 0.0868076457591247 0.460377277668563 -0.166864770044361 -0.087114079444038 0.236673492550913 0.0907279548487447 0.21726886468468 0.55257613434494 0.477392281398701 0.0745077888592377 0.286651322923401 0.477048342923681 0.423804878360861 0.215250612868388 0.327579649952824 0.451830269708101 0.214545406251301 0.234711858722808 -0.118968904501723 0.530985021957542 0.414112469138109 0.341267921171489 0.579259668302888 0.305990648522701 0.360698527718045 0.514985742399127 0.406331221528099 0.0291380602053381 0.342312817225647 0.578833884035319 0.464517068533773 0.333200307812591 0.288713618527341 0.130292236439151 0.414488583126767 0.0934839544660802 0.132909815558371 0.170945647082431 0.118067579822942 0.212569505810363 0.128508331976146 0.410776727139006 0.463964552684624 0.468863386067175 0.400673640534136 0.254572903554313 -0.151786434623438 0.477278492027318
0.291538844434907 0.530243754593984 0.587053235410335 0.792425207303663 1 0.421283092167118 0.212654693921403 0.405085906966316 0.232196311519307 0.237294493378702 -0.395275991000608 -0.147791712357975 0.199947083530697 0.407575832470101 0.323528850746877 0.494428090964473 0.35854780897052 0.49917142192093 0.167627876540136 0.426798763837056 0.562683221059744 0.166001774169248 0.641243988013239 0.0770248456067159 0.422981263742845 0.13770320171992 0.127054391831593 -0.0197746240736113 0.104230131119877 0.503699046955555 0.339504507384554 0.406501950889581 0.370991498297944 0.139291627062911 0.169984947749918 0.084592237342293 0.207867370991285 0.55713891456639 0.554827678800862 0.0750709795159813 -0.0778093226548194 0.525959936340173 0.15730055664591 0.129417865455378 0.365894828468679 0.358326673849717 0.383888565175819 0.203283691838984 0.310300874811714 0.191408418005479 0.249231780371005 0.529807554967979 0.713272610324949 0.748926467582814 0.429940956255927 0.309929260951205 0.318298756097449 0.05073002248245 -0.109284797449196 -0.235142911722503 -0.208051982511471 0.108665818066781 0.134276572824512 0.192731785048872 0.394791757641162 0.506116378976439 0.269198886614016 0.12462745052373 0.279773534676336 0.497672282780271 0.235097245082476 0.0697544921159961 0.49161857009581 -0.178022806980459 -0.114232553779948 0.154793069763707 0.14269247130738 0.18507787263751 0.595833477651664 0.499854803667915 0.052347256224585 0.226338087376468 0.52174678664177 0.445263949943185 0.148121883296035 0.311322303816859 0.386435729286245 0.1434951652885 0.225085342357521 -0.115864763277295 0.533994146227216 0.401964895302621 0.219070514301592 0.531334330066079 0.324843875576639 0.353974535421747 0.390520118681994 0.468153671971083 -0.0379313120083966 0.296557134783795 0.553373656622023 0.510875298197088 0.390525533623951 0.277228284175118 0.138779902640698 0.419409829515821 0.0631132027018314 0.0910524098077696 0.10131605957135 0.121806546072053 0.154521221327459 0.17382499269823 0.357248709967911 0.442897006800689 0.39293901971 0.284809673228211 0.143297684606188 -0.210353111733004 0.394300999084421
0.288719575424391 0.224390828306683 0.602691273497048 0.373004364901222 0.421283092167118 1 0.426783833369308 0.313875165447709 0.586069896639673 0.337520595833979 -0.0962394435070025 0.0652488642562542 0.257672511778048 0.154473688858332 0.229802732361701 0.538584160170956 0.352774295772845 0.412216795312606 0.145191130334703 0.402315470187791 0.37355948005331 0.218278570337687 0.33316392560292 0.217809707132165 0.40868609132889 0.216349499134186 0.21016187992206 0.0313522788113279 0.301932280878645 0.178511809801495 0.0105518807001944 0.236588636598772 0.162256542108509 0.0368900809656301 0.159775981238197 0.366804516676501 0.0484669551007804 0.392926298110143 0.419114278179705 0.252549156068935 -0.047349572300022 0.347793332614731 0.282042709577401 0.186002557692815 0.33622132956418 0.153606386351424 0.265525231625015 0.0636436373367823 0.609084229599784 0.216951244101923 0.198511971702113 0.314141700283631 0.455651815011214 0.342875698997527 0.366898487420785 0.399775351276072 0.248514213416362 0.311226603273259 0.101729507682533 -0.0220309168943653 0.0609513349661644 0.0929268500601613 0.140904265283021 0.276689285213033 0.312970133729604 0.486782267385679 0.321923827009253 0.186207528306174 0.229359967826356 0.367411908165685 0.222839194985874 0.0462189531943532 0.337898802241709 -0.0100072457202875 0.0597405217154777 0.297618004206982 0.270944738273708 0.120341522078379 0.215499415432085 0.192660441904604 0.144859269887715 0.117061870655226 0.439041735230095 0.327062449052163 0.280120079206468 0.261757293189952 0.237286723346421 0.027157118526611 0.371953926769933 0.162733745181928 0.274113538389788 0.152497341978642 0.117498942150752 0.335779230782921 0.236212053768295 0.16979034107324 0.217666582975311 0.296984953265274 0.179115212667311 0.299680978073245 0.266824987935885 0.31929624278397 0.217640342833152 0.171072468375471 0.236955605944409 0.33237061811202 0.106243213202886 0.2421047596332 -0.104478953921062 0.00318289858957458 0.254475601698404 0.234139344622012 0.317593444633886 0.321805714755085 0.19453098371055 0.23078172647073 0.0743089532629372 -0.0446756977889096 0.239012662733493
0.11798584465743 0.180655258186024 0.223712439474553 0.346118430711972 0.212654693921403 0.426783833369308 1 0.466140785715171 0.436653111686766 0.380129421316582 -0.0718089339918145 0.0207476558615104 0.216846979015987 0.0699690853711511 0.436840015753339 0.590112579926016 0.0959533554389924 0.281897451017443 -0.0818695524813732 0.418524490223628 0.311625296490443 0.101197430898736 0.319915928741196 0.206340994422234 0.401529624318596 0.343078181587725 0.427049338922026 0.286401461779158 0.433010496783127 0.217343409478963 -0.0995374833525242 0.311357729395858 0.38175260504271 0.0231779137839696 0.264118608817443 0.226711001641827 0.223461222072419 0.446561154536457 0.426247014332537 0.486650808015931 0.274134928417338 0.207779566485128 0.33927230565918 0.347562483124549 0.482545601838385 0.278190338379562 0.355464685264161 0.285815894494647 0.232194265668582 0.285491066715483 0.0341273503829147 0.175065670509634 0.425999512375456 0.282240576818741 0.312481588470824 0.193486462478782 0.363122002255121 0.398389778525395 0.259109305050471 -0.0907560652767943 -0.113549351840777 0.194625694642281 0.408264680098894 0.400875113708069 0.453968659755586 0.394932880644505 0.295562065236612 0.294775559092591 0.367416446469299 0.455706815450425 0.4257880137957 0.115941772154453 0.427229308115899 0.150236722437887 0.133309904900371 0.171052397140292 0.344326336439308 0.367476740878663 0.0205612888983136 0.234441420334883 0.24041357566167 0.359801261023683 0.440402901555181 0.497417292451471 0.423777166394086 0.320547346780838 0.27770323105099 0.264859957455555 0.381612116148203 0.155028036988321 0.433014821571093 0.0852031110843016 0.189225790586117 0.287247039372815 0.421627182304947 0.35318513567519 0.369306287741905 0.301043196917162 0.0226168366306268 0.361676757166474 0.187881287545889 0.258100820465106 -0.0690119990999012 0.0780815678036422 0.21082429288539 0.420824289283926 0.255448317640633 0.309043064968084 -0.0950407134248274 0.0470213134411647 0.284917592676118 0.267353925363835 0.459754039291592 0.493121336424831 0.179634923257362 0.255360181856963 0.23308151628514 0.157807354701258 0.17040725193234
0.166284911423225 0.447755989165564 0.420884443851329 0.405288167038612 0.405085906966316 0.313875165447709 0.466140785715171 1 0.605372728193314 0.228565251469145 0.0905635050433609 0.370328956259109 0.135585007744655 0.244291740000098 0.171631433455953 0.465377936241827 0.135889304287077 0.417021565880072 0.045308694335469 0.477132395449158 0.337684888643467 0.321993318163591 0.23521494526754 0.293635749864665 0.158558286926626 0.198290506603752 0.298708943287789 0.117644080905603 0.155124478879775 0.0875293582861749 0.0702652757246451 0.146723489111061 0.273924006369483 -0.0534159245308809 0.331438402532423 0.364285509622282 -0.00709599053218221 0.305245665489694 0.275936831194884 0.0810074373391241 0.159115783112255 0.11961540389253 0.329211762078798 0.160273413173625 0.372450321560031 0.256978874669892 0.2479067801218 0.193779761710165 0.0935606058084225 0.104267757432096 -0.016115815289048 0.183487508703782 0.358440984840832 0.375149456463782 0.133684160687939 0.137887864763485 0.472069354186863 0.392701644914095 0.209726360847947 0.110349022235085 0.071018340957802 0.107638099910624 0.23145381382467 0.29199831060235 0.334733851433165 0.246207356940365 0.252556521525207 0.131423626454054 0.064334262071849 0.346008268602469 0.312598924103345 0.0523859312572827 0.342462068105598 0.346360068786507 0.189246000679208 0.109074348511791 0.141886435835998 0.125592448556603 0.202253878323647 0.172917470301804 0.192617836870984 0.183265989390524 0.364622242534718 0.293003548652292 0.45519397839773 0.246574661423129 -0.00887249349969179 0.10325803266962 0.273416438817417 0.258878987817039 0.402212220285593 0.286832679211061 0.184267794995794 0.223856284544144 0.202907055097169 0.327090467354056 0.29682083449629 0.319568878355425 -0.0489998790314296 0.184870795342162 0.136557782976658 0.227450520910683 -0.00775473264080459 0.0411867943770236 0.244826760398707 0.221449671305491 0.0987155461810344 0.0296632898570618 0.0871743963094963 0.0378691150957212 -0.0433287483949768 -0.149345819897613 0.321011438309256 0.427748152748753 0.236480151553837 0.232972092512789 0.313345714459329 0.337097823643285 0.352725180967687
0.0830074874247948 0.187346332360914 0.370435982118173 0.195642321350513 0.232196311519307 0.586069896639673 0.436653111686766 0.605372728193314 1 0.361409074955649 0.206426297496694 0.455861594001377 0.245152321130781 0.145673984490382 0.211860059559849 0.456917559392369 0.28053754360044 0.330830777230495 0.153353639579378 0.531535381297766 0.290933347491576 0.291752800280484 0.177550424358813 0.445066143243141 0.170483224783212 0.236280508798487 0.357011760587876 0.112437789062572 0.239796819040563 -0.00439088614164745 -0.0294374504683837 0.181235203790456 0.201791021015738 0.0331432050618118 0.332259848042187 0.55152555785841 0.0641675976656435 0.356968781913016 0.276503977479912 0.117064369143452 0.241539744297278 0.0340526707809888 0.358878731954638 0.186274541666112 0.381620702740112 0.160357560842907 0.237278037485055 0.194529335844133 0.243614667775224 0.226177664839005 0.0603837818312513 0.234134454405209 0.304164287335123 0.28628169547069 0.339675054369173 0.344344310765695 0.491968523128684 0.644710923211525 0.347201507739615 0.122958944998566 0.16020189991296 0.11088087450688 0.132925211226021 0.328353469917683 0.373764007499701 0.290834199185193 0.260739095180813 0.319457236900686 0.179249190253328 0.391147753291194 0.373415090791249 0.160571844739693 0.309102458540245 0.323696030844458 0.310335495601689 0.109722354003154 0.240623512565993 0.176352992111916 0.06805553960251 -0.0085004346947199 0.26990396053636 0.0711541726460921 0.451686021252335 0.322271357908623 0.478977665225521 0.328691381487779 0.0681185761152407 0.140656217409343 0.47488485074069 0.359402507282201 0.199663918437598 0.266939054996776 0.164305132720899 0.11082234327528 0.156974149027003 0.233680638282001 0.185249676458557 0.300681196600864 0.16766773171935 0.182304464656253 -0.0121603438921372 0.185265155109143 -0.0341287830222446 -0.0712179957780656 0.325009664459914 0.266486755564936 0.161264237057597 0.101004850423457 -0.0412919603693916 0.0549550224255522 0.111273057573474 0.0526881713031832 0.380363200774021 0.395158069910655 0.133009387402679 0.193736868292428 0.184563017892286 0.286535547946142 0.215361930025849
-0.0578450311720443 0.113245347111872 0.156296208673757 0.243447720784798 0.237294493378702 0.337520595833979 0.380129421316582 0.228565251469145 0.361409074955649 1 0.16948682142849 0.133847583723479 0.4392758890669 0.156623013081619 0.50122909133953 0.466401902144894 0.260557256473049 0.166060032222114 0.143421285506422 0.28458235267084 0.287475219988458 0.018914346156726 0.491522515238122 0.303112707901161 0.565288362271553 0.490061763620099 0.37339894813945 0.382468373994328 0.443214709190162 0.229062208922756 -0.169688224103305 0.317996165294945 0.313936587951161 0.105657231349885 0.222460703379418 0.14622988365452 0.234801868459414 0.638107291157166 0.525986661653152 0.433828919507027 0.273232201468445 0.356702595490498 0.420918543284121 0.438817733540096 0.393115296549252 0.499242530451691 0.413232909291724 0.482365928586526 0.274052963123389 0.355936421772087 0.161143029817901 0.235467431394171 0.386684307415394 0.257749818243915 0.450058048991771 0.262536271863887 0.292349891089858 0.28221268729599 0.324951129722282 0.010240949082568 -0.00520163504166637 0.325853937193494 0.216907725146311 0.342253172211285 0.436355498673164 0.469416783187664 0.106774722485651 0.426129335355949 0.419334378538219 0.398222927870402 0.415905352023917 0.0996726700692563 0.316127786680704 0.0503170066651893 0.151935102723201 0.412291862937872 0.422313820080604 0.364258622612879 -0.0939101281046847 0.312196050212136 0.276719770865156 0.232841249357806 0.40833216936499 0.348323709175297 0.330713535018745 0.240926025121178 0.412304044269837 0.105038172949908 0.425032946663702 0.0200126200518839 0.29360801574399 0.171060218506628 0.406652949876973 0.285020858778072 0.46906505826709 0.391573017380612 0.349535597289895 0.222819518630068 0.219323272404647 0.412422324809884 0.0912821218704933 0.26847932960236 0.203365410145738 0.115597546510312 0.279790593180703 0.499795863055887 0.377384872303568 0.352994341863851 -0.0630774259536083 0.0933881232802643 0.535942500092221 0.537358501789049 0.562674979686867 0.486350965264673 0.106486316473632 0.230871370789652 0.0613871026694134 0.0216886660453634 0.0298943331319378
-0.221195797149685 -0.125559617609706 -0.194047396389667 -0.322267452948316 -0.395275991000608 -0.0962394435070025 -0.0718089339918145 0.0905635050433609 0.206426297496694 0.16948682142849 1 0.614947221360657 0.0394873332149662 0.0126182631672749 0.0915639852279515 -0.118814470080114 0.0266208322233419 -0.166220724792636 0.0201274752468911 0.0306544818619353 -0.275006018437936 0.125887817673265 -0.255326212668612 0.333517409756611 -0.117945156142483 0.171201392431306 0.179349184451733 0.0828736468596462 0.138951886377102 -0.209647839096024 -0.132591301447979 -0.249071409415663 0.0136256944001389 -0.116978109896829 0.180484028574905 0.137201668936743 0.0699286707728219 -0.155258644045509 -0.134152259133846 -0.0263328835820017 0.228522342744723 -0.194281465612895 0.167522801224539 0.124366406068032 0.0428115802025067 -0.0461219360486912 -0.0230344581521026 0.0197031860037196 -0.124986221049399 -0.0283153061168067 -0.132351089415065 -0.172273580262185 -0.260306534569362 -0.134183861637278 -0.110704044450693 -0.0648011787390864 0.155316557296444 0.202455230973755 0.148537479232606 0.230843077348506 0.413881951253537 0.0212298688057208 0.125460475007643 0.11882906087075 0.00619640811467792 -0.106815482095938 0.0475971420055012 0.0688419307958179 -0.0842832879364377 -0.05202093177248 0.0344473369951311 0.0237699029810806 -0.0426721366384134 0.267638870265995 0.0639177408111144 -0.0155296337374598 -0.0234223345860277 -0.0772265295065473 -0.292173169962268 -0.27656033912758 0.0319460090566888 -0.0245637994423302 -0.00919841439410168 -0.0911687411302231 0.290541058203057 0.00518803317346202 -0.254148355746502 -0.107106489630799 0.118352472703213 0.159747491582007 -0.248201037862685 -0.0874675468819147 -0.165993656245855 -0.372209313844226 -0.128430916906866 -0.112228866886228 -0.101407640534139 -0.0629047924622544 0.0962095925110769 -0.0850212624439435 -0.396606510767024 -0.254209447050063 -0.11851633857046 -0.171557168993595 -0.0214222714478314 -0.0616036706020612 0.121557035575933 -0.00355655843662976 0.00430813469817324 0.0615842327330163 0.0053364896574376 -0.147801506692212 -0.0283370244485654 -0.130928120343394 -0.116433655931866 -0.12344136532366 0.0663920385182649 0.341563141279952 -0.0721920340450024
-0.0683597715522182 0.0906662009945037 0.12640805670833 -0.175990739938284 -0.147791712357975 0.0652488642562542 0.0207476558615104 0.370328956259109 0.455861594001377 0.133847583723479 0.614947221360657 1 0.147740202874841 0.120753942257249 -0.0102738133139786 0.110566566551215 0.240731839189304 -0.0334378252582273 0.0417549705666881 0.23234203805584 -0.157627181749987 0.448579315207159 -0.156816283942971 0.509460363971044 -0.145978488550782 0.116565342121214 0.309954006320651 0.128294815890721 0.172655741738369 -0.116613780433447 0.0400848876952351 -0.0926496193283781 0.0114399649948946 -0.15633372457192 0.293263346857683 0.339672094437955 0.0822846276955422 -0.00586577620882501 -0.00741234915975178 -0.00906543529493239 0.323392172940077 -0.212241352730656 0.361199852892665 0.0941508221870491 0.169359211745642 0.0640451655903092 0.0504161589525323 0.0509621336932764 -0.00822884839201168 0.104010390226982 -0.111236434796637 0.0243545986975944 -0.0710485033440134 0.0456982874342609 -0.00729667494094857 0.147216233507586 0.239075762078383 0.409173939573366 0.246834091187353 0.259479700111756 0.362475589592614 0.0252532790524635 0.159241581168325 0.199362598986752 0.054899794860676 -0.0701777728823655 0.201069152799199 0.177161384383869 -0.0353391283550206 0.105314267935205 0.0935928577485092 0.187526212810386 0.0465944843470954 0.48809718779273 0.342179222335702 -0.0544027525155801 0.15257746977598 0.0215091100648989 -0.0585173476318056 -0.14620726298107 0.273999028010436 0.0824635871669098 0.211381815865106 0.161653793018071 0.487857997870342 0.242946235775598 -0.342709798053155 0.171710338583489 0.291811696015208 0.406034761906007 0.0095916965813295 0.203172087483019 -0.11459532952994 -0.174668574539588 -0.0560181502669751 0.0710225296266127 0.101300117699675 0.131161651738156 0.124712842583235 0.0826397333416907 -0.320534804272192 -0.098404200668924 -0.0860528698052776 -0.171057622806801 0.205283075804399 0.00553991237829333 0.00604368871169914 0.0222170818868939 0.00140234008418104 0.100230989238977 -0.104583744600291 -0.30165883197208 0.144554091530069 0.119562134530676 0.0255078589041639 0.0432569852113406 0.231365524353291 0.529835637015193 0.189404603620163
-0.36808400836077 -0.0218618827762488 -0.0614945495742386 0.11551768595478 0.199947083530697 0.257672511778048 0.216846979015987 0.135585007744655 0.245152321130781 0.4392758890669 0.0394873332149662 0.147740202874841 1 0.160423098611988 0.363878745516386 0.184692854497854 0.54767673950006 0.254343612879392 0.345884904829636 0.103749234220672 0.322205776854769 0.323416524095643 0.475588323917229 0.211581232216851 0.339721944975946 0.390752317836889 0.224622931683595 0.22757898597767 0.147363022412362 0.15456518691494 -0.336288725921804 0.0847754153708308 0.206819051754275 0.298520848074984 0.362524131504778 0.33694199937856 0.0607823741581703 0.254091085171656 0.314196081334323 0.200988915882588 0.22084174285464 0.0556634281693511 0.364279354554815 0.304341744452309 0.436342168125214 0.297148436721226 0.413985247060396 0.38931577112748 0.188422813779629 0.359015493592464 0.00289234244416549 -0.0273074747793828 0.212662558949014 0.136673842444237 0.0066654859130674 -0.102168940212681 0.0834284403438993 -0.00562358783074549 0.0701180701157939 -0.263791769080696 0.086716568606394 0.397114921697754 0.132040878430096 0.178584223165382 0.300091201992432 0.213369031859735 0.281989293746219 0.173212847783468 0.233126335567535 0.380360866770599 0.0832282589612411 0.238107320415426 0.325799399301121 -0.154018652254932 0.0229081097060508 0.163983929035109 0.263728542393467 0.31199459809718 -0.162221253266218 0.248967003316345 0.0881718228980069 0.196343530239065 0.335056451060898 0.280560564282371 0.194522058499484 0.254878311419201 0.226708825108931 0.0202104060704931 0.392723305846494 0.0175537142595655 0.299619477541303 0.114310533309409 0.164665146247075 0.253462501408285 0.331980976492607 0.221129622603939 0.109983436041808 0.349525922437901 0.0264730428508218 0.126568051488283 -0.116506153652147 0.0945484498091079 -0.00137225198997721 -0.00862441092503877 0.0025566746439684 0.377656358599978 0.0789663944320882 0.244105478592958 -0.307485575014051 -0.124570501448458 0.436556205976577 0.54867113918805 0.351097745939269 0.288868990064979 -0.218206233138425 -0.184405726202637 -0.359399893864216 -0.270528647563002 -0.266118026175589
0.200242715776195 0.363567516396198 0.291215037557349 0.323191621267897 0.407575832470101 0.154473688858332 0.0699690853711511 0.244291740000098 0.145673984490382 0.156623013081619 0.0126182631672749 0.120753942257249 0.160423098611988 1 0.340731724100971 0.37393876128454 0.462816485212962 0.24989276616681 0.570907424851003 0.258880581682612 0.455512327866072 0.251006226354754 0.533503390109359 0.262272139575203 0.243070378776579 0.0545787272855482 0.120242977456584 0.0147553116858051 0.13001360481539 0.188875971221748 0.238515429981624 0.210209085651987 0.268299838817713 0.0308995784783921 0.108704255125825 0.123715251133816 0.168956796919931 0.27784382368098 0.179010454895291 -0.00803011685376456 0.0175862826038881 0.203087920844281 -0.0558676815870024 0.0588005883979746 0.0879215571677417 0.10727497349867 0.280567851585449 0.147739874544755 0.268347110674844 0.112238911003248 0.15419467363966 0.33268443497728 0.379318779024478 0.350883308107473 0.176688348000134 0.235537323930862 0.293685640078326 0.16261182573923 0.0831485662388438 -0.0217080712719896 0.0033560150540946 0.0700342751299913 0.168634670953942 0.225169841240673 0.353436681712023 0.301128743106571 0.0688990271123367 0.24957094999176 0.17665729552897 0.321257254493011 0.0175084270283276 0.124401495604451 0.184877981007507 -0.0407068886727404 -0.026774015073672 0.153999579633746 0.0375619844660691 -0.00819100292482192 0.296085226485687 0.166365059363472 0.0154039555754011 -0.0669500411293094 0.26682414307407 0.170308264834466 0.0739659762233937 0.110486125359405 0.0480503060625469 0.136169844647005 0.0884967975874367 -0.110847259809545 0.232674148223235 0.140363996721361 -0.00204639220973014 0.232297642849048 0.157349006899034 0.209858342622034 0.129445319887162 0.108887052393679 0.0398646912753128 0.209803172261856 0.192700935969164 0.35776431194879 0.22345553393051 0.0316643095764797 0.061719245863909 0.137501541919053 0.198113580162971 0.0679328935857481 0.282517028035861 0.122792378908633 0.0271862150769305 -0.0855235821190663 0.17814677247452 0.127614278174191 0.302618091244535 0.275574597760775 0.230798890683402 0.0910976698233941 0.28981676257387
-0.0768932053617349 0.126241169662448 0.134325699240964 0.333438544590326 0.323528850746877 0.229802732361701 0.436840015753339 0.171631433455953 0.211860059559849 0.50122909133953 0.0915639852279515 -0.0102738133139786 0.363878745516386 0.340731724100971 1 0.468156197114119 0.282909447771325 0.295352244491466 0.225036090718007 0.358652796914 0.407319651025404 0.103678514568829 0.603093988328014 0.297028738855575 0.403056823290235 0.333643845810752 0.45578086945956 0.273037995212132 0.484351696340024 0.370608137917302 -0.0574287852372093 0.367339047630011 0.321505603421365 0.182057916122533 0.270343819447375 0.168404881590361 0.441038128393738 0.435545570494602 0.347701390538193 0.328803672348336 0.264436000341786 0.241324684578323 0.297327757309506 0.406604522405701 0.419690095364598 0.368366435736708 0.502059949392849 0.425525566656798 0.146202326440624 0.444378353724385 0.315902497275513 0.294675377237082 0.463767691989139 0.371543276120775 0.355944848612467 0.183043356741823 0.356596445061901 0.214189183874324 0.271242252027658 -0.0529787350264988 0.106397423794548 0.401408736771572 0.424900943374289 0.364952256474301 0.425032471616157 0.471484404387725 0.184705199331903 0.392600596681957 0.339794368796804 0.415697374696874 0.351966084511166 0.184676856936473 0.394579350707425 -0.0401981370613078 0.0775098745654844 0.273695101207149 0.424217549216159 0.36451898430595 0.0220581349655997 0.378864663651892 0.175857249897644 0.233703389526871 0.465959094390099 0.439846773978533 0.297887114817932 0.225361481555371 0.320052373784441 0.260232860660738 0.491304608502584 -0.0531802414288357 0.288533865367707 0.021430231146331 0.115100016531674 0.288900596801111 0.454685118059173 0.379323054537436 0.312706700624298 0.261116520752817 0.183308503589411 0.346696616057312 0.181607601690005 0.297505556739115 0.205176306912267 0.245626427078101 0.110063832561211 0.440294990564783 0.316231045004271 0.286551129865575 -0.0345676371054027 0.168359918603963 0.373475456058943 0.503491255043599 0.514337290699574 0.407600232597464 0.145609096677302 0.197067735274292 0.0199742487293796 -0.0378451635143653 0.0779695148894678
0.388307956199594 0.4158686680317 0.548407206869814 0.518451678652475 0.494428090964473 0.538584160170956 0.590112579926016 0.465377936241827 0.456917559392369 0.466401902144894 -0.118814470080114 0.110566566551215 0.184692854497854 0.37393876128454 0.468156197114119 1 0.377308425790917 0.519770016129825 0.209809648216786 0.562480749756449 0.484406662039206 0.304143159794245 0.521861247745836 0.370498447945911 0.457750726607304 0.288926587687378 0.480281370130842 0.278158172486575 0.401088513010594 0.349495523318606 0.182415334907245 0.436075606424106 0.410079509743885 0.197036837436473 0.284756777420986 0.313879202137047 0.360581027341176 0.619417030685393 0.535703610745414 0.385925942635805 0.250896416752461 0.354733299306573 0.4254515810332 0.445544609088224 0.45700105749889 0.459687311824722 0.434848930874621 0.35919229726559 0.402559610432624 0.339107898218886 0.24219000471305 0.442495061410269 0.613912697803746 0.506161306050364 0.445941609175717 0.395981545790128 0.466002815754483 0.403967965921104 0.324000526125673 0.034653234428677 -0.029782667246545 0.245332849875879 0.468258204069338 0.514297769354451 0.594773094337662 0.617707855679075 0.327599560741812 0.465186515586462 0.417173356684766 0.525148505333635 0.46062073856306 0.289147568545387 0.532390560481733 0.179793429731731 0.201669505474456 0.299045532872357 0.449518682983154 0.36126448839473 0.256701818961056 0.394047667258601 0.274042864532587 0.331166450886245 0.630722945043814 0.547330876263364 0.485680419443766 0.473669189666716 0.294994232681219 0.312574470487375 0.469820551880301 0.245403311013487 0.486480670862761 0.213608556274347 0.365941918234303 0.356083462807309 0.444789613511788 0.518734967658389 0.548664767929115 0.438365867097454 0.240042869602454 0.492014780122745 0.278185544250351 0.344849518679835 0.192247270157561 0.144752056641008 0.277855285193056 0.394342275377039 0.327664060938271 0.249830830869911 -0.0101587002356093 0.104484608327718 0.25470073517679 0.199230155170136 0.59218292663977 0.609046708265786 0.373685216578433 0.440442745174649 0.323870899130721 0.203143888770892 0.383515693616566
0.0696689561312134 0.0812448030051012 0.221938166328922 0.268298314904595 0.35854780897052 0.352774295772845 0.0959533554389924 0.135889304287077 0.28053754360044 0.260557256473049 0.0266208322233419 0.240731839189304 0.54767673950006 0.462816485212962 0.282909447771325 0.377308425790917 1 0.491472317582979 0.594977738675945 0.30579535501996 0.423959603880951 0.539546354418035 0.543563711654547 0.437980459599254 0.387057888584712 0.286514238864925 0.2325470295901 0.155564482663542 0.350702103927412 0.376825220169884 0.045265260163204 0.183323602548116 0.313333707577833 0.287337805646974 0.28299821391394 0.315531202198243 0.188029037113145 0.263086401122944 0.248853779333205 0.0652115262544779 0.0429630573913722 0.207014012985686 0.278108342081972 0.210361422481208 0.326759673543227 0.21250957367177 0.353300370844937 0.246101159245533 0.391605661948055 0.36158971533179 0.230462550407471 0.314404900449891 0.414391750807517 0.284398258319409 0.200390586630257 0.0854082083402998 0.188909974900861 0.180132975392111 0.1253865606359 -0.211635632802263 0.0829858580327988 0.296665431625904 0.100033417548307 0.216470678621589 0.419391451657358 0.400501786647879 0.287396932995008 0.275297669348802 0.339555144407345 0.41844614727543 0.111422754229026 0.38656216722802 0.377546485673266 -0.0221476141051055 0.14971501592264 0.164544765422642 0.229766498823523 0.269068374969928 0.177166837389509 0.265189863784231 0.117639150243093 0.158819980805601 0.417948256837304 0.330663586146947 0.313418792330434 0.407885172796016 0.250885708981344 0.180823193620283 0.293831632863604 0.102183918427322 0.338037332905722 0.303638241403135 0.248218115440473 0.314689687122488 0.267644497093809 0.275215676424932 0.26148376458176 0.380333869962398 0.0969140830607616 0.342729896583064 0.0886404177923631 0.262367082873282 0.160838481314072 0.15950883428583 -0.101057613622634 0.249184356312314 0.0564879252241724 0.142194890156951 -0.105745650152794 0.110650645811973 0.294304317284074 0.22370267501583 0.349317306240967 0.283807284164389 0.154503421943008 0.142203740251379 -0.0545764502812714 -0.120706324136685 0.110906130724291
0.180660205596666 0.269593715499205 0.31184853372414 0.423678387397513 0.49917142192093 0.412216795312606 0.281897451017443 0.417021565880072 0.330830777230495 0.166060032222114 -0.166220724792636 -0.0334378252582273 0.254343612879392 0.24989276616681 0.295352244491466 0.519770016129825 0.491472317582979 1 0.386037061824589 0.485162710610998 0.684259704317165 0.354295645298989 0.538325260104664 0.202726692199431 0.213121004648581 0.115184473379169 0.220040049635482 0.0549444645917478 0.222696266531623 0.226104659934162 0.0364027315721352 0.185773522352269 0.325108801726794 0.467381312277851 0.241550965758986 0.43315191276478 0.158991659776036 0.281571560601808 0.274709173618943 0.117031964664748 0.0467455893780466 0.20781087842391 0.238106581413967 0.116505587132819 0.358231677925669 0.255064290375242 0.353294304619827 0.184306747546629 0.358003296931311 0.2563407631623 0.247749900576929 0.291697318598139 0.476218281451986 0.409622985570138 0.155425283018913 0.00676498430148628 0.238563954959382 0.152525049874865 0.00470475992753162 -0.105662461202731 -0.0444974526987879 0.15229933020901 0.114854496031385 0.259500350181604 0.375413794250347 0.393559044679623 0.205555363150585 0.0788010402065182 0.230100797867424 0.323143432038531 0.137662414495242 0.206295493241233 0.464273704346355 -0.028428739377899 0.0200142179406058 0.0933140088685177 0.0984061351184931 0.17338741122399 0.224772758664118 0.430346763719841 -0.0361341241089591 0.169033538037407 0.428605007200906 0.29690468635967 0.263097921562668 0.278867122517348 0.189157735414649 0.0618345086621817 0.218676096183998 0.13010348359943 0.382655292180929 0.194917772033018 0.207330252962849 0.283533710188735 0.30499269057979 0.19893996424532 0.293604820510035 0.432057014820765 -0.109510662500237 0.221074415615757 0.231686269113312 0.233177736739889 0.0901631509776191 0.237890307654102 -0.0719709306725805 0.19397831878585 0.0567660260697447 0.088492331570058 -0.153840992358453 -0.052523452019361 0.0246535069302789 0.170645665271295 0.283144709899238 0.335511172873465 0.136989054835424 0.0914608401413784 -0.0207739069715876 -0.0783404107359108 0.168724800133602
