1.000000000000000000e+00 1.715167230753540106e-01 3.250225934853069876e-01 2.672225731155100092e-01 -3.072820204825040258e-01 1.661512101205629977e-01 2.070055356452260020e-01 3.419229140712039955e-02 1.498561129420389881e-01 -1.960671567670999871e-01 -5.351447568976799851e-02 -1.358450668280929974e-01 2.209321558263039886e-01 9.326080363907710002e-02 -1.621296599831930085e-01 2.161628671516870048e-01 3.267335384066269999e-01 2.028616669952789942e-01 2.050505961807589927e-01 3.514474725549249778e-01 -8.035761600556229345e-02 5.365504870938460347e-02 -2.812354299497530144e-02 -3.247961836292279775e-02 1.222870922331359966e-01 -4.024293942648229927e-01 9.494750799799910046e-02 -8.243035873209790532e-02 1.441398637499959889e-01 4.567753147761849930e-01 5.759880927891419811e-01 3.763571599687730029e-01 3.086741056498559788e-01 3.967117047921869810e-01 3.274261051012859747e-02 1.284491077910260015e-01 3.001925160637829854e-02 1.061957595988100023e-01 -4.604717404126879715e-02 9.171611410350739152e-03 -7.626329961692900061e-02 1.791619256165649932e-01 1.241953651600409964e-01 -9.536025306308530680e-02 1.397769562800580123e-01 9.364449132545260568e-02 1.836288110055060013e-02 -1.485066591203630104e-01 2.203109873057770007e-01 8.573653660763269624e-02 6.820173574925799675e-01 3.119322044999989774e-01 1.802004006997469931e-01 -3.849333018525110117e-01 -7.273469078897580598e-02 6.588917262417019749e-02 -7.192367344656999846e-03 1.932552358281509897e-01 -1.636540976687800020e-01 6.575586406902370062e-02 -2.283563863918030012e-01 -2.248464520891110124e-02 -7.518062444663729804e-02 7.148024853797470268e-02 1.245977422812819951e-01 7.240444036337580214e-02 5.471387071885500109e-02 -6.813570089846940347e-02 2.052018652285549916e-01 1.678266239480299959e-01 7.043047857502149345e-02 2.439672224289540087e-02 2.047327560854179940e-01 7.240445180520720114e-02 8.861217662667029982e-02 -1.079158489589849973e-01 5.244875905167940139e-02 1.113541535613210010e-01 5.318137253960439903e-01 9.900285514801859810e-02 4.541490714261269684e-02 4.196516902221920087e-01 1.178985549435180025e-01 2.135084989263670019e-01 2.077289756611430116e-01 4.821926190866029915e-02 4.162446384984330172e-01 1.671728097042740058e-01 1.635050793742410039e-02 -9.892084869571370065e-02 2.484182925674119913e-01 5.530914643001030306e-01 8.200671530318490166e-02 3.988745385657450071e-01 -2.203684770551999905e-01 -5.860755822428100059e-02 2.393506708582099907e-01 1.880606603483289951e-01 3.618373367133839724e-02 -6.845651153766399433e-02 5.461107088522599851e-01 3.188302487763399751e-01 6.009214303912340238e-01 5.629039729875739972e-01 -4.439872048086569711e-02 -6.933187629669260166e-02 -1.709092928512210008e-01 -1.043924302296409951e-01 2.298774561364289870e-01 3.252981837997420134e-01 -2.934518492131790168e-01 -3.426628942984700221e-01 3.147599960422219900e-01 5.748471495054759822e-02 5.771477831982130269e-01 3.938314843700310153e-01 1.302384083480569998e-01 2.896422672505750140e-01 3.263792020181979781e-01
1.715167230753540106e-01 1.000000000000000000e+00 5.050308885693459704e-01 7.307307120988609794e-01 1.553859395639929919e-01 5.936037455236380378e-01 1.885607709760319939e-01 5.332742807058169499e-01 8.026895454688519616e-01 5.966124662686209668e-01 -6.132547018652560050e-02 5.945612774968319636e-01 6.181849182494170147e-01 8.132149048128689550e-01 7.140776129110899539e-01 7.715903446753460404e-01 5.270258060191970184e-01 7.506893067092359484e-01 6.745314388029389763e-01 6.906558871531259802e-01 6.662963186178180175e-01 5.696917593777389710e-01 8.005055873266659905e-01 4.934384144182609733e-01 3.344337605000169966e-01 1.824051202652209880e-01 6.670798071218919656e-01 5.785694474704680124e-01 3.053470138070489837e-01 6.653159804826600521e-01 2.960914017465149928e-01 3.078508953666870274e-01 5.925814890443840133e-01 5.135471116862859731e-01 7.850675540654640239e-01 7.407916365347270160e-01 2.441362729543520016e-01 7.172350288088320536e-01 7.875485874031989963e-01 6.562465818859849476e-01 4.363204195295379839e-01 2.346851650297110126e-01 6.652427771076829810e-01 6.438229550010440283e-01 5.667236676990440314e-01 7.866384367936839483e-01 5.448176497160219789e-01 7.205547683158820549e-01 4.679820592805170043e-01 5.503194592769850013e-01 2.186387682449839887e-01 7.177867678779999983e-01 8.061919436887210466e-01 9.061702541903840502e-02 6.087886365326680149e-01 6.283834033288889787e-01 6.585114969069909563e-01 6.184605778862619641e-01 5.273029189553150031e-01 3.833414966434790100e-02 3.793681157793210024e-01 4.348412722478809944e-01 6.053528050440609709e-01 7.874450643396799787e-01 8.246703515641969906e-01 8.234005220254220214e-01 4.814082505915320276e-01 7.373168484064579475e-01 7.890592559619630242e-01 8.521003649841309979e-01 7.721591263439520070e-01 7.586302107992050070e-01 8.376043403040810409e-01 2.702007727847799967e-01 6.744989810581150103e-01 4.312023853654740058e-01 4.358263666816999948e-01 8.474057070474020348e-01 3.986469435049290189e-01 5.337961099963000056e-01 5.761881324846399588e-01 4.866645371660709984e-01 5.139517840929119785e-01 7.310234957162440317e-01 6.847204056844119480e-01 7.918336528528759910e-01 3.390737164991520225e-01 6.191751375435310401e-01 7.921665984122560067e-01 3.023516070383620025e-01 7.680131512493579837e-01 5.533183821031200100e-01 5.387078684078320245e-01 4.881191219945599791e-01 6.433598824182630294e-01 6.994863162114519639e-01 6.501384541123550465e-01 7.832513697301299871e-01 4.917562260928819984e-01 5.939793821664159923e-01 -9.267001884638919815e-03 4.004067537782819985e-01 1.417624651486689979e-01 2.986798864417239963e-01 5.623166050683470196e-01 6.368417086649530434e-01 3.376723623892299853e-01 4.318857696786099765e-01 1.709473594693390053e-01 2.701199251881070129e-01 3.527949489522109738e-01 3.362860532026960003e-01 6.886065845738490454e-01 7.243877268376519574e-01 4.176029965363030061e-01 6.752122172332459815e-01 1.921560233337549911e-02 3.426678799560129995e-01 5.296731821566069698e-01
3.250225934853069876e-01 5.050308885693459704e-01 1.000000000000000000e+00 2.265526524749890136e-01 -3.486008927285340064e-01 5.741843101487510426e-01 1.164826682251120064e-02 1.235961136471289967e-01 5.145385965211070056e-01 5.157294553239170076e-01 3.884446895622289952e-01 4.305036956647440016e-01 3.188427553141979787e-01 4.243141920772650066e-01 1.347578050592500021e-01 5.491172861733230048e-01 4.931171348541090182e-01 2.665538312214150163e-01 5.908397063965730167e-01 1.949176066724820078e-01 1.467395036521289969e-02 4.789372135334569736e-01 2.352663730406089893e-01 4.048954289304649845e-01 5.377549516531430207e-01 2.295269553862500089e-01 1.733192659329300112e-01 5.426516604673979893e-01 5.048044499174479949e-01 3.783628631830490141e-01 1.938576787319299943e-01 9.769152073625410326e-02 2.792294279722549732e-01 3.901564511853660155e-01 3.791653347077280078e-01 3.355721219808749933e-01 4.142431976574489916e-01 3.808003903304679749e-01 3.673970814058339918e-01 2.121921361712089948e-01 1.898512178657260074e-01 2.445723277917589977e-01 4.818793462077919920e-01 4.367913138792460237e-01 -1.725222324484379857e-02 2.839287765252550000e-01 3.361691296093309855e-01 3.237416422331619859e-01 4.583516774131670135e-01 5.349725394539179835e-01 2.493047041452809975e-01 6.515416626004379985e-01 2.342616580467369869e-01 -2.395090583508260040e-01 2.320925466475050047e-01 6.126896784434919807e-01 2.177636794015889998e-01 2.227180189216179940e-01 4.526562079190910026e-01 1.651188061193379908e-01 3.687539763868289966e-01 4.118499891793390155e-01 4.925508342984509791e-01 4.552055013497339764e-01 3.602611372135610113e-01 2.868739093086630221e-01 1.356600632523790040e-01 5.015409311480639731e-01 4.649559444656520268e-01 4.001776670282680137e-01 1.585917720487129978e-01 4.947041514021939812e-01 4.451476723331890262e-01 -6.073928933083319950e-03 4.166808366670129993e-01 5.478134188507779445e-01 4.187000908961159840e-01 4.514036179234359736e-01 1.020167926234109984e-01 6.618176641011050410e-02 5.692626598389210341e-02 2.594558745167460101e-01 2.298332145016690215e-03 3.547047009593269906e-01 2.489437109167189910e-01 2.795846606453710192e-01 4.248734522369270183e-01 5.565336981782450509e-01 4.356834646359529772e-01 2.635332745643310104e-01 4.530440390500479753e-01 6.134274749502790502e-01 6.680740321868120501e-01 4.731932678069559750e-01 4.512808710966890180e-01 4.107868544116969889e-01 1.193793953220679965e-01 4.021684319004359964e-01 3.987121253719890235e-01 4.393824349249569883e-01 2.337496477703449871e-01 2.436637237759919916e-01 3.165973762939059966e-01 1.240971093972340067e-01 3.878289285548450205e-01 4.069997276553840027e-01 4.863215581648919761e-01 6.027920244339110001e-01 3.564747018385630017e-01 4.835495881092329862e-01 4.386911967309680138e-01 4.072213222098399754e-01 1.827428515069610127e-01 5.437097768140670279e-02 1.561614923439700042e-01 4.692508696477399877e-01 -1.164793679846759938e-01 6.460468978910789695e-02 6.525431606941399787e-01
2.672225731155100092e-01 7.307307120988609794e-01 2.265526524749890136e-01 1.000000000000000000e+00 1.688876480721589884e-02 3.187948482057519906e-01 3.768603315234200224e-01 6.029918460258689716e-01 6.115805347889700094e-01 2.427650760325489876e-01 -1.164158600488229972e-01 2.794500219315220191e-01 6.394012156184090134e-01 5.575486794371240507e-01 5.194560411403880140e-01 5.665848873683789755e-01 4.270230426397360057e-01 6.855667161159839651e-01 4.555653416909780096e-01 6.995066741909300445e-01 5.066388370793249996e-01 3.170482884029580117e-01 6.247054500976829683e-01 3.658220475843910191e-01 7.981019033647669680e-02 -1.081273773533669991e-01 6.138779081273060267e-01 3.163978665007110003e-01 1.521261502996849868e-01 6.492359492142439903e-01 4.576383312274109882e-01 5.515376066976489522e-01 5.528129237862640100e-01 4.365878654895550270e-01 6.406514738258130004e-01 5.691435902905149780e-01 5.380133081350880336e-02 4.548328481247079780e-01 4.850817679730939913e-01 5.198835378520599848e-01 3.654008513240210032e-01 2.605355738669790089e-01 5.028397491493009630e-01 3.670965084178000049e-01 6.510374289789779834e-01 6.199894416174249745e-01 4.696775850807610175e-01 5.029925965336460303e-01 2.560010187259950110e-01 3.422845915863759747e-01 3.808085610034899759e-01 5.859578623353199900e-01 6.151196159756789905e-01 -1.099952599858450009e-01 3.490080474334180116e-01 2.785908501042950181e-01 5.358602379953300021e-01 5.864325363111040357e-01 2.063972283292569987e-01 8.811131438553919393e-02 1.458608196767529896e-01 3.169710744507450162e-01 3.160928046126699753e-01 5.445732268872880422e-01 7.098584066104880463e-01 6.308326575967100336e-01 5.455913286836620024e-01 4.020649007209630144e-01 6.411046604460439724e-01 7.341280803230919583e-01 6.590075165832369741e-01 5.296995582990899898e-01 7.007007371659389472e-01 3.000949663741079854e-01 4.999173864639909759e-01 4.043171263280140315e-02 1.457069675915249884e-01 6.650355958042389881e-01 6.397209717553500319e-01 6.321905412437149874e-01 6.170798883415220537e-01 5.755629534350400478e-01 5.885179476779860419e-01 7.276934647873060102e-01 6.862150755139689862e-01 6.977012851594890375e-01 3.093749231673559863e-01 4.474118694114819772e-01 5.580167899732090264e-01 2.452654067050870079e-01 6.292592718872730417e-01 4.664011895454879819e-01 2.205275624625369912e-01 4.707964461797120026e-01 2.783642368362089781e-01 5.054121632121429952e-01 7.251904666637569719e-01 7.241081722436000234e-01 3.739570711240000067e-01 3.530484409782709831e-01 -7.545381561444369778e-02 2.927573152682220181e-01 2.316392716359859938e-01 3.740806647872410018e-01 4.258037410446369742e-01 4.273199511319369925e-01 6.151993184026399719e-02 1.323544141838839949e-01 2.462277314868520084e-01 2.138262053872510005e-01 1.075168460593600023e-02 -6.694462177448359808e-03 7.482137745012320540e-01 6.807168581697530252e-01 6.312908713563939456e-01 7.006156949547780455e-01 1.748251984423909999e-01 4.152144496011709873e-01 4.406965311668830099e-01
-3.072820204825040258e-01 1.553859395639929919e-01 -3.486008927285340064e-01 1.688876480721589884e-02 1.000000000000000000e+00 2.475379581738559875e-02 -1.883715561001390038e-01 -1.129777110743589996e-01 -8.086526958051699909e-02 2.015803575108109924e-01 -4.738772614475930123e-01 1.874939566689640125e-01 -6.400742599858309789e-02 1.797480426890069871e-01 4.587390178314290079e-01 -1.441053988603920033e-01 -2.371683596807329930e-01 1.519081135062939902e-01 -1.611452958663950052e-01 1.554914868264800076e-01 6.008506583584629634e-01 1.017917292344010065e-02 3.901001666941920076e-01 -2.353027668089330005e-01 3.267540728272950307e-02 1.488568581972080085e-01 4.794789973471379890e-02 -1.676488715670310103e-01 -3.182441473240539831e-01 -5.813029026358550178e-02 -4.047017666947539949e-01 -3.193163591738940044e-01 -8.713471255742970267e-02 -1.399708530695830122e-01 8.863699731946379778e-02 1.845570972818149913e-01 -2.912170955893810254e-01 2.243144299263850061e-01 3.476450184954649747e-01 3.074382536049950071e-02 -2.152144423932169925e-01 -1.882328544815339844e-02 -8.204766195754889524e-02 1.625661173711009932e-01 1.860796385137800102e-01 9.564031710430730138e-02 -1.495433357663649987e-01 1.994810770904469899e-01 -1.471829945768320103e-01 -1.767923885266000084e-01 -3.640037830703929944e-01 -1.806591520370960102e-01 3.884258520352389943e-01 7.864940637288220238e-01 3.101106409012330256e-01 -8.313099866473690550e-03 -2.086934600184000080e-02 -8.219105275286410495e-02 1.204601515780479998e-01 -3.976716254162659947e-01 -8.894131984406310198e-02 -2.503310532452019954e-01 2.563564055921459944e-02 3.144166218769219728e-02 7.795472255461670386e-02 2.422805048079149925e-01 -1.848874808368450029e-01 1.480059539656319867e-01 -2.061410880470980131e-02 7.773483891960560055e-02 3.304812995062170189e-01 1.326718507315010048e-03 4.492282045077149871e-02 -1.059339513959410006e-01 -1.503963580044850035e-01 -1.334843247582740040e-02 -1.350826149843200041e-01 -1.327563098548479974e-02 -2.050371577874680051e-01 -1.025832999488699993e-01 4.120013922555550157e-02 -2.780045311375379802e-01 2.159069535104199966e-01 -8.372284583018580265e-03 4.154321999760299602e-03 1.012672879518310004e-01 -3.983567421562160260e-01 -2.140516349502450122e-01 6.739226300976809692e-02 -4.060326059498409745e-01 -4.192489792737139759e-02 -2.317490330739110094e-01 1.088730476651830065e-02 -4.983705359096490123e-02 2.758889113930009795e-01 1.735202569790350036e-01 -4.043665520047809935e-04 -1.217286339457999966e-02 -1.111201766150390069e-01 -8.133875333610669778e-02 -9.856713583568609688e-03 4.023445704606090079e-01 -2.094711173484130051e-01 1.752101372232980070e-01 1.222127775909839960e-02 4.081412480956050221e-02 1.076037309233600012e-02 -2.494973403177840054e-02 -3.051302029351489753e-01 -3.591729213874489957e-01 2.372445012553839848e-03 -3.509279018129630306e-02 1.605628093468149942e-01 3.451265739581880210e-01 -1.854518401745449963e-01 -1.933809566692689941e-01 -2.543335569817219977e-01 2.048803815717449919e-02 -4.278433773448759858e-01
1.661512101205629977e-01 5.936037455236380378e-01 5.741843101487510426e-01 3.187948482057519906e-01 2.475379581738559875e-02 1.000000000000000000e+00 1.235124080330750052e-01 2.135152907373590037e-01 6.853122808122460441e-01 6.596358980955350226e-01 1.326009709557290084e-01 5.944181719084620230e-01 4.445479937632070278e-01 6.818518892334419768e-01 4.309649893318779901e-01 6.533347970706979702e-01 5.759332128436670528e-01 5.952711435310109600e-01 5.916580658255580216e-01 4.533418431548770222e-01 4.238137933054529904e-01 6.736782767394069449e-01 6.067963747574980360e-01 5.178545629849550247e-01 4.323481128452489886e-01 3.704792946871129922e-01 4.187594854280909940e-01 5.666039130637889887e-01 4.019561993865820027e-01 3.637351251019920184e-01 1.256145071147850012e-01 1.943693128584660090e-01 3.498513082671559915e-01 6.068212943438989759e-01 6.050594859069730047e-01 7.226570256292780270e-01 4.141002741288100086e-01 6.168921231287100015e-01 6.125529706381489525e-01 5.149720740949860209e-01 4.359942848688440065e-01 2.656762742732100002e-01 5.330470244342689901e-01 5.552011131014330525e-01 1.966708795795719944e-01 5.694430985211710317e-01 4.935276719559130165e-01 5.835467187142849843e-01 7.760025192742150413e-01 7.190382915736990288e-01 9.967784583738660553e-02 6.395822023575350457e-01 4.849256343832210048e-01 9.570862824986810236e-02 6.148710384766989945e-01 8.356053767383879727e-01 4.669536751286950116e-01 3.316980853994819789e-01 6.333834254977039890e-01 8.461810723523900679e-02 4.842651014771129914e-01 5.310810581929039653e-01 5.876570350845849999e-01 6.512816137354210388e-01 5.081216936838890419e-01 5.583475358349130335e-01 3.856425476710370059e-01 6.890216141501169789e-01 6.345508566765980518e-01 6.380006769455669469e-01 5.504773467490370331e-01 6.353498855381589649e-01 6.890581213117430437e-01 2.429812069983189882e-01 5.507768308489310316e-01 4.968104736738919724e-01 5.267127228800499994e-01 6.541300257988630351e-01 8.857473581248599681e-02 2.257418581451859918e-01 3.006667553587730191e-01 4.005557827857459952e-01 1.745461302641860002e-01 4.605206494817070118e-01 4.491139394764530057e-01 5.523790915939299495e-01 4.211508299169789971e-01 6.210872530859290475e-01 7.502335072036120378e-01 3.610703689700620056e-01 6.490117930724480511e-01 4.448032853216369875e-01 6.446907782300950185e-01 3.473551177329670114e-01 6.432390103558810468e-01 5.448741972555060098e-01 3.218963302516409941e-01 6.114541310961399967e-01 5.418993534392140266e-01 6.371953091877810005e-01 1.080630525328069996e-01 2.448955673676279921e-01 1.127566795322809956e-01 1.018563366426950001e-01 3.901150792969649839e-01 6.073889027997889656e-01 4.614055567808409974e-01 5.722479148267289872e-01 1.211605078047259948e-01 2.799941541219769792e-01 4.838062840184860214e-01 4.573440773208640175e-01 3.913387980237459929e-01 3.943316919824499944e-01 6.359392993207430012e-02 4.684449754147930189e-01 -1.400425319558619951e-02 2.553373563005830182e-01 5.001886409318100357e-01
2.070055356452260020e-01 1.885607709760319939e-01 1.164826682251120064e-02 3.768603315234200224e-01 -1.883715561001390038e-01 1.235124080330750052e-01 1.000000000000000000e+00 6.051420169777099733e-01 3.065023051043829772e-01 2.603454247558580070e-02 1.487858811702849893e-01 1.361391357422500059e-01 5.175232641221829688e-01 2.084528369988800089e-01 1.620172190063809969e-01 2.816171390553749987e-01 4.633138120178920127e-01 3.828297535974660160e-01 2.151582197956649900e-01 4.498358380582059834e-01 1.631469457470789974e-01 1.296476266055220095e-01 1.864701619480720052e-01 4.599224907400870088e-01 -2.162506480205269865e-01 -1.607504382276460086e-01 4.279046760511699965e-01 2.284049214044319986e-01 3.186034153285189907e-01 3.625027848615829940e-01 4.188781290873789809e-01 5.479242014431919827e-01 3.283088894404920244e-01 4.064211511906790086e-01 2.859201757275999789e-01 2.124460234098790035e-01 1.220515572126379955e-01 8.288120207638849379e-02 -5.723040471065660162e-02 2.839821394566430235e-01 3.806450440065219931e-01 3.554047867103769798e-02 2.704021969855350260e-01 5.530758242284580101e-02 4.050659628647509947e-01 2.816583576436380021e-01 3.019837486824160089e-01 1.499902051469690079e-01 9.508820797992689755e-02 1.988334443756130110e-01 4.363398834425690209e-01 1.924289404500960088e-01 1.793505235933899877e-01 -2.399433454581720027e-01 1.586380999332679953e-01 8.684374185807709756e-02 5.048225962940690037e-01 4.270940906895430156e-01 1.812066259844840044e-01 4.303437927895960025e-01 1.575546160241509952e-01 3.711107158372010106e-01 5.605166506349949784e-02 2.092861956665970080e-01 2.575709496534089871e-01 2.325120377592319876e-01 5.217500748898810103e-01 7.441331669258670345e-02 3.250296366786090130e-01 3.074843324602319905e-01 2.923783420041189962e-01 1.913663815006459989e-01 3.197871365635699958e-01 5.941195423474789905e-01 4.338292396645629934e-01 -1.139829108535330010e-01 3.359562171500340283e-02 2.831172227304750155e-01 3.743606462635600263e-01 5.042643770079370258e-01 5.268388593701619493e-01 3.961757327034229892e-01 3.580721181554509802e-01 2.595074291841000247e-01 3.991458674483330249e-01 2.725533837581229912e-01 3.601958045673019915e-01 1.953238661201679993e-01 2.038514607992339966e-01 4.578512532479149799e-01 3.632943385569549766e-01 1.114736698305800050e-01 3.416636015540210070e-02 1.139226288182860064e-01 -7.660381600881099873e-02 3.534006876860849855e-02 5.221879191050460278e-01 2.789487060049439804e-01 2.785365648957380258e-01 7.635044678031449594e-02 -8.040806846072469372e-02 -9.077132578238560068e-02 1.334143916389889939e-01 1.128454994020759994e-01 1.298890730612110023e-01 1.920211165603090131e-01 -1.262938878782839947e-01 -1.871320076893699946e-01 1.044620078813259939e-01 -7.483031073838759817e-02 -6.718835394763890412e-02 -1.085742550207170060e-01 4.636234428802790131e-01 2.942335018379410028e-01 4.769505346120390121e-01 4.533022421791739753e-01 6.338499738582610288e-01 3.802872419913180257e-01 3.245253676409199928e-01
3.419229140712039955e-02 5.332742807058169499e-01 1.235961136471289967e-01 6.029918460258689716e-01 -1.129777110743589996e-01 2.135152907373590037e-01 6.051420169777099733e-01 1.000000000000000000e+00 6.568603081072910133e-01 2.443409448095849867e-01 8.104846744116160628e-02 3.608541929179079899e-01 6.752514407430609822e-01 4.674620991808979831e-01 4.479376227778349984e-01 5.098336092361800409e-01 4.123627326655959768e-01 6.393149629995219518e-01 4.255144912861110185e-01 5.682667535754759580e-01 3.684307063037889907e-01 3.730741972328069922e-01 5.190728083053020026e-01 5.852199150638109915e-01 -7.645775262635640113e-02 1.721653944087719879e-02 7.244212412968430437e-01 4.611788447201879970e-01 3.025997999588940224e-01 4.565178612301469818e-01 3.872396170778260038e-01 5.455487479031340126e-01 4.610304610621370203e-01 4.173903808907920010e-01 5.964792018192920375e-01 4.640433927408320058e-01 2.386489094161949875e-01 3.562683569153469731e-01 3.285584862070409784e-01 5.227300939007779590e-01 5.881234494206549757e-01 1.331536471542870137e-01 4.885499793999080187e-01 3.713903941547159748e-01 6.848987482125199477e-01 6.274614477594440132e-01 5.125426768503760222e-01 5.262017798139460023e-01 1.471896394471760017e-01 3.325888831653919797e-01 2.571485365360249853e-01 4.389190101454040205e-01 4.506469549070100111e-01 -1.727677807746859917e-01 2.845558804394199837e-01 2.620811452034130240e-01 7.833027355920429979e-01 7.204112485806869470e-01 2.752240754921300159e-01 3.291391019950700159e-01 3.087160715021119994e-01 5.106799118678799765e-01 2.938506245475839829e-01 4.806112664161740211e-01 6.168352236268319633e-01 5.327339069033319996e-01 6.660372978356330353e-01 3.188704758077929857e-01 4.672199160673219942e-01 6.096751156615030087e-01 5.405901422910299736e-01 5.178553581242060222e-01 5.929444780229440326e-01 4.719588613996920090e-01 7.203240701800369683e-01 3.527618388049259812e-02 1.628341510698529948e-01 6.220301559848709916e-01 4.465985226991769919e-01 6.589663441199969940e-01 7.219003945320690008e-01 4.695392636876539738e-01 6.311426688952620490e-01 5.574665039131669886e-01 6.432674303424410489e-01 6.528778297479930215e-01 3.775936780788469727e-01 4.676803962784529811e-01 4.830798476024150134e-01 5.432097266189229723e-01 5.656298292879660128e-01 2.551235724654299930e-01 1.929008243850670046e-01 2.754337506066389940e-01 1.821596872258250122e-01 3.796506857503669785e-01 7.491267059143159601e-01 6.317959242974170442e-01 4.397621356842559837e-01 3.601949740265190103e-01 -3.361263497734819916e-01 -2.297603377869699912e-02 9.259612664691269437e-03 9.390125523292390530e-02 3.859392451903709831e-01 3.890176666664730276e-01 2.272942118803379999e-02 4.303744661437750030e-02 7.235734596302199895e-02 -3.267477825357630039e-02 9.853532605249759602e-02 1.188861599666340002e-01 5.866242418794610503e-01 5.832202235386160227e-01 5.197612399784540260e-01 6.026487016311909972e-01 4.923500206704229942e-01 2.860528409155950191e-01 4.394615752315699786e-01
1.498561129420389881e-01 8.026895454688519616e-01 5.145385965211070056e-01 6.115805347889700094e-01 -8.086526958051699909e-02 6.853122808122460441e-01 3.065023051043829772e-01 6.568603081072910133e-01 1.000000000000000000e+00 5.912134484954280067e-01 1.333699995031709939e-01 5.986990559139969692e-01 6.972645218640489695e-01 8.022157628966569698e-01 6.272913648002099718e-01 7.469995930673239970e-01 6.636648134909179930e-01 8.209116538791729756e-01 7.188815886412219802e-01 6.728221769828069965e-01 5.349671951019430161e-01 7.259045569061639558e-01 7.365380532545889869e-01 6.975490977007779980e-01 2.652009059025560167e-01 2.646788660005580107e-01 7.047369757573429538e-01 6.865898889610310141e-01 4.659480544524379764e-01 5.904237490852960457e-01 3.994537568789829907e-01 4.623193623611679959e-01 6.214993993714249543e-01 6.856913253600479541e-01 8.008642057862870312e-01 7.896907756015599800e-01 4.269552758891509980e-01 7.034809988733360386e-01 6.489477906770659832e-01 6.826137717413209849e-01 6.587706734497750238e-01 1.891525005905169976e-01 7.499073589065130552e-01 6.397098782022360153e-01 5.589646683220850232e-01 7.940702603569590456e-01 6.621792945664539687e-01 7.252308709084119842e-01 5.991396838464899677e-01 7.025891463556710459e-01 1.920818769435259921e-01 7.183188036697100154e-01 6.435294306969929767e-01 -8.459296726082439488e-02 6.101873818717270526e-01 6.990435893809560097e-01 8.078794199626250228e-01 7.127526504864140078e-01 5.743641196644170277e-01 2.075982572448979990e-01 5.074067830542710045e-01 6.307763425117780542e-01 5.941605488464629659e-01 8.251940827623029939e-01 8.193828916258130146e-01 7.755948046580140032e-01 6.177985622945899591e-01 7.280357539937669653e-01 7.504077500469780171e-01 8.367382298990290179e-01 7.084709952033609870e-01 8.146427406619609624e-01 8.749244466389239916e-01 3.016281947831079835e-01 8.012796731793320193e-01 4.248136277446710185e-01 4.985070707783699762e-01 8.866995394308719858e-01 3.686309909003320229e-01 5.088568404228389630e-01 6.246576876442110349e-01 5.104079441203750456e-01 4.374594532120030244e-01 6.838637096907690394e-01 7.039407937559170048e-01 7.720155015041489932e-01 4.236604789480070132e-01 7.423476485198059471e-01 8.418727141188120378e-01 5.537776840342959472e-01 7.574694699713200308e-01 5.285542692836110445e-01 5.691316324510320435e-01 4.417622658467950103e-01 5.413233335147600300e-01 6.557045671736350112e-01 6.466041368679360524e-01 7.994373471762239447e-01 6.062060116653630315e-01 6.806356206075200310e-01 -1.304178122955360064e-01 1.645573224048809957e-01 1.195504082090639991e-01 1.684378241137839960e-01 5.410371528629399629e-01 6.329902879711200026e-01 3.014414842528230221e-01 3.713687430698500158e-01 1.496122281700449919e-01 1.662321788414140022e-01 4.271778687881119807e-01 3.978510754788169845e-01 6.153442185405080256e-01 6.745953974761039751e-01 3.896809803626780089e-01 7.439050378796260299e-01 2.679362715633750169e-01 3.365550974228779801e-01 6.524732335640720526e-01
-1.960671567670999871e-01 5.966124662686209668e-01 5.157294553239170076e-01 2.427650760325489876e-01 2.015803575108109924e-01 6.596358980955350226e-01 2.603454247558580070e-02 2.443409448095849867e-01 5.912134484954280067e-01 1.000000000000000000e+00 2.865290276468089870e-01 8.449626456100920446e-01 2.973581506705160193e-01 6.172317168010880151e-01 5.385783097441240175e-01 4.597728630932320093e-01 4.004437027633679924e-01 4.478149054473710144e-01 5.598543441331289561e-01 2.599234799165540122e-01 4.569803239171110198e-01 5.882494722343739602e-01 5.783243503685580045e-01 5.521373354910269482e-01 5.176888956328969948e-01 6.065591479705210176e-01 3.076396893347749795e-01 6.291163288317079827e-01 3.178680190989540133e-01 2.590471272886599730e-01 -7.666185775788890433e-02 2.636415203211599917e-02 2.256291128221719899e-01 3.369594449241040124e-01 5.799120061227760470e-01 5.216554152014389878e-01 3.389460090186799945e-01 5.450564124715470138e-01 6.544429455193260248e-01 4.357954071297269749e-01 3.778165919130829775e-01 1.176188670345520021e-01 5.417309067782619669e-01 6.669618098692640107e-01 2.429527499327970019e-01 4.532483002348209888e-01 4.098437862746460159e-01 6.338441262707530388e-01 4.546077824620929908e-01 5.549907573867359778e-01 -1.961161754458470019e-01 4.909779580509799901e-01 4.104169289285909961e-01 2.163393224382670066e-01 6.283526181120400178e-01 7.629730601279629543e-01 4.495121046568160139e-01 3.147499836185019828e-01 7.807504496349659817e-01 1.573021730600979995e-01 6.922851604770390299e-01 4.344394179921799992e-01 6.096107159048520518e-01 5.584558568809320223e-01 4.513506185542859872e-01 5.003806797586729527e-01 2.741574863246180049e-01 7.159633108778850064e-01 5.005718958728569978e-01 5.489523606948060186e-01 4.879375084570379828e-01 6.189450060804569942e-01 5.486711730751899774e-01 1.830119574237759894e-01 5.534714357007910479e-01 6.748105938843830254e-01 4.948572347317989895e-01 5.872489718401350256e-01 -1.180922893989059946e-01 2.308216815770179897e-01 2.398388827474370044e-01 1.054798431388700025e-01 2.317502548178919930e-01 4.628022268979030129e-01 2.955789067176110008e-01 4.871968925535580253e-01 1.034178469112460030e-01 5.886297119037490200e-01 6.709655688205220514e-01 3.108723621133330228e-01 5.053626163221189849e-01 3.097138868727989935e-01 6.814297576623410402e-01 2.221359661925909890e-01 7.812533275894859575e-01 6.950832508368569584e-01 1.707455550890940033e-01 5.170337340709739715e-01 5.243847628683220297e-01 5.983908944501099558e-01 -7.705189589174940568e-02 1.752221478193909943e-01 -1.684363963110989959e-01 -3.719146147277239967e-02 5.614104948018610042e-01 6.484157693898700003e-01 5.869353359268789649e-01 6.263161332025369843e-01 7.935664408739880049e-02 2.116900902304230114e-01 7.012637812483779598e-01 6.894091487889959513e-01 2.439748370091019969e-01 3.236368252621659725e-01 -8.473389570930460468e-02 3.600355569603679862e-01 -1.030390040054380008e-01 -7.578472687145780106e-04 4.650970501036649773e-01
-5.351447568976799851e-02 -6.132547018652560050e-02 3.884446895622289952e-01 -1.164158600488229972e-01 -4.738772614475930123e-01 1.326009709557290084e-01 1.487858811702849893e-01 8.104846744116160628e-02 1.333699995031709939e-01 2.865290276468089870e-01 1.000000000000000000e+00 2.869701225784709875e-01 -3.861008063842040136e-03 -2.150206987387710128e-02 -2.666762213005680060e-01 8.253153707392030247e-02 1.757142095239289936e-01 -1.879551324454619976e-01 1.900769627265589956e-01 -3.426851965107450271e-01 -4.196124275942200166e-01 1.860880375112730079e-01 -2.472585656295779866e-01 4.535030217271390218e-01 1.836044436415590064e-01 3.784630958135369871e-01 -1.822960366454250136e-01 3.810756579691489954e-01 4.002540809505170105e-01 -1.281148873397910115e-01 -6.871133964253360593e-02 2.782506323156560060e-02 -1.354422180774000062e-01 1.973768213122099879e-02 -5.394178345229640181e-02 -1.178307128517010055e-01 4.788870727773080205e-01 -9.600700873569720240e-02 -1.853922489981809918e-01 -2.197544449394120136e-01 2.016053890187169961e-01 -1.073611748129379984e-01 1.867633444245609953e-01 5.507476593663079845e-02 -2.696373101976329845e-01 -1.785308784717760111e-01 1.769876687638929913e-01 -6.342116759741070475e-02 1.327862756213200046e-01 2.838997376245679938e-01 9.676722542239049249e-03 1.075313787733999937e-01 -4.072827763009300162e-01 -3.541630778543499725e-01 -1.544477664334419909e-01 2.401689994088999913e-01 2.596572205813979864e-02 -4.958612074090609778e-02 3.515026224634030250e-01 5.152863630929620520e-01 3.736512882321589846e-01 3.381016648912619771e-01 1.024944603788810055e-01 -2.047316716363119932e-02 -1.306274552414569967e-01 -2.455937364558349878e-01 8.725773233311759705e-03 5.719617418116999807e-02 -4.207873237389789939e-02 -1.429028650604630135e-01 -3.045574237272339890e-01 8.652579892061849909e-02 -4.463337278680520187e-02 1.940615741303589881e-01 2.040035632724840065e-01 2.719112555008579846e-01 2.299611480795409890e-01 -7.791857514190809846e-03 -1.937662435801980054e-01 -2.373203721726140081e-02 -1.388677881288910010e-01 1.150422009863239989e-02 -2.593169679014030171e-01 -9.317632544911050307e-02 -1.500059500199550089e-01 -1.297664382432479890e-01 1.817602507067180018e-01 3.208752256796940094e-01 5.384225679047210250e-02 4.524030256974960196e-01 5.445230870620799968e-02 4.908542886515050024e-02 3.687846118161740017e-01 -1.126514392258149977e-01 4.547526435119449845e-02 5.570502248830099673e-02 -1.828995439319829885e-01 -4.101935119298859983e-02 3.252105827589030218e-01 2.555318553892749756e-01 -7.637452381070410079e-02 -4.341066120710340148e-01 1.575478815000730046e-02 -3.602611347871380043e-01 1.819845181988359872e-01 9.815511795314189880e-02 3.793484688791899928e-01 2.735829010495500202e-01 1.532373905050460061e-01 1.766833719070149966e-01 4.727668620441389802e-01 4.473420260379720181e-01 -2.984708397526629753e-01 -4.185353168096520027e-01 -1.439652472074390011e-01 3.306519202386609679e-02 7.032955056574770325e-02 -2.926215357883609758e-01 4.458730863565659730e-01
-1.358450668280929974e-01 5.945612774968319636e-01 4.305036956647440016e-01 2.794500219315220191e-01 1.874939566689640125e-01 5.944181719084620230e-01 1.361391357422500059e-01 3.608541929179079899e-01 5.986990559139969692e-01 8.449626456100920446e-01 2.869701225784709875e-01 1.000000000000000000e+00 3.761729417948270204e-01 6.676719414312950462e-01 5.624776486859119906e-01 4.789534646762019787e-01 4.204301380809870037e-01 4.682730405963609899e-01 5.924634186455699503e-01 2.937669796605439920e-01 4.627687638371519863e-01 5.828149579388409718e-01 5.891111204873290541e-01 6.199642555214369688e-01 4.483597646367489808e-01 6.069459999788330284e-01 3.696807289980669764e-01 6.188178884029289506e-01 2.614204702138550052e-01 2.675080763555500174e-01 -8.843138638170169874e-02 6.107417683849310219e-02 2.063455850119310098e-01 2.692907978825759829e-01 5.646925799036840443e-01 5.134576934634299539e-01 3.546542739722929882e-01 5.040608662565010389e-01 6.103218139417180277e-01 4.201666866834229963e-01 3.858276306068539885e-01 7.569701470929519893e-02 5.214918434937599878e-01 5.927224240029079771e-01 3.104158189154709868e-01 4.829727150195080032e-01 3.598929649347359927e-01 6.198032803049620121e-01 4.014197581729689879e-01 5.168452380716700434e-01 -1.165416094432639993e-01 4.848263483874479807e-01 4.652728755277820150e-01 2.370018756249840097e-01 5.772860261921830549e-01 6.916609665635480297e-01 4.918719099274180273e-01 3.350528587978319761e-01 6.845662271456269821e-01 9.612060145963480240e-02 6.048476519343229940e-01 4.316216296336889968e-01 5.400412565645219543e-01 5.247878377028599717e-01 4.609784280768869924e-01 5.262334690016819971e-01 3.102696481357770097e-01 6.557592168633620267e-01 4.834732393661990146e-01 5.657359263993210208e-01 5.265938139479009461e-01 6.460525072342899744e-01 5.666022772858779755e-01 1.937484115478539937e-01 5.839360906326790390e-01 5.726129280856090409e-01 4.768258244593259754e-01 6.118938121820080012e-01 -7.564971703970989336e-02 2.998138393544340086e-01 3.429113154992510237e-01 1.212528488038199931e-01 3.053694760168709776e-01 4.683524258726249889e-01 3.548835948185690148e-01 5.517911194308060541e-01 1.952667661596100002e-01 5.631052786693839796e-01 6.648281468976380282e-01 3.223185034514179925e-01 5.132871966821760390e-01 2.883476464494399982e-01 6.392305586674760232e-01 1.684120091794339968e-01 6.757718672717729635e-01 6.505550504019950164e-01 2.675311351014029726e-01 5.523721213969899901e-01 4.862711125999000239e-01 5.677589013171420174e-01 -1.103344798481659950e-01 9.292427465897050431e-02 -1.622298356469850100e-01 -5.742406816361839833e-02 5.035508920997779914e-01 5.773698343607579497e-01 4.995136307718440194e-01 5.231566705646809590e-01 -5.137916539285170003e-02 9.204839796012879993e-02 6.109988253194710284e-01 6.006229222603930440e-01 2.396178336705409861e-01 3.583062703465709764e-01 -4.559281566383990153e-02 3.738815640612689895e-01 -5.584278524159939916e-02 2.429796013258999840e-02 4.457821173242549895e-01
2.209321558263039886e-01 6.181849182494170147e-01 3.188427553141979787e-01 6.394012156184090134e-01 -6.400742599858309789e-02 4.445479937632070278e-01 5.175232641221829688e-01 6.752514407430609822e-01 6.972645218640489695e-01 2.973581506705160193e-01 -3.861008063842040136e-03 3.761729417948270204e-01 1.000000000000000000e+00 6.525044161745550131e-01 5.041245203722130030e-01 6.223660519723069884e-01 5.712656023249159665e-01 6.799097085699620235e-01 5.791176922990699527e-01 7.169154841913459864e-01 4.356394986362510102e-01 3.997123629313930060e-01 5.501833399780240441e-01 5.372615205211189737e-01 1.314765336433399989e-01 -6.379972906311540126e-02 6.949714743347059631e-01 4.704192520657500265e-01 3.445339797037360041e-01 5.673275275070820411e-01 3.593716498151590111e-01 5.143067801251299809e-01 4.796297397986600264e-01 4.832089492103450179e-01 6.302045842183050528e-01 5.769271372143970344e-01 1.769957111282119966e-01 4.225519249305400016e-01 3.935064770135929813e-01 5.013382305466840272e-01 4.655212153242059836e-01 2.660747039325920271e-01 5.618207928832059661e-01 4.006464444891970067e-01 5.907217783570349878e-01 6.424483201569779478e-01 5.673071080241329778e-01 4.986584503236690114e-01 3.431157884489030030e-01 4.217008315587659761e-01 3.883277944023150186e-01 6.040179957615580131e-01 5.874406970223029489e-01 -1.027143295298360015e-01 4.480916573329219998e-01 4.345896496699570011e-01 6.907228981415459712e-01 6.801596867549960512e-01 2.802853607822630155e-01 2.238074021598729924e-01 3.132634341539309863e-01 5.543524749746719937e-01 4.114972855505190097e-01 6.376243474832149483e-01 6.818153324838780449e-01 6.268362850719989554e-01 6.145849730159399504e-01 4.770687183308849888e-01 6.019992437584780198e-01 6.964948104832460185e-01 6.352174786868870493e-01 5.727260739547610502e-01 7.357522138494070330e-01 3.730574664291799736e-01 7.040193713795600550e-01 9.314501256833669640e-02 2.396987909251850069e-01 7.088949620484019665e-01 5.116344478235019810e-01 5.121237785264109998e-01 6.444503989649339459e-01 4.616588550466450003e-01 5.289113585239949566e-01 5.685252169219320306e-01 7.126058045267289476e-01 6.789962912046669796e-01 3.604053200059220141e-01 5.238010447214399568e-01 5.963237760019090006e-01 4.314288719466219946e-01 6.288671689486370342e-01 3.899547837122260274e-01 3.257388195742780268e-01 4.417195698197389775e-01 2.601647408420489915e-01 3.942894545324400202e-01 7.222584359962920253e-01 6.712070925667550370e-01 4.685317097451829893e-01 3.755218509768319946e-01 -5.331338606953089920e-02 1.950208678278949892e-01 2.510548544449299757e-01 2.634234297000089819e-01 3.412613650302609991e-01 4.708967674122470082e-01 8.976032291234750660e-02 1.385460731447619998e-01 1.003556529465580022e-01 1.585832957348840000e-01 1.099564156326919978e-01 7.850820235395220004e-02 6.693819286359069531e-01 6.421843962710069853e-01 5.505564910773329546e-01 6.915346287721260143e-01 4.240523516654349789e-01 4.130876740559730198e-01 4.526549913491220156e-01
