1.000000000000000000e+00 3.683773804979290079e-01 5.852620249169649957e-01 2.939724432645540175e-01 3.815633355487300232e-02 4.286272301847839916e-01 2.040545793168319910e-01 3.130155366269040118e-01 1.468074317883600044e-01 3.455140139430529916e-02 -1.528268073360740040e-02 1.788760802537670003e-01 3.065643956629759970e-01 3.293182526794090070e-01 2.137530573103779974e-01 5.715037983816809719e-01 2.706837200756139761e-01 5.227960724907659840e-01 4.325281562153259762e-01 4.180754474834330048e-01 5.895103670369000043e-02 4.343900450444159733e-01 4.085175846707400082e-01 -1.495671912424149930e-01 2.590449431675119762e-01 1.173428919222170019e-01 3.713193704561340014e-01 1.896236940950709882e-01 3.176599918829540181e-01 1.953809390023490133e-01 3.999685888561639868e-01 4.460478257731450014e-01 3.295409678590299762e-01 5.077108397614890078e-01 3.959597346111889959e-01 4.588384542059210092e-01 3.377684815262569917e-01 3.841178401571490042e-01 3.079573812572919955e-01 1.227185304297660068e-01 3.906721848826010257e-01 4.653011600019100191e-01 3.503025775123549956e-01 3.131063838168700042e-01 3.708838735031830258e-01 4.030104068432999731e-01 4.086487777938089816e-01 4.008181035248559732e-01 3.931283953618209814e-01 4.238697149204430081e-01 2.832486165899160135e-01 4.758288814611780215e-01 2.627796004653960016e-01 3.024757539313739918e-01 2.079578122228790127e-01 3.947612405700089977e-01 2.550133340401339876e-01 9.733114458004529790e-02 2.521260365399650150e-01 1.814232075289340107e-01 -1.036501059482520040e-02 2.327291296271860044e-01 1.939385752181110034e-01 1.877971798131859993e-01 1.835067238973009940e-01 -1.235441760438339975e-01 2.214332370065180133e-01 1.129327083985949970e-01 1.964462458884110030e-01 2.410655304439829894e-01 2.907506231087629844e-01 3.913203927273349869e-01 4.169924247142560159e-01 2.049106698288729878e-01 9.145126288731640629e-02 2.656812151584649895e-01 -4.760408073024900016e-02 1.075822574829610051e-01 3.822021845079199842e-01 3.650245426257480164e-01 -3.916998941723250083e-02 1.069398421267069993e-01 2.219839205259180048e-01 1.943996502859270115e-01 2.421648648576409935e-01 4.059069245500320222e-01 1.248276043225890058e-01 1.376693768992720002e-01 2.307363484081499938e-01 1.513931793079910104e-01 3.385615229471150012e-01 4.412152869862759896e-01 4.032142798799410177e-01 2.125118077262559968e-01 2.043514167719510111e-01 3.126983784829500124e-01 3.404794533462179862e-01 4.171473206328130123e-01 3.332499037641710182e-01 2.335330151795800002e-01 1.808270787548429959e-01 1.579358281366460004e-01 1.688268762969959980e-01 1.152779195169530008e-01 1.415612301933699968e-01 1.580137846262510137e-01 7.101638163087680040e-03 5.234472004278329857e-03 -1.503984046310219980e-01 4.937192852000719945e-02 1.655304878415559955e-01 7.708109102425710069e-02 2.466706913049440120e-01 2.210143648280649964e-01 3.548449800763729955e-01 3.312501301313189872e-01 1.480655667479839899e-01 3.493281215745819845e-01 2.387781912801809903e-01
3.683773804979290079e-01 1.000000000000000000e+00 7.502154030860950229e-01 7.267336058367760421e-01 1.232280133501229974e-01 6.202154190968239833e-01 5.857698958885150242e-01 8.137716762988259633e-01 5.930165258721159516e-01 4.089762887715229778e-01 2.140218708390080049e-01 5.132184724866379888e-01 5.165589804418300179e-01 4.149433388873859929e-01 3.815547665214020223e-01 7.486948887829669719e-01 5.658818911219309911e-01 7.108665317895349611e-01 6.254452858836649920e-01 6.076410766684200437e-01 2.104064931204860031e-02 5.492529757980699756e-01 4.825292267785900036e-01 9.766259133641219670e-02 2.317874283040889938e-01 3.470476214447559826e-01 5.525577102864790424e-01 4.020164989671510258e-01 5.172849288738690099e-01 3.980232689832050030e-01 2.560531278192719751e-01 3.151136052902360207e-01 3.555944165155189851e-01 6.108463351774620076e-01 4.876080074950139842e-01 5.738639957856099816e-01 2.767973098621199779e-01 4.644211593644089753e-01 3.457820831899789948e-01 4.850908520930219958e-01 4.262135563280670114e-01 2.708975934748220071e-01 2.812419973862970157e-01 3.363439934524339869e-01 5.716884987869069734e-01 4.115501095457160252e-01 4.425420537148950229e-01 4.408472835537520229e-01 4.396931533234649803e-01 5.300931821032740521e-01 4.352032852932730123e-01 4.523781019034699979e-01 5.424104457052300043e-01 3.367326409225109840e-01 4.160368576274769969e-01 5.627619548241900027e-01 4.440741840717299938e-01 5.499797449961200124e-01 5.141130760196469529e-01 3.205394307154100231e-01 4.832884742844290038e-01 4.393925207164849911e-01 3.331050774813230086e-01 5.037762677605740480e-01 6.269268753628409740e-01 -6.388583732934879911e-02 5.207048467401600433e-01 5.520084138684679953e-01 4.728523835443549928e-01 5.836574510840399910e-01 3.635322034605439900e-01 5.989501554138090267e-01 5.626313535765870011e-01 4.351924668625469783e-01 5.107181920531600472e-01 4.062520748224570100e-01 2.535510955568470171e-01 4.568406085269829942e-01 3.481131175394039934e-01 3.574885659309829933e-01 2.469648112596840028e-01 3.318248747102109930e-01 5.284394958922750130e-01 4.581942754943449936e-01 5.228126510747650446e-01 5.658241560916289492e-01 2.222176891148059941e-01 2.785412596469780122e-01 4.907842051054649990e-01 3.217159312580429864e-01 3.301332305253359967e-01 3.714687052140410173e-01 3.572328508883069742e-01 6.988474196592059373e-02 4.014333345295210131e-01 4.158722145974880213e-01 3.099870878584020106e-01 4.834834501295199871e-01 2.250759534223439884e-01 3.091450695961320272e-01 1.038110378067020056e-01 1.292412527098679986e-01 9.840397784286029903e-02 -1.200236557186010050e-01 3.077672104277420217e-01 3.040139691181120152e-01 1.874030862043269963e-01 2.279473150369339951e-01 -4.895826399107330168e-02 9.384161826893500091e-02 5.530227807393760520e-01 4.090282753353750023e-01 6.439369991807110116e-01 2.162481283894699957e-01 6.279594136506849722e-01 6.016346629925709566e-01 5.282812490286580287e-01 6.198787238375720321e-01 5.493102697189139461e-01
5.852620249169649957e-01 7.502154030860950229e-01 1.000000000000000000e+00 6.609007590237779839e-01 8.743022372626629846e-02 7.271159633322290539e-01 3.750873497923220001e-01 6.921539931997170436e-01 5.016664821324700041e-01 2.178056044984910122e-01 8.457620644466359860e-02 2.676083479206929905e-01 5.695658124595179839e-01 6.045751373026400088e-01 4.159797834466200106e-01 7.965431690694340094e-01 4.466329315745620199e-01 7.106750413792010113e-01 6.855505991836190471e-01 6.716079923603730517e-01 7.586610853590640413e-02 5.525413497163460530e-01 5.179876881476640493e-01 -2.047691945337289932e-01 3.904544992544620174e-01 2.446736158633990021e-01 5.050641199477979848e-01 3.243277513781829824e-01 5.464846659608839641e-01 3.558074616726329964e-01 3.718616364165069910e-01 4.330221898875760145e-01 3.643933728401509975e-01 6.191329558064679883e-01 4.332200989781749834e-01 5.356429315390930368e-01 3.181393336854559939e-01 5.161117365504950261e-01 4.530875312113519793e-01 2.428045558387549874e-01 4.074308697877189744e-01 3.646288626213690098e-01 3.043115337841489909e-01 3.453792918049999883e-01 5.373473647962370148e-01 4.123207800779800092e-01 4.388551887311439859e-01 4.673061739313970064e-01 4.345027387884409786e-01 5.027851571709529566e-01 4.315812939929020153e-01 5.851529053738869779e-01 4.157913117721970253e-01 5.007971453716340005e-01 4.457641791031379808e-01 6.293121917091749618e-01 4.065362632232409901e-01 4.127827825532339734e-01 5.660606440693559671e-01 3.559227262077520049e-01 2.173856084483830053e-01 5.094259904532649763e-01 3.999431342729299899e-01 5.810076474556139514e-01 5.964587559426990371e-01 4.798843869201269673e-03 4.691887656503709869e-01 4.484217018924679943e-01 4.876564456944529891e-01 5.695272241167910199e-01 4.887438612334860100e-01 6.143375814614110419e-01 7.301560757794629541e-01 4.603263529664110010e-01 3.943554168560060025e-01 3.989211896083649789e-01 2.203112408860830040e-01 3.341177832720519936e-01 4.584015703563399935e-01 4.667025642139400188e-01 1.447304730194090006e-01 3.000879312875620042e-01 5.153568299074819947e-01 4.209047555226390069e-01 4.702919455189710218e-01 6.147042024478199806e-01 2.025337812269130122e-01 2.007147659028200026e-01 5.184609084254410138e-01 3.269722215527480214e-01 4.566936263069040214e-01 5.587001923851380170e-01 4.881382940485979871e-01 2.368811985947510135e-01 3.922974253349280072e-01 3.444195378217180248e-01 3.974893936146590145e-01 6.126147625221900483e-01 3.461076941441760257e-01 3.006737141898139787e-01 1.990819890504960110e-01 1.828527088942880074e-01 1.520629930963570131e-01 -6.315690909259839836e-02 2.450090933088449885e-01 3.130455996876230218e-01 1.140074335758300000e-01 1.847100535026779955e-01 -6.561426996946030654e-02 5.946522463757600296e-02 3.488274372251570221e-01 3.177575391122050008e-01 6.334211225601950046e-01 3.896650871364539803e-01 6.995187071094389752e-01 6.499687710476540481e-01 4.206921329048439739e-01 6.312478864908720455e-01 6.529917621155499896e-01
2.939724432645540175e-01 7.267336058367760421e-01 6.609007590237779839e-01 1.000000000000000000e+00 1.359069010793519938e-01 6.644977356946289992e-01 3.659580094584770071e-01 7.134481782211790080e-01 4.957453814818150173e-01 3.667218382867299953e-01 3.613382340899389811e-01 4.563284475686499864e-01 5.528515558735820346e-01 5.616846143426259541e-01 4.023457656306659858e-01 7.095344276888260193e-01 4.416011143353270052e-01 5.517478101842689941e-01 5.657955401705440091e-01 5.410431245762189478e-01 1.891591002833019897e-01 3.865487300368899981e-01 3.308276557704850074e-01 3.858351608910379898e-02 4.198428334277620189e-01 2.628639228466870259e-01 4.285345999803650274e-01 2.365069180102709889e-01 4.532612729845970079e-01 2.691717973760550109e-01 2.520988104110160055e-01 1.850118162159120061e-01 2.891485307802920124e-01 4.433382663645519806e-01 3.735665248449590026e-01 4.254982021053400065e-01 2.804091283418569946e-01 4.588820743540529823e-01 5.336499666517690033e-01 3.947743808025809820e-01 2.877534380904410161e-01 3.373385392864030052e-01 2.097123688923989981e-01 3.157085466086099745e-01 4.775135503945869830e-01 2.428656110281859903e-01 2.568546668779639885e-01 2.518054530958039883e-01 3.461635701055090220e-01 3.894808816188329859e-01 3.600963151443329902e-01 5.172134702378710092e-01 4.946976705294069965e-01 5.940492440404030461e-01 5.647248855788720157e-01 6.202576368887849911e-01 4.683682956429269795e-01 5.356906124578080242e-01 6.366598923591170189e-01 4.130399238466589962e-01 3.285854198630570044e-01 5.990179850220409552e-01 5.152407352684820196e-01 5.833935883159360181e-01 6.323531104219709542e-01 9.439350896312639905e-02 4.926838799584070117e-01 5.863820153383839662e-01 5.336754034739740193e-01 5.970077327712109971e-01 4.467045551876839826e-01 6.604805009326100151e-01 5.806787951756899879e-01 5.442378944483330372e-01 5.629214573853820180e-01 4.838368784082530127e-01 2.614540700835720211e-01 4.514278585794789800e-01 2.619541918167510031e-01 5.335146094964680064e-01 2.603927791923160151e-01 2.789387739584249792e-01 5.570955899499530073e-01 5.756366271744519647e-01 6.352366289955589940e-01 5.894384508427500391e-01 2.764550334576419965e-01 2.358097228866619932e-01 5.442454954954499824e-01 4.071496218583219862e-01 3.703294469874329753e-01 3.634693551905259779e-01 5.018536026862480126e-01 2.495489881548839939e-01 4.984729769321020187e-01 4.158835083277219735e-01 5.046388002578929832e-01 4.439959515197789974e-01 3.072956508386600061e-01 3.695590685715099966e-01 3.406102570147909736e-01 1.894368220774869938e-01 2.917615313092399854e-01 -1.960018170471460042e-01 4.097142325335120239e-01 4.226793289357420047e-01 1.250801790816880033e-01 4.202969173512209888e-01 -3.410433253108689777e-02 1.345412247996619903e-01 5.758748640873689872e-01 5.081581776633330438e-01 6.935230897123949578e-01 2.334157875108320013e-01 6.636450890523469814e-01 6.499965156040500291e-01 6.123483172520529649e-01 7.124986273313479446e-01 7.021512834916989743e-01
3.815633355487300232e-02 1.232280133501229974e-01 8.743022372626629846e-02 1.359069010793519938e-01 1.000000000000000000e+00 2.555555933874910091e-01 1.153228780143240040e-01 1.206990535420369992e-01 3.340807448764990251e-01 -4.784793932306170144e-02 6.101006340806109859e-03 -5.854188447405549861e-02 -2.523493174555009877e-01 4.076541291175230231e-01 4.355303146244909884e-01 -5.248260846803790014e-02 -1.947416577948530014e-01 1.023579811076759938e-01 8.152549407942309700e-02 1.192822246769029981e-01 7.020676120610590543e-01 -6.585690144799299928e-02 1.533880611663649973e-01 1.433622062775050110e-01 -1.403796983488720118e-01 -1.908711952068550127e-02 -1.454508498081749923e-01 2.302225233451070038e-02 -3.276697276921489849e-02 3.506935489711979770e-01 1.801416828045409868e-01 -1.049324302397439956e-01 2.005689814477239902e-02 -3.330248260353369655e-02 -8.691084983195990210e-02 1.828487060980500123e-01 9.714507595099410031e-02 -2.140118098810659952e-01 -2.099006568605840117e-01 -7.736689957886980218e-02 -3.627311143518410080e-02 -1.325115056298599991e-01 -1.182077652240550031e-01 -8.213314619528519489e-02 -4.680747022886729697e-02 -1.016656605552680032e-01 -9.816113811287530133e-02 -1.148661191729690029e-01 2.903240941251289953e-01 3.917656057397769787e-02 -2.186213598539590020e-01 -2.175332930877469928e-01 1.952917856304439981e-01 -5.301159171069169673e-02 2.392337653176589973e-01 -3.890108428536649676e-02 4.744575778020029833e-02 5.087075127501580057e-02 1.106875958417219939e-02 1.161633999709909965e-01 2.643180362029750111e-02 -1.374644537679770018e-01 -9.772661347560289424e-02 2.064686734915009980e-01 7.894170320331710122e-02 5.981084573050160502e-01 1.048103037841009999e-01 2.500367677530010088e-02 -1.436104557141099913e-01 -8.646736552721889443e-03 8.177514049514329753e-02 -6.136946248097099876e-02 7.345806419828079803e-02 -1.241278128660980029e-01 1.375813528306970013e-01 -1.923680801147570063e-01 -6.514024740984679374e-02 2.267132484176540008e-01 3.092134833674150055e-02 1.268434430805910063e-01 -4.388383508029029823e-02 -7.812309552027550674e-02 -1.192737240191110021e-01 -9.704996486822939361e-02 -9.875324504551820370e-02 -1.504586122975170026e-01 8.506439388277759958e-03 -4.737129196983890234e-01 2.641815561368369980e-02 5.177251078178549820e-02 1.777411836442530091e-01 -1.746533130155610014e-01 2.288061384113460051e-02 1.219531160217759980e-01 -1.275390359689820008e-01 -9.591455776169989511e-02 4.012591242175810036e-02 -2.104259770201550098e-02 -1.621034996093510122e-02 1.742922031927250093e-01 8.716060338133420349e-02 2.282893219311450117e-01 3.488933883217239934e-02 1.269544123242669943e-02 -2.401555197055139923e-01 -2.153900093971329935e-02 -2.629271545149790001e-01 9.192573121281180648e-02 -1.484580833406810019e-01 -8.606179736534970426e-02 9.823319668454190412e-02 8.841362308624410582e-02 2.213396971154250048e-01 4.479018308500810064e-01 -1.089032377980280047e-01 -1.136402266532089977e-01 2.366815889930999894e-01 5.917029425661229913e-02 1.349698716599490034e-01
4.286272301847839916e-01 6.202154190968239833e-01 7.271159633322290539e-01 6.644977356946289992e-01 2.555555933874910091e-01 1.000000000000000000e+00 4.105479766499909866e-01 6.300025789087639883e-01 6.503367290964250369e-01 4.339475801978630032e-01 2.459289636982310012e-01 4.903232940525609762e-01 5.857166814027540136e-01 7.687794229002069546e-01 6.775848945535110079e-01 6.084057910116650314e-01 4.091194641702269874e-01 6.533037430791289735e-01 6.737425225294140230e-01 7.309702710700689554e-01 3.543528673756259906e-01 4.470714943910680250e-01 5.356262208910960165e-01 -4.063775136334429883e-02 3.549619332563759833e-01 2.705373285777489811e-01 4.327961166183800223e-01 3.121288979594200041e-01 6.365681424592879445e-01 4.663697493210530176e-01 4.448165764686979884e-01 3.453430270102070265e-01 3.740180895553770202e-01 4.198781288919429810e-01 3.288188590622559970e-01 5.571390693064689481e-01 3.260801666976450019e-01 3.802853323452159984e-01 4.101001739005989966e-01 3.095064802337549881e-01 2.618357346495239768e-01 3.635708197080260162e-01 1.621461758421119947e-01 3.581046250288659749e-01 4.770887660986229961e-01 2.975762176145300142e-01 2.290197747777250048e-01 2.959761071778059804e-01 6.098040059783840228e-01 4.537625964277069990e-01 3.322602178482029767e-01 3.924263819683549981e-01 4.880306028633309978e-01 3.754666967393580079e-01 4.833413455596439756e-01 5.513276323174149951e-01 2.846748148136329926e-01 4.450218233212899777e-01 4.857172960666130135e-01 2.716144990305480178e-01 2.945930868795840207e-01 4.653087736992260193e-01 4.383841017343059754e-01 6.055463625250889770e-01 5.606573646319490400e-01 1.280743147514069868e-01 4.312440662680169789e-01 4.862656318004209832e-01 3.766964751189629812e-01 4.877760640302569728e-01 4.775884939613500024e-01 5.318659266299059496e-01 6.336651554383020413e-01 3.567199680984389776e-01 4.127116379297209869e-01 4.239925117425110135e-01 2.287606354813309928e-01 3.336944081202459778e-01 4.244232842241750236e-01 5.064565884235989746e-01 1.346426336218770059e-01 3.025536201311310180e-01 4.516557289532620034e-01 2.840294634587680056e-01 4.246970390749900126e-01 4.954349845550520270e-01 1.610182713498999885e-01 1.358829133109540066e-01 4.619250914563099997e-01 2.779254815998120076e-01 4.516832758792149738e-01 4.247555025476300039e-01 4.526776431602029804e-01 2.917500371107409896e-01 2.915314715128550227e-01 3.920197452162340057e-01 4.170603321301299959e-01 5.121296597506379555e-01 2.793929542412190159e-01 3.347463045588660036e-01 3.701912520052220157e-01 2.655209000459560209e-01 3.463523765108260100e-01 -3.595483602370549980e-02 2.794581185043740201e-01 3.337967989182190065e-01 9.781663560608140628e-02 1.656489026650289909e-01 -8.734634178953530614e-02 -3.852493736721990247e-02 4.862896335427069894e-01 3.778016870881539813e-01 7.802620199244010291e-01 5.869496191789820294e-01 6.759478297812669956e-01 6.778067480947169710e-01 5.666827792047880452e-01 6.835842947435519790e-01 7.324448600013609978e-01
2.040545793168319910e-01 5.857698958885150242e-01 3.750873497923220001e-01 3.659580094584770071e-01 1.153228780143240040e-01 4.105479766499909866e-01 1.000000000000000000e+00 6.778940660807090124e-01 7.036688450630760316e-01 6.565690340271459480e-01 3.715010562878390266e-01 6.436391439192199471e-01 2.521386296561959894e-01 1.825572348203960138e-01 4.557896066332060014e-01 5.101915193071400179e-01 6.282344039444860417e-01 6.284413742919530144e-01 5.655216091076470386e-01 5.455155163157290321e-01 3.392474026619889810e-02 5.676880118087469507e-01 6.143743326223289891e-01 5.237613422454160395e-01 5.260906194735939789e-02 4.683731200487820101e-01 6.284304222843699606e-01 5.474322363127670510e-01 5.252387743268019937e-01 5.078584261489900165e-01 1.679802800662530127e-01 2.268874701996999865e-01 3.289324046639329757e-01 4.798520805059530159e-01 5.798152642473040075e-01 6.378122698127119961e-01 3.576640892996780230e-01 3.103447463323649735e-01 1.481196686019470021e-01 6.946892276457119486e-01 4.211928545609510133e-01 1.786414538633920024e-01 3.222232282409769888e-01 3.797967870672560031e-01 6.487959043267920167e-01 5.284291516592160010e-01 4.799219413288889902e-01 4.890157506501119911e-01 5.359348624491340196e-01 5.188063819883139693e-01 1.062084773642369973e-01 9.339446746750360018e-02 4.721133586704320262e-01 1.158435082882609997e-02 2.034103077307659879e-01 3.716157693477319945e-01 3.338706252931010199e-01 5.263961409297820415e-01 2.459382498623229885e-01 3.052735063275279770e-01 6.000456481811909937e-01 1.581723312836419981e-01 1.011122740287919985e-01 2.423512844812009959e-01 4.098974723581489954e-01 2.592776251919649833e-02 4.072527425041099769e-01 3.592734579812140172e-01 1.181715921941679931e-01 3.125684907848320093e-01 1.208313210985659941e-01 3.441073807682130115e-01 2.792460859123550021e-01 1.372801280306349958e-01 4.422733289619970032e-01 2.221416091422200034e-01 3.301435740571559974e-01 4.411784840907069793e-01 1.984861525299030094e-01 1.489803763531890035e-01 3.558112155047000319e-02 2.462403597325250049e-01 2.696603825229699769e-01 1.773037967251269997e-01 2.163786524564670077e-01 2.841389980142369764e-01 -3.398472122264289963e-02 2.617681619954709826e-01 2.547607369306369995e-01 1.305137865849579915e-01 2.310078118299900007e-01 8.650907031527869939e-03 -4.642974109921260001e-02 -1.388742285854719927e-01 2.051625161900449967e-01 3.115383099250350063e-01 1.655739139330220100e-01 2.692488425707719735e-01 2.489130897676289922e-01 2.619476699460719926e-01 8.392616873266339761e-02 1.681281508864140156e-02 -2.319872651664489915e-01 -1.523572903302500003e-01 3.383343554977060186e-01 1.824831496587779878e-01 3.333153165326819822e-01 1.661210225202660040e-01 1.008070842148309915e-02 4.515376873163950283e-02 5.884743280420540179e-01 3.703345749013839949e-01 4.775860299966520062e-01 1.598569150415700135e-01 3.810560804904100096e-01 3.702823979019019829e-01 4.815409543066300202e-01 3.775414034754059900e-01 3.216159815953449908e-01
3.130155366269040118e-01 8.137716762988259633e-01 6.921539931997170436e-01 7.134481782211790080e-01 1.206990535420369992e-01 6.300025789087639883e-01 6.778940660807090124e-01 1.000000000000000000e+00 7.167812185573759765e-01 5.476970974557000549e-01 3.683284321807749895e-01 5.925534921578700098e-01 5.079545508071190429e-01 5.055584203008299804e-01 5.009814617457399866e-01 6.781327940226979933e-01 5.494698154904440468e-01 6.933199050058750368e-01 6.458571722587379549e-01 6.775503100797090061e-01 1.175824155094639945e-01 5.249483243340600236e-01 5.162103823313940465e-01 2.185149369328900082e-01 3.130498957154930206e-01 4.462269694855919844e-01 6.174403102043639624e-01 4.329281716136459957e-01 6.049877136952269696e-01 4.661441262733920232e-01 2.146582974851239944e-01 2.908473239548630129e-01 3.611938888933979852e-01 5.313139856679219841e-01 5.074533435716379604e-01 6.032218621835579997e-01 3.482021220716939869e-01 4.517132853254710034e-01 3.496000412470610108e-01 5.530567240949240126e-01 3.768714838188150229e-01 2.372468183176759948e-01 2.526130828061189937e-01 3.960383048777479931e-01 6.145687512237989480e-01 4.170479947530569831e-01 4.189653723968920218e-01 4.239158806895749754e-01 4.835183887999500163e-01 5.021009143615869919e-01 2.662182461026900149e-01 3.748532225046710131e-01 5.388879114505229495e-01 3.180860022529359843e-01 5.021003250708490073e-01 5.455391890597619531e-01 4.079619303875460234e-01 6.055500512932190382e-01 4.843055427151080061e-01 4.236198893093739981e-01 5.380940102702229666e-01 4.289599032033850068e-01 3.635190975904559751e-01 5.959284288324010470e-01 6.593739033375589642e-01 5.959818543630009818e-02 5.082496228146490269e-01 5.962131368626270023e-01 4.388182735486930164e-01 5.805755019579740273e-01 3.862854397250580218e-01 6.228911735229569757e-01 5.177327962737540146e-01 3.788484126584850120e-01 5.831721578122009975e-01 4.529612486668950222e-01 2.748366076401260183e-01 5.007644659628259776e-01 3.078475630128419960e-01 3.366823344001709795e-01 2.296743684068859870e-01 3.441148999760260119e-01 5.153458279784419727e-01 4.520116941358700013e-01 5.549984594593370124e-01 5.123241786063700287e-01 1.435317456654680024e-01 2.454586485874589996e-01 4.982499203283419775e-01 3.303881604535570116e-01 3.781726625858530255e-01 2.417110563857090000e-01 2.798696384497699752e-01 -3.150905506221960035e-03 3.990903264681249785e-01 4.124730443063350238e-01 3.503066935003940063e-01 4.448410363073460050e-01 2.637897733832130220e-01 2.838460530632699874e-01 1.625152934975999941e-01 4.469461899421969808e-02 8.580282607136069384e-02 -7.872807864599119798e-02 3.683469201687800121e-01 3.023273400777160003e-01 2.858865116476629886e-01 2.978392414724689852e-01 6.734566947656899991e-03 8.915432918779120364e-02 6.133168613251700485e-01 4.264961408623629824e-01 7.104544607090870212e-01 2.276118947783379864e-01 6.523775830247440233e-01 6.636591180870490270e-01 5.768945485052510147e-01 6.610019279758300170e-01 5.739485101129759848e-01
1.468074317883600044e-01 5.930165258721159516e-01 5.016664821324700041e-01 4.957453814818150173e-01 3.340807448764990251e-01 6.503367290964250369e-01 7.036688450630760316e-01 7.167812185573759765e-01 1.000000000000000000e+00 6.356875333155199703e-01 3.583341660436710208e-01 5.658049625260229698e-01 3.945996715491270068e-01 5.602062907140760162e-01 7.327323025747719543e-01 4.262384385991669911e-01 4.814333779746989839e-01 6.538561113517019630e-01 6.061209100112610049e-01 7.123785814005340056e-01 3.530308951063350076e-01 4.349961735476740032e-01 6.453471806279129641e-01 3.914450458180440129e-01 1.094088681987849948e-01 5.085815593227459575e-01 5.161181005249839693e-01 4.904070715809000225e-01 6.358921730403139794e-01 7.252087042454760102e-01 3.035198863352069898e-01 2.089090667821670022e-01 3.580100892654959899e-01 3.759063652727709925e-01 3.872941539572000158e-01 6.872561906609619964e-01 4.016017240717230097e-01 2.803667200252790148e-01 2.226203063360709944e-01 5.710967815260370450e-01 3.044767060267060121e-01 1.247264475013449975e-01 2.395467346665079988e-01 3.979032398048870101e-01 5.349472799776889831e-01 4.169907382469030255e-01 3.048172020516610181e-01 3.160095520209910136e-01 6.556631454468170306e-01 5.356320211658419650e-01 7.942214384628029644e-02 1.558378085374249877e-01 5.432721459224010285e-01 1.041135453903579977e-01 3.679597945874559795e-01 3.977232674292540127e-01 3.008847092156909930e-01 5.189173007006510074e-01 3.142592595411650147e-01 3.160065748524090168e-01 5.572179731006570158e-01 2.746002530441489786e-01 1.912102636182549942e-01 5.031179361267860140e-01 4.640838382082779767e-01 2.314724418544689966e-01 3.846527165462270137e-01 4.397090834559579942e-01 1.880952357246770124e-01 3.447623478116150220e-01 2.641327568623270117e-01 3.270742495900190172e-01 4.205950190944859890e-01 8.059969246594879400e-02 4.323875837942239841e-01 2.299410606768219900e-01 2.884323880005559837e-01 4.792895211108840203e-01 3.057611080812049908e-01 3.053463079726759788e-01 3.613738501992180135e-02 2.543903649213660190e-01 2.148663578906229998e-01 1.276786510817810028e-01 2.735025093990189893e-01 2.458133170783959875e-01 6.179091786738419995e-02 4.852745596667090017e-02 3.823089631826939727e-01 1.405495147149500024e-01 3.161740589902309884e-01 7.430551578579820682e-02 6.962633917552769891e-02 5.238442613131120279e-02 1.096635708337589943e-01 2.949769592117770234e-01 2.355768626182130066e-01 4.116721813879110070e-01 1.485258149449669995e-01 3.238009948469550148e-01 1.830037893630279966e-01 6.398767632803220584e-02 -1.045644928561779985e-02 -7.749436220798150421e-02 2.517291975575099983e-01 2.048695837120459995e-01 2.730729071069309954e-01 2.060458352140570049e-01 3.487802508855520137e-03 -7.996911355515049684e-04 5.226926371498660240e-01 3.679195670029939969e-01 6.975984175918580332e-01 4.908365657883460020e-01 5.053811827652650024e-01 4.845479442373780143e-01 5.553714445394180022e-01 5.048093690266000078e-01 5.098932113695490154e-01
3.455140139430529916e-02 4.089762887715229778e-01 2.178056044984910122e-01 3.667218382867299953e-01 -4.784793932306170144e-02 4.339475801978630032e-01 6.565690340271459480e-01 5.476970974557000549e-01 6.356875333155199703e-01 1.000000000000000000e+00 4.242112608916580041e-01 7.509542066865180221e-01 4.596951058224379993e-01 2.854768934533429836e-01 4.770254888721259801e-01 2.654965939424350219e-01 5.006329757540539660e-01 3.560895973331270059e-01 4.476091933421719737e-01 4.909921970627770249e-01 8.980842548728730501e-02 2.345193079234579869e-01 3.574442996721640120e-01 3.364155366692250237e-01 2.978160771781089844e-01 5.214247593899850042e-01 4.083638859348759920e-01 3.846832629287280092e-01 4.894016849724580065e-01 3.662406602646710030e-01 6.305893107458980518e-02 2.524881902617770110e-02 1.991612222149030109e-01 7.997807178713080278e-02 2.478723310565009996e-01 3.053665921140449879e-01 2.095042398696229935e-01 2.926738396183790059e-01 1.594552014538120066e-01 5.328971882872529653e-01 -2.574558810445189833e-02 1.046122446038469933e-01 7.159069776143260622e-02 2.443902753051009902e-01 4.728327592216520214e-01 2.152715605674840049e-01 4.433325284808529998e-02 7.076519309628080678e-02 3.488720264487750189e-01 1.742217143627519949e-01 1.138739297178049947e-01 1.421781525182480022e-01 4.726239832190939905e-01 7.587982021736369709e-02 2.061424573193749998e-01 2.979455430757099732e-01 2.326021893303480137e-01 5.354439452916870401e-01 2.577933842386089802e-01 2.292612112318559991e-01 6.551252541620750103e-01 2.063955978337050079e-01 1.601792848047320084e-01 3.431556018436420219e-01 3.849356367839320003e-01 4.492584504894529818e-02 2.652694990851959811e-01 4.157546292830590073e-01 1.384456647883330060e-01 2.377803857621590133e-01 1.599592451176150010e-01 2.223938419632940089e-01 2.344140552929689925e-01 7.927151833933709923e-02 4.357661850571220019e-01 2.801166903232700234e-01 3.378241244366430029e-01 3.951581496710420138e-01 1.676903774753769893e-01 1.029204843802340036e-01 7.434526532662180665e-02 2.527672748938349923e-01 2.587393850467609724e-01 1.083759391459740012e-01 1.857431220886610057e-01 2.072948018217850019e-01 5.006056926838169802e-02 2.963984007718050151e-01 2.257284986439440089e-01 9.323485868848920000e-02 1.896630930885689903e-01 -2.173983716075650156e-03 -3.042454984724380154e-03 -1.968164230870579900e-01 1.698638219954800022e-01 2.390403385421160098e-01 4.856595857386779985e-02 2.248471614893229886e-01 4.682804882143660336e-02 1.906681000213960031e-01 1.400187258150160097e-01 -4.201567042116260281e-02 3.053450711997110142e-02 -1.130212580097040009e-01 4.012287508412150094e-01 1.343246800004390118e-01 4.131182882336429940e-01 1.563014322170699910e-01 7.160148227381969710e-02 1.032370310051270064e-02 6.163476325082000162e-01 4.343588467956019938e-01 5.735532828089520141e-01 2.471469289432020044e-01 5.361069395716600017e-01 5.431625472105650054e-01 5.697339437419099983e-01 4.576913448249970151e-01 4.278875662888880216e-01
-1.528268073360740040e-02 2.140218708390080049e-01 8.457620644466359860e-02 3.613382340899389811e-01 6.101006340806109859e-03 2.459289636982310012e-01 3.715010562878390266e-01 3.683284321807749895e-01 3.583341660436710208e-01 4.242112608916580041e-01 1.000000000000000000e+00 4.607970341331150133e-01 1.225805225343710031e-01 1.941996534620800130e-01 2.806445833095470022e-01 1.539732201232729969e-01 1.535874969433090043e-01 1.132080305717859947e-01 1.706890008660489899e-01 1.325701477676139994e-01 1.846113815494299926e-01 1.329127499117989941e-01 1.422605164811890088e-01 4.506114289164570019e-01 2.414594431630860127e-01 4.280972627144730147e-01 2.866327176010010080e-01 2.300441775525499943e-01 2.007227265778470104e-01 1.328090984607409875e-01 4.657068806620209833e-02 -4.463341306163409739e-02 9.238080549122279495e-02 6.405687329553159948e-02 2.624923876427219804e-01 2.248727901165550047e-01 2.149760743065670110e-01 1.207486974860370044e-01 1.333139944310270109e-01 3.489698832569250175e-01 8.580428206211569708e-02 2.123115910100150105e-01 1.006383209058750033e-01 1.910308394558649925e-01 1.687551646924999871e-01 1.511025865479259933e-01 7.383195077591879485e-02 1.081934782612650053e-01 1.678939604667560037e-01 1.466598949818460063e-01 3.431716444818309897e-02 5.509423127469390002e-02 2.424660778918799886e-01 7.117619797146110261e-02 2.152096473219040074e-01 2.043711191822200068e-01 2.270780408930009875e-01 3.211035459749789767e-01 1.432699649734419933e-01 3.061677175801750250e-01 1.699890553200270049e-01 1.299074160129800037e-01 3.336036766866979919e-01 2.336458957705969952e-01 2.308223029914510116e-01 1.860677020750690080e-01 8.397473789618789541e-02 2.915417019964450240e-01 6.386897285365419896e-02 1.716316845001779889e-01 7.653427604229789960e-02 2.528192423683010004e-01 8.387864191882869747e-02 1.023840782255659998e-01 3.548363706218050084e-01 3.097710006712959818e-01 1.944932101269729874e-01 3.084575233152350160e-01 8.853603977451820692e-03 1.740133815205230083e-01 9.947220206691280431e-02 1.482771474493899989e-02 7.020433458276849337e-02 2.177840632817799882e-01 1.725015030193390031e-01 1.540688632431169991e-01 4.963449587209130265e-02 2.687497726647100071e-01 1.082150270385709989e-01 2.444635651176110119e-02 -3.387474655534389919e-03 -1.563995359303350097e-01 -2.312527615626869953e-02 -2.571176954111269869e-02 1.029397219379220019e-01 2.478929069228429927e-01 2.029547055742330075e-01 6.664958028604099638e-02 1.745250048409059951e-01 1.837843251226929930e-01 1.651815011837129976e-01 3.757866686575100229e-02 1.263417044106759923e-02 -1.163999191281989976e-01 3.702272560964000037e-01 1.857232446438910056e-01 2.580035419212349801e-01 2.257170318454639890e-01 3.103087361785659970e-02 2.304377455374120032e-01 2.953067902053220228e-01 2.606833785629469880e-01 1.781632107388829989e-01 -1.699790005350990119e-01 2.221569135259980066e-01 1.972769005280700094e-01 4.099455365880089741e-01 2.863476171818910010e-01 2.410794219758239931e-01
1.788760802537670003e-01 5.132184724866379888e-01 2.676083479206929905e-01 4.563284475686499864e-01 -5.854188447405549861e-02 4.903232940525609762e-01 6.436391439192199471e-01 5.925534921578700098e-01 5.658049625260229698e-01 7.509542066865180221e-01 4.607970341331150133e-01 1.000000000000000000e+00 4.974759555186810123e-01 3.287967083725639728e-01 4.762368019463469881e-01 3.799049696082439920e-01 5.964690983897209531e-01 4.923346520919190117e-01 5.540623285395229747e-01 4.693289902197509966e-01 5.808655947630909921e-02 4.353901820823499746e-01 4.833909221146809876e-01 3.162089572532280068e-01 3.250908647528339968e-01 5.048422241502640295e-01 4.730324043478220108e-01 4.920538444753870255e-01 5.102520794039460128e-01 4.119753743142849922e-01 1.727220937950779966e-01 2.219186118533819918e-01 2.254088392891659964e-01 2.939590440397030213e-01 3.892610949641159834e-01 4.328492325891939996e-01 2.352638568597459900e-01 3.378756061795850085e-01 2.684930612702289832e-01 5.306343431156910206e-01 1.794716131358939926e-01 2.895606947145810128e-01 1.833054825177589942e-01 3.695413802073450049e-01 5.846923435189930185e-01 3.316966682839719849e-01 2.349286563924710136e-01 2.820809881669830155e-01 3.592407340321719933e-01 3.196953041167759912e-01 1.208132485162820013e-01 1.927551054903869909e-01 4.214831617626770277e-01 1.290588031606270114e-01 3.023563120843890117e-01 4.049295100278639814e-01 2.328594323077700090e-01 4.430887493756699991e-01 2.387600811855900007e-01 2.990899479143699913e-01 5.312362441453960527e-01 2.729591744037540013e-01 2.682969253779770025e-01 3.152303209588270261e-01 3.686070762522040134e-01 -3.778966505480189919e-02 2.439162582606330121e-01 3.721518894140229960e-01 1.315934952277000025e-01 2.389572607348650068e-01 1.332969763638519878e-01 3.719676490812349745e-01 2.863330126763100059e-01 1.510794933246099869e-01 3.681212275279330259e-01 3.607825583311299877e-01 2.668191814713120058e-01 3.932415120714560230e-01 2.304132937465470099e-01 8.842431712608160577e-02 1.169501985397499999e-01 1.952206934553309958e-01 2.781530902617079803e-01 1.689003623749170124e-01 3.065221310778299957e-01 2.963246636995460204e-01 3.664251746997260195e-02 3.576849612937709755e-01 2.183554536133489876e-01 9.357316345924859835e-02 9.769675529804999758e-02 1.078561094123390018e-01 6.743472844261649835e-02 -6.906941787163599356e-02 2.468467672616889985e-01 3.750328746212789888e-01 1.864874864286789891e-01 2.999380301836829799e-01 8.270808968312079457e-02 1.989509214378130109e-01 9.126660889310130031e-02 -6.835476083517240051e-03 9.467985551269769706e-02 -8.637163887551370378e-02 3.824601401532630174e-01 2.204654669480989870e-01 4.256971351322210162e-01 2.345500769514010098e-01 -7.330662785860089792e-02 6.073269606772809664e-02 6.094299283574130532e-01 3.981905125308800031e-01 5.228066619861839737e-01 1.495601988467049892e-01 4.980628552803940123e-01 5.377442102394800472e-01 5.584440879034620053e-01 4.741369303987509887e-01 4.203865691460940135e-01
3.065643956629759970e-01 5.165589804418300179e-01 5.695658124595179839e-01 5.528515558735820346e-01 -2.523493174555009877e-01 5.857166814027540136e-01 2.521386296561959894e-01 5.079545508071190429e-01 3.945996715491270068e-01 4.596951058224379993e-01 1.225805225343710031e-01 4.974759555186810123e-01 1.000000000000000000e+00 4.911149696527710162e-01 3.551901743572309922e-01 5.577752042235289975e-01 5.931991531857050415e-01 4.721385833844469748e-01 6.064110137942050338e-01 5.651916566043909684e-01 -1.661943997411750029e-01 4.152362921054110201e-01 3.490591426153499821e-01 -2.538475209409409850e-01 4.576651817361639951e-01 2.607650299126639815e-01 4.781917792651789734e-01 3.617733462901689956e-01 6.451978513067350152e-01 2.742594032506319723e-01 1.887829099288030055e-01 4.371241237276620173e-01 2.286781586192289939e-01 3.875003260424719764e-01 2.830160882502800179e-01 2.917491486915320120e-01 1.574205050526449878e-01 4.592777612351660044e-01 4.337803072304409757e-01 3.142042826122889987e-01 1.878446331622629917e-01 3.525443659500839821e-01 2.528238117752549807e-01 4.440022901882980100e-01 4.207627731402330262e-01 2.781045065607459787e-01 2.348422517557980094e-01 2.873757864835350118e-01 2.296766253900149879e-01 2.947313887842200053e-01 4.029695704379069876e-01 5.914903305360700303e-01 3.892269061297830013e-01 4.208868445025940042e-01 3.276753065549259936e-01 5.122384138593949476e-01 3.724897572256720135e-01 4.299493410973890262e-01 4.672872788919459897e-01 2.214472022578460042e-01 3.436698707283559751e-01 6.234160504357899590e-01 5.252932110286809841e-01 4.831992054103950163e-01 4.708439609308149865e-01 -2.129788950542700066e-01 2.674782590265969984e-01 4.211186790411299841e-01 3.899687613749630022e-01 3.905979248502670087e-01 3.658779535037819941e-01 5.068364415908870324e-01 5.852991401384749492e-01 3.485485821184470256e-01 2.714258216636150078e-01 3.996398315801270029e-01 3.086051451412900049e-01 2.140149193545549944e-01 3.475130097078339975e-01 3.560444772854530204e-01 -2.713834587695149875e-02 2.240326204387430020e-01 3.482168854527620261e-01 2.029097307743079892e-01 4.155549146720289855e-01 4.427092031057079935e-01 8.335772705032980234e-02 3.195708764035030125e-01 3.583510101707860218e-01 1.374238782967349970e-01 3.223732879581969746e-01 5.794704818243290312e-01 3.998877330982920086e-01 8.475229583939690448e-02 3.114719229139429890e-01 3.214115002822450218e-01 2.426468144267479865e-01 5.135261310383280042e-01 1.546522065061020079e-01 1.282092595900060084e-01 2.550656546443439976e-01 8.378462848141160491e-02 2.714722779367960137e-01 7.111104341176630039e-02 3.179979693187029999e-01 4.468130339369160153e-01 2.692286899252570032e-01 2.904391840223780052e-01 7.904450814214989199e-03 6.566128217103089915e-02 4.378396863463570043e-01 3.548661002644459828e-01 6.413235142120320420e-01 3.100317512821160193e-01 7.576276780530739607e-01 7.610396541844289819e-01 4.303699454852760176e-01 5.869648494204849909e-01 6.460824073442980042e-01
