1.000000000000000000e+00 3.128046996245130162e-01 5.908550225069679751e-01 2.670680937986310011e-01 2.966641600215190189e-01 3.860795232377050024e-01 3.334718929593969983e-01 3.252287061698739823e-01 3.568516615123140112e-01 -1.029202653363420067e-01 -2.011281334160860135e-01 -1.173040682770089965e-01 -4.978282339200409967e-02 -1.417657896207250023e-01 1.456461782807060013e-01 3.496500460116510056e-01 1.029004040882110053e-02 5.040490245155729854e-01 -6.551286135426880042e-02 5.036683049811340185e-01 3.304310630266290016e-01 2.486893645832780053e-01 3.940732424980279980e-01 2.793583640717570149e-01 -2.319159188279349970e-01 -3.303399449712730168e-02 8.408765441312060496e-02 1.343654492764670139e-01 4.476316210155359965e-01 -2.566675505183140145e-03 2.837153284229430028e-01 5.010169720235370105e-01 5.066763662343429786e-01 5.015818935230189624e-01 4.134659103952370018e-01 5.774769072815689741e-01 2.933840976678520063e-01 2.160040745574710042e-01 5.215046428562530173e-02 6.090132780384349687e-02 4.337210202934119740e-01 5.835700640083450047e-02 2.922678813517070040e-01 1.554125618228150048e-02 1.890217196588830084e-01 7.393039628286020293e-02 1.905592476252319922e-01 2.332216491339449971e-01 4.637341143399900112e-01 4.021002486370550133e-01 -4.132278455031659914e-02 6.111286632292049770e-02 1.167225822595529955e-01 1.285489702684879942e-01 2.159872992193410113e-01 9.501278119746199569e-02 7.902489612197019508e-02 1.746340246267970020e-01 6.202003525752770169e-02 7.157980609660169469e-02 1.918039273281670065e-01 -1.333599292550370075e-01 -2.136441896766549942e-01 1.752265317823100133e-01 2.251091985577519938e-01 -2.381790306391949955e-02 -7.704440215616170651e-02 1.180759017788540061e-01 1.717040679791539959e-02 1.236638339354149962e-02 5.850397480281500223e-02 -9.204368524630039683e-02 5.727467155356749662e-02 2.059419033022250045e-02 1.355329946387290041e-01 8.604036703880089954e-02 -1.175884513738429948e-01 -2.072204778595679864e-01 1.979575259689810018e-01 1.167542834015080017e-03 5.070640908689420107e-02 -3.228288864390019969e-02 -5.267152827876679655e-02 4.977088480723410036e-02 -2.233350917176820105e-01 -1.575833422894580005e-01 -1.103878796668549961e-01 -1.725312753596940085e-01 -7.842285509782019604e-02 -3.013560283346609914e-02 -3.704555774561980094e-03 -5.527177951060770374e-03 -1.567931670897209848e-02 6.567403754941350535e-02 -1.060055770479760018e-01 -4.148373671874679841e-02 -1.597633521058229866e-01 -1.307046521214109969e-01 -6.592466913791870248e-03 -7.742740853438150050e-02 3.906807097612389756e-01 -1.673427515260099974e-01 2.015379668553200082e-02 2.522731272634249830e-02 1.003074804816189991e-01 -3.881828549702390219e-02 9.815015605460579440e-02 -9.003625090471249759e-02 8.225608318480119585e-02 6.180376271422390044e-02 1.624912405711909924e-01 2.141661020588249975e-01 1.774166749326940018e-01 2.056629086113259952e-01 3.142697206071100036e-01 1.790323156145710026e-01 1.198890330219520017e-01 -1.474580221620329923e-01 1.862346034156890096e-01
3.128046996245130162e-01 1.000000000000000000e+00 5.546655652280889637e-01 6.913351270603199650e-01 6.873560967194980442e-01 3.071865702576009882e-01 6.165725657316080133e-01 7.074779204365370111e-01 4.167562138715329989e-01 -9.507154482688179309e-02 -7.959861601915710350e-02 -1.729881032405379895e-02 1.871353885979000140e-02 8.567866649413290181e-02 2.240611788638779966e-01 6.857771451947639596e-01 1.529862018397639967e-01 4.307298319154149735e-01 1.359083660519160019e-01 3.692041643651429728e-01 2.424055238755140063e-01 1.681621294096919961e-01 3.064219678257870116e-01 1.383807042878610061e-01 -7.990909944989049718e-02 -7.524173287611410355e-02 1.628693208824969971e-03 3.976686243414170180e-02 2.106108823612790060e-01 2.342547910503839925e-01 2.398185919124150023e-01 1.748998315024760108e-01 2.097354015222339940e-01 2.513135104951729759e-01 1.282637221736790123e-01 3.312841731185059979e-01 1.263706095107159921e-01 -9.756056815777770785e-03 -1.319519459132250105e-01 1.357740176206720037e-02 3.181894817278659721e-02 -1.450320771906589978e-01 9.188365676490589662e-02 -5.899534038949189735e-02 -5.838044594764429940e-02 -3.431395215658410158e-02 -1.037982237399660054e-03 -4.816907374367310202e-02 1.659807820085439922e-01 1.134617599749809941e-01 -2.655261921076920162e-01 -1.662448933140850127e-01 1.170643038788649927e-02 -1.404610364873259964e-01 1.105719958338939948e-02 -4.113804076165029910e-02 -5.826693902489019777e-02 -2.010481588212150155e-03 2.929643678350789954e-02 5.312379999554320276e-02 1.952031745561720044e-01 8.869518481242989749e-02 -1.606582901838229938e-01 1.320267263312620010e-01 8.806535516675059738e-02 8.766778975676560448e-02 1.079335290317430009e-02 1.929455763506230104e-01 8.468902721657399491e-02 6.502731499757159750e-02 1.695303402077990018e-01 2.843530276167340054e-02 1.697984682163810113e-02 -8.290938299292029828e-03 1.739376693892870085e-01 9.435061887238199718e-02 -1.603387658830449924e-01 -6.686056804468329395e-02 1.021757131747880049e-01 -7.685874317608780079e-03 1.179985697429289937e-01 9.984054156341190533e-02 6.143414316040769763e-02 1.765807314909050019e-01 -5.079387847720189669e-02 -8.360603105869840110e-03 2.742066315675530108e-02 -5.755051033990030152e-02 -3.917364617004730210e-02 1.192801709876430000e-01 -1.249410464147119974e-02 -5.092870228611130062e-02 -6.484266681953010369e-02 8.674879290011459909e-02 5.223031620052100144e-02 -1.662242364920810123e-02 -4.942666751813609705e-03 -1.157562167613560011e-01 -3.480125175252629655e-02 -2.349305313375450038e-02 8.672661953620449879e-03 -2.126152578829640094e-01 1.001866528257760042e-01 9.079332926834900175e-02 1.487900377715289935e-02 -1.403868147575660086e-01 -9.099114687771189813e-02 -4.991295751840699874e-02 -1.542350519601659864e-01 8.251768529704610333e-02 1.002144605060110022e-01 2.449540997118050123e-01 3.967635256766050000e-01 3.322165323282150196e-01 4.617240215875120235e-01 1.358761535015970134e-01 3.365485165485929825e-02 1.320189618077059930e-02 2.079572022501059991e-01
5.908550225069679751e-01 5.546655652280889637e-01 1.000000000000000000e+00 2.077075561987440089e-01 6.257162844672360391e-01 7.467804166740119598e-01 5.588563001899210514e-01 6.799857047603330429e-01 7.369571535246339788e-01 1.073206045464900060e-01 6.439831209457909378e-02 1.940279275853049878e-01 1.259735710527910002e-01 1.841056174725700101e-01 3.842493809065899990e-01 3.852930965474160030e-01 2.478998687508680021e-01 5.525710095445980352e-01 1.868888938490390061e-01 5.116340945421989916e-01 5.157027170718659903e-01 2.402235307408699949e-01 5.352434277732539547e-01 3.933142764614480091e-01 -1.396889580422029931e-01 9.036893977045079573e-02 7.713415326585940091e-02 1.936069774087199880e-01 5.415347131257169933e-01 2.462665512599029882e-01 2.004025476677059880e-01 3.099307903565959865e-01 4.222847804800979876e-01 3.768353812440530248e-01 3.030338507902630152e-01 5.702986512815420017e-01 1.751125983740769998e-01 1.426076813297059986e-01 1.763658105102200099e-02 1.267601035130490050e-01 2.893920021909169860e-01 2.874582831983939907e-02 2.769386447058300171e-01 1.581695591362439895e-02 1.056137503149120055e-01 2.738948903549159875e-02 4.707457359373749817e-02 3.630396689725969711e-02 3.785282233107509775e-01 2.509778998332339861e-01 -2.239711436269510025e-01 5.870951023983699696e-03 -4.081542663561159995e-02 2.200865058931429988e-02 2.442740898955730044e-01 4.783760573089720219e-02 4.369320988975380210e-02 1.933455038441090068e-01 1.427210536831020060e-01 1.182712528258989954e-01 1.054275207034360007e-01 2.030240312916569909e-02 -9.337690703248929802e-02 3.028514526041339860e-01 2.235581730882829909e-01 1.119809144128480066e-01 -1.531436490422080077e-01 2.816281651424989985e-01 -6.950839954935189580e-02 -5.872668121513009709e-02 9.587582356381570137e-02 -4.239183243065690332e-02 2.067048562300269898e-01 3.414822939605839831e-03 1.122903276440000014e-01 1.333868855603670064e-02 -1.782794927159599974e-01 -9.429812914988830452e-02 2.249066925776179934e-02 -7.635950197102410464e-02 -7.430549462809729611e-02 -9.975865288387149310e-02 -3.159848296170809923e-02 -4.258144947546509823e-02 -1.678605410728550018e-01 -1.920570653883270085e-01 -1.260131739192230094e-01 -1.884397534793509910e-01 -1.284672055507430077e-01 -7.908262236404089984e-02 -9.644622280576439777e-02 1.812118688514520112e-02 -1.623741064874910031e-02 -1.839501908424949830e-02 -1.227186834097309942e-01 -3.504215132673400152e-02 -8.336162427191830260e-02 -2.307341577265389909e-01 -3.228874406444719874e-02 -2.085938180599259950e-01 -5.523480774421399720e-04 -1.952928325010080124e-01 5.724634706734500061e-02 -5.688590477054360217e-02 1.003613808178289990e-01 1.187022476758640005e-01 1.048849269000289991e-01 -1.145145220105879963e-01 1.808674739716630009e-02 5.345268271278520028e-02 1.967635911254619896e-01 2.465964916740359947e-01 1.597632621362629901e-01 1.328800314662660076e-01 3.890825003314150043e-01 1.539794121295590124e-01 4.572660937412940246e-02 -5.756003184485450341e-02 2.879682592400800156e-01
2.670680937986310011e-01 6.913351270603199650e-01 2.077075561987440089e-01 1.000000000000000000e+00 4.889561174320120052e-01 7.752052446859650225e-02 4.410171728399630009e-01 4.923442622291039905e-01 1.516945503564799957e-01 -9.512334356485389886e-02 -2.314396452436970064e-01 -1.155028438736459967e-01 -3.593591643099289940e-02 -6.378034523807470102e-02 4.386322178093739893e-02 6.622416380908550115e-01 7.532075143811170492e-02 2.820351654320900070e-01 9.145436311467189383e-02 1.387868755708019930e-01 -8.259475669703210052e-03 1.369923395413089884e-01 1.367060189875259901e-01 5.598701306261120308e-02 -1.732569831098209889e-01 -1.795841075706189893e-01 -4.870134613020689687e-03 -5.388926418831300330e-02 3.213811151011339989e-02 1.177351888562809951e-01 2.744128129661069782e-01 2.529434194306909855e-01 1.640157008613550016e-01 2.132432571739329985e-01 5.093351800802579932e-02 1.610713745114880080e-01 2.315644918357210036e-01 9.051239457962539925e-02 -2.024724227178300098e-02 8.921980669024069666e-02 3.364378740481060309e-02 -1.634581301629620120e-01 2.255611369822809950e-02 -3.477684529495959909e-02 -4.261499289357330300e-02 -5.463630701801849843e-03 9.367393122596749666e-02 1.714219781702210066e-01 9.765971096959649711e-02 1.828793167673060105e-01 -1.796138804736809869e-01 -1.846472289459059890e-01 -7.909736975696100847e-03 -2.444876341655449932e-03 -7.938740731868769440e-02 -8.295117186514449140e-03 -8.999028437474809738e-02 -1.303844169408419906e-01 -1.941487674458799995e-02 -1.331029022166570035e-02 1.687536938531880026e-01 -4.838087107712889939e-02 -1.247010332950189981e-01 -1.322567362916820047e-02 -5.389159384138449832e-02 -2.605965133302970069e-02 1.403859026323880099e-01 1.069503181495579970e-02 6.756502838843589376e-02 2.762724773027840086e-02 3.625602479520079885e-02 -9.336831090031620650e-02 -2.232522966427750132e-03 1.887198779311110089e-02 7.172099457617130136e-02 1.497109434931739869e-01 -5.889774943202930046e-02 -7.155793969892450257e-02 2.281984797176210000e-01 5.564993079663679842e-02 1.423875639289229889e-01 1.220434554400569999e-01 2.093645055345159933e-02 1.638124599991500063e-01 -1.606008410612100035e-01 3.120941865482860025e-02 8.239198650163080673e-02 -7.830665043173519468e-02 3.252800643440900089e-03 1.924210425826199944e-01 5.290238404966839808e-02 -8.127607941888480292e-02 -4.632757635902710197e-02 9.139969588955369761e-02 1.123675575766110019e-01 9.902217919964510437e-03 1.279105269034860014e-02 -4.343208602951349750e-02 -3.874634369115600302e-02 8.021088253625489883e-02 1.450856029676489967e-01 -2.474907367602230054e-02 1.394544787649049933e-01 1.377708047062249919e-01 -8.553966694350309541e-02 -1.081603380966949940e-01 -1.635530577205220049e-02 -1.014788626577359937e-01 -8.607610068464220665e-02 2.070807548535799972e-02 1.931808056072270019e-01 2.778579622307689734e-01 2.761320299100740172e-01 2.047833171514299999e-01 3.900413685616450077e-01 1.674843222927439867e-01 2.448977127352259782e-04 -3.087768273562600113e-02 1.621882981119489864e-01
2.966641600215190189e-01 6.873560967194980442e-01 6.257162844672360391e-01 4.889561174320120052e-01 1.000000000000000000e+00 4.907790922732599981e-01 4.914873303910959890e-01 6.892385596620640431e-01 5.852889190558290267e-01 1.391032424737169981e-01 1.367815368491579961e-02 2.077618392867099928e-01 2.056423839792179964e-01 2.768300910516189872e-01 4.088973303235030055e-01 5.890249415303340230e-01 2.754356654751389799e-01 4.446348716371599785e-01 3.285684438386179962e-01 3.608076134952969971e-01 4.382849284749730234e-01 1.792219449599130043e-01 4.941293973638700154e-01 3.089145519160210185e-01 -5.714289332849609854e-02 -7.490614594531019854e-02 1.967964828215710074e-02 7.427549487159569586e-02 2.738556820972479766e-01 2.981028221313349880e-01 1.551950814371879928e-01 2.571592383570909801e-01 2.028813790624650060e-01 2.552785874679949774e-01 1.570835188174579955e-01 2.677622740261659806e-01 1.233690348657350000e-01 7.835171685755790150e-02 -3.803523664486640338e-02 2.998376371545859870e-02 7.374276209987740138e-02 -1.128363678759650018e-01 1.478779331604760106e-01 -1.561955740758999914e-02 2.916833109144460062e-02 -5.196734442974459967e-02 -4.325027913943600005e-02 -3.458490208515480058e-02 8.028117220207449389e-02 4.917365864618589849e-02 -1.610927536432300022e-01 -5.692485413029620134e-02 1.178106321136739992e-01 -1.638573606847810061e-04 6.767529038795459806e-02 7.125073590995839937e-03 7.808286123931730549e-02 9.602090269669380507e-02 1.467867874563029973e-01 1.633964497356180101e-01 2.637974528059019996e-01 1.289399932210769928e-01 -1.104094249992789989e-01 3.868661244608759819e-01 3.006097133832549839e-01 3.017055649265080186e-01 2.071130546191500034e-03 3.183977508058630224e-01 2.107759588592239899e-02 4.821869614975519969e-02 2.379831913723109982e-01 7.777198667953739986e-02 2.221172258958770129e-01 9.589202589018019918e-02 2.452436433419679929e-01 1.858754546296779997e-01 -4.488433457293879852e-02 5.576902471829450064e-02 1.622604432118649950e-02 6.679867505523889859e-02 1.323889082076560031e-01 -1.897235782910609847e-02 1.828835881475120162e-02 6.450429832345390413e-02 -8.637452156425179384e-02 -6.771829180982799623e-02 4.087844448394400282e-02 -9.599899121202419561e-02 1.898058420063970103e-02 2.497302084650479884e-02 1.712230834824749956e-02 -1.551562841272060081e-02 4.931747051434699769e-02 8.063358187516399614e-03 3.708579742841199706e-02 -5.765557807147340431e-03 2.717831166171229967e-02 -9.276826631185719485e-02 -6.684419821949350027e-02 -9.402093898660790483e-02 -1.558516009412519963e-02 -8.618619793223440684e-02 3.840336391789919701e-02 2.215173565180960161e-02 -8.352086560184600328e-02 -6.165931188426670290e-02 -3.351558928617510286e-02 -9.660277127499990180e-02 -1.054798819720969977e-01 3.152236557501489952e-03 9.717541849815899968e-02 2.185346095048950055e-01 3.828143410221709897e-01 2.754431854267039848e-01 5.100076493563060476e-01 3.360310051804130116e-01 1.235754455178890085e-02 8.252933842055380775e-03 3.718076541035160165e-01
3.860795232377050024e-01 3.071865702576009882e-01 7.467804166740119598e-01 7.752052446859650225e-02 4.907790922732599981e-01 1.000000000000000000e+00 5.256108174226229446e-01 5.591635311441629508e-01 8.793390195625699901e-01 1.338939419227929972e-01 -1.041814903583820028e-02 1.744191848175840054e-01 1.092633751625070038e-01 2.039645072326380093e-01 4.083808275552660016e-01 2.938974063348749888e-01 1.823195060843570137e-01 4.719624493347249761e-01 1.688837594630669958e-01 5.050929362971009473e-01 5.132719331278889907e-01 1.947798500418140011e-01 4.801359752612440190e-01 2.852584035089800185e-01 -5.889052051073610100e-02 -1.947178524090970031e-02 6.482129689703479414e-02 1.358711517571420113e-01 4.488627609571709809e-01 1.562197348507440020e-01 1.378981866838979997e-01 2.327970308878669903e-01 4.214530716265990073e-01 2.755280734678219878e-01 2.348345398485369995e-01 6.055338339607729825e-01 1.804631875442530009e-01 1.831523587588370083e-01 8.678745229996130683e-02 1.417470035193720002e-01 2.664259937676830003e-01 1.039053374339510005e-01 2.610184119533480174e-01 1.045546210948019999e-01 1.868645977227559873e-01 6.060279458700520289e-02 4.154671523073689976e-02 -1.547389393284189993e-02 4.648383570396160125e-01 2.405553365881590022e-01 -2.195002361712770078e-01 5.958434159710730010e-02 -6.807529497006739594e-02 1.067502244060820060e-01 2.326595048448749925e-01 1.283382734855340046e-01 3.403335772981710278e-02 2.383933534361379891e-01 1.014638751880500012e-01 6.785910751497860327e-02 6.198487866651170020e-02 -2.135707886957570120e-02 -8.222108537772079839e-02 2.692031226629120200e-01 2.010484683638870118e-01 1.371366328288300129e-01 -1.242049128077239994e-01 2.133411861776720042e-01 -1.003416067934899958e-01 -8.606308026451829629e-02 4.525070603738649833e-02 -3.855335495627010278e-02 2.358188541494929957e-01 2.883066872764180125e-02 3.817082582524729956e-02 7.249410360144689647e-02 -1.026256790441110039e-01 7.323487033322449886e-03 6.870746593578229422e-02 -1.139641804291670057e-01 -6.263325123919580295e-02 -1.083242364010190001e-01 -1.747823623064670082e-02 -2.136627229194409949e-02 -9.959948061937790031e-02 -1.353931257092109985e-01 2.351390694775409851e-02 -9.917510339515130113e-02 -6.726223452281959725e-02 -7.291444383441969546e-02 -6.368554474501179896e-02 -3.031374573860539864e-02 1.647741901167739872e-02 7.295035259938449645e-02 -4.825663967824509772e-03 6.583588787991530300e-02 2.073249134910139929e-02 -1.399480535720049879e-01 4.799994336324740069e-02 -1.058167182509369975e-01 8.489030420283290301e-02 -2.221937599363799920e-01 5.199780853589119900e-02 -1.838029598526599862e-01 4.339016713919990192e-02 8.856167379121160366e-02 2.533221672488509824e-01 -3.538323722468190297e-02 1.199584207748559950e-01 -5.506227605376520090e-02 1.547088370493689968e-01 2.737653839995489724e-01 5.723760582321010121e-02 8.319532707761749524e-02 1.974240335115829970e-01 6.482513595634140091e-02 2.397541051131300144e-02 -1.106347437065969969e-01 2.840952656806089993e-01
3.334718929593969983e-01 6.165725657316080133e-01 5.588563001899210514e-01 4.410171728399630009e-01 4.914873303910959890e-01 5.256108174226229446e-01 1.000000000000000000e+00 6.082772289155190526e-01 6.078200648544349605e-01 2.184508405174599988e-01 8.768402050738570430e-02 6.404032753359439889e-02 -3.789842976675549674e-02 1.317172817191150092e-01 3.933002844512319962e-01 6.703843459945330041e-01 1.178787687773039938e-01 4.268390029283740117e-01 1.116705866630419985e-01 5.174717095469949513e-01 3.937659485322009822e-01 3.448529406974330108e-02 4.198988637167540006e-01 3.404220203266810074e-01 -8.801565487805529386e-02 -1.761234694768600006e-01 -1.008469600926890052e-02 4.744990184799070115e-02 4.598031361021510111e-01 2.799375274564990246e-01 2.977227525707190070e-01 2.364776745025800042e-01 2.981216913651559830e-01 1.378797659342619886e-01 -1.618157494148689951e-02 4.329562534835170173e-01 1.494805741760789897e-01 2.479943342754059865e-01 9.757766144451369972e-02 4.134370894830070031e-01 2.204015194571360137e-01 -8.682895134457989383e-02 1.364668694308860120e-01 1.475432107460099979e-02 -1.134692208917379985e-01 4.995521509104570296e-02 -1.291166316563350028e-02 5.350405096619530176e-02 2.695899325688990156e-01 2.022267838986120114e-01 -2.883897818666810164e-01 -1.806138196761389869e-01 -8.441704438496749896e-02 -1.470403846970790018e-01 2.840318762510820119e-02 4.659593610391390278e-02 -4.547665868989640009e-02 3.150411305842420063e-03 2.899260860347150151e-02 -9.657907657040190608e-02 4.294675329846289746e-02 -6.357262598157739641e-02 -4.783495537575679912e-02 2.418542762085049980e-01 1.448790188940159984e-01 1.830143532115920124e-01 -9.942365157140199694e-02 1.370811224014809870e-01 3.887599107574359752e-02 6.794227682955980563e-02 1.758019637974649885e-01 -1.501475698673590022e-02 9.301129049545840688e-02 -1.026350214032070024e-01 -2.559386596251119958e-02 1.008264512294349963e-01 2.864957208076659989e-02 4.254495736068020229e-02 1.803916620561079875e-01 -4.966427432968210237e-02 -2.347817903054729913e-02 3.792403881320859788e-02 3.562300986075900289e-02 1.870458997064119999e-01 -6.272616623362430033e-02 -9.027583593660690187e-02 -2.187434734297330138e-02 -6.301681519581579793e-02 -2.885786815607119943e-02 9.326713932593750853e-03 -2.760425863801390089e-05 -8.026760342268539350e-02 -7.286004871658509352e-02 1.351702176114830123e-01 3.462185064842680099e-02 1.990574435141989965e-02 1.308973733644070055e-02 -1.105324198324360019e-01 -3.571573798752650242e-02 -7.560014780365860443e-02 6.697676652866230151e-02 -1.862628714081530079e-01 5.551663700863659900e-02 -1.837449295236499858e-02 -1.916461115846020136e-02 -2.540692765213260068e-02 5.843719018288590084e-02 -7.122935505854199878e-02 9.950519252061900549e-03 1.081148492413350065e-01 1.034823355579509996e-01 2.900227019329639777e-01 3.698470262279350274e-01 3.324707003013169793e-01 3.939662766813259998e-01 9.393841102402510079e-02 8.581851880736610094e-02 1.358457175823809919e-02 2.492784959564059988e-01
3.252287061698739823e-01 7.074779204365370111e-01 6.799857047603330429e-01 4.923442622291039905e-01 6.892385596620640431e-01 5.591635311441629508e-01 6.082772289155190526e-01 1.000000000000000000e+00 6.670244067658559484e-01 3.906498928979589697e-02 -2.743435510440590201e-03 1.970836360516249885e-01 6.882793348488719376e-02 3.512415697963749972e-01 4.239378751151989810e-01 5.943548454803310177e-01 3.386608806927159931e-01 5.825982170300200158e-01 3.510584526439780029e-01 4.447415526393139751e-01 4.883765662093200177e-01 2.573330806600440113e-01 4.887291628915559905e-01 2.574253676503799881e-01 -9.932135062646109402e-02 -5.408264530774480223e-03 6.111946320681450190e-02 -1.291060125967830041e-02 4.582528184720899844e-01 2.484518643764480061e-01 1.079423063010059997e-01 1.626905821927620011e-01 1.788728577121010133e-01 2.013741832334670079e-01 1.537897955654999871e-01 3.274099950115280100e-01 -6.029966758173409963e-02 -8.255775925436240059e-02 -1.597215028871999953e-01 -5.914926189616109831e-02 -3.243634147106429916e-02 -1.468204216945999951e-01 1.002147634394490033e-01 -5.667823052011609908e-02 3.606212388900009724e-02 -4.641633711205529755e-02 -3.921216038892549882e-02 -1.040813159658340037e-01 7.687637136901419310e-02 6.762545824072319946e-03 -3.708093036211809745e-01 -1.865306546896859929e-01 -2.056698446580839945e-01 -5.526082420325879874e-02 1.509975521515929953e-02 -1.349804349842670115e-01 -1.535100447826109882e-01 -4.693576584952680042e-02 9.694166900734370318e-02 1.178704353893170048e-01 1.646080783932510061e-01 9.289158179441489582e-02 -1.622148758308689931e-01 1.603950791006729937e-01 1.064596910171920069e-01 7.420005903683049575e-02 -1.320285483279000083e-01 2.557707048868970157e-01 -1.105368219456169948e-01 -1.585766651028079899e-01 -5.672699458152419966e-02 -3.440037778026810034e-03 6.734991547919010058e-02 5.266660974287250101e-03 1.507184034454309984e-01 2.787155235924439894e-02 -3.072773689661800200e-01 -1.702948163056670072e-01 -2.158124789056859935e-02 -9.684288602426970038e-02 -4.951274023588309731e-02 -1.172732619380460056e-01 -1.202526652778330013e-01 -2.361210586659179961e-02 -2.071619441985390053e-01 -2.379540957832879944e-01 -1.437100557987429916e-01 -1.662962638315789998e-01 -2.611598544581790193e-01 -4.900571105965430274e-02 -1.444919695678590077e-01 -8.055730784052460292e-02 -1.592574543018829974e-02 -5.156803149482510305e-03 -7.802305595667489990e-02 -6.170709035403579984e-02 -5.144505744435209915e-02 -2.281949682898009868e-01 -2.108661813182819977e-01 -2.406753718526050134e-01 -1.053079274216049965e-01 -2.788282510411629889e-01 1.818369661035980078e-01 -1.118132200824989986e-01 -8.988518218548430250e-02 6.348386540482330032e-02 9.626968756452529419e-02 -4.485497117119879862e-02 -6.140854138441170090e-02 2.996764006569349950e-02 2.718930209683940169e-01 1.746316894064459946e-01 5.637992454158889666e-02 9.644112684816910641e-02 2.510795786606960234e-01 5.552710410403800118e-02 1.549682057279410004e-02 -3.402100098681949680e-02 2.288054443287700079e-01
3.568516615123140112e-01 4.167562138715329989e-01 7.369571535246339788e-01 1.516945503564799957e-01 5.852889190558290267e-01 8.793390195625699901e-01 6.078200648544349605e-01 6.670244067658559484e-01 1.000000000000000000e+00 2.350588599777840015e-01 9.377808524530180379e-02 2.398973181196520088e-01 1.192942835010700059e-01 2.662500697696030261e-01 4.788257860895470119e-01 3.908604810615369796e-01 2.350710751246460062e-01 5.737201844435519948e-01 2.353616795774000070e-01 6.413157260885460342e-01 6.033267367626290456e-01 2.035261899211399939e-01 5.152817105879210491e-01 3.738497984766659954e-01 -2.627722648030900165e-02 -2.654579167454099858e-02 9.236679312623430338e-02 1.229010400678079984e-01 5.424676220548260153e-01 2.288623883108319990e-01 7.908145820255040037e-02 1.836299457598180029e-01 4.129103611711609778e-01 3.207897947235560099e-01 2.421949498642120002e-01 6.537217051776179622e-01 1.491218582727769915e-01 1.547231812791780015e-01 6.174573291396300012e-02 1.197045163100800003e-01 2.662790371725600180e-01 1.412192661375549947e-02 2.721957350844250167e-01 6.444298814584810409e-02 2.004937935332540000e-01 5.246160123809599785e-02 7.091263520369429918e-02 -6.750534523251449856e-03 4.319940176818530264e-01 2.292149821554279876e-01 -2.206170466283010057e-01 4.671592275832549962e-02 -9.515314283379840143e-02 5.019892026211660203e-03 1.424373304333889922e-01 9.461504095924859470e-02 2.558058236031040059e-02 1.902001761647230116e-01 9.254170982999579409e-02 6.594364386779459630e-02 7.315069625054579361e-02 1.485347668198810011e-03 -1.015997601952649959e-02 2.917648447626530195e-01 2.821815658735630228e-01 1.545694205576149949e-01 -1.730816262046820098e-01 2.287123434893360008e-01 -5.698549953624160169e-02 -4.498869681124050002e-02 8.492080719065960015e-02 4.924391111536569748e-02 2.506537913291719821e-01 3.457274571956949882e-03 9.711664897072859459e-02 5.139335628171119719e-02 -8.637947447338030493e-02 5.242987754714450305e-02 -5.559306809272809846e-02 -1.246288179602269980e-01 -2.485094796170320142e-02 -1.264727183468430105e-01 -1.139557165305470077e-02 4.286435037342799931e-02 -5.438051712384019826e-02 -1.116898023694670034e-01 -4.617872256080549770e-02 3.880072101856389677e-02 -6.050834424414459900e-02 -1.271437008587789907e-01 -7.855132716250240454e-02 -1.036187058880980033e-01 2.631444880528350030e-02 7.140573112471050587e-02 -1.980681856711229843e-02 3.551531527334159805e-02 6.312934185154550626e-02 -1.068851848323500026e-01 2.652040306574119863e-02 -1.013691525935490056e-01 5.182680369922269825e-02 -2.081786240454920056e-01 4.840387698579470127e-02 -2.083959564790429930e-01 -1.880027762768199939e-01 9.175544505069939405e-02 2.839730020567379776e-01 -4.679309698745950236e-02 8.482884240080409977e-02 -2.950972001280800089e-02 1.418185225969149921e-01 1.877973978898470064e-01 7.032305971705110625e-02 1.419632599127589878e-01 2.643234925144419822e-01 1.617026823988730044e-01 -4.198898080963830298e-02 -6.550416450293419790e-02 2.307358410606160093e-01
-1.029202653363420067e-01 -9.507154482688179309e-02 1.073206045464900060e-01 -9.512334356485389886e-02 1.391032424737169981e-01 1.338939419227929972e-01 2.184508405174599988e-01 3.906498928979589697e-02 2.350588599777840015e-01 1.000000000000000000e+00 6.117459634233930466e-01 5.585541306511200288e-01 3.441239997357860014e-01 2.712529489546349759e-01 2.534377390255769802e-01 1.818073456633790067e-02 3.388912237199470101e-01 9.237686467196749851e-02 2.015235078603820063e-01 1.015135864158230039e-01 2.083798463914089960e-01 5.414601789139229793e-02 1.631147103081420080e-01 4.004462186885239805e-01 3.747704198157730260e-01 2.617552253867619916e-01 1.375160023201799919e-01 1.323575703005639981e-01 1.650979946281060096e-01 3.096093922384129948e-01 -2.137828994634950047e-02 1.231498429775180065e-01 1.130844699318560020e-01 -3.323495764500530164e-02 -1.161303618650530028e-01 -2.121924233441720153e-02 -1.369447609144049949e-01 4.718649603683169880e-01 3.786165449330110011e-01 3.820675637635290167e-01 3.290979895386469956e-02 9.803991264662030580e-02 1.895683931045920034e-01 1.160451018484130042e-01 6.048204254357850140e-02 8.603498052869369694e-02 -1.662138983163940001e-02 2.900470506717409830e-02 1.906520787880680058e-03 -9.146566931042070248e-02 2.780622462120619851e-02 -9.489626101116820089e-02 -1.121549397554290062e-01 -6.565911713072350095e-03 -1.222774924887719966e-02 -2.182881816390919855e-02 -4.666225937845949745e-02 -5.943935366464050268e-02 3.207511281113760160e-01 5.915982882597250331e-02 1.638392472914720066e-01 4.912751075757419705e-02 2.080630759460440071e-01 2.426643797840919992e-01 2.285139433020479949e-01 3.875185454589369916e-01 -1.836062381597010074e-01 -4.574306115393399902e-02 -1.291852810897120007e-01 -9.379710437996280348e-02 6.204902982310810111e-02 -5.532489272274279668e-02 1.222067216865909967e-01 1.969150970610249879e-02 -1.700747613921100090e-02 1.695032642681469914e-01 9.708461260297469864e-02 2.922028386299069802e-01 -5.360226469530450163e-03 1.477834713755169904e-03 -1.230527528538920001e-01 -1.319937560688120015e-01 1.461530022740399892e-01 -4.892003929772700127e-02 1.216841299005220062e-01 -1.174483480790679962e-01 -3.173797565001999776e-02 2.773938991886010230e-01 -1.175408177753199945e-01 -1.808179841988540038e-01 -1.020405088452730064e-01 1.816235972465840010e-01 1.004601774541089981e-01 1.054308540264620002e-02 1.196154165724109958e-01 1.324995378523229905e-01 1.955328686641459868e-01 -2.573776648605610035e-02 -1.315712400679220073e-01 -1.925110238404799945e-01 -7.933881905916509436e-02 1.044937532160910010e-01 8.182132880585170354e-02 -9.128636169167739581e-03 -1.858873396901689901e-01 2.536264172498780001e-01 2.833299582514020032e-01 5.202904899622429885e-02 1.346786428269809988e-01 2.505458107857220229e-01 8.983801155873130662e-02 1.019813672498900009e-01 5.520542597882899943e-02 1.483646361307910111e-01 1.421607263328689974e-01 7.266456038215420021e-02 -6.908045225288179936e-02 6.324739655459030163e-02 -1.431930201681810011e-01
-2.011281334160860135e-01 -7.959861601915710350e-02 6.439831209457909378e-02 -2.314396452436970064e-01 1.367815368491579961e-02 -1.041814903583820028e-02 8.768402050738570430e-02 -2.743435510440590201e-03 9.377808524530180379e-02 6.117459634233930466e-01 1.000000000000000000e+00 6.410787466609529917e-01 4.061642077471849799e-01 2.977459078900659972e-01 2.780227520150350129e-01 -1.934863278307760032e-02 3.701661686103109861e-01 2.081415617362659953e-02 2.646564730947090216e-01 7.589231311381429423e-02 1.669408656729469975e-01 8.014117237026530116e-02 1.110299757639429952e-01 3.386845187841659999e-01 2.432215732331269864e-01 3.188617766491930183e-01 9.276632444790139376e-02 1.043705359580800046e-01 2.519925242570429935e-01 3.004441393167640029e-01 -2.042443752459109918e-01 -7.182750290491760059e-02 -1.137599860443480083e-02 -7.306692439743199541e-02 -9.958393211336130646e-02 -8.971783662285419403e-02 -2.539249190472679940e-01 1.252884308624130083e-01 1.168899951911560042e-01 1.423043700210460116e-01 -8.302641413644350210e-02 -4.815421090708289775e-02 -4.500265306445720009e-02 -3.108311037287090142e-02 -5.311075139873600026e-02 -5.020307679809869750e-02 -1.078384816182680062e-01 -6.074384949658900162e-02 -5.231027963010170118e-02 -2.446073494143720106e-01 4.798115747224609984e-02 1.958504178384120123e-02 -8.717158359491669617e-02 -4.400653976913600218e-02 6.972784075268459447e-02 -1.060602252687049968e-01 8.150079972886599411e-02 4.208303976616600134e-02 2.329655306519070046e-01 3.534031542305900164e-02 4.505359270663569782e-02 4.137756383018199868e-02 2.418728301853650120e-01 1.884215005611470095e-01 1.824760091946829865e-01 2.494620523505259868e-01 -3.202673739428970046e-01 7.866246835557400008e-02 -5.794055724517520323e-02 -3.998195831877709994e-02 8.589575896752629780e-02 1.990343957527060045e-02 1.206151641007630060e-01 -1.283050436392340066e-01 1.811603576643260050e-02 4.124915162970640287e-02 5.082680451310799680e-02 1.028423681145509971e-01 -2.049551895439120086e-01 1.473848513951479984e-02 -1.588798880933119939e-01 -1.928482802944279928e-01 -2.524764983050370101e-02 -8.030818409191529950e-02 9.036142761345369867e-02 -1.837917318967589864e-01 -1.700823085030860049e-01 1.544103484555980066e-01 -1.740067647643999960e-01 -3.100596518699820225e-01 -1.471352310615610115e-01 2.894403362027920049e-02 9.819132567385839214e-03 -2.335675382092810004e-01 -8.734873076830940164e-02 -7.685119458497509382e-02 -1.356018213957389980e-02 -5.377650512362620178e-02 -1.493668864036619970e-01 -2.692650333466209966e-01 -2.380614913451689907e-01 -3.507645128015159791e-02 4.319305314061459844e-03 -5.076777814652139870e-02 -5.086884337295399794e-02 2.017517430410440127e-01 2.235947707211559943e-01 5.087246282214340221e-02 2.042634091348400072e-01 1.229125208644639977e-01 1.388856002543210066e-01 -1.809377933751550038e-01 -7.804498462139529413e-02 -1.117832952933149951e-02 1.345375457798400065e-01 3.344213449551639711e-02 1.139115029803319940e-01 1.088337422958000067e-01 -1.783920770334060102e-01
-1.173040682770089965e-01 -1.729881032405379895e-02 1.940279275853049878e-01 -1.155028438736459967e-01 2.077618392867099928e-01 1.744191848175840054e-01 6.404032753359439889e-02 1.970836360516249885e-01 2.398973181196520088e-01 5.585541306511200288e-01 6.410787466609529917e-01 1.000000000000000000e+00 6.635825335884699694e-01 5.884268312235689802e-01 2.737170346952549904e-01 2.012268010709860055e-01 8.036719363660399518e-01 2.685653138058829992e-01 6.594576275332350024e-01 1.071609401770629993e-01 4.497016824239840060e-01 3.802670530621690137e-01 3.649962824202789835e-01 3.876180668685880182e-01 2.670282537876320084e-01 4.091790887174259761e-01 1.217296186167260014e-01 1.631735185222319973e-01 2.473560493885449962e-01 4.252263810202269734e-01 -1.001932380615830065e-01 1.855455758499870156e-02 1.218658830643229996e-01 1.279755741411139902e-01 8.726772682361900318e-03 -5.628700099969599809e-03 -1.402670691580830131e-01 3.018799941281479979e-02 -2.909286482847709895e-02 -3.361843261346549733e-02 -1.560486622117530087e-01 6.128431623242319715e-02 5.981165976559719988e-02 7.345246489374040143e-03 1.171111085211050049e-02 -4.622483002565360398e-03 -7.201422862117809465e-02 -1.023744870459550038e-01 -2.222801201622159883e-02 -1.476489055300450048e-01 7.878281071109190584e-03 -3.445105634581799997e-02 6.105270016291720024e-03 5.126260534768600080e-02 7.191255100739790684e-02 -1.181385519176469945e-01 -2.752852375292959980e-02 1.014388619938439914e-02 3.429399621388259933e-01 1.069588123889250036e-01 2.065184829887480034e-01 1.932028084270830115e-01 2.417370355507030000e-01 2.568814736878449745e-01 1.856511522281270032e-01 3.949128264574570113e-01 -2.325947168440460067e-01 1.457776060483670089e-01 -1.184216541545430046e-01 -1.111826229918660008e-01 1.294863328221420029e-01 4.341302837241240212e-04 2.425397110089810015e-01 2.545313248761910119e-02 1.554245188255649890e-01 2.368094712980650107e-01 3.516351831560540070e-02 1.880741345418540100e-01 -1.032674701490649966e-01 1.465006188845240087e-01 -5.489108145369699793e-02 -2.171299262048929923e-01 3.473008067319419828e-02 -9.736736494319679636e-02 8.595871282226709431e-02 -2.117298666882929947e-01 -8.096080527288659900e-02 5.584569581409490335e-02 -1.789997243562879981e-01 -2.188348507598300019e-01 -1.984027302158559991e-01 1.373320137452520018e-01 4.863097862963720180e-02 -5.702673719734670243e-02 -1.245021030016840030e-02 9.833113522123260175e-02 1.186011162246300016e-01 -4.733599490974139956e-02 -1.901576491374339928e-01 -2.766941163187400243e-01 -2.248392846327519901e-01 8.963551231685309983e-02 5.781147112560520301e-02 5.669680935069330158e-02 -1.182463352571619941e-01 2.796619486234480090e-01 3.115486557323119965e-01 6.564501376991699333e-02 2.514501269607439804e-01 4.439784546570219731e-02 2.154974093593640116e-01 4.677024756152169810e-02 7.119590455549740238e-02 4.259806455739530151e-02 1.910447977527859886e-01 1.769677903395729945e-01 -3.628166592506339855e-02 -1.029713385320910057e-02 -1.127003399201259998e-01
-4.978282339200409967e-02 1.871353885979000140e-02 1.259735710527910002e-01 -3.593591643099289940e-02 2.056423839792179964e-01 1.092633751625070038e-01 -3.789842976675549674e-02 6.882793348488719376e-02 1.192942835010700059e-01 3.441239997357860014e-01 4.061642077471849799e-01 6.635825335884699694e-01 1.000000000000000000e+00 2.640105839611809890e-01 1.506634724341129883e-01 1.578994116906519973e-01 5.065215027314400320e-01 1.443217182728940007e-01 4.152880276067910104e-01 3.681359839826400110e-02 2.484032178911629862e-01 2.303814322685819871e-01 2.307072430093169979e-01 3.404053576407359838e-01 1.287167055257119885e-01 2.615594838328300087e-01 1.519500334469839897e-01 2.458456798393910125e-01 4.596559582285059814e-02 3.755138575974260040e-01 -1.015250509477180069e-01 1.448528245476110032e-01 2.650962726654210178e-01 1.926274905646400137e-01 5.521384378668010157e-02 6.568842647822430332e-03 -5.180986526167880024e-02 1.662008644055530115e-01 2.439223458276220113e-01 1.455548440461540138e-01 9.318186043559370524e-02 -6.825177589395629851e-02 2.069383005200060022e-01 2.295168900817750116e-02 3.986297624650519955e-02 5.655578507945869908e-03 1.134318506285589973e-01 -1.128138541281969998e-01 8.743408310952089854e-03 -6.057258334541199690e-02 1.232481594236749939e-01 1.186506676456279968e-01 2.122017416132910006e-01 2.056253893285669987e-01 2.040342705781129917e-01 2.684584062630479898e-02 8.285731138289789688e-02 1.706852052231599970e-01 3.512816075738710020e-01 5.452540821428440015e-02 2.377882307051890076e-01 1.693925339528379870e-01 1.619022064041809872e-01 1.442099775956950103e-01 1.746055992461709866e-02 2.809706692295950159e-01 -5.305103142171149755e-02 8.641640363228479671e-02 -1.621055666112669880e-01 -9.006501654931139966e-02 9.680464926000620363e-02 -1.161311594148369958e-01 1.462387736987059983e-01 1.650219488748360108e-01 1.776579974159719910e-01 1.737170207568420055e-01 7.388896032433940608e-02 1.539572812354650100e-01 -7.698321510839739590e-02 2.283298296564280072e-01 6.342324698615039828e-03 -1.506402867696380043e-01 -5.202595830204059801e-02 -1.740486016929169988e-01 5.655942098704790089e-02 -1.420449829921520135e-01 5.969539370559410335e-02 2.073360026626009864e-02 -9.830334320505050572e-02 -1.071767601156209948e-01 -1.594791596740580131e-01 1.104257131283789967e-01 1.388684916902749866e-01 -6.123985142395550058e-02 7.193498970279660343e-02 6.801681795676280118e-02 1.329384703616859897e-01 -2.844526681212279987e-02 -8.729409475139619790e-02 -1.552201626204139928e-01 1.987553445309999875e-02 9.814571779910709337e-02 6.127431537639500131e-02 1.240191315483679946e-01 -3.320052649985640036e-02 2.247919028261279872e-01 1.976641409212460121e-01 -9.132258100701590164e-02 2.254816014642329891e-01 -1.239811888472030013e-02 1.294384191208499957e-01 -5.379206217113970123e-02 1.261546441466190049e-01 5.715185593059549790e-02 2.184062994438099869e-01 2.829657768730999834e-01 -6.601100973003229400e-02 -3.895147163844930177e-02 -9.867898188192680137e-03
