1.000000000000000000e+00 5.115212755538699474e-01 5.360738867589169843e-01 4.549318641393300111e-01 2.139010949485370128e-01 3.776735402190550261e-01 3.735026957571970230e-01 4.819455591905409952e-01 3.364192521680929859e-01 2.824241585616349970e-01 3.473457940302400182e-01 3.484756159169580259e-01 3.983271182351350026e-01 4.407400386988690189e-01 5.261139172764039973e-01 5.780465048172930276e-01 3.259816892871170158e-01 4.108201722281989987e-01 3.109654235346109852e-01 3.316488463349209770e-01 3.866548122313019920e-01 4.421995213528350233e-01 4.532857631856879732e-01 2.636174319520460108e-01 2.302697692887890057e-01 2.871308133714750022e-01 4.711406311766579980e-01 4.033545319572500176e-01 4.936630397196389852e-01 3.697769184448360114e-01 1.541194004564770126e-01 4.346832857578000198e-01 3.381400966490680227e-01 1.859408870021360127e-01 2.787549883176769772e-01 4.449478791464540062e-01 2.764431016396630136e-01 3.691268819584360150e-01 3.011749521304640242e-01 2.768680065324869988e-01 2.471900859654350135e-01 4.443222704583049687e-02 2.161821063612359983e-01 2.222212483559919960e-01 3.474347609278989890e-01 3.596716426704150149e-01 3.421613171323780178e-01 3.426924987967480130e-01 5.466142668932290061e-01 2.101572933431589962e-01 6.222258653638119696e-01 4.567492561330009915e-01 3.261485877106000131e-01 6.131293252114729947e-02 4.447210530532049733e-01 4.139042042113220132e-01 3.382910275510709885e-01 4.403577951985799821e-01 3.006555513789470058e-01 3.709340258834830095e-01 3.315294461812410276e-01 3.965131498899049922e-01 3.191072645973970223e-01 3.933640791556030081e-01 3.846222051799749742e-01 4.718439060638269789e-01 3.245717620608289944e-01 3.328008589618710045e-01 3.760006445403940023e-01 3.592980230779079798e-01 3.660249349220610071e-01 3.118172442065860195e-01 4.265854716870979835e-01 2.878079479508420246e-01 2.714736386665699830e-01 2.484136455415159872e-01 4.609385554840629839e-01 4.448684909460630110e-01 2.795434965088670065e-01 5.061709382627139764e-01 2.771121103984650058e-01 2.678550966206429962e-01 4.498900112740369939e-01 2.951722688809810258e-01 4.202968606809480145e-01 3.452080822518370229e-01 2.518273585528890135e-01 4.864473257328669753e-01 3.920235502699530028e-01 1.621174191303439982e-01 4.092420230337580067e-01 2.996823303239050107e-01 2.414706845819249992e-01 2.521564450621460174e-01 2.083541237352259934e-01 3.865497164326289758e-01 2.452580646633079897e-01 4.976331674753470269e-01 4.104471305088400190e-01 3.488013836612199881e-01 2.236760746190379900e-01 1.683928724973439983e-01 1.347036707872359962e-01 4.235365260738079840e-01 3.165552413855490244e-01 2.418639540345960126e-01 1.306750814473039979e-01 2.590679271312619769e-01 1.510682800154269922e-01 2.473288106888759941e-01 2.960964249390359848e-01 1.914148557883700030e-01 4.186944024424449906e-01 3.568227044358249778e-01 5.747407509428600347e-01 3.906315441602279948e-01 2.626279985307620191e-01 4.535360853732939845e-01 4.172014411292129799e-01
5.115212755538699474e-01 1.000000000000000000e+00 7.271658495489750074e-01 5.890903060079789588e-01 5.812671406118750106e-01 5.821587103213230474e-01 5.373731819686700106e-01 8.016379375063950041e-01 5.137249746767890146e-01 2.289076602619430079e-01 2.449608949640079969e-01 2.703108899565139778e-01 3.774570040670229831e-01 3.437066503234120218e-01 3.644261376165279787e-01 5.517336499037179820e-01 3.298128453595319809e-01 4.985986961620160196e-01 3.765613119236440043e-01 5.324848854755349636e-01 4.159848242552799946e-01 2.020893882077429982e-01 3.341355730795150247e-01 2.047614323839629935e-01 1.124130363030950014e-01 1.014655856349870044e-01 1.923108255429289981e-01 7.397971843469189346e-02 3.184482851421709948e-01 1.654890941407489990e-01 1.176156265750509938e-01 3.003472859623860236e-01 2.373445633144490030e-01 1.470547306609799876e-01 -2.925115308431440117e-02 4.332291809010530015e-01 2.283699610202150065e-01 2.906725017983309844e-01 2.046877147973490130e-01 1.462207521274180022e-01 1.247171092251120050e-01 9.549243073611959898e-02 9.259665965818729416e-02 8.342813380938579604e-02 2.591482115658320096e-01 1.648450315862919902e-01 1.106299489148309945e-01 2.081226315572719948e-02 4.670724623101190076e-01 8.352530138943399518e-02 4.291833019673629845e-01 5.587394730480199634e-01 4.339104259720529821e-01 4.318422233240329922e-01 5.314563813642469992e-01 4.150096618953659777e-01 3.321548624466800215e-01 3.759640898006330056e-01 1.800666708131329896e-01 1.495618092609179994e-01 1.879919341217929918e-01 2.329478566256109884e-01 1.508537136492330011e-01 2.709402629745680247e-01 3.468669474369360239e-01 3.779360823954909798e-01 2.712368523339769855e-01 3.217683341894579940e-01 2.731470271484370271e-01 3.556749333183900075e-01 3.988469320860479894e-01 8.879408481016219656e-02 2.074903488530659978e-01 2.065461139021229908e-01 2.925326626966480159e-01 1.417253187883299979e-02 2.385985540248199976e-01 2.267904644344529985e-01 3.516282418065260207e-01 3.554564840454810248e-01 9.287033821533570432e-02 1.112014582841189952e-01 2.711584699242229890e-01 6.319738529432310237e-02 2.270531933045739914e-01 9.038501628628370366e-02 7.459179752055129786e-02 1.267421465631609900e-01 4.267318927998500211e-01 2.086348905153480038e-01 2.830201751924539821e-01 6.678805940382730177e-02 1.992277182814390091e-01 1.723905292953910040e-01 2.779552590466730089e-02 2.575619884446920249e-01 9.639813018709539327e-02 3.140738012435049797e-01 3.840844758630109768e-01 1.565552664757950130e-01 1.635039641373839947e-01 -3.061732531880410110e-03 -9.387887867621330651e-02 2.863175531486760184e-01 3.770780157555850276e-02 -8.517281453859160134e-02 -1.195372801558099995e-01 2.558519627692050144e-02 2.055566471755779830e-03 8.279504288498369668e-02 2.308130339418089927e-01 2.833710082385200169e-01 4.888847664735390119e-01 4.857497784180400124e-01 3.919484179177760153e-01 3.577355220577180250e-01 1.781713087525189920e-01 3.862409801445120250e-01 3.722787994074869822e-01
5.360738867589169843e-01 7.271658495489750074e-01 1.000000000000000000e+00 4.209735612520459913e-01 2.555396712741390131e-01 8.311429100205439680e-01 5.553500101425770108e-01 6.239727008820520338e-01 6.448933388974319447e-01 2.341598910134269906e-01 3.001712023798269735e-01 3.369541538772509726e-01 3.509476837048080000e-01 2.602025435432330225e-01 3.424343403435309852e-01 4.951408993227550126e-01 3.032520364765060039e-01 4.052169000536630095e-01 2.020637259681550002e-01 4.362280730175099874e-01 4.899989281600110047e-01 1.458687262101920068e-01 2.171764361073340033e-01 3.520605584255490084e-01 1.474112334737339991e-01 2.848247136887889774e-01 2.988582322067480090e-01 1.564123794961559955e-01 2.490525745395170132e-01 2.126256599064630104e-01 1.262691177493600048e-01 2.196262083906390106e-01 1.258694921455089932e-01 1.178022682642749976e-03 -1.109652158539650019e-01 3.828347462835069992e-01 1.631399084919100129e-01 2.547095858474650032e-01 1.475200766385300066e-01 2.284538811628560040e-01 8.702547651618219166e-03 5.381681586873340167e-02 -7.906769454990300594e-02 6.532975251970950248e-02 1.332655353285570055e-01 1.832451631339110099e-01 -2.125156837619449936e-03 -6.814992835147690164e-02 5.304948735141310490e-01 6.574280706697689658e-02 4.947818119223280076e-01 4.401094118883570050e-01 3.304707358370579939e-01 1.965940806041210076e-01 4.315161520014150209e-01 3.409721436348620016e-01 3.170087438808780189e-01 3.566004792456899941e-01 1.168477989321909938e-01 1.416691981753940011e-01 1.984192459043259971e-01 2.089741199027480012e-01 2.699943307051980157e-01 2.175903750083690025e-01 2.239057508616869863e-01 2.614461970659390233e-01 2.254095254953470129e-01 1.971602560511989954e-01 1.272655886564280081e-01 2.606595004559310036e-01 3.287934475743979901e-01 1.207982343288769959e-02 2.251879480062450034e-01 2.012388620778179926e-01 2.197597442113659871e-01 1.736361426307710121e-01 1.883371323158659905e-01 3.462358751784980204e-01 2.445033571176719878e-01 2.375134729396730093e-01 3.362173613308790110e-02 3.929329344745070146e-02 2.153501823615049937e-01 -2.842597969322009990e-02 2.369826359610699984e-01 8.615441759683800660e-02 4.907622628918990176e-02 2.350175961295329907e-01 3.141164803129979921e-01 1.496353638471160097e-01 1.277740825206639952e-01 1.161805891997299972e-01 1.638840550402330121e-01 1.837760767905469994e-01 5.822622284490350242e-02 2.461303839449250075e-01 9.948919380632599563e-02 3.089446898534229935e-01 3.098195684856739907e-01 1.498117861783180016e-01 1.318667926442320115e-01 -1.732116277827090017e-02 -7.968803369089219601e-02 3.343114066989110178e-01 1.823609436589239963e-01 7.839958435416989613e-02 -1.496365253682000081e-02 1.054284345631559955e-01 -5.953631686880069690e-02 1.956666689517989888e-01 1.877662826479009894e-01 2.102727465592879874e-01 2.893526826131679885e-01 2.784926596276869892e-01 3.280424344211699816e-01 1.569587517911479879e-01 -3.312285850482250132e-02 2.457678613488170072e-01 2.799501217963140109e-01
4.549318641393300111e-01 5.890903060079789588e-01 4.209735612520459913e-01 1.000000000000000000e+00 4.311650058822579790e-01 4.235901322984069739e-01 4.072311190676279891e-01 5.451635273018640149e-01 3.837913592270210117e-01 3.074966977126910028e-01 2.278241273001480049e-01 3.109611191129370011e-01 5.636430669099159463e-01 3.860377582403919927e-01 4.800436258232820275e-01 5.401375176121390176e-01 4.519110709160990003e-01 4.134819930324600268e-01 3.715407374521100259e-01 3.983557438959269836e-01 2.290281463746670076e-01 4.371888094536139913e-01 4.841839390612819871e-01 2.620947798838300091e-01 2.234973909306340045e-01 1.622642084638659943e-01 4.390625049811199831e-01 4.042560445382339940e-01 4.099677876150920053e-01 5.026188205844159818e-01 2.347377784686960067e-01 4.277227774436799801e-01 4.828413712330369978e-01 4.048167366522800181e-01 3.897567293560469937e-01 4.048435797408190262e-01 4.319103794057280177e-01 3.682804526908720066e-01 3.449585843126289908e-01 3.001198036074789743e-01 3.176097844105890133e-01 2.448771327579160051e-01 4.135872829166620246e-01 2.601427180670369821e-01 4.421740652805979943e-01 4.467576972896569742e-01 4.460198783268060074e-01 3.929054607603950089e-01 4.594343405051150020e-01 3.151312578675209974e-01 4.056737428550449831e-01 5.096698769606750057e-01 5.148479838699270283e-01 3.828501353691319831e-01 5.040225757519890548e-01 4.007325265875589793e-01 3.028205469995219890e-01 4.208499755285269872e-01 4.389122039199799818e-01 2.159100420772059881e-01 4.554947384228000273e-01 5.018686069109250525e-01 2.818165164245819976e-01 4.097039806289830000e-01 4.503309663499169835e-01 5.270272031740269592e-01 4.068503568985449848e-01 4.027092053224389789e-01 4.651867693442460205e-01 3.563937699204079990e-01 3.439491655619220101e-01 3.746899194309299963e-01 3.695010062050940181e-01 3.515475752605790039e-01 4.233354403315710002e-01 1.948999265260769886e-01 3.735447069054019797e-01 4.399267371979739827e-01 4.375536796164070097e-01 5.343485681093249617e-01 3.574025857040920018e-01 3.617649754259200101e-01 5.246690135952699618e-01 3.226910797281389853e-01 3.834455426062700067e-01 3.825711436428150258e-01 3.078346154486050201e-01 3.981878022638239978e-01 4.140505170534860002e-01 3.287709859614290075e-01 5.440080947241210385e-01 2.970051631911480028e-01 4.385439416794080225e-01 2.560579721885010152e-01 2.160206271577169990e-01 4.286473486153999923e-01 3.308549366846709749e-01 3.888312694206599862e-01 3.662461030092539760e-01 3.361768046597060078e-01 2.970026952869729842e-01 2.308104053656820087e-01 1.940947182665009874e-01 4.021332678867919896e-01 2.746728731261159906e-01 7.335611726482600681e-02 1.052583104410639986e-01 7.603798785788019876e-02 1.613440907957489900e-01 1.806853001597709951e-01 3.204450517099329820e-01 2.769936655124449754e-01 6.955774277185430288e-01 6.429905226420320474e-01 5.606304116787179659e-01 5.613402848096229469e-01 4.716103157876970209e-01 5.749954050058310173e-01 4.802986773682240140e-01
2.139010949485370128e-01 5.812671406118750106e-01 2.555396712741390131e-01 4.311650058822579790e-01 1.000000000000000000e+00 2.400499520730099978e-01 3.666965285467220226e-01 3.651582375040869910e-01 2.982842252580419906e-01 1.314499309791579973e-01 -1.203712397102300047e-01 -1.441337883411780013e-02 1.084740485696019940e-01 1.919384521711750002e-01 1.713261618414539944e-01 3.864395672805019943e-01 2.293138052961440077e-01 3.927524393078610232e-01 3.494905833663570216e-01 4.319663518924479750e-01 2.069023532790799924e-01 6.824543559216719735e-02 1.258502203100060057e-01 7.068804145549309470e-02 -1.905035388579610078e-01 -1.259315770124599942e-01 -1.103103892303059982e-02 -1.477580715966949898e-01 1.689300040367079925e-01 6.938527613003629690e-02 1.217021337929009989e-01 2.245655168841060034e-01 3.025965999811189855e-01 2.347181609381600031e-01 -6.704706697543570161e-03 2.730786312024879869e-01 1.362010758934429910e-01 1.926627628710119999e-01 1.182675802599130049e-01 8.616010776354479650e-02 1.472749439680119954e-01 -6.731595515977999850e-03 2.297543054248969985e-01 -4.670100649585300079e-02 1.840029670950620033e-01 6.752753218528520507e-02 3.276467041870449737e-02 5.346270960018689733e-02 1.585824790562870013e-01 5.877317241797849756e-02 2.629801934502649929e-02 5.564841635105339801e-01 4.489432032548860141e-01 7.923443525299349588e-01 5.291555376662939736e-01 3.344733979879270236e-01 1.835500244063409947e-01 9.368801752780009373e-02 2.745769371250770252e-01 4.777090416167099896e-02 2.360849496433639894e-01 8.884650526438779561e-02 -5.535026677259360234e-02 2.303532042853199957e-01 3.731796709784540034e-01 3.461791375655819958e-01 2.858462609778439911e-01 3.182414306274600202e-01 2.525147105353680033e-01 3.960232622579940021e-01 3.646660198415179743e-01 -3.517294019953159934e-02 2.304705299558660117e-02 6.363995572938510592e-02 3.538757538073989961e-01 -1.858521081274759901e-01 1.627541816433180077e-01 5.370304607664930230e-02 2.686201004072519827e-01 1.463461516313220023e-01 1.926240957359449946e-02 1.842102991128879985e-01 1.803020922710789897e-01 1.177435984862110034e-02 -5.064584470556030352e-03 -7.581092909049690076e-02 -4.405419000445290334e-02 -1.572450188304879981e-01 4.186801993596699911e-01 1.772356726217909906e-01 2.822476951589710237e-01 -1.582559832113639986e-01 2.978270376417509885e-02 -5.068740705490949738e-02 4.917184210426459902e-03 9.067594264598090315e-02 3.440482748668299839e-02 1.489382172101960111e-01 3.443400226229439975e-01 1.792748166184240100e-01 -1.820662866241649913e-02 -1.428744947969320112e-01 -1.181521507057560066e-01 -2.007012079212210087e-02 -3.476404320611269916e-01 -3.928350900781880095e-01 -4.136198279647820275e-01 -3.363787702476500052e-01 -3.911076449375180258e-02 -3.153944164059689914e-01 1.430827149556289923e-01 1.218005457592860052e-01 4.684312835608550052e-01 5.886174698660370241e-01 3.744563692389200060e-01 4.947791432960629843e-01 1.897435419358609876e-01 2.918379892133249887e-01 3.564998767179530237e-01
3.776735402190550261e-01 5.821587103213230474e-01 8.311429100205439680e-01 4.235901322984069739e-01 2.400499520730099978e-01 1.000000000000000000e+00 6.096372743565100505e-01 5.045161729184669541e-01 8.397604997478349542e-01 3.448822642926219761e-01 3.687670798825339880e-01 4.068753042039490175e-01 3.869490208967980016e-01 3.063464899113059747e-01 3.752505240983650125e-01 5.333824752712209571e-01 4.146053474609969758e-01 4.713724774672239937e-01 2.373689084710980113e-01 5.905130739648379867e-01 5.627169621944939637e-01 1.815443499023889906e-01 2.905174446013020217e-01 5.040809460573529854e-01 2.727341607046550043e-01 4.001302082569360152e-01 3.985617772027850170e-01 2.222850134390869925e-01 2.896447613593730042e-01 3.560961613201300002e-01 2.558011870137439914e-01 2.570451330626200015e-01 2.005824188097679872e-01 1.087024812724940032e-01 -7.285825980745390396e-02 4.583984553908819759e-01 3.121810525249810175e-01 3.593927566836189746e-01 2.449057199140969865e-01 3.872475951365810243e-01 1.108391958946900041e-01 1.765614293687889913e-01 -7.114500542622839707e-02 1.054094148194389957e-01 2.304204349192169876e-01 2.603624889225489847e-01 6.936313293951509862e-02 -4.088128243270140044e-03 6.801610285720109950e-01 1.934978042298959866e-01 3.921983532971780040e-01 5.008429100439539816e-01 4.095986715633230246e-01 2.799973499067189842e-01 5.260898436648320242e-01 4.523017882860400074e-01 3.134525032097760233e-01 3.981938654548979883e-01 2.199098158018190086e-01 1.423763180861770117e-01 3.304645509538369774e-01 2.908429179299800160e-01 2.710217264814069882e-01 2.745456827763870233e-01 2.273834089006339931e-01 3.631941280286850038e-01 3.170614824386570052e-01 1.687246106592240058e-01 1.213993032088149931e-01 2.593919069066150107e-01 3.453835619911109767e-01 4.336945126923229948e-02 2.655393837889680198e-01 3.126550651727479924e-01 3.142349935032069941e-01 2.808669304207869755e-01 2.727366377353179772e-01 4.123492257634510105e-01 3.283974803531919950e-01 2.700388327468479788e-01 7.756406368290659492e-02 1.100698302531649964e-01 3.146535786117979905e-01 5.810895474795729591e-03 3.215943943497859836e-01 8.703872051953340239e-02 8.902906399024730633e-02 2.699693174718649780e-01 4.124503150142230234e-01 2.540120933400549785e-01 1.370026073524840127e-01 2.428263034731190095e-01 2.848691995591879911e-01 1.988935045503679999e-01 1.493256474891599961e-01 3.107038174490520110e-01 1.966353404303489982e-01 2.984753510700650092e-01 4.285187150362320119e-01 2.517885543220160227e-01 2.483769204554719945e-01 3.963844054491350022e-02 1.147066955063229948e-02 3.123933184061130075e-01 1.154871045303870053e-01 1.763855889895760143e-02 -2.506144993697029949e-02 1.006509488711700012e-01 3.406873709978380099e-02 1.405777131847160133e-01 2.443863569784829881e-01 2.100264791860750047e-01 3.659490322128389761e-01 3.837810040833100067e-01 3.529523336028980163e-01 2.085262441295210045e-01 2.619565700480270057e-02 2.948167913886149960e-01 2.824615686941370218e-01
3.735026957571970230e-01 5.373731819686700106e-01 5.553500101425770108e-01 4.072311190676279891e-01 3.666965285467220226e-01 6.096372743565100505e-01 1.000000000000000000e+00 5.845132528914960268e-01 6.861994459002830338e-01 3.533432673901940047e-01 2.921523664291890143e-01 3.902521451329459823e-01 3.039502790941279731e-01 3.571150858664289829e-01 3.907217578757690157e-01 8.079031403195490180e-01 4.819643922097739952e-01 6.876334893703740514e-01 3.899769346025049876e-01 7.090901541104129846e-01 6.048517442387909560e-01 3.129494441669830040e-01 4.075863668408539753e-01 5.092795587022059811e-01 1.948297366230259953e-01 3.927947806604800141e-01 3.292995168692839925e-01 2.111523744609090092e-01 2.879322537240630031e-01 2.842730451604419950e-01 1.865877094635320088e-01 2.737439970158490055e-01 3.313101336780689965e-01 2.258499211104030013e-01 7.739810190312919336e-02 5.111971484321850001e-01 3.041600299406890251e-01 4.423950845194309922e-01 3.769887497558380152e-01 5.891924953332029480e-01 1.926053694514960057e-01 1.070419961605789949e-01 8.717861254689669714e-02 9.745025723860969991e-02 2.478639198075069938e-01 2.163318945827570061e-01 1.906348591458620068e-01 1.057486975413960001e-01 5.020699000328300299e-01 2.993311492002200258e-01 2.674527744095990256e-01 5.902081638290389565e-01 6.236069129651590215e-01 3.097847104639360194e-01 5.043795523801239966e-01 3.474382908843899886e-01 4.380872284713460130e-01 4.315717813887209875e-01 2.902889015445029863e-01 1.474791740766679959e-01 3.344837924544489804e-01 3.453697241845529731e-01 2.418419019944549886e-01 3.639124202676120023e-01 3.955535469410160210e-01 3.920006766464639858e-01 3.822875857270279787e-01 3.211841089528760240e-01 2.209757373414970028e-01 3.671828889418459752e-01 3.843085357555410253e-01 2.313670541688830073e-01 3.163372333233019917e-01 3.934119403392959957e-01 3.864922729521430012e-01 1.728610300030679892e-01 2.485934854616730083e-01 3.258359914403869961e-01 3.258690292651200138e-01 2.966514806898399859e-01 1.524078212789639897e-01 8.609608026802449687e-02 2.817998570075719855e-01 5.798706202622579825e-02 2.098942593382639998e-01 1.979983718638479995e-01 6.102461998545700289e-02 2.474760172805859915e-01 4.668454393857709994e-01 2.747763452195969847e-01 3.009963597615260000e-01 3.154212844697409923e-01 3.283562106161290184e-01 8.658456492680180472e-02 1.798105161651679940e-01 3.303458190439019782e-01 2.445494491208750065e-01 3.388837897075079875e-01 3.091525130583530068e-01 2.422368666114239899e-01 1.207041839237739944e-01 -1.686735469066470011e-02 -2.223097240566970084e-02 1.825702565195609917e-01 9.010094710331170362e-03 2.732966873219620091e-02 -1.831252075930319967e-01 8.634259888964769536e-02 -1.782638346623340031e-02 -8.663026093965879235e-03 1.771703771578050091e-01 1.346649889745369921e-01 4.261513335993030172e-01 4.169569601390940017e-01 3.968346262417020154e-01 3.828089385478000151e-01 -2.094391889332760173e-02 2.919084864660360101e-01 3.480595757443010196e-01
4.819455591905409952e-01 8.016379375063950041e-01 6.239727008820520338e-01 5.451635273018640149e-01 3.651582375040869910e-01 5.045161729184669541e-01 5.845132528914960268e-01 1.000000000000000000e+00 4.455069779981070122e-01 1.246214316606390066e-01 2.820725469608200142e-01 2.444112122001080023e-01 3.038255375683079906e-01 3.290073624727130053e-01 3.284979927303000036e-01 5.621325382479880339e-01 3.444340646836980269e-01 5.552916647715729903e-01 3.443112170083130197e-01 4.135816342148659897e-01 4.979656297125569786e-01 2.727412224291529963e-01 3.922076353164570262e-01 1.585419390795690109e-01 1.146417278677469981e-01 1.572115276639090009e-01 2.568772226438070239e-01 1.363531087214140125e-01 2.259761696389359920e-01 1.343847523708210090e-01 4.421323747333640031e-02 2.503917058552910246e-01 1.399943369896320122e-01 4.268043960610150289e-02 5.492328423250190418e-03 2.985673256618929794e-01 1.677195095599779973e-01 2.365264974279399912e-01 1.698649674055079939e-01 1.355996456026639929e-01 2.039412999566540211e-03 3.447263960686489798e-02 -5.329720226656600203e-03 2.100274455659489892e-02 1.579940676280479905e-01 1.650372631185209882e-01 7.548914490610010575e-02 5.819776696692920137e-02 3.159661249196870081e-01 -3.749552299917190135e-02 3.622974388181389727e-01 4.307578188158069921e-01 3.684452080082589731e-01 1.328675303322560119e-01 4.706723191856789779e-01 3.214891867094890054e-01 4.458004435872510163e-01 5.371636226111250467e-01 1.095153468003439989e-01 6.073058536932460227e-02 9.098063321695500083e-02 2.740024364454859973e-01 1.782794116112410010e-01 2.056526337464439913e-01 2.738385983073429730e-01 2.284580445786069947e-01 1.293232243090249867e-01 3.215406281740429972e-01 1.618180087538879930e-01 2.113421780520730042e-01 2.350233865688660106e-01 1.707061005256479969e-01 2.138078526565360127e-01 1.949389421454489901e-01 1.962642921648360128e-01 5.048901636613149779e-02 1.768685257567139957e-01 2.250076119562179899e-01 1.793324926501299876e-01 3.218886324722159964e-01 1.128919903794479984e-01 -6.249370379866780317e-02 2.109655947805189891e-01 4.753786394199119997e-02 2.509326344050710200e-01 1.042583850869930051e-01 -2.168117219905939946e-02 1.786748142140340001e-01 2.850653302657509824e-01 1.214994086918380067e-01 1.892803194747429973e-01 1.216746554876390052e-01 1.808243239227899923e-01 7.544326305676929412e-02 -1.723437976359220008e-03 2.216980201802390138e-01 1.538628662401519964e-01 2.494657245894019992e-01 2.102637236095900031e-01 5.377100641779990198e-02 1.750084867491620011e-01 1.489053070974800108e-01 -1.327334518441230030e-02 3.059604645631159858e-01 1.466809963768589964e-01 1.001063691509779946e-01 -1.363944212736080061e-02 1.576684692425049938e-01 2.298940316534910100e-02 1.398319662027449894e-01 1.777413085176169916e-01 1.902644455509669985e-01 4.074001448660710123e-01 3.048419093025079851e-01 3.096711341898509828e-01 2.615415380849079874e-01 1.732622910327009935e-01 3.177678887414239761e-01 2.716502096815380241e-01
3.364192521680929859e-01 5.137249746767890146e-01 6.448933388974319447e-01 3.837913592270210117e-01 2.982842252580419906e-01 8.397604997478349542e-01 6.861994459002830338e-01 4.455069779981070122e-01 1.000000000000000000e+00 3.945490421815269766e-01 2.802284342003319995e-01 4.386841558389270035e-01 3.784632078913939823e-01 3.445446409601969906e-01 4.599482121183209871e-01 6.507878408309010210e-01 4.939783428160089973e-01 6.242313362039649816e-01 3.471465506037860194e-01 7.625778437557010347e-01 6.644315780531699911e-01 3.005604172783969963e-01 4.030332147730010250e-01 5.034518735062639694e-01 3.710234520389469881e-01 4.485138339791640005e-01 4.250871598029120069e-01 3.316918219241919985e-01 3.957937090538369840e-01 4.153844565764239771e-01 3.772072358087950050e-01 2.795571129622470008e-01 2.976045511387290232e-01 2.814386063882030053e-01 5.958095815188069883e-02 6.470159075307779784e-01 4.332509936624570068e-01 3.852881399413419783e-01 3.148015552537830053e-01 4.793567498056909848e-01 2.247350894408370048e-01 3.569222301789080065e-01 7.884551166629839847e-02 2.331535123285209954e-01 3.566637453158900128e-01 3.815445318160710086e-01 2.152119027897519965e-01 8.561728412027290458e-02 7.029064525315460443e-01 3.609460465596709966e-01 3.212366204274649806e-01 5.660507652770020437e-01 4.853493818717259933e-01 3.685114028032400180e-01 5.352552457247780060e-01 4.110060241365079969e-01 2.841636188966469856e-01 3.778067869413169744e-01 3.146256990708860002e-01 1.412141637264689997e-01 3.684800185787879823e-01 3.387285910827679825e-01 2.601243687545650163e-01 3.178469430828880227e-01 2.904415319845459753e-01 4.688275587463889837e-01 3.940784011061669867e-01 1.905376041188260039e-01 1.976503743252709944e-01 3.213931802364830004e-01 4.510109717925119832e-01 7.401307485973719624e-02 2.889807867603519931e-01 4.337604820220740121e-01 4.060394053567120132e-01 2.744048464070499849e-01 3.346203463260000177e-01 4.430513328860620215e-01 4.145289896243680161e-01 2.684648246901170099e-01 1.166189493874419947e-01 1.948017434264409931e-01 3.685142285823809760e-01 4.748747146083240334e-02 3.281641663959750099e-01 1.849362996690399885e-01 1.513634672902479938e-01 3.277433969989150264e-01 5.119196924689379813e-01 3.028864053977919912e-01 2.009196979627309865e-01 2.351052152267739948e-01 3.546218005013320185e-01 3.171198204196269965e-01 2.523181061546819759e-01 3.880413970244709909e-01 2.906300343533900210e-01 3.087679434758550112e-01 4.639685524424759788e-01 3.596727151481610152e-01 2.179418521359879901e-01 1.121952211631530028e-01 1.182246868173460058e-01 2.643084553228520206e-01 6.279080211773489795e-02 -7.535212760747459559e-07 -2.483040566476900010e-02 1.848568702417709986e-01 2.391406618175629870e-02 1.655014127899079868e-01 2.628568520287620225e-01 2.467923012524179949e-01 4.311432401085339983e-01 4.591506896273109817e-01 3.386747323857640102e-01 2.939595513432480267e-01 3.695191555439499703e-02 3.672496021258639942e-01 3.718985591989920070e-01
2.824241585616349970e-01 2.289076602619430079e-01 2.341598910134269906e-01 3.074966977126910028e-01 1.314499309791579973e-01 3.448822642926219761e-01 3.533432673901940047e-01 1.246214316606390066e-01 3.945490421815269766e-01 1.000000000000000000e+00 4.825023004689700246e-01 7.476807073029200224e-01 6.222585217925959977e-01 7.332485289397709938e-01 6.329836456477929696e-01 5.671924098267799863e-01 5.790255512601359955e-01 4.401839579659009849e-01 5.662129827222009970e-01 4.703764506602020057e-01 4.343197634821719944e-01 4.441744213111680217e-01 5.285567154201600282e-01 5.614349675574930032e-01 7.023005859275690543e-01 3.966104977929569841e-01 3.905219818388280251e-01 4.547276776642780183e-01 2.122324889146040006e-01 5.027398216226319771e-01 4.353436216323730013e-01 4.071820371479740186e-01 4.835620867332339756e-01 4.223362280808979907e-01 2.684916261820500250e-01 4.080137903933689913e-01 3.765758652410839957e-01 6.193244461545479584e-01 3.915151713652019749e-01 4.859310069961980116e-01 2.560503089589780124e-01 3.269867504288310189e-01 2.543342232750229748e-01 4.525484930140489803e-01 3.742314107155529923e-01 3.965005771569229953e-01 3.467665593100219823e-01 2.918333493583289973e-01 4.288343267309259743e-01 3.642996077140699951e-01 2.577495517468800235e-01 4.299908300009749884e-01 5.358071663411759777e-01 2.438033496310290094e-01 2.937531918896459926e-01 2.201982399348000052e-01 2.281066659718730127e-01 1.788955983165859964e-01 6.913466031821720037e-01 6.055298442503199707e-01 6.211710231984930441e-01 5.566518452268840456e-01 4.452866033376989829e-01 6.598704692959489471e-01 5.529903257355499591e-01 6.698299170329660157e-01 4.777850762339230228e-01 4.583623091297059915e-01 3.488731907338519789e-01 3.520085122742119821e-01 5.136672805295530164e-01 4.355696749504319731e-01 5.427050510116330218e-01 5.351841942366060145e-01 5.536594735392369460e-01 5.307255868478409910e-01 3.279434300929249813e-01 5.183197233573410001e-01 5.409410640492390288e-01 5.555317995134489983e-01 3.036554496122960134e-01 3.067555012927549729e-01 4.853161713689270185e-01 3.134760483803780140e-01 4.416119322072429854e-01 3.865071107248350124e-01 3.158261689441970166e-01 3.250453408789210075e-01 3.725876898501859769e-01 3.581621106490119888e-01 4.610894268365959836e-01 5.660181768348709896e-01 4.661119978830989830e-01 3.724745387746999925e-01 3.957991181239239875e-01 5.545354272010220020e-01 4.279515805690750074e-01 5.029592420801970443e-01 2.594937484305709918e-01 4.243047620870640246e-01 2.619951323574760127e-01 8.285806063411579880e-02 2.098622350092090028e-01 2.793742074157580246e-01 2.514958203965579897e-01 2.602928905152829819e-01 2.380110013316840134e-01 2.127114544937890039e-01 1.418643976268099960e-01 2.178350277817970027e-01 3.945114648917960043e-01 2.704785114954760261e-01 4.523333511573360277e-01 4.693194527826959894e-01 4.009551784340000258e-01 3.454973217978860034e-01 1.884338179878400077e-01 3.799615845483410026e-01 4.549934649230499839e-01
3.473457940302400182e-01 2.449608949640079969e-01 3.001712023798269735e-01 2.278241273001480049e-01 -1.203712397102300047e-01 3.687670798825339880e-01 2.921523664291890143e-01 2.820725469608200142e-01 2.802284342003319995e-01 4.825023004689700246e-01 1.000000000000000000e+00 6.202862092113240466e-01 4.891590303735530165e-01 5.748390395023309507e-01 5.042568748505920073e-01 4.402822379074849968e-01 3.720296982376610218e-01 3.158272021237499838e-01 4.041125574150339905e-01 2.747692851010690163e-01 4.333801968459159992e-01 3.640885578592220062e-01 4.100217634556619917e-01 3.573384568264659777e-01 4.638302780816340176e-01 5.104091439234530458e-01 3.972943559368770083e-01 4.571604391754610086e-01 2.944427882993320145e-01 3.878417600597440229e-01 2.616368390861890103e-01 2.960928910472139797e-01 1.963454182253590030e-01 1.505359146847659868e-01 1.199639435002440024e-01 2.408942216635860112e-01 2.843036494866160169e-01 2.444861450611829912e-01 1.014649527948150026e-01 2.451459182531320058e-01 8.254023257488779519e-02 1.676809330711560020e-01 6.666114644935479394e-02 2.786328358249640091e-01 2.096741243460500115e-01 2.477899120023250024e-01 2.088970237565709875e-01 1.961384760786309966e-01 3.888522080030710204e-01 1.998135103364460097e-01 3.680348141558419939e-01 2.535898483986330221e-01 2.913640782076140079e-01 -8.518824472040779916e-02 2.313634136522469964e-01 2.191103185326709890e-01 2.490085329658940083e-01 3.745961500839469771e-01 2.451934691821290035e-01 3.081535286456150158e-01 3.697077286821600084e-01 3.732765103182409949e-01 2.103636800141940044e-01 2.999000714558899827e-01 1.869369771046119899e-01 3.918158560723140060e-01 2.432906229979500123e-01 1.493898551678289888e-01 7.013942203584129509e-02 1.222973551453010038e-01 2.604019012812610057e-01 3.394773714630729966e-01 3.269149269921080014e-01 2.933929705008549993e-01 1.963324471679749883e-01 4.367210612329909813e-01 3.443510826185989804e-01 4.364332991500959880e-01 2.856311344394409923e-01 4.341205889797180029e-01 1.582060021370469971e-01 6.601101378283509569e-02 3.169053971888770027e-01 1.435804236513689991e-01 3.198379870066189734e-01 2.566844468135019985e-01 2.703584712436870041e-01 4.383785734285989832e-01 1.895359966431260090e-01 2.427491976301469900e-01 2.640679911383200240e-01 4.742653091272179822e-01 2.978787132433989848e-01 2.140500095364260003e-01 2.147281807747540017e-01 3.456812460741719994e-01 2.596532897663130224e-01 2.705412989274639801e-01 1.957404951691089912e-01 2.276414919921790070e-01 1.996626544918490009e-01 2.438101683796680130e-01 3.046128748492910043e-01 3.407365023301759943e-01 3.784155747493260225e-01 4.828339109177470223e-01 3.134745189790599795e-01 3.496262375865260008e-01 5.671854260326499725e-02 3.598950921120129820e-01 3.026115704185379784e-01 1.450273239331379971e-01 3.178824850089350118e-01 2.196517065109589995e-01 3.584354226055310177e-01 1.724740547554640124e-01 1.710140638503230004e-01 2.871671561533929995e-01 2.549201739846819748e-01
3.484756159169580259e-01 2.703108899565139778e-01 3.369541538772509726e-01 3.109611191129370011e-01 -1.441337883411780013e-02 4.068753042039490175e-01 3.902521451329459823e-01 2.444112122001080023e-01 4.386841558389270035e-01 7.476807073029200224e-01 6.202862092113240466e-01 1.000000000000000000e+00 6.602784817512979965e-01 7.204820074863510504e-01 5.937300771667229915e-01 5.516516410928330449e-01 5.854206069785480304e-01 3.710624758363029740e-01 5.565463503801889589e-01 3.644227777563889825e-01 5.215579045687650517e-01 4.965690247040990268e-01 6.255151781925909482e-01 5.135827302150359763e-01 7.392294269403639762e-01 6.704932289573000137e-01 5.278013864514830011e-01 6.043462495997420358e-01 3.039372833556249764e-01 5.570922088145370266e-01 2.923882413590619955e-01 4.093483920866829995e-01 2.885962917711940023e-01 1.954453761145550084e-01 1.818846511002470134e-01 3.630952761904340242e-01 3.263402954432960135e-01 4.672828420149630069e-01 2.169776598543159962e-01 3.663317748447350031e-01 1.292734204213450040e-02 3.554217116443689761e-01 3.711578400713100301e-02 3.969296311840400104e-01 2.396747543201319941e-01 3.262469661465550175e-01 2.001972306376119948e-01 8.750165496074560623e-02 4.210679510889360211e-01 1.910667027825160014e-01 3.416871704582870040e-01 3.312476300442009913e-01 4.566578286776269979e-01 -1.043746721546909978e-02 2.211226864481030119e-01 2.134170537134330026e-01 1.718319415794430094e-01 2.839150853630389992e-01 5.208894486045460015e-01 5.358517740437830357e-01 5.503919263716859911e-01 6.191532043847249867e-01 5.084669218882500452e-01 5.937551877700999459e-01 4.361778104924189936e-01 5.920399768304529520e-01 3.632297026832089770e-01 3.875375790949630028e-01 2.510722951072499876e-01 2.160377404452059891e-01 3.904414501518470026e-01 4.861734899061280202e-01 5.461151312186960372e-01 5.173999488794169821e-01 4.941093004041379744e-01 6.479406153845900240e-01 4.334325312953780096e-01 6.162192123010280520e-01 3.739992175984159783e-01 5.541209015106679514e-01 2.550558925374650232e-01 1.502026364077800047e-01 3.420379574291799729e-01 3.025481890521219963e-01 5.294718143047649761e-01 3.785272247113080080e-01 2.949697357892219762e-01 4.815751822120660219e-01 2.565192869130309972e-01 2.170651988551229872e-01 2.940964428646909989e-01 5.674490447621870493e-01 4.664377124427290244e-01 4.277044658127580057e-01 3.584061309025650122e-01 4.808550650552019801e-01 3.519439000449839927e-01 3.806491665488270226e-01 1.938854316845000092e-01 3.148594939825800076e-01 2.898603543919099912e-01 2.286940032525320021e-01 3.066662382245879948e-01 4.213462597733300119e-01 3.335903025685160173e-01 5.016650139260899754e-01 3.370178851714459856e-01 4.272077001907860216e-01 1.833161730464019923e-01 4.371161158191870233e-01 3.263473145319760182e-01 2.748270073452859785e-01 3.775859344641290249e-01 3.229415633638380023e-01 3.567991139628080011e-01 2.438455815286930117e-01 1.477417246371970083e-01 3.291689480056430028e-01 3.302268292582319908e-01
3.983271182351350026e-01 3.774570040670229831e-01 3.509476837048080000e-01 5.636430669099159463e-01 1.084740485696019940e-01 3.869490208967980016e-01 3.039502790941279731e-01 3.038255375683079906e-01 3.784632078913939823e-01 6.222585217925959977e-01 4.891590303735530165e-01 6.602784817512979965e-01 1.000000000000000000e+00 6.287579804393820249e-01 6.401460150326360177e-01 4.788153504259720084e-01 5.587252960459260231e-01 2.940961940384069773e-01 5.428801375681769903e-01 2.900336435469469953e-01 2.686984620315159833e-01 5.869658099936250206e-01 5.555694909306260199e-01 3.670179268280739926e-01 5.286595595434600003e-01 3.978515610685450232e-01 4.658101561963099990e-01 5.383585538191220099e-01 2.993267645894739926e-01 6.249732322928930328e-01 3.422125630310099975e-01 4.768164494049270119e-01 4.657334046163150165e-01 3.259134929895520227e-01 3.504450154989640076e-01 3.503534005480489766e-01 4.923912148093749774e-01 4.460983683726699733e-01 3.289782532716810093e-01 3.146206666090680115e-01 1.948448523928839882e-01 3.403863833963730046e-01 3.027954622368980164e-01 4.226242191650029789e-01 4.434569853068339729e-01 5.082351136470220077e-01 3.810317641433220159e-01 3.620677786096799800e-01 4.650032526345230233e-01 3.226914395663880164e-01 4.472532418976259971e-01 3.984537264119529798e-01 4.704566868545150271e-01 1.570193974307330098e-01 3.396797405112130241e-01 2.896768447631770105e-01 1.722451919464650094e-01 3.253437937260900137e-01 6.181134470771979528e-01 4.692492793549110086e-01 5.868722540216400052e-01 6.523334257065660502e-01 4.879341840132300212e-01 6.269119741176170102e-01 4.770554452867449835e-01 6.293120398500829937e-01 4.674343294425439832e-01 4.064692463103000142e-01 3.716363923493239962e-01 2.825906755932510173e-01 3.901726578062409967e-01 4.167408717594630052e-01 5.497799176171179747e-01 4.565262196773570147e-01 4.647297229845919753e-01 4.792954777597390192e-01 4.571928800791990044e-01 6.381572494306020360e-01 4.391926149175959804e-01 6.333651466510960004e-01 3.375073392262439853e-01 3.219161306427030245e-01 5.470511433622530229e-01 3.889755652287250065e-01 5.295906949747529735e-01 4.699716737121439891e-01 3.144170602017690164e-01 5.750734317958769992e-01 3.362893305034799774e-01 3.566878244778730056e-01 4.970455883429399924e-01 4.724150858184439916e-01 5.180791484028609561e-01 3.042239356428679820e-01 3.650501150896739988e-01 5.723362148866519838e-01 4.704821833471229953e-01 5.477742576304980293e-01 3.255614548309310186e-01 3.705513055207499962e-01 2.274248230978880014e-01 1.901159294375779907e-01 3.027142190627910012e-01 3.734189425190210243e-01 3.845140130307390103e-01 2.673836463711750100e-01 2.117059298951800006e-01 2.278766976112319986e-01 9.176798689305450119e-02 3.483890875572520085e-01 3.696680008059720079e-01 2.895606345934300108e-01 6.048970690187640553e-01 5.801156488319729743e-01 5.312252473581620116e-01 4.479263879304830054e-01 3.329608331279029776e-01 4.756450175509789879e-01 5.354177459347779777e-01
