1.000000000000000000e+00 4.539716157170829991e-01 6.033015629034319538e-01 2.476478082710490136e-01 3.915307412654159824e-01 4.752425045005799764e-01 2.587476528765840222e-01 4.008997817525660201e-01 3.243066371408709903e-01 -1.098129710448090060e-02 1.822344865194699959e-01 2.019938433566699845e-02 1.269387512711339927e-01 -1.889948385406490031e-02 1.916546104462970024e-01 4.881873938049929862e-01 -7.969076806760519438e-02 3.022466728385629908e-01 -8.255746317924679556e-02 3.070678292013649946e-01 5.983167459427619905e-02 -4.040277264004060037e-02 1.504832757486470052e-01 -1.178338636044529986e-01 3.686932530512619932e-01 2.345224257202440099e-01 1.202860934840239981e-01 2.881502970254239959e-01 2.229349764805750034e-01 8.169225184100649406e-02 1.079442308452920052e-01 3.346323362575139848e-01 7.159954856624180242e-02 8.016948969463490171e-02 1.448099618549729961e-01 3.197559984593870142e-01 2.350477012612030014e-01 3.076234276030919909e-02 1.542295530941550051e-02 6.482274183608349727e-02 -6.015766161962540076e-02 2.550965188920909996e-02 -5.946585475092749928e-02 2.180151235963730116e-01 2.073870359381209949e-01 5.097418065811430005e-02 8.420121556801470064e-02 1.930641547261920110e-01 5.328633166479019856e-01 1.804593706721729918e-01 6.541080417539589797e-01 4.380586554130159738e-01 1.266886088345499928e-01 2.800853362394479795e-01 3.919500598867520225e-01 4.739100720042619952e-01 2.329459027095729939e-01 3.200681409648479803e-01 2.382518139484119946e-01 1.714821661194710078e-01 1.761170865949359954e-01 2.187421348889249939e-02 1.485426343770560043e-01 8.123663523539779996e-02 5.182584303893860225e-03 2.179469085169349896e-01 1.542693932380340138e-01 -3.742481224730909856e-02 -1.754245259775839838e-02 3.164694440857659941e-01 1.380527981017120043e-01 3.563216763531640296e-02 8.334099922185859988e-02 1.099086410935160019e-01 1.157474478350459940e-02 2.124317466350719996e-01 1.927774616180600031e-01 1.881035272406620107e-01 2.315741549984400016e-01 3.440103453894060026e-01 -1.925820786750770119e-01 1.609606382551050097e-01 2.712932048237020055e-01 2.016430318144820169e-02 2.486719497756649869e-02 1.845209998926289896e-01 2.773432337418539895e-01 3.698946026014209854e-01 3.334935973344240190e-01 1.443950582913219871e-01 2.332993296580589959e-01 2.166092625220309986e-01 1.364649890485550021e-01 1.541518378468929862e-01 5.249966537042419917e-02 3.071130385584809885e-01 8.233147554983920313e-02 3.513557490900199864e-01 4.773473603780979957e-01 2.917500315661870069e-01 3.276275239392359984e-01 4.649793869971869942e-01 2.782758660394250017e-01 2.992796740423099844e-01 9.719042222359769445e-02 8.320200995349119610e-02 3.920721425787019741e-04 1.936798575465600164e-02 -3.591478252519020309e-02 -1.165548100214929966e-01 1.446740509344869863e-01 -8.704615768382580401e-03 2.030331761408979974e-01 1.324278094024350094e-01 5.028903799839670175e-01 3.836307689963979750e-01 1.437828870379879997e-01 2.046237481112400114e-01 2.674367139360590007e-01
4.539716157170829991e-01 1.000000000000000000e+00 5.900990965320489501e-01 7.574931379830019962e-01 8.496356625619380099e-01 4.688442243928869768e-01 5.730885383833610458e-01 8.523120097042390375e-01 5.752991487573100304e-01 1.761519710558779872e-01 1.601839100079349987e-01 1.096754646124730032e-01 1.396757639021269926e-01 2.372987695797980079e-01 2.815158277074730209e-01 8.154662162810649706e-01 3.563651068100159858e-02 4.755935147927149997e-01 2.055841575562210033e-01 4.806672751069239746e-01 3.600950110382319935e-01 2.082757864399339964e-01 4.412521895931419968e-01 -1.015625491392450064e-01 1.126630508229970046e-01 2.267928116924589899e-01 3.147813355807280167e-01 1.425966559232970110e-01 3.455539489257529739e-01 4.668854295768300189e-02 1.791793308558090048e-01 3.280271547404329802e-01 7.104485670712429313e-02 1.048268341750659971e-01 2.619602999264210030e-01 4.697057815773160172e-01 1.193590886704779946e-01 -5.346640333389730132e-02 1.644051027674439946e-01 3.464399501407610105e-01 -1.708720684786819988e-01 6.764382490781180313e-02 -4.537300940019890066e-02 7.754704090934119720e-02 1.752005158139399998e-01 1.615500492194829954e-02 1.254742496069419927e-02 3.182255075222339968e-02 2.490025436260399905e-01 1.199914892848110010e-01 5.908230087280810228e-01 7.833219805833440130e-01 5.164983440325859876e-01 6.671342918972340552e-01 5.205785150717450183e-01 4.488444739284530027e-01 6.815661081625690176e-01 5.264937090978589751e-01 2.238703169111460056e-01 1.040951183621560000e-01 2.440965978161910022e-01 1.421390678983540101e-01 1.123153366030630040e-01 1.954721323679440015e-01 6.241399795726210176e-02 1.554659687510260013e-01 3.949351137380450183e-01 8.371330310148310250e-02 1.506593519798279934e-01 4.225342765744389828e-01 4.066655713243300108e-01 3.485311536967840018e-01 2.179333537828520018e-01 3.413661105478890123e-01 1.039195478013009953e-02 1.664366746639749928e-01 2.292813198610099967e-01 1.703242339676249995e-01 1.890371026419570000e-01 1.907118904273679971e-01 -4.681172502031000215e-02 -2.040759513922930091e-01 1.539006980395500046e-01 1.514252704748650091e-01 2.299404176090210083e-01 1.948310161955560116e-01 1.806713234029830029e-01 2.641152081000620044e-01 3.294971187806770008e-01 2.897632087800560037e-03 2.432605427547690144e-02 1.131767526234949972e-01 4.922449607414530054e-02 2.491138595509569953e-01 1.777092121986149909e-01 1.421924225008829867e-01 6.558519518002339788e-02 1.007466665298669961e-01 2.660074769968490127e-01 1.816633498857020135e-01 1.029708015927549986e-01 2.073033915989009879e-01 1.752351901186199878e-01 6.887066300741340186e-02 2.934546959285480039e-01 2.014785085993789915e-01 -1.812938983558250172e-02 7.056419636787419902e-02 5.643216094568780095e-02 -5.597187177073040254e-02 2.851213110171750276e-01 1.783112138541750047e-01 5.943502781791499823e-01 3.014864853024170066e-01 7.693662901535069931e-01 6.593406759773430270e-01 2.178521436518610077e-01 3.265618695068460142e-01 4.748019023160700014e-01
6.033015629034319538e-01 5.900990965320489501e-01 1.000000000000000000e+00 2.038800552378010056e-01 5.236084188113570015e-01 7.889142190320129755e-01 1.471224686301340068e-01 5.517272998402229511e-01 5.835040912895029797e-01 2.892533622699049872e-02 1.473117506624259943e-01 8.826533287018810750e-03 2.620408063916159977e-02 1.311534432875869904e-01 3.506764133525510085e-01 4.102267170965390175e-01 -3.619581962792799840e-02 1.801973454119439877e-01 3.877234279623950099e-03 2.053490756706869980e-01 1.659878869269849899e-01 -6.763265791612629863e-02 2.551477475299249731e-01 -1.617802411079380109e-01 1.975752990699669864e-01 6.456780993688550352e-02 -2.298601225939760073e-02 4.720230564088419983e-02 2.750136453966700034e-01 -1.010423336256850019e-01 -2.066878671374650089e-01 2.005740685384740096e-01 -1.301002754970440045e-01 -1.481750847728179887e-01 -5.056608579992050156e-02 3.652896241925899790e-01 -6.577395722165460534e-02 -9.681147789491320599e-02 -2.073178646741419967e-02 1.634131296546109946e-01 -3.368644472939619772e-01 -2.419409039980519871e-01 -3.243045515167690129e-01 -1.099983639544570013e-01 -1.539288484210120100e-01 -2.964466219594290020e-01 -2.178545753147209940e-01 -2.393208775151010048e-01 2.710460601435559780e-01 -7.818825902192129418e-02 4.596427565085010047e-01 5.352019091010460361e-01 9.646850346276410193e-02 1.865137963107109942e-01 6.509410956272629889e-01 6.765359176638690020e-01 2.586830138917809996e-01 4.259442507375930109e-01 1.366569121439940027e-01 1.098967855587420009e-02 1.013060514533119932e-01 -9.034483286896920207e-02 2.534403861284159967e-02 1.116516068969670011e-01 1.368208986085519933e-02 3.352769822825459878e-01 1.343268476148130053e-01 -8.833242251677890511e-02 -1.078241719549739991e-01 1.192741519369230063e-01 2.118432266882540049e-01 -1.113262610083440018e-01 5.917205833631700163e-02 2.327509915724980116e-01 -3.855246678633499763e-02 1.595185751806050059e-02 2.366453071441370071e-01 8.928024958497740582e-02 -1.349896595015430134e-01 1.117021522297220043e-01 -1.221410117897570036e-01 -1.597306637719750066e-01 -7.043267125409549689e-02 -1.955644995331820013e-01 3.218157547826330095e-02 -7.473627446473539437e-02 1.271736970489439900e-01 1.175496529368880022e-01 1.853631090722769881e-01 1.781702279903599889e-02 -2.377797124233349806e-03 1.871379253940929910e-01 3.897749229730659848e-02 -9.761222379110219560e-02 -1.529976352091040048e-01 -3.515174377655490290e-02 -2.072578519673989872e-01 -2.593739532207830004e-02 1.577901548176829927e-01 -1.096111307426810011e-02 1.865817265634290012e-01 2.823682220796059905e-01 2.604603835868590234e-01 1.837559379947620031e-01 4.372176621497240318e-02 7.987191546068039133e-03 -1.246593338693479935e-01 -5.787298285995100267e-02 -2.525625247303039944e-02 -1.585064883063939944e-01 2.639701439088749935e-02 -1.395519455832829915e-02 9.396842264054590388e-02 -9.677454726111289762e-02 6.366471593424579689e-01 3.523946273558190012e-01 -4.731027109161459882e-02 1.189371495403550028e-01 2.347916723148759932e-01
2.476478082710490136e-01 7.574931379830019962e-01 2.038800552378010056e-01 1.000000000000000000e+00 6.964136848847990446e-01 2.202762843176699903e-01 6.361673105485879942e-01 5.886531400956159787e-01 2.933694588398719771e-01 1.355797211815659986e-01 1.421683791455300057e-02 9.275160119639400125e-02 1.627525086500939966e-01 1.764034441742169945e-01 8.780033362029610045e-02 7.007682714091449938e-01 -6.420886420330410016e-02 3.381259140593140256e-01 1.559569901965200123e-01 2.978450134161739760e-01 1.658170843942390060e-01 3.651629979607389775e-01 3.453304584771880181e-01 -8.957747869622699477e-02 9.332413302173729608e-02 1.049098197645639968e-01 3.473401374494379801e-01 8.293269945214229444e-02 1.614593371272249889e-01 1.926146326095450056e-01 3.336290331802829745e-01 2.361862384684209892e-01 1.380477620730239940e-01 1.012920537045390035e-01 2.530153134739739906e-01 2.182635020533029990e-01 1.412026226603360080e-01 2.821763263035610009e-02 2.921131444322290216e-01 2.957698823765749774e-01 -7.249996894265629821e-02 2.337029852542049924e-01 1.990408030237660053e-01 1.341634712482570047e-01 2.335406271675909973e-01 2.142688614573499961e-01 2.149206192323259990e-01 1.288819246126300111e-01 1.750918284752809861e-01 1.035133798414639983e-01 4.057131675187449771e-01 4.455643895981860059e-01 5.502002913458300393e-01 7.118287509668880242e-01 1.572287385031169993e-01 1.337855817122219904e-01 5.529953684281809778e-01 2.797541860298889960e-01 1.145548695789140037e-01 3.360965014208529972e-02 1.664989598202840093e-01 2.296482664540900054e-01 1.536690506772329934e-01 1.102524576288479996e-01 1.703221594515070061e-02 2.167947194056489904e-02 4.236201135360310177e-01 7.548235134669220581e-02 1.706518600051100121e-01 3.047779686499210161e-01 2.078217699204319979e-01 4.645482687069040217e-01 1.570370908217680050e-01 3.340817013261029866e-01 -5.204573244403980226e-02 1.787185496205579982e-01 4.675981590141389810e-02 1.868759189209190097e-01 3.295930971851089852e-01 1.439939086221339870e-01 -7.086858792871419954e-02 -1.883955661199379905e-01 2.330271973275550024e-01 2.738663843599080105e-01 2.344410776806540031e-01 2.685709921435689984e-01 1.190185674262909943e-01 2.115563096885240135e-01 1.005002039066790059e-01 -1.970645071851720095e-02 6.587987185062639528e-02 1.428046573399499863e-01 9.374619555417830485e-02 3.469822758667099882e-01 3.221784128866709840e-01 1.340564991455910071e-01 2.130734211876139927e-01 7.028602896551659762e-02 1.982163204762490138e-01 1.063723147473689956e-01 1.305017609723060079e-01 1.426204753298339900e-01 1.841553302725890129e-01 2.070226850319580036e-02 2.517679364569049838e-01 1.166664699594490012e-01 4.489383081021890154e-02 1.368475057858619948e-01 4.791917192136820047e-02 -8.932130734859139443e-02 2.921586186219630177e-01 2.206465075197089898e-01 6.798205832193799925e-01 4.801196042779130035e-01 5.276008229641869773e-01 5.433892345675880309e-01 3.192517069597650137e-01 3.709576349821280261e-01 3.319013172564280190e-01
3.915307412654159824e-01 8.496356625619380099e-01 5.236084188113570015e-01 6.964136848847990446e-01 1.000000000000000000e+00 5.763061032675500517e-01 5.376840245524819872e-01 8.167401046910459650e-01 7.364930301302049509e-01 2.447446955189830076e-01 2.556808889175740118e-01 2.033508504648270099e-01 1.997347060088829895e-01 2.792377107116350010e-01 3.488136206560960018e-01 7.118397474416610082e-01 1.349009735146929900e-01 4.502712333218479857e-01 2.111357025436300106e-01 5.175336571186329726e-01 4.109026803835509889e-01 2.330149657279249886e-01 4.420419407775970089e-01 -8.572873281766460810e-03 1.876355252123919903e-01 2.901305807280070148e-01 3.590130280865950207e-01 1.735530143011289883e-01 4.358791032061050119e-01 1.284470184799449965e-01 1.562263193171289921e-01 3.296716959897619814e-01 -3.824163353218240028e-03 9.266146403363449691e-02 2.821188097923330029e-01 5.767396337738159851e-01 4.334646397194970302e-02 -9.508574130635409627e-02 1.298527993709659989e-01 3.694511739335660239e-01 -2.224189243649609959e-01 9.986209073091799338e-02 -1.945054221799509889e-02 5.621238969114889655e-02 1.677472387106730134e-01 1.724742287539359972e-02 -2.629581973383629881e-02 -3.129133400214430261e-02 3.134905809410549749e-01 1.277146813718109952e-01 5.345598173299299649e-01 7.677028260664640058e-01 5.002457822247650121e-01 7.146804316576169658e-01 6.407507814346169450e-01 4.959022696680420172e-01 6.702313030953489514e-01 6.891143357084410503e-01 2.853231069544099885e-01 1.907569078146610086e-01 3.362762097129790018e-01 1.930640531008769867e-01 1.325338814108129870e-01 2.233298074600089944e-01 6.905518531041519859e-02 2.369506850328899905e-01 4.173434201126089982e-01 4.356476332948709673e-02 8.112991670795779986e-02 3.694703200126109865e-01 4.395514633541909855e-01 2.565849775880150174e-01 2.353110338777660016e-01 3.874417159346970063e-01 6.550429712977939856e-02 2.465588795430249947e-01 3.143264811977170003e-01 2.802293692430760097e-01 1.995072918639800019e-01 2.055523684140710128e-01 8.417850354102420288e-03 -2.715722958992640157e-01 1.430408570074939989e-01 1.227665873138129998e-01 3.005255154640409931e-01 1.582645142458510013e-01 1.791230715100979864e-01 2.578414963003690108e-01 3.159679540808230103e-01 1.000530292975679997e-02 -1.563617275483630137e-02 1.367071830443060132e-01 3.307988046193410109e-02 2.108152763354519954e-01 1.576340769261140029e-01 1.440044243383830080e-01 7.553003957498670429e-02 2.757031748268879909e-02 2.711503474647239953e-01 1.558355932853230097e-01 8.682842124537880346e-02 1.582158982881509968e-01 1.390988704206460036e-01 1.031423075554509933e-01 3.224759270984829951e-01 2.061671630009719869e-01 -2.203765433043130065e-02 2.938086958583319835e-02 -4.147410166751860396e-03 -1.048037866581369992e-01 1.892177810750070022e-01 8.897471938631769384e-02 5.910994206682900209e-01 3.089157285346320059e-01 7.534331118930109872e-01 6.623144591922920377e-01 2.632404433496149943e-01 3.479806802544440081e-01 5.320823431308340234e-01
4.752425045005799764e-01 4.688442243928869768e-01 7.889142190320129755e-01 2.202762843176699903e-01 5.763061032675500517e-01 1.000000000000000000e+00 1.974894084448249876e-01 4.966213907938730188e-01 7.929892048416430361e-01 1.955408852747710091e-01 3.239773199005069881e-01 1.526026017219490050e-01 2.244672926814159919e-01 2.927752760247619990e-01 5.141261204690320552e-01 3.736586381671039847e-01 1.350995540506329945e-02 2.133180713116950011e-01 8.863238095679019241e-03 2.911084664545939837e-01 2.613813494696660134e-01 2.392754567061379858e-02 2.885779143833330229e-01 2.151327566409879863e-02 2.098923951663120013e-01 1.383685542559910109e-01 7.574080213304730524e-02 1.228894071343790001e-01 4.064944169806509744e-01 9.208362626750579705e-02 -9.869262952234529596e-02 2.377450469249189902e-01 -1.712632298349479887e-01 -8.309878748023839801e-02 3.900400005556450139e-02 5.475478275237739556e-01 -1.146571961135500056e-01 -9.174360910187409623e-02 1.180841669458499998e-01 3.087175688142569929e-01 -3.587710830450769883e-01 -1.077352619707799969e-01 -2.315346620355419882e-01 -6.616044762933319390e-02 -1.197955446093000031e-01 -2.157041662592280029e-01 -1.795809194982689871e-01 -2.309990270420259895e-01 4.664253825285010202e-01 -3.705687694058069914e-02 3.793455501078309977e-01 5.054273274632500312e-01 1.792020459235499907e-01 3.122360113073590071e-01 7.634371074248440525e-01 8.039210306502949654e-01 2.732715027562819810e-01 5.715537299352489997e-01 2.216154582082719982e-01 1.312712194569350121e-01 2.295918638180109994e-01 1.132608399063539939e-01 2.442919544936260068e-01 1.728513130587399915e-01 2.580382864500519943e-02 4.826611475655819827e-01 2.072806062025329965e-01 -1.158187836395680043e-01 -1.757566208112479877e-01 1.158284034807380014e-01 3.152996062923860143e-01 -1.103003306012489970e-02 4.552931652783730188e-02 3.743185619214600135e-01 6.052474715768450114e-02 1.048087692265290000e-01 3.472559623554160035e-01 2.054087778991290081e-01 -4.210543539940850288e-02 1.382090661217260097e-01 -9.544556528905910608e-02 -2.527441722030320248e-01 -7.819239051701580567e-02 -1.542512073260620120e-01 1.024347637161110020e-01 -3.018008364526890072e-02 7.112733151249719943e-02 1.069997412869300030e-01 1.887813293654790059e-01 4.989541983637250239e-02 -6.870850491594089615e-02 1.802518500051820127e-01 1.501560212864840038e-01 1.376227925493920048e-02 -2.227207532681519872e-02 -2.086921871212769897e-02 -1.454818974084080008e-01 -8.805843366708319964e-02 2.932312781030779747e-01 -3.375000687849819686e-02 7.361184573856560664e-02 1.658217293898970046e-01 1.835185293279449903e-01 3.261920141999070238e-02 6.045794676502320303e-02 1.403322962690589995e-02 -1.098670879303609987e-01 -6.526617695845360334e-02 -1.248260487926119988e-01 -1.037681421561840039e-01 1.303372732905820064e-01 5.027640814036959949e-02 1.667128341999269958e-01 -1.346837318035569962e-02 5.763572793702940178e-01 3.394159548578010166e-01 6.111947992281099862e-02 1.714673170104029920e-01 3.376985715444629776e-01
2.587476528765840222e-01 5.730885383833610458e-01 1.471224686301340068e-01 6.361673105485879942e-01 5.376840245524819872e-01 1.974894084448249876e-01 1.000000000000000000e+00 5.524788764665330421e-01 4.110802894672930252e-01 1.358956502536010080e-01 -8.824248519880729946e-02 -9.377475401932669485e-02 -3.832131210494589980e-03 1.205765671137560002e-01 6.384384549287329402e-02 7.985608707517679594e-01 -7.981648016481369956e-02 2.536812392445840225e-01 1.215698829901730033e-01 4.608559828779230094e-01 1.447830335143590053e-01 1.180221885330449971e-01 3.104589216196940171e-01 9.013983819644789952e-02 2.752098842608829976e-02 -1.017040076730549997e-01 2.625072098214479843e-01 -1.291192474123240008e-02 1.475230937039160029e-01 8.596969554108339906e-02 4.067068129944100274e-01 3.774226850931710064e-01 2.120843269203269987e-01 6.346352133944979657e-02 7.652851563465490337e-02 3.599302096221410063e-01 9.775055007416789954e-02 3.544781088057120111e-01 5.259862055011429449e-01 6.455181277089829806e-01 2.084000365003280120e-01 1.903883263587340113e-01 1.662533059420739923e-01 2.953385104107679737e-01 3.113664712326080219e-01 3.209705633363990063e-01 1.667417134306400095e-01 2.232520974452180118e-01 2.165425620161099962e-01 2.960949059871240130e-01 4.271620461667219870e-01 4.063101133476310078e-01 6.632019338140809905e-01 5.729995967007289748e-01 1.480213025016549888e-01 1.740454045388230009e-01 4.822596231163520097e-01 3.959761516055820274e-01 1.293622589830639991e-01 -5.381615732924040219e-02 1.441201626017249958e-02 4.656145323947050163e-02 8.783163310155810144e-02 9.875782579611229461e-02 2.274635113799909972e-02 2.062146422953030009e-02 7.134512906090120232e-01 3.909898191346199842e-02 6.668654748091480677e-02 2.759670186648600088e-01 1.955830475794010093e-01 3.470070984218330268e-01 1.542573210812120121e-01 5.284418856494399463e-01 -7.507551948868029790e-02 8.474707682074900409e-04 2.524090111915699985e-02 8.086242132772300528e-02 4.970580605382259876e-01 2.870148321378310219e-01 -5.072123442263300197e-02 -8.505111128049119840e-02 2.716774427768040012e-01 1.088564839742520024e-01 1.064771880859009950e-01 2.596081746131970180e-01 1.140359248811940035e-01 3.084230825966249867e-02 2.080334575433659960e-01 1.970091379458620007e-01 2.313439591543839935e-01 2.928456020245879809e-01 2.979778620401299927e-01 3.443410358045930209e-01 2.839877878991959870e-01 2.233403115722200072e-01 2.924074239537879927e-01 1.560794079124719902e-01 2.918285638275809890e-01 2.429663259899600136e-01 3.104865408825500106e-01 1.717656567042150084e-01 2.062066708917129898e-01 1.051967788379119945e-01 3.117878079295889893e-01 1.181316683523929989e-01 -3.305764597685079825e-02 7.100209617849090327e-02 5.338764755743830026e-02 -8.342873435574130192e-02 3.023441566088420074e-01 2.220595601859939872e-01 5.607192247698530307e-01 3.734469498543280253e-01 4.717448292832129852e-01 5.259342776695710153e-01 2.619884080486180045e-01 3.674486883514310187e-01 2.809633945367300267e-01
4.008997817525660201e-01 8.523120097042390375e-01 5.517272998402229511e-01 5.886531400956159787e-01 8.167401046910459650e-01 4.966213907938730188e-01 5.524788764665330421e-01 1.000000000000000000e+00 6.843962055511539910e-01 1.108882475771290066e-01 1.575075041622319982e-01 1.531345809376840061e-01 1.786779151269859978e-01 2.891713828277450160e-01 3.276898020339399920e-01 7.879839092233059672e-01 1.647430369233600089e-01 4.555782530369150152e-01 2.546115781022719737e-01 4.564951424694940196e-01 4.327345719155299975e-01 2.412650728115010024e-01 5.116734323524789740e-01 -7.488247016347779339e-02 1.395002132765489899e-01 2.375235822107220063e-01 2.646965947464500202e-01 1.526390442159009930e-01 3.890290393965469828e-01 8.446591164053339484e-02 3.222512932707549682e-02 2.864206508529419937e-01 -4.899797826055939803e-02 -3.153571918384120033e-03 2.069163153500729879e-01 5.467909974270099838e-01 3.624966882141780061e-03 -1.470221486852769932e-01 4.274620649460750266e-02 3.196290216063030210e-01 -2.934184276105489819e-01 -1.002316475424649966e-02 -1.492107043088659879e-01 6.337838524909890012e-03 6.983456226183920590e-02 -1.092882001934289971e-01 -1.097205762149350006e-01 -1.368724069211399996e-01 2.142250975251190070e-01 6.401533654840149690e-02 5.469247896746930460e-01 7.440170258022139604e-01 4.998864636889310265e-01 5.830647452534110098e-01 5.174734892624189841e-01 4.213246461200479964e-01 7.580321713598280331e-01 5.744985212078830283e-01 1.645212747494050054e-01 6.481531174117849403e-02 2.554399115314199831e-01 1.618216935123260036e-01 1.552073138355549997e-01 2.314660837583759900e-01 3.049536707113899986e-02 2.029949782990740081e-01 4.529311288435199923e-01 6.062735483034720207e-02 2.159598986172830137e-01 4.669438664237789971e-01 4.622611128351020171e-01 3.307418417326389859e-01 2.653414093458880130e-01 2.637297246312069743e-01 4.475358103770789991e-02 1.639192509392750075e-01 2.632270490844059729e-01 2.028911823171349882e-01 8.031019069916839337e-02 2.436008414806790090e-01 1.807098270642689894e-02 -2.667425165283630051e-01 9.588674740819759512e-02 1.452830872781220029e-01 2.185095402780329876e-01 1.510241840537369928e-01 1.682254422801910121e-01 2.214865384406159987e-01 3.228142927548989793e-01 -6.599297603174940352e-02 5.960356013124960307e-03 -1.609747734756709903e-02 -4.226830133238230341e-02 1.304430069426019967e-01 6.355363920410629641e-02 8.560423327234090163e-02 -3.360661673608419941e-02 4.414634391681220016e-02 1.888673151140050077e-01 1.159070210569120019e-01 9.786101914374739641e-02 1.484992475321789962e-01 5.740921742498449748e-02 -5.149417252195490069e-02 2.806139860239990069e-01 1.792951266528400034e-01 -7.687769225957359620e-02 7.705909470228819794e-03 4.148914793574159932e-02 -2.183815239121349866e-02 2.363206214929939875e-01 1.417770823899230093e-01 5.864645804883670266e-01 3.180149975808280183e-01 7.880126057774610171e-01 6.812898406505309978e-01 3.087573756006170012e-01 3.343869138738300162e-01 5.060862064950579775e-01
3.243066371408709903e-01 5.752991487573100304e-01 5.835040912895029797e-01 2.933694588398719771e-01 7.364930301302049509e-01 7.929892048416430361e-01 4.110802894672930252e-01 6.843962055511539910e-01 1.000000000000000000e+00 3.080408429283579830e-01 3.937128193653799957e-01 2.846373644255529856e-01 2.144312602289170089e-01 4.458862599977789776e-01 6.046731779574220367e-01 5.552077540964049929e-01 2.514556527332619806e-01 2.986947168983060119e-01 2.256392386488589863e-01 4.724366638149030129e-01 5.287049969386590220e-01 2.080978229969880078e-01 4.630792787261330257e-01 1.902056641308600138e-01 2.267725108327539874e-01 2.107250507281570040e-01 2.099653059618580009e-01 2.430829612231369952e-01 5.142543212473780212e-01 2.089377127787840072e-01 4.178183658754119900e-02 3.226628875943119978e-01 -1.479020489886979928e-01 -1.722271380656789988e-02 1.279201763467729958e-01 7.475331205223549880e-01 -1.095764018608479939e-01 -7.461307602133629424e-02 1.278394742495259917e-01 4.963254770709850106e-01 -3.391165257154720170e-01 -2.016747930230480129e-02 -1.941782666577009930e-01 1.797728236338499985e-02 -6.674245478238119422e-02 -1.852170832940920053e-01 -2.451995448499270092e-01 -2.332028589584489997e-01 3.419305267249609925e-01 6.942861277232019457e-02 4.383001299122780137e-01 6.638872363735649484e-01 4.791842916591120272e-01 4.780299709498809779e-01 7.705627991239709651e-01 7.015254437819470335e-01 5.260801360346170075e-01 8.224479732847550517e-01 3.474621299371120076e-01 2.683472887256119765e-01 3.774702470969180101e-01 1.702985309006480041e-01 2.473143069490149892e-01 3.902686539648980157e-01 1.976669973056359997e-01 5.177846764431780491e-01 4.561130326633440202e-01 6.028268686047019709e-02 -7.116292594697060103e-02 2.171978507625839938e-01 5.691080740256719839e-01 1.704067334918950016e-01 2.617057610897999820e-01 4.951493470169199829e-01 2.603462564089780162e-01 1.742136731835149943e-01 4.624905980492500235e-01 3.572735642479579754e-01 7.294105289444470508e-02 2.034565928819309921e-01 5.358576878799260063e-02 -3.450349146060340266e-01 -7.978362486140290477e-02 -5.431822319932590182e-02 2.264866536797839891e-01 -2.696555228536939852e-02 9.607821165181680556e-02 2.034713436807759901e-01 3.149126733747359963e-01 6.772908209016270664e-02 -1.141163814357799983e-01 7.826043827799049335e-02 1.111974444174260029e-01 1.139256932348509943e-01 2.221109530117969938e-02 9.855853188233690276e-02 -8.425858668965720277e-02 -9.565265441948160585e-02 2.650853938933280252e-01 6.189901856200089730e-02 3.025663529100210136e-02 1.157488063165300063e-01 9.368338472169690512e-02 3.766017945428699887e-02 2.369449645377350033e-01 1.544574711757109864e-01 -5.379754823546060299e-02 -3.590275110880079834e-02 -1.180881911436130055e-01 9.357848819070830031e-04 2.268084953382419888e-01 8.249284514673430047e-02 3.582718047704470110e-01 1.443304678000190133e-01 7.024124930635810005e-01 5.870175340312220325e-01 2.670576318604500066e-01 3.202930973612910237e-01 5.300299608939750273e-01
-1.098129710448090060e-02 1.761519710558779872e-01 2.892533622699049872e-02 1.355797211815659986e-01 2.447446955189830076e-01 1.955408852747710091e-01 1.358956502536010080e-01 1.108882475771290066e-01 3.080408429283579830e-01 1.000000000000000000e+00 5.295268385634650521e-01 6.071776975174090207e-01 3.878666078702079911e-01 4.073256249860700007e-01 5.031088456699549516e-01 1.768471984043580025e-01 3.189321818240289930e-01 -1.432884461552449973e-02 1.317206920001079973e-01 2.519196093525690183e-01 2.981195975816769983e-01 1.073155206807900053e-01 1.841262907776609892e-01 5.697044506398469821e-01 2.557911165605959991e-01 1.474062817927909996e-01 2.904752767264339730e-01 3.303544255206020130e-01 5.438107602109719663e-01 4.191039693903579888e-01 3.021998282584970053e-01 3.135709330211660095e-01 -1.323940534506000063e-02 -6.505835118653549576e-02 -3.135959856984209954e-02 2.476805615860840082e-01 1.514067267697779932e-02 5.472385889121970243e-02 4.584668444349230265e-01 5.051236946835330199e-01 -6.771966965837999952e-02 3.664492568286569774e-01 1.504034308640659900e-01 1.858469666652889929e-01 5.390874194517820267e-02 2.054148414112320076e-01 -5.344376189619370193e-02 1.068044854110019974e-02 1.125047345328250015e-01 1.335976670167060010e-01 6.963404185494490028e-02 2.964887888635650004e-01 1.826836190081720102e-01 2.868955938727870136e-01 3.043371360372990053e-01 2.276510549476210010e-01 1.166235606132079994e-01 2.757743659671549885e-01 6.685317664430310280e-01 3.275360503871129758e-01 5.198342217816199762e-01 2.966975433420450114e-01 4.476767533497130191e-01 2.576558264620740224e-01 2.774129129630649726e-01 4.081172088561330069e-01 1.772355590547400050e-01 1.952500632600910058e-01 -1.540025087616699873e-01 -5.460265263103730032e-02 3.295334281715430191e-01 1.966258734247300077e-01 1.655081444647980016e-01 5.287246160252360161e-01 4.682070401669560233e-01 2.630136701908509789e-01 5.406616075832210155e-01 4.851428419696219851e-01 2.658350496690540243e-01 2.144478092203019881e-01 2.659500414337049867e-01 -2.339685896230420115e-01 3.219966539060260119e-02 -1.116900495044199915e-02 3.389875165105840082e-01 -5.694385251246190244e-02 -6.123532105196120151e-02 2.583288558639890153e-01 7.048003955622590688e-02 9.113826207557970682e-02 -1.116919343491619976e-01 2.212079053861970013e-01 4.528044116331220170e-01 3.303003627676729947e-01 2.788953065383639740e-01 2.822560078703760245e-01 2.538177746377019983e-01 -1.332324277274110069e-01 5.717471570707399753e-02 4.878224024210860155e-02 9.842766006465570455e-03 2.086870311934949929e-01 -1.036413260019400026e-02 1.087065789891670034e-02 2.898769647005199901e-01 1.906255196347449998e-01 -1.478941942670209952e-01 -1.449665746228510077e-01 -1.118710202055859942e-01 1.710541487839699892e-01 3.670060595949790061e-01 3.466596379899130054e-01 4.072664038348239868e-01 3.635803804490519986e-01 1.911868897176899895e-01 3.397002938111229886e-01 1.547363919756039874e-01 2.807903403619930183e-01 4.350856106736890050e-01
1.822344865194699959e-01 1.601839100079349987e-01 1.473117506624259943e-01 1.421683791455300057e-02 2.556808889175740118e-01 3.239773199005069881e-01 -8.824248519880729946e-02 1.575075041622319982e-01 3.937128193653799957e-01 5.295268385634650521e-01 1.000000000000000000e+00 7.084136037167060307e-01 7.021954513885320104e-01 5.148938486848060325e-01 6.306418542436420527e-01 4.851796944746419871e-02 4.660736866847700055e-01 2.192172964196009988e-01 1.547778876742199883e-01 2.229347950687479984e-01 4.217310997898059965e-01 2.850396401259340240e-01 2.140528898037299954e-01 4.329388066259949874e-01 3.249908221883819892e-01 5.514167124261499797e-01 2.745002803572380023e-01 5.376398338779829755e-01 5.859710298067889456e-01 4.966377642040130103e-01 1.891469636023540013e-01 2.784497114815470131e-01 -5.559536279604449655e-02 1.020203687908910056e-01 1.941376804025120029e-01 3.965426146260769835e-01 7.605728670907420386e-02 -1.472042768515270106e-01 8.870657720482259465e-03 1.984202364627969950e-01 -1.878564863485009950e-01 2.639247550225080063e-01 1.019460550346009964e-01 1.007322206713790053e-01 -3.890917007827400000e-03 8.729070032853329664e-03 -1.014088094080189961e-01 -9.311659106860560586e-02 3.001160806216119914e-01 8.666715399741130310e-02 2.249546325886180032e-01 2.386563152425739964e-01 -6.228086720084419908e-02 2.234475470767789962e-01 3.701528591269069857e-01 2.988615766142280195e-01 1.187252438367329965e-01 2.815290114403409816e-01 6.018567636810639998e-01 7.360476748227320343e-01 7.388196164708249469e-01 6.065933576427060547e-01 5.360655278680790392e-01 2.275866516162909914e-01 2.390615357511209904e-01 5.307348537695999457e-01 -5.947251761400550174e-02 2.423428575714710043e-01 -4.330024647393419801e-02 1.778952455820489997e-01 4.214769854842649877e-01 2.061559492841200103e-01 1.511187565567919944e-01 1.684120218790449985e-01 6.252013190480809612e-01 5.388781235547870363e-01 6.394726964351760135e-01 5.341895398924889626e-01 1.247267598315980053e-01 2.447718978679999935e-01 1.234046738614790056e-01 -1.031215462392779947e-01 5.785923046238420318e-03 1.206007461795439994e-01 2.989370236341880038e-01 1.796831718681559872e-02 8.179678490495860543e-02 4.282148595061650020e-01 2.722015261576140044e-01 1.385193269494919971e-02 -9.752227348412530195e-02 -9.927364976547439768e-02 1.601526273953710056e-01 2.158717324133299920e-01 2.611388330348640152e-01 2.715188854975120192e-01 1.293614052041950069e-01 3.547876449070069826e-02 3.152292757454159822e-01 1.683139528955359954e-01 -3.044874027820559936e-01 1.161814393489079972e-01 -1.496374772108829965e-01 -8.514292462823999652e-02 2.095656236845200027e-01 2.533174887938229869e-01 -9.088638593718110711e-03 -4.421160845865580030e-02 -3.174014323609430227e-02 2.149255552080580056e-01 1.268543583038579947e-01 8.908550559921940559e-02 2.521088535428039901e-01 2.349018828865820085e-01 1.380411005042239958e-01 1.869645706575649990e-01 1.755305825855039970e-01 1.630642970902599909e-01 3.517724456267680155e-01
2.019938433566699845e-02 1.096754646124730032e-01 8.826533287018810750e-03 9.275160119639400125e-02 2.033508504648270099e-01 1.526026017219490050e-01 -9.377475401932669485e-02 1.531345809376840061e-01 2.846373644255529856e-01 6.071776975174090207e-01 7.084136037167060307e-01 1.000000000000000000e+00 7.084199469238710023e-01 6.121565007761049504e-01 4.438214746654440268e-01 5.173587619311489916e-02 7.047052104978670517e-01 8.926237698449339397e-02 3.574060398112179904e-01 1.050180663699910033e-01 4.905775725024569822e-01 4.679612176373290078e-01 2.423352549896569952e-01 4.585463829906630262e-01 3.401464639253680144e-01 5.142079394828009686e-01 2.497103848718479902e-01 4.589557865646369805e-01 4.789925283834610137e-01 5.459561287348719816e-01 2.135441927695999886e-01 1.440835148503190055e-01 -2.241067607030640049e-02 1.146078656814819921e-02 1.297706820898399949e-01 2.324382944127419970e-01 1.820672196402089993e-02 -1.958435858973069932e-01 -4.866521813106270203e-03 1.053075043331340027e-01 -2.474424423175549947e-01 2.724587939790950042e-01 5.103333725647789948e-02 1.122305389121169977e-01 -7.326282942590479907e-02 -8.569679710190280034e-03 -1.314048053972499963e-01 -1.512513467716199989e-01 9.335410817568740027e-02 1.249381551135590046e-02 1.578830146686620028e-01 2.520549737069350260e-01 1.072421845889170028e-01 2.786298708903099941e-01 2.326280260208999917e-01 1.572540352713990008e-01 2.805647387159569961e-01 2.426366715109790073e-01 5.677307574081500441e-01 6.609597984002369975e-01 7.805196222500380143e-01 7.087226607954869584e-01 5.255712211662999511e-01 3.562737834083219979e-01 3.764128367226939886e-01 3.320746017607439926e-01 7.369486358160509676e-02 4.775982899249929803e-01 6.903525056588499798e-02 1.158194403942990058e-01 4.907195873640259887e-01 2.410844927800140092e-01 3.330043025476129848e-01 2.212774109782000009e-01 7.796431509835159979e-01 4.800218073261799945e-01 5.246523711933690493e-01 5.344534618217400279e-01 1.230862543308279961e-01 1.040146755735519984e-01 2.177850389829590061e-01 -2.525348166537539907e-01 -8.976779052847450036e-02 1.236793559151379979e-01 3.892076581480020114e-01 -8.026534878817770391e-02 8.286630817123040796e-03 3.537046425952090067e-01 9.454483872552020551e-02 -1.259271427755430106e-01 -1.746759706131519874e-01 -9.293168590920279637e-02 8.766025948782170396e-02 1.701724401366709882e-01 1.397305722200299916e-01 1.856916901132970033e-01 7.167699259705280490e-02 -5.866209803149560059e-02 7.570020908150500161e-02 4.079934707210809697e-02 -2.578609999797740193e-01 2.613405402366699923e-02 -7.237422396415660319e-02 -1.328851858268060016e-01 1.853014860216929960e-01 2.148044401150810134e-01 1.052418513310130060e-01 1.345617830500160095e-01 3.381720026300259990e-04 3.089805535110650148e-01 1.735708178008950053e-01 1.063227752863429992e-01 3.649444090578359834e-01 3.618214819143339978e-01 2.238875602927719866e-01 3.467123490316679768e-01 2.994415379273179800e-01 2.491568182145340038e-01 3.608080376308029913e-01
1.269387512711339927e-01 1.396757639021269926e-01 2.620408063916159977e-02 1.627525086500939966e-01 1.997347060088829895e-01 2.244672926814159919e-01 -3.832131210494589980e-03 1.786779151269859978e-01 2.144312602289170089e-01 3.878666078702079911e-01 7.021954513885320104e-01 7.084199469238710023e-01 1.000000000000000000e+00 5.163552481323739896e-01 4.290405664721980150e-01 9.290908975021899829e-02 4.284923020808070193e-01 2.924583736861839922e-01 1.415508412529060123e-01 1.055042165562860013e-01 2.784950648612540269e-01 4.485120845468310025e-01 1.964344186490490085e-01 2.719854313705700188e-01 2.903580073803859740e-01 6.350562600679700020e-01 2.284905411876070047e-01 5.065542927617440183e-01 4.596898487091730101e-01 5.881186164968910113e-01 2.106763673592199904e-01 1.706701517723639983e-01 1.666592846579079829e-02 2.142323338660780119e-01 3.082028336699980109e-01 2.114745677778659960e-01 9.095420403425809319e-02 -2.926044222725849853e-01 -7.301683535264609504e-02 1.613702092989960021e-02 -2.143220082570879981e-01 2.981057810123429741e-01 1.240467766714840048e-01 8.790384007984390624e-02 6.445486812365269769e-02 4.627665394569210194e-02 8.493981240184339532e-02 -6.407356762725799348e-02 1.738039656825330070e-01 -6.618030656719509942e-03 2.629867478224789945e-01 2.279633073929480114e-01 4.892727539014579685e-02 3.634632494832110150e-01 2.356783212622990120e-01 1.811146369411079926e-01 2.560890836923679914e-01 2.158695012527409862e-01 4.516197885329780171e-01 5.533238107267399730e-01 6.457542711964849858e-01 8.694293132529109513e-01 7.728309179029050346e-01 1.715428699011810054e-01 1.062596786461670051e-01 3.498773690251359980e-01 -6.043402987725190328e-02 2.231051717233709930e-01 1.273902568315609940e-01 2.085716113140979877e-01 2.713304067458199853e-01 3.446422858998829941e-01 1.050384032410429935e-01 8.597691003454099867e-02 5.187477312437870358e-01 5.114365437057819541e-01 4.329083749239739931e-01 4.991541807528380170e-01 1.675843421284720081e-01 1.830827499137560044e-01 7.169781837940840397e-02 -2.358805988796509878e-01 2.211174001461289895e-02 2.399446323258870029e-01 2.486782339746189952e-01 9.994442853691480610e-02 5.582704487494660056e-02 4.120849078160019885e-01 1.384797963959669975e-01 -2.515237600434679921e-01 -1.242307674578780052e-01 -1.245338340689050027e-01 1.132940403828310016e-01 2.148113430745549890e-01 1.951760661991359946e-01 1.282834191989850048e-01 1.081526304812950035e-01 2.823859595291329863e-02 1.739878550467940099e-01 2.569443553650509887e-02 -2.198787959872300080e-01 1.372303344201979969e-01 -1.277861509894520076e-01 -1.761454135069110138e-01 1.899449379608290078e-01 1.918896831480310095e-01 -1.343747691381159959e-01 -5.144331749260740161e-02 4.757215010733439886e-02 2.964032656085849871e-01 2.393311708476859867e-01 2.836739633213060108e-01 3.100958930684979964e-01 3.105584669659159913e-01 1.203943633196040003e-01 2.621131007979770056e-01 1.819006975303640028e-01 1.338140146097560046e-01 3.104763896343549767e-01
