1.000000000000000000e+00 3.804909829876519933e-01 6.867568282520509770e-01 6.751603475294430667e-02 1.972829482318790018e-01 4.180605175700959908e-01 1.156077873857119936e-01 3.683192667286649957e-01 2.697371256376089876e-01 -1.933398206248509998e-01 2.464137085357719914e-01 5.613061928559680280e-02 -9.092759103435940626e-02 -3.168266468669220237e-01 -2.027533753410290171e-02 3.207657456130489915e-01 1.275593277366540018e-02 1.132004336873320034e-02 -1.408243312724060115e-01 1.321356671423100093e-01 -9.289651289637719522e-02 -1.838670032425759882e-01 -1.145252588587589992e-01 4.011694818472150148e-02 -1.837931670428079867e-01 -2.340015677039219977e-01 -1.283537105249289989e-01 2.019279059579149882e-01 1.961957087906210095e-01 -1.871701046891360021e-01 -3.363904494453209826e-02 2.479679337303200004e-01 -1.008284406958149942e-01 -2.175621955932630081e-01 -4.504416375758849705e-02 -9.357009486381259733e-02 1.152917207962149970e-01 -3.000630766948599870e-01 -3.332724776875070072e-01 -1.977369108214430127e-01 -1.718299653579279940e-01 -4.120652062779029956e-01 5.402540679475260205e-02 -6.144069202333909963e-02 5.290419135297420167e-02 -3.183014164076570229e-01 -3.099961244512319802e-01 2.961057562014520195e-01 5.231907878929550337e-01 -1.030981863053000019e-01 3.001289440342490011e-01 3.623100624329109731e-01 1.714077376750899884e-01 -1.380931954713210119e-01 3.025136954692400071e-01 2.228752132207580117e-01 1.789584938233239886e-01 2.884236372713769869e-01 -1.672531621330020091e-01 1.432481420997480104e-01 -2.106347310909950088e-01 -2.442763715834030125e-02 -5.530066198783400305e-02 1.494056615213459893e-01 1.672126009396029955e-01 9.257168739717379358e-02 -1.965688547464150004e-01 6.877748648417919553e-02 2.611206479133849900e-02 1.767186244565540076e-01 2.239894074340760197e-03 1.492633954491479897e-01 2.239160263310709942e-01 -2.460701119983099983e-01 -3.458917824673889835e-02 -1.151933193302999980e-01 8.446178370718260275e-02 1.437065956987270132e-01 -3.708766025764560076e-02 2.905613872567780129e-02 -5.223074920511640296e-02 -3.348533906346450040e-02 1.397379672230069925e-01 -1.421528405013310070e-01 4.649631691209329953e-02 -2.362080032621589887e-01 8.338666955724219343e-02 1.663701416540560030e-01 -6.197324318707470026e-02 -1.297095208591169946e-01 -1.042787131679440010e-01 -1.326610924896000077e-01 -2.056313962851810118e-01 -1.747418065792069874e-01 1.533387564691059968e-01 -1.870662701020819885e-02 -1.604297264461929939e-01 1.088198919252040056e-02 2.880473953319260261e-01 -4.951157234717080274e-02 4.954008866161930258e-01 1.809274687019369887e-01 1.487002015279239864e-01 2.363316230619779967e-01 -1.166928325592000021e-01 -2.420418945153020029e-01 -2.692497181989180199e-01 -2.337179238544080107e-01 -2.640103879742730086e-01 -2.154601934072570002e-01 -2.652086434091320277e-01 -3.174492750562519783e-01 -5.776650489155880225e-03 7.299624090084290418e-02 2.895715135421240150e-01 2.581153143296989749e-01 2.022374668158480049e-01 6.351228122810340104e-02 3.698438217293940067e-01
3.804909829876519933e-01 1.000000000000000000e+00 6.898465788696509504e-01 4.650792233508180273e-01 4.789117732680440165e-01 4.840362240624029866e-01 3.447179212002560167e-01 6.314538306759940323e-01 4.800981486086450256e-01 -9.623767010415369694e-02 -1.200018483725600049e-01 -1.074433694908019932e-01 3.125996452669590336e-02 -8.266304427123910559e-02 1.009454822994360068e-02 4.337009291083069873e-01 1.145712181670899971e-01 1.524485176453199975e-01 9.322666564804470146e-02 3.514013697436870198e-01 1.791376865230170090e-01 -6.591102229185190342e-02 -4.895908065060609882e-02 -6.265942329195910154e-02 -1.265877216212629996e-01 -1.691347319029070095e-01 -3.042482583045190148e-01 2.132016015390540004e-02 2.376343648699459910e-01 -2.876020844312640046e-01 -2.444701762658590127e-01 1.067245848618429971e-01 -7.788889199785699324e-02 -4.166626486483460123e-02 1.284862756431939985e-02 -9.808729107030560168e-02 -3.577561702372489966e-02 -1.047416943730459932e-01 -8.835617366035369846e-02 -5.146472899788329808e-02 -1.271877456317569918e-02 -2.419922894751529996e-01 -1.034050101231669960e-01 -7.911907386133530673e-02 1.544039684997280081e-02 -2.615599988921479824e-01 -2.728318317445029839e-01 8.703532273291610111e-02 2.034264953216310123e-01 -1.720553371574319867e-01 2.458585982448200091e-01 3.626418675039579931e-01 1.158587374970110051e-01 -1.094371685549180018e-01 5.074410268314319961e-01 3.431748548659370179e-01 1.864793824493070074e-01 3.689930494062170219e-01 -8.889645324935449566e-02 2.930997610874120154e-02 -6.748852590454769429e-02 6.544369787106689429e-02 -6.693983897471660061e-02 6.951536316801429360e-02 3.584322838474329753e-02 1.677638627421420073e-02 -2.335627898779389922e-01 1.570433777080680049e-01 9.703573350177920054e-02 1.161173336082149954e-01 9.712031555155610507e-02 1.062198545383330056e-01 -4.199713465671320312e-02 -1.321358055083969862e-01 -6.058072404789569682e-02 -1.571672659009820117e-01 2.385379111439329958e-02 -1.608873873034870061e-01 -3.691034114102449970e-01 5.814721690874970206e-02 1.612800318733549898e-01 -1.440377904124300057e-01 -2.501772040274850145e-02 1.653820948863179985e-02 -2.243025443276140118e-01 -1.858532558670309975e-01 -1.662031932756359923e-02 -1.019535042755670001e-01 -1.954838986957899982e-01 -3.419175479901569864e-02 -1.342256017966400039e-01 -9.971619460105199395e-02 -8.819690267973540054e-02 -2.946017653465690112e-01 7.941296996449490053e-02 -1.118871736772319991e-01 -1.459990039271870099e-01 -3.413757239071239791e-02 1.252930442261999955e-01 -2.655041154901999767e-01 1.006556260078349946e-01 -1.981493406548069935e-01 -1.165079893708119985e-01 -2.365375366516490052e-01 -1.157564783001809906e-03 -6.149823138337359718e-02 -1.046386656988420039e-01 -2.237528747700459897e-01 -2.522526850479500093e-01 -1.280661280519750089e-01 5.966927408680110234e-02 1.079750193207880057e-02 4.388285879982080084e-01 2.831893221203179989e-01 3.472335796065180169e-01 4.543990462810080233e-01 1.805781983782329958e-02 -8.661883587728119727e-02 8.223874297537929479e-02
6.867568282520509770e-01 6.898465788696509504e-01 1.000000000000000000e+00 1.216023505872410038e-01 4.347884477718039764e-01 6.737131554528930089e-01 1.851260648158800093e-01 5.258916559689870152e-01 5.014458991912129626e-01 -2.006256482260939944e-01 1.870473873956909894e-01 3.067688566458379867e-02 -1.403111081688170059e-01 -1.515718593214609999e-01 1.538675826118179879e-01 3.328241413873609944e-01 -7.894393074331239324e-02 1.898666227890469932e-02 1.064281687737200083e-02 1.948507772067850086e-01 7.574855546140470131e-02 -1.743965842810689948e-01 9.371380356632730280e-02 9.356574535804679585e-03 -1.640954985756860052e-01 -1.210174675142570017e-01 -1.712655059102909938e-01 1.759483446054969924e-01 2.698915705669410192e-01 -1.867859025503889880e-01 -6.868501953131389559e-02 1.228973082050260068e-01 -1.696746754124389966e-01 -1.988045299089840068e-01 3.005139784402930075e-04 -5.777556965238789949e-02 -5.313506086603660139e-02 -2.641481784458610260e-01 -2.601669209826389939e-01 -2.065771042189679940e-01 -1.587583520566820117e-01 -3.726052939648979989e-01 1.923651551207989849e-02 -1.152003275262589999e-01 1.206549420548630042e-01 -2.801923611387239776e-01 -2.335147961358179924e-01 2.483282463089470093e-01 3.226473162709300180e-01 -1.974225695068299868e-01 2.174555430931519873e-01 3.981994283493490161e-01 2.844206893865169894e-02 -2.888326442455529941e-01 5.898747232682209907e-01 4.488127196908209826e-01 7.817616961404899589e-02 4.016220761079810075e-01 -1.805994753968550026e-01 1.856752495601360076e-01 -2.067026872997330122e-01 -1.101447217031240045e-01 -7.910776529409520308e-02 2.062404521697789872e-01 1.871550244850969935e-01 1.663029729872499973e-01 -2.698242077884089873e-01 3.174540917047900118e-02 8.079072458603660245e-02 8.342596873524439627e-02 8.529090699764629857e-02 2.541799917956689969e-02 1.706000388301129878e-01 -2.058849875274849917e-01 -7.429607423437449565e-02 -8.961242368996200081e-02 3.305442229608449717e-02 4.244494809473570163e-02 -1.274978940266890126e-01 -5.467166654151769944e-02 5.178350839946130324e-02 -9.788895248194519338e-02 4.157683945145349697e-02 -2.133071709952389927e-01 9.253571825782999638e-03 -2.041544723618159973e-01 -3.586434052629820096e-03 7.717274877279779732e-02 -9.718103686559970145e-02 -8.123835874164940518e-02 -9.271535380898880685e-02 -1.661248545630729934e-01 -1.677838578450150109e-01 -2.485103686638170106e-01 7.635979148766990077e-02 -1.791964117503699883e-01 -2.201448006058719931e-01 -1.429925685207169943e-02 2.889953724721019968e-01 -2.158896036516579908e-01 3.865700344828780222e-01 1.244926813771950053e-01 1.293442213279860087e-01 1.363331207185279892e-01 -9.970937150918710024e-02 -1.742076788983719926e-01 -7.847053758257299672e-02 -1.558526281292970106e-01 -1.826610718533220046e-01 -3.293193348250719743e-02 -2.030950875145219880e-01 -2.367375966845010060e-01 1.654125277906420000e-01 9.849311242236830077e-02 2.665553658712009888e-01 2.120765328853619902e-01 2.028930687772899921e-01 1.234351712365320012e-03 2.971887428866309966e-01
6.751603475294430667e-02 4.650792233508180273e-01 1.216023505872410038e-01 1.000000000000000000e+00 1.561002651658960072e-01 -1.184161499616350061e-01 2.885772306758370154e-01 2.774324484217799980e-01 -9.616813381534139449e-02 -1.988173989195809934e-04 -9.053695344403210610e-02 -2.790534688014930167e-02 1.620134245990829946e-01 -1.084252638737539937e-01 -1.481323866664160105e-01 4.738487979349599866e-01 1.570158608161869862e-01 9.818741688009929858e-02 5.137507946513129864e-02 2.574839251183220004e-02 -1.693849560542350086e-02 1.097646994948270061e-01 -1.408563396283319946e-01 8.691887410344439902e-02 -5.477567499166190179e-02 -1.279643386641929892e-01 -2.627075751408829984e-01 -8.528898025372780300e-02 -5.144011275245889692e-02 -1.110371355954239969e-01 -2.856169241353159749e-01 3.842659722203199679e-02 -7.869681187851700066e-02 2.883011581804850038e-02 -1.205320890335049994e-01 -2.029695795749009990e-01 -5.042289647876899844e-02 -3.605288373462429974e-02 7.105436144808430221e-02 1.689791356499349972e-01 2.049211256775229986e-02 -1.008251817239630005e-01 -3.014935416177060012e-02 -2.006053871269510014e-01 -1.901400063302280119e-01 -1.539399860696880062e-01 -2.193066037091180032e-01 -1.188674755708750003e-01 -2.230744746042450100e-01 -1.663621457635799938e-01 1.080249235980170058e-01 2.214184306003070049e-02 2.911113427012220201e-01 1.325938055055340126e-01 -2.950079272936600061e-04 -1.319306217098439871e-01 1.051756800180919937e-01 -6.192921496351219690e-02 1.449720714719580084e-01 -5.139903426226109795e-02 1.268006862279260072e-01 1.720271234437339980e-01 2.299922981118860121e-01 -1.210633642212989997e-01 -1.467730517246320088e-01 -6.673180683176979655e-02 -3.810551350458469991e-04 1.705518673001659991e-01 1.167402313792340052e-01 2.869482290946370057e-02 -1.002436917379970031e-02 1.679501030327620048e-01 -1.346349672343200021e-01 4.290061328481559882e-02 1.271087072467100010e-01 -1.747941891104309864e-01 2.622011561915910116e-02 -1.856559408084060064e-03 -2.553435780760350271e-01 1.974768308020339869e-01 1.703963880436309974e-01 -6.856465840463800421e-02 -1.028360527122620070e-02 9.823572445472120163e-02 -1.725031891176219967e-01 -8.152199035171739383e-02 -1.946086849506569946e-02 -1.403127350709270083e-01 -2.244210494682009893e-01 -6.914283907845220067e-02 -1.307884397517629915e-01 -8.683700983527779804e-02 -2.284802048054810145e-02 -2.205694571176249896e-01 7.216591624229440338e-03 -9.696690882432409953e-02 -1.087625179500749939e-01 -7.656887266157659522e-02 -2.010831585006140065e-01 -1.851235525246240077e-01 -1.094892946995120048e-01 -2.788474124168869861e-01 -1.807083464512350135e-01 -1.637200504364630105e-01 -2.669349028754150130e-02 -1.118681751492349996e-01 -1.205318189037969945e-01 -2.522331013082820261e-01 -1.565606400564699963e-01 -1.350810951675850136e-01 6.144401406307319763e-02 9.068614885002150572e-02 3.392862137798560163e-01 2.479148130717359899e-01 1.721119890674270014e-01 3.043488889067830216e-01 2.644223005905680171e-02 6.480810803187020408e-02 -2.996329110441960097e-02
1.972829482318790018e-01 4.789117732680440165e-01 4.347884477718039764e-01 1.561002651658960072e-01 1.000000000000000000e+00 4.080178534221030051e-01 1.525939586220119992e-01 4.229151263321360155e-01 5.437352549635979804e-01 -1.612916271116620129e-02 8.648657686518859689e-02 1.023210670931549993e-02 1.191006598466770039e-01 1.066657979490129998e-01 2.118897338859689894e-01 1.327743005181220015e-01 9.106577804672930099e-02 -3.517075759193179826e-03 1.110717157779280012e-01 3.338029752400989980e-01 1.808680485989080100e-01 -5.342757815779949904e-02 1.624408988783070107e-01 1.049257859704920068e-02 -4.317782891324450228e-02 2.445746806242880128e-02 -9.732860110428190326e-02 -2.242210066723359860e-02 2.788803635073089926e-01 -9.552796727777029817e-02 -1.159808954613280041e-01 2.169864078292199905e-01 -8.403138552320769949e-02 -1.324467193849450108e-01 -4.046763305796589882e-02 7.191986055446800141e-02 -1.008304882331180069e-01 -6.406188054010370121e-03 -3.329373029842999654e-02 -2.483053047882620087e-02 6.446386278697249783e-02 -1.148040903038810012e-01 -3.889181346076180101e-02 -7.440471303879270248e-02 1.207973426022130037e-01 -1.012911259259629965e-01 -8.433813929499929529e-02 1.313704180931520027e-01 1.953476090085450034e-01 2.647147473836429857e-02 -1.878744303402269875e-02 8.069761853765800019e-02 -2.023216862544879868e-01 2.269744383194760018e-01 4.472793840477339855e-01 2.543014006492059775e-01 1.707318047675860095e-01 2.482594804343359884e-01 -1.322472009548379956e-01 -1.062853733578029980e-02 -1.319024595494150132e-01 1.604384302771089954e-01 -2.174490552331289905e-01 -8.204222863302239321e-03 2.636276407681169970e-02 7.636591773791870374e-02 -1.015971496985190042e-01 9.873690837105200679e-02 2.939853424899729895e-02 9.069662217365880019e-02 1.855762521644389873e-01 2.917551219066679899e-02 6.861550300723349982e-02 -7.282726674325469551e-02 -2.115087149200559902e-01 -8.621567427083469404e-02 3.635452846934190269e-02 -3.717180031706070198e-02 -1.326135607490930013e-01 -7.797654440345469506e-02 3.377696576423840080e-02 2.181144760209779987e-03 -6.659537849672469978e-02 -3.505523772378670109e-03 -8.933090805604859685e-02 -6.883116790535109830e-02 8.433444970972739374e-02 2.509568147490030127e-02 9.034870613468169720e-02 9.091933492534939876e-02 8.656544415804759418e-02 -1.153813242289710023e-01 -2.903296882762200146e-02 -1.849825828298169994e-01 7.697514222773760295e-02 -6.906115274668229997e-02 -9.660271756735609727e-02 -1.918763255462940104e-02 1.784513346137940049e-01 -7.926960187144380110e-02 4.032758883405029686e-03 3.921560900718250309e-02 9.411448600280160337e-02 -1.294691573557889969e-02 6.635830413314020015e-02 8.010187623059279727e-02 8.523877181299119310e-02 1.729441248701980155e-02 -6.798294791944789993e-03 1.073682035000539936e-01 -1.549149429945240013e-02 2.078908818853610063e-02 3.369309233886469968e-01 1.739251177146790006e-01 1.962254151903400079e-01 2.336705167440069897e-01 -1.278115329061119999e-02 -6.878175860615849679e-02 1.814366469072130061e-01
4.180605175700959908e-01 4.840362240624029866e-01 6.737131554528930089e-01 -1.184161499616350061e-01 4.080178534221030051e-01 1.000000000000000000e+00 2.753799417679819728e-01 4.603684510397130225e-01 7.245561312509859464e-01 1.164976810952350061e-01 4.373347693268259812e-02 -3.557276761151480227e-02 -1.537438870058860096e-01 -2.716350755571629930e-02 2.689105522795640080e-01 1.165031998859570039e-01 -9.995908110028850491e-02 -1.330531157224109917e-01 7.596243228814149318e-02 3.175946156146750021e-01 2.457398475959360062e-01 -1.106097196350159934e-01 6.612155930283429572e-02 -6.160279543939119890e-02 2.214675252449770093e-01 1.054204754916580056e-01 -1.532879556067870061e-02 9.936355341166450139e-02 4.481775997958780122e-01 -7.032219831777440644e-02 -2.693919393822289884e-02 1.162198026861979983e-01 -4.656453994113780165e-02 -2.082373991429909976e-01 4.405936476574959931e-02 2.845558646156850016e-02 -1.341007624065619908e-01 1.003052441979409987e-01 1.252598690944820015e-02 -7.365547477979560165e-02 -9.503725343325910430e-03 -8.814463528454470620e-02 -2.800551420938239902e-02 4.389668521802510270e-02 9.155536563276149564e-02 -6.861595607009030040e-02 -1.159960512435259938e-01 2.187284819176729955e-01 5.546570894627770310e-01 -3.499293140275230168e-02 1.299035013794120064e-01 2.810864315252160073e-01 -9.154547409419490356e-02 -2.207759148496080126e-01 6.954149196630250440e-01 6.858792108716099678e-01 2.325229051277689918e-01 4.007817440442449919e-01 -8.744296743404930683e-02 -4.566720091690879696e-02 -2.366274641489609920e-01 -2.278262998601029987e-01 -1.895655513290210037e-01 1.489617270528710014e-01 1.515464312176409978e-01 1.475523580000140111e-01 -5.779609717303849786e-02 -5.918747832602030273e-02 -1.462772531125199893e-01 -1.192576410419169952e-01 2.039454169059040090e-01 -2.013910004212159932e-01 4.012489982157300267e-02 -2.509342661424029952e-02 -2.419642708421440025e-01 -7.933929719543790504e-02 1.483568883817540027e-02 5.373593806939740147e-02 -1.554263634587630116e-01 9.254808957876399511e-02 -1.255439990344320023e-01 -2.823754998840670161e-01 -1.449096030378460020e-01 -1.704689544749850016e-01 3.332514945833699865e-02 -9.550846012170760568e-02 -1.399313229574929984e-01 2.975098193743550001e-02 6.569011404085689856e-04 -4.344300251809939811e-02 -1.596567902078459972e-02 1.213724146289610062e-01 7.628603610074670416e-02 -8.949565143042499671e-02 -8.664031111922029793e-02 -8.594115518502659645e-02 -5.723427446532819950e-03 7.979433422331549952e-02 5.170272149870770440e-01 -1.086832064520480007e-01 2.463390270532199999e-01 2.417686284037570132e-01 1.285598798712979940e-01 1.566952010317899935e-01 1.137505878259650050e-01 1.026820550077820055e-01 1.066818134600209939e-01 1.999777760865879828e-02 4.007083783809779753e-02 4.151524963906329940e-02 -5.939749999117840268e-02 -3.554272832990450215e-02 2.571748240262810015e-01 1.521308977004610097e-01 1.448950503048699982e-02 8.674207027501690259e-02 -4.349300494319170013e-02 -7.906119100989679460e-02 3.916310504261839853e-02
1.156077873857119936e-01 3.447179212002560167e-01 1.851260648158800093e-01 2.885772306758370154e-01 1.525939586220119992e-01 2.753799417679819728e-01 1.000000000000000000e+00 3.269973723781570141e-01 2.208897941047630042e-01 3.859557999178879761e-01 -1.635883433779240044e-03 1.484311547743409967e-02 -1.343569004928159977e-02 -1.271772143745860117e-01 -7.506762475472769647e-02 2.964137869761310218e-01 2.355635130764559965e-02 -1.854174695911419979e-01 -1.030658499291880054e-01 2.024084127865879990e-01 9.084560177654819879e-02 1.187495027720150004e-01 2.550190886405750154e-04 1.917926039519829984e-01 2.945705009835139845e-02 1.660956741394029879e-01 -1.163815790410780010e-01 -2.119528580862440059e-01 1.960590790121879978e-01 -1.360210437830579877e-01 -2.250482621439759967e-01 1.516947680694029910e-01 -1.033118194567420045e-01 -3.435241710243899793e-01 -1.075703388216110029e-01 -2.112509936531209997e-01 -2.723075290922580272e-01 1.898326687072149910e-01 3.063204803922570107e-01 4.930406994518030106e-01 4.426817975698489893e-01 -1.959051889901430171e-02 7.328241770606699901e-02 -4.912806491340380305e-02 -1.397466715312339902e-01 4.538078164770700113e-02 -1.789243748239499887e-01 -2.452340357557180051e-01 1.291239457247039986e-02 1.728137156110089862e-02 -1.630360328503799999e-02 -2.548499098818380118e-02 2.368265386416190110e-01 -9.440422749484840559e-02 1.806928880527710057e-01 1.577935734475799934e-01 1.337491489458859928e-01 2.192715089024639963e-01 1.446090349701429911e-01 -1.062246719682600066e-01 -6.256130279742289600e-03 4.409913971269509812e-03 -1.038273987940160036e-02 8.714894052086040455e-02 -6.243825075110529671e-02 -1.652137539499730079e-01 2.449326273168239976e-01 6.498870560489090377e-03 -9.190836016992159907e-02 -2.353727265829159976e-01 -3.329265066758269748e-02 -4.597969270900999911e-02 2.522612630330469882e-02 3.646603825380579922e-01 3.590408266415729983e-03 -1.553455316151790000e-01 -2.042517520592780078e-01 -1.421029282924899939e-01 -3.223451912850560097e-01 2.680658534110920144e-01 8.831170274186349312e-02 -2.160756598216710123e-01 -1.500854576054150014e-01 -1.190077771272169960e-01 -1.242263612950350038e-01 -1.666394919613110037e-01 -2.067122391183709995e-01 -1.416830027485959931e-01 -1.142384792716029940e-01 3.757643070411210290e-02 -2.056339916316549943e-01 1.643254309133850011e-01 1.400806982830090086e-01 -2.662332331556129805e-01 -8.227800167659790609e-02 -1.779708521650489872e-01 -1.764494346167080063e-01 -1.323775050096009931e-01 -2.840851581655039898e-02 -5.576464552974839950e-02 9.211013105050150362e-02 -1.326486705772579877e-01 2.772079724192290113e-03 -4.543259298667289697e-02 5.808902689301079919e-02 -1.009013266767249950e-01 -2.090302095385290077e-02 -1.474525537608150083e-01 -9.739400272348150422e-02 -1.878091297477519905e-01 1.553510148671639890e-01 5.941796057438800127e-02 4.105672698209170135e-01 2.139808634918030084e-01 2.146536280914169981e-01 2.931417942005449806e-01 8.361624302964190680e-02 7.172503599774419925e-02 1.970349628879010107e-01
3.683192667286649957e-01 6.314538306759940323e-01 5.258916559689870152e-01 2.774324484217799980e-01 4.229151263321360155e-01 4.603684510397130225e-01 3.269973723781570141e-01 1.000000000000000000e+00 6.686414786982539660e-01 -1.763048779013829948e-01 -8.529769675066299628e-02 -1.809403817961149907e-01 -1.776271614419179870e-02 -2.928980168528380057e-01 1.437775028144309963e-01 4.794613427740819778e-01 6.212125977419440288e-03 -6.069313579939380338e-02 -3.232699460235639866e-02 4.895862235635590198e-01 3.035210976598209931e-01 -3.449267629347860242e-01 -1.403238163157490004e-01 -1.833829943642669991e-01 1.906725604231920002e-01 -1.302523185553509932e-01 -2.453056191019470089e-01 -1.503371289820319978e-01 3.131040489505469981e-01 -1.175197589333610015e-01 -2.426673451477059928e-01 3.008815625575669839e-01 -5.656657003378860044e-02 -2.168515427751940006e-01 -6.869800435000460170e-02 -7.381411913999680330e-02 -3.182651904893349926e-01 1.602883458787560111e-02 -2.374474654586229971e-01 -2.336248855006730074e-01 -2.342248371869529999e-01 -1.435199615531040085e-01 -4.101691815059599899e-01 -1.794831696437370061e-01 -9.497029218193349387e-02 -5.026066462411450386e-01 -3.611087265924730061e-01 9.076492804888619537e-02 2.603869828736989911e-01 -3.538193794328040043e-01 1.797329398493330010e-01 1.202633981670059998e-01 2.001304546461120104e-01 -2.388201035682850082e-01 4.683385098500850163e-01 3.359586657899409912e-01 3.240394216571290120e-01 4.463495035417610057e-01 -1.455613411252590084e-01 7.081259433509740076e-02 -1.370858114219060120e-01 -1.171316322094549944e-01 -2.164223689907089909e-01 7.361175453569840377e-02 8.171922027674009825e-02 1.214024118304219968e-01 2.966536224257520019e-02 -8.484155260917060348e-02 -8.079436666916059440e-02 -2.106064858343719912e-02 1.362568220211370085e-01 -2.432544633794420097e-01 8.607776758095400660e-02 -2.315790026289939879e-02 -1.269898946450239985e-01 -3.890716763619690016e-02 -1.638963082121409898e-02 5.194687876041360203e-02 -2.861715690759700226e-01 -4.757896019145489729e-04 -5.416214601844870219e-02 -2.485629080999419982e-01 -2.365964698440750080e-01 -2.003232865848990074e-01 -1.648368501521539908e-01 -2.065758820021399988e-01 -3.466393575979729857e-01 -2.539785318561009753e-01 -1.941843597399559862e-01 6.087122742419159849e-02 -1.603729440713390075e-01 -5.536033149275199766e-02 -8.594027882260919793e-02 3.335568524883770342e-02 -2.726594627152529871e-01 -1.626855138563789993e-01 -2.314819745374470106e-01 -1.962387223193390040e-01 1.879403998908270035e-01 -3.500750271921880263e-01 2.382340533653179993e-01 1.409481218965019933e-01 2.422427810482850052e-01 -2.269580235667020135e-02 2.933754010299500226e-01 1.434938742699000125e-01 2.116283489347750013e-01 1.081105234092910074e-02 8.331491439725739745e-02 4.659411087085049696e-02 2.952899712225309781e-01 2.214195536859719926e-01 4.586026978571500212e-01 2.858171725930350182e-01 1.277642745595110041e-01 2.760196180437000102e-01 -3.933348536707149956e-02 2.230633072485609936e-01 8.659901768525360422e-02
2.697371256376089876e-01 4.800981486086450256e-01 5.014458991912129626e-01 -9.616813381534139449e-02 5.437352549635979804e-01 7.245561312509859464e-01 2.208897941047630042e-01 6.686414786982539660e-01 1.000000000000000000e+00 7.894155028043860559e-03 -4.281026722634719700e-02 -1.305179519163769952e-01 -1.191833250405879979e-01 3.970487842543909962e-02 4.024443588825910023e-01 1.548095671355000091e-01 -1.095375780506139957e-01 -1.281730100103420089e-01 1.057227259183200069e-01 5.082717323268679532e-01 3.972072847396990181e-01 -3.285632147827299843e-01 6.612873200799869455e-02 -1.648266665195790015e-01 1.558835537001420080e-01 -1.586052086113949947e-02 -5.784879812163300217e-02 8.940918497396699305e-03 5.527401820309929548e-01 -4.778062746103600017e-02 -1.144985061547939970e-01 1.948837433730049862e-01 -4.928343615261929905e-02 -2.072332564808070099e-01 -9.501818223532880470e-02 2.580879243107819798e-01 -1.875155214472699894e-01 7.015344853689570170e-02 -7.547407964098060140e-02 -1.446375049674830104e-01 -3.878765314852959667e-02 -6.515140933073609864e-02 -1.986381151552399915e-01 -4.953784645590129931e-02 -3.223357632051049998e-02 -2.223184771211710042e-01 -1.578495034065489910e-01 1.921128569037379996e-01 4.785678215449449824e-01 -2.372276673340590128e-02 3.347834822606889776e-02 1.025762775336939991e-01 -1.107867259784619945e-01 -1.850122207450440037e-01 6.064605912008780297e-01 5.748103351603469635e-01 1.563420427183200012e-01 4.931522956252329948e-01 -9.372854640679810501e-02 1.109709854694859998e-01 -1.365618231505799918e-01 -1.542867931302739914e-01 -3.211785360452150129e-01 1.009189912730830002e-01 2.141973551489720073e-01 2.138627470170499922e-01 -1.104589724523039919e-02 -1.219381861044230020e-01 -1.003082292327950042e-01 -8.106569537634310263e-02 2.645009268924530255e-01 -2.934502525896309777e-01 4.516730627552949934e-02 -2.172857000465200014e-02 -1.648407042031140024e-01 -2.119834017868359871e-02 1.364224430127659871e-01 3.422659154793260012e-03 -1.417821438813909873e-01 5.263170587239480308e-02 -1.173548017047199993e-01 -2.092749984208640002e-01 -2.209536121552120036e-01 -2.476669268724600026e-01 -2.362439490304740070e-02 -3.536397410818840209e-02 -2.257235963477670082e-01 -5.978028059652029658e-03 3.835746067138159909e-02 4.011980532131369931e-02 -3.189090452262510061e-02 7.979334623449879649e-02 2.735553339218969870e-02 -3.707408293747270142e-03 -1.841363235245269958e-01 -8.536185174934589337e-02 -1.138032002852989999e-01 -5.409955360904510069e-02 4.355259175507800173e-01 -1.030626170023190014e-01 1.611218935927520024e-01 2.418826551873599906e-01 2.130607787596670022e-01 9.388762120807979394e-02 1.486956603139500122e-01 1.445072967233820005e-01 2.046066848655679893e-01 1.779150870278000118e-01 1.766168988013049890e-01 1.408576448201210030e-01 1.404588982867379932e-01 1.009942143034049944e-01 3.840084444269259989e-01 1.885135801499970010e-01 3.729129550115609787e-02 8.717056052484170592e-02 -2.788821436232469947e-02 2.846467499688939973e-02 4.317368451435830284e-02
-1.933398206248509998e-01 -9.623767010415369694e-02 -2.006256482260939944e-01 -1.988173989195809934e-04 -1.612916271116620129e-02 1.164976810952350061e-01 3.859557999178879761e-01 -1.763048779013829948e-01 7.894155028043860559e-03 1.000000000000000000e+00 7.939246870360580632e-02 1.897914158086519976e-01 1.340061993110180059e-03 9.169617717219880060e-02 -1.441977235025219961e-01 -2.766303231154599862e-01 -1.106237628772349935e-01 -4.493196070006030274e-01 -1.002094241616160036e-01 -1.869074322292620105e-02 -4.136503793866899703e-02 1.141928429478400037e-01 -4.352082263936760120e-02 2.620932013123740134e-01 4.060978026673380259e-01 1.958671221532700124e-01 7.354236378907859362e-02 -1.477120769853529914e-01 6.929832393122410672e-02 1.135783485613700017e-01 -1.655898994993549866e-01 1.193415706002669968e-01 -1.686193696258569963e-01 -4.207374621089819966e-01 -1.694910394195079939e-01 -5.167823043601280086e-02 -2.470837832912479992e-01 5.356433670800859748e-01 7.025076346965629659e-01 5.998618953009730026e-01 4.730585956713709850e-01 1.755187259313260029e-01 1.313538257394850084e-01 1.098512075409100036e-01 -2.235558323230600053e-01 2.749069666179180249e-01 -9.278531276203519362e-02 -2.637154091456569982e-01 2.151735344594209870e-02 2.185943469943339990e-01 -4.732093928642659708e-02 -1.541840615644020085e-01 -2.240455732323939908e-01 1.731644696945049966e-01 -1.636909006967749991e-01 -3.838633501662939984e-02 -1.207085851218710065e-01 -1.733054358465840050e-01 4.238648302561289771e-01 -1.081401712621079952e-01 1.581633832523069993e-01 1.500144819582930056e-01 6.598279132291740012e-02 -4.561700698011800226e-02 -2.502513211957609895e-01 -3.444365792033720064e-01 2.030400909771570006e-01 -1.086120851491240019e-01 -3.336447232749830127e-01 -3.355587652925869913e-01 -1.476838472696840043e-01 -7.735978319542730075e-02 2.366601640213299856e-02 4.535101942436239875e-01 -7.626467021585600636e-02 1.375817899457560112e-01 -3.297896284374139952e-01 -6.411745274938039640e-02 -9.060385698984629865e-02 3.076494125861169993e-01 -2.156212868460959942e-01 -1.683246400085570138e-01 -7.580600142845450584e-02 5.372906386484449688e-03 4.811855391942290033e-02 1.054685425787639935e-01 -1.449602889155779950e-01 5.548700752818300219e-02 9.540450834009060396e-03 3.128507222889709977e-02 1.236722847174159950e-01 4.304907260486600107e-01 3.813173922982460162e-01 -4.692336446886190282e-02 -6.337627973889480015e-02 8.479187798018690200e-03 1.063698137717739994e-01 6.863716891677970611e-02 -1.454298354191460065e-02 1.160361606700349990e-01 -1.044024636758879993e-02 5.251623567702280032e-02 -2.495465274902600172e-02 2.260236943991220104e-02 4.485139510060150159e-02 7.221814582971550385e-03 -2.149873841287279833e-02 -6.744267823510810556e-02 6.760614570967660164e-02 -1.325615160039949891e-01 1.086153224457069993e-01 1.584170245072399896e-01 1.642683190354130018e-01 -1.440804626571980107e-01 -5.845759789696790276e-02 2.711266341590070142e-02 -5.189972251613619858e-02 -3.941509055623450275e-02 3.187999851532280189e-04
2.464137085357719914e-01 -1.200018483725600049e-01 1.870473873956909894e-01 -9.053695344403210610e-02 8.648657686518859689e-02 4.373347693268259812e-02 -1.635883433779240044e-03 -8.529769675066299628e-02 -4.281026722634719700e-02 7.939246870360580632e-02 1.000000000000000000e+00 4.746960146674910064e-01 -9.374967943531180292e-02 2.278881381238569842e-02 -4.935758692178340151e-02 -8.900887489412860620e-02 -1.815716861778859936e-01 -1.172333732033690040e-01 -4.495722573472699796e-02 -1.186128402351959987e-01 -2.485063171800319937e-01 -5.081670180141450305e-02 1.424953864786220048e-01 5.325367670547499488e-01 -1.128703723295400030e-01 1.214422420896039967e-01 1.119297438625650037e-01 3.489131550976550256e-01 -6.470055140571000230e-02 1.188762715262669939e-01 4.018547309992039768e-02 -7.517681032763140481e-02 -1.965797891460230040e-01 -1.528455870029420127e-01 -6.369576574920829404e-02 -4.586845996214560049e-04 -2.123436649007659840e-02 -2.612819287639089882e-01 -1.647368457924089924e-01 -1.595793381882499862e-01 -1.736108366921789922e-02 -1.992864630644410051e-01 2.032603196757679920e-01 -7.877702320773610463e-04 1.148607516381790067e-01 -6.942454957836190210e-02 -1.337324240882709903e-01 8.909844632941249509e-02 2.164591359071759910e-02 1.058523721325820011e-02 8.417214595917149600e-02 2.109474341683079956e-01 3.793711711495650202e-02 1.532479666624849968e-01 6.921179988513969858e-03 -3.928281075992669930e-02 5.635270561668589973e-02 1.051835231020060019e-01 -1.155782669746820007e-01 2.921340027715719767e-01 1.821159683571299884e-02 2.275430792970440166e-02 2.165793634324749972e-01 1.337198608641110009e-01 -3.974789921363870021e-02 -1.286192702390779874e-01 -1.274094333361039943e-01 1.562363089446469969e-02 1.979532381749269931e-01 1.715448080843600120e-01 -1.277145946010889953e-02 2.305461358642049985e-01 2.368167648105030110e-01 -1.540557078377569888e-01 1.330611172003950127e-01 2.968666834842320079e-01 -7.567017689485640297e-02 2.709987331460019799e-01 4.031150633608449746e-02 -7.471441286384719604e-02 1.473272048919860022e-01 1.971893658402399940e-01 1.908324537920239872e-01 -4.996930511337009662e-02 2.357868335970290108e-01 -8.273543337084049432e-03 2.430853798395240031e-02 3.401153187298179836e-01 -3.115925929808080214e-03 -4.785661800577920011e-02 6.643161044875349475e-02 -1.835299199962210082e-01 -1.744905305927590133e-01 -2.157674134510089992e-01 1.400320608092709973e-01 -1.991461691500769904e-01 -7.993911278756160588e-02 -2.178660818509850147e-02 -1.352189644055279936e-02 -1.010975611341219937e-01 2.009685765537969904e-01 2.015740039487559920e-01 4.611246684361679921e-02 2.997667394026850007e-01 -1.621166277346350049e-01 -2.659251791345539906e-01 -2.135683497935799979e-01 -5.785273349256259828e-02 -1.716036519074330136e-01 4.206940734699009948e-02 -3.093852633537170216e-01 -2.796039343042729941e-01 1.600663542240489956e-01 1.911978180045620090e-01 2.899867519555430206e-01 1.030181131702660041e-01 4.410984901385119894e-01 2.467094365252139876e-01 4.581050645618670036e-01
5.613061928559680280e-02 -1.074433694908019932e-01 3.067688566458379867e-02 -2.790534688014930167e-02 1.023210670931549993e-02 -3.557276761151480227e-02 1.484311547743409967e-02 -1.809403817961149907e-01 -1.305179519163769952e-01 1.897914158086519976e-01 4.746960146674910064e-01 1.000000000000000000e+00 2.853777645098309890e-01 3.152026556099690180e-01 1.787697472293059975e-01 -8.758331920206779975e-02 2.340617720697809878e-01 -7.719726958755060257e-03 3.513465212159739837e-01 -2.116524962505150070e-02 1.332780248654049926e-01 6.140223583135250018e-02 1.951429930729950135e-01 6.243979834431030440e-01 3.898538287731280211e-03 1.929930187114509976e-01 4.276281056265029967e-02 2.051910283519610134e-01 3.285316276774850192e-02 -3.039020103542020013e-02 -3.899741354710879737e-02 -1.838708048945009860e-02 -1.392142179117810130e-01 2.935638421486750152e-02 3.521047056080910120e-02 -5.444748627621649739e-02 -1.183693071943810043e-01 -2.659940920262129915e-01 -1.339592970708670117e-01 6.035697431715589950e-02 2.165258292940940021e-02 -2.860771782602760105e-01 3.063063468328550143e-01 -7.376578636976190151e-02 1.774025284220570042e-01 -3.478269621951469992e-02 -8.394758835476449910e-02 -1.607134287565549838e-02 -6.203331207955929683e-02 -1.594420179315320096e-02 2.809033858935059899e-02 7.588336113344890110e-02 -1.051137566808280077e-02 4.720540091696919655e-02 -9.965543269604369703e-02 -1.655022322429630099e-01 -1.809472289507050025e-01 -1.311053652177850137e-01 -3.152972363003170297e-02 2.116062378290159973e-01 3.751918597175369907e-01 1.429490976807550051e-01 3.327212174951350021e-01 1.699723290809160015e-01 5.832703002230880257e-02 -2.479611298109509789e-03 1.706292375101519862e-02 2.755334193331340220e-01 2.360695602697709949e-01 8.492448149263820412e-02 5.575065212121659702e-02 3.436380378577890138e-01 2.653603604427430263e-01 1.615021663728969910e-03 3.202426641285640030e-01 -1.033889597073039956e-01 7.153011297627209775e-02 1.675918727755690008e-01 -1.977029733179909987e-01 1.153500546475489941e-01 2.773735279936990206e-01 2.275096446706240116e-01 3.230281264642380079e-01 7.522272782776129318e-02 1.717454754164599862e-01 1.054152925551690018e-01 -2.112389898192129981e-02 2.220866409794040042e-01 3.938372215056289843e-02 6.678082134106770595e-02 1.610575352093850110e-01 -1.717259092903949957e-01 -1.538182901129120095e-01 -4.236000856501129785e-01 1.862770250567860053e-01 -9.607987937576589754e-02 7.055349126674109739e-02 2.419239258009389937e-01 -5.555126353074710255e-02 9.416683004497250487e-02 -7.681612221308330157e-02 -2.167297645766959879e-01 -1.760930848100570045e-01 -8.525142805136930180e-02 -2.173420714834330136e-01 -8.063668588194559950e-02 2.235077024450420058e-02 -1.405846284475510133e-01 1.054767467891029945e-02 1.294296535132550066e-02 -2.763146474683840226e-01 -2.311376516427680050e-01 1.428020306305829989e-01 1.293529327583360089e-01 3.870567690592430221e-01 2.522124887248169967e-01 4.649357271284190185e-01 2.188035891532650046e-01 4.129845260297150267e-01
-9.092759103435940626e-02 3.125996452669590336e-02 -1.403111081688170059e-01 1.620134245990829946e-01 1.191006598466770039e-01 -1.537438870058860096e-01 -1.343569004928159977e-02 -1.776271614419179870e-02 -1.191833250405879979e-01 1.340061993110180059e-03 -9.374967943531180292e-02 2.853777645098309890e-01 1.000000000000000000e+00 2.910077270912880265e-01 -3.701143644154059748e-02 -4.669410190085299811e-02 7.637347081408749627e-01 6.155017288966620204e-02 2.906248822324030145e-01 1.362166792600509879e-01 1.631967740577759951e-01 4.156337876815480170e-01 3.053442502660539890e-02 2.580004942394680256e-01 7.534797040446730362e-03 1.171987421414440039e-01 -1.166459296706100039e-02 -4.472120101279400232e-03 -1.096698065087639978e-01 6.245128710443639819e-02 -7.969718217901379520e-02 -8.049736252796990676e-02 -6.847547666375329752e-03 1.105612007072789976e-01 2.863710678220610095e-01 1.296464350104590060e-02 2.035213784946260096e-01 -1.426708168856349879e-01 1.673468204824489838e-02 2.302097912839790039e-01 -1.054721966453579969e-02 -5.751028151180379716e-02 1.677001949801029956e-01 -1.374394538109069974e-01 1.711703923516209869e-01 6.308175090529870126e-03 5.259926292169000289e-02 -9.602682896619070194e-03 -7.715357614496549943e-02 -8.504342346365439953e-02 -7.101829786270749678e-02 -1.347760078298899933e-01 -1.007806098567050057e-01 2.013068427201610000e-01 -2.104230634845430103e-01 -2.243939911597550019e-01 -8.504453506553690196e-04 -2.968840677281159857e-01 1.252022255418979990e-01 2.360903448389739881e-02 3.414736155843209886e-01 7.535371104894039718e-01 1.058791838074640002e-01 -1.686113162125700005e-01 -1.105084514687020014e-01 -7.768304735062929456e-02 1.043725733168189979e-01 3.269171932584030160e-01 -1.968999745948329938e-02 5.497638562952050084e-02 1.692536982266970025e-01 1.515678778513490088e-01 -1.022610071017940048e-01 7.856735369537919469e-04 1.490104976002480097e-01 -1.868706960406270046e-01 -2.276378211088020062e-02 -4.978852690323479907e-02 -1.997060691940480137e-01 6.363642796225839685e-03 6.604210971523849505e-02 1.722005142039990111e-01 1.624811055108970059e-01 3.109448906181689898e-01 -1.759969975771190076e-01 -4.999174134353730203e-02 1.119987321881240061e-01 -1.085792701039309943e-01 5.407929977219839979e-02 1.095056099963429980e-01 1.161735400745410041e-01 -2.175728363817809943e-02 6.992699800266949373e-02 -1.837346425155839957e-01 7.359183674163209676e-02 -1.199492528571200062e-01 7.741346729854700626e-02 7.824003433024999399e-02 -2.487869456166559926e-02 -4.414395283993489960e-02 -1.195512459953339962e-01 -2.644943104622479724e-01 -2.194704159229710072e-01 -3.745237005142310061e-01 3.416729694900119685e-02 1.894351667580599918e-01 9.528945805834029836e-02 1.386493591561969996e-02 -2.824450475762759968e-02 2.070753537407030165e-02 1.889007842902200029e-01 1.689590267218230024e-01 1.891321865140659919e-01 2.705611429924720257e-01 2.350829225269620015e-01 2.933892137840000136e-01 -1.958756937735330050e-02 -9.572944760025479949e-02 9.067450548073909726e-04
