1.000000000000000000e+00 2.361230674959899911e-01 5.747859381251170241e-01 2.664989571297590176e-01 2.571328357904720252e-01 3.702759843239150084e-01 2.612341706763909865e-01 2.176849836189770071e-01 2.571929005944340041e-01 2.694806231513289796e-01 2.217037437898490004e-01 2.540250570221179727e-01 9.325665712468660107e-02 4.076047943707949983e-01 3.628204913508270013e-01 4.984154727758640102e-01 1.452297677705000067e-01 2.157715815833819994e-01 4.565476845816350271e-01 2.551051241247920265e-01 4.098482867941030117e-01 1.877127172441820091e-01 5.585398216847360375e-01 1.200082408204520001e-01 4.210460424452249772e-01 1.091756594938149971e-01 4.446509820880499841e-01 4.440988828230760244e-01 3.663920343405570046e-01 5.352243813537700401e-01 5.381098696896420286e-01 5.246926967565539446e-01 3.182930166026790020e-01 2.373102853700480019e-01 2.495251630581739877e-01 2.010741338519380084e-01 5.905545524488040043e-02 1.199242088712550031e-01 4.699301122337180003e-01 1.963314155533290029e-01 2.553093511602960164e-01 3.911258389266409896e-01 3.394417040390920182e-01 2.802736527336440187e-01 2.446450028266020094e-01 5.185237425132049882e-01 3.132386285362819822e-01 5.712276076923920032e-01 3.497320062557799925e-01 2.348945323684399900e-01 5.774839515084380093e-01 4.346962834421689847e-01 4.090279909352330101e-01 2.449449171960519922e-01 4.069677391338870076e-01 5.099849944475479679e-01 3.116074228787220068e-01 1.522015652498630023e-01 2.641547136721489886e-01 8.388767172058470001e-02 1.529521367234810136e-01 1.792629374245290064e-01 4.878657176376590132e-01 4.402333522294000212e-01 6.900504948438630493e-01 3.790823643847229807e-01 5.124159328978189487e-01 2.623153248726249887e-01 2.966003178658460082e-01 2.980689515620140173e-01 5.152706986659979504e-01 3.203126041483450037e-01 5.912856306877880552e-01 3.293172699088109945e-01 2.074850292515320049e-01 2.390906432618110089e-01 4.815184989056640052e-01 4.081866569859040061e-01 6.144093691811940428e-01 5.655368350250220555e-01 2.514746800695359941e-01 1.502258038027070031e-01 1.944348659582549876e-01 2.550810924530529933e-01 4.030073052916989806e-01 4.601198269981470190e-01 2.455406448809240028e-01 4.223965419850789771e-01 2.618598697449989743e-01 2.428795488183420059e-01 5.603202987406139535e-01 5.806617066137510497e-01 5.108415608911239802e-01 4.762214973114040073e-01 3.047458877646169739e-01 3.445998119077289812e-01 4.870421439924830231e-01 6.313543668822100274e-01 4.124882032369009965e-01 1.844149132050139916e-01 6.855268660514020063e-01 6.052353511032809719e-01 2.697430813396389793e-01 5.004038629704149477e-01 1.132312165411129973e-01 1.308869781607580052e-01 2.967327197791920224e-01 4.291891431999669826e-01 5.013266823952690077e-01 3.669671304196829853e-01 1.297330061107269950e-01 2.506423178308849753e-01 1.074037836329339995e-01 1.344846676731699942e-01 3.020612764957200103e-01 1.302991001090059997e-01 2.687109404070099905e-01 3.212427202840429930e-01 3.978430216644969764e-01
2.361230674959899911e-01 1.000000000000000000e+00 5.505888062240810177e-01 5.752888664623060366e-01 8.285099158121860263e-01 5.581875588914020359e-01 7.724958535854179464e-01 7.714622539701899706e-01 7.053452759773819469e-01 3.510296479530029823e-02 -1.402143703975040033e-02 -7.507661453657589468e-02 2.582983986208000071e-01 3.739560217605940040e-01 6.981356630936910168e-01 6.108120816806249520e-01 3.700708417235820114e-01 4.009676220181199735e-01 4.119010679991059742e-01 6.804755405712089589e-01 6.436857626602010551e-01 1.448000265279389964e-01 4.429840945050789736e-01 7.961781188334850212e-02 1.303443556750200072e-01 9.626029435589320005e-02 4.186520891658560006e-01 2.653291867017140149e-01 5.563445990937649910e-01 5.147301434271499554e-01 3.674341907921919725e-01 4.100908480849719817e-01 4.166909261689000221e-01 4.727625016559759974e-01 4.940918100133270263e-01 6.684885511031900540e-01 4.466161411365739964e-01 -3.300393995495649879e-02 3.750959036832129945e-01 -4.210047181863259985e-04 6.578886189333800205e-01 1.898469143570959972e-01 2.400775608477550005e-01 3.102826982739479988e-01 3.050070413909999889e-01 3.972752286061639881e-01 2.734440432232410068e-01 2.386464472304709872e-01 3.508885096217139732e-01 5.876844546402200109e-01 5.997588112693850171e-01 8.249458624328589451e-01 7.746678443579879669e-01 7.452270543688830351e-01 6.970404463753749891e-01 3.674735841652579937e-01 6.742503117026920068e-01 7.901914688905029571e-01 2.965317657977890042e-01 8.439943167478609898e-02 1.041219724929149937e-01 3.480277357908320157e-01 3.063908791684269994e-01 3.450436342505490139e-01 4.031260088859299762e-01 3.838407099576099935e-01 4.784038661842680007e-01 2.253025744164340038e-01 8.374640431486110592e-02 5.466456300694839676e-01 4.019244880475260073e-01 2.123632109685550107e-01 2.791777343442359838e-01 1.631847902810359963e-01 -2.547404385518030057e-01 2.738154754174569883e-01 3.335890837983129797e-01 2.375545225557940121e-01 4.316316579321040070e-01 3.294810796237440109e-01 1.566626762360839864e-01 3.063380565778670017e-01 4.164885613554509813e-01 1.642345415440339962e-01 3.220492761083719735e-01 3.898718200356299790e-01 4.142557361964249729e-01 1.422945788643540099e-01 6.809626648129679660e-01 3.115720000610630036e-01 5.337042653667689596e-01 2.054481314925200031e-01 3.527781081837920163e-01 3.175636809597789934e-01 1.037275702088220064e-01 3.075065819318810179e-01 3.132196389157709815e-01 3.673705951936699909e-01 4.856006196984760104e-01 5.362702728837279720e-01 3.133851608853400195e-01 3.564645809306150048e-01 7.720303907983419589e-02 3.556872892304870082e-02 2.206326527803409987e-01 1.867166594330819940e-01 1.606670904636990083e-01 1.980566190851680008e-01 1.496241175728620088e-01 3.741051957681999773e-02 5.135530426098789958e-01 6.189649704230339999e-01 6.690611281265480548e-01 5.109298236502619606e-01 6.490480133431280052e-01 6.278433218341930022e-01 4.490854632322510143e-01 6.256307902870520410e-01 6.082711620248270057e-01
5.747859381251170241e-01 5.505888062240810177e-01 1.000000000000000000e+00 4.667104510963500097e-01 5.435848584481830503e-01 7.783188896005579505e-01 5.926327746871610236e-01 5.364634604048359456e-01 6.096658933401589708e-01 3.444181636552929859e-01 1.938854463165690101e-01 2.356046398438779998e-01 4.527851188800309790e-01 6.724568491164569783e-01 5.872998625799169536e-01 7.067149493798310367e-01 4.372832225908199755e-01 4.705151170868129840e-01 6.969715965261259472e-01 5.360747620598319552e-01 6.479208752881590039e-01 3.696613625103489786e-01 7.747356131015249447e-01 1.106678876133389972e-01 4.703457888800000042e-01 1.812245380771110026e-01 6.128977750475129715e-01 5.231045809892520548e-01 5.060330147190570393e-01 6.838371867012680294e-01 5.010003029219809445e-01 5.663642692767050235e-01 5.568702803967470194e-01 5.726149643388820376e-01 5.337252462854550350e-01 5.674298511613770080e-01 4.873341112396210040e-01 2.680462423265059790e-01 5.716285810103499676e-01 3.491155323670849797e-01 4.708087283322420213e-01 5.129745492416240005e-01 4.160119094543059948e-01 4.907809231764649893e-01 2.996060497257250210e-01 5.587672900537300480e-01 6.238015495390359932e-01 5.755428644576260355e-01 6.552248335372340415e-01 5.332489699830339491e-01 6.482312612931719897e-01 7.310663529006200534e-01 5.721468758040839653e-01 4.134020892532119795e-01 8.461967952701849871e-01 8.196189953139869644e-01 6.251961405316830422e-01 4.569347542687560160e-01 4.722278103441340247e-01 2.144270456775690115e-01 3.310931478158760100e-01 5.069742663445899744e-01 5.416608638767720363e-01 6.968392892722350407e-01 5.981805930120559500e-01 6.158785448123890172e-01 5.845128132412320543e-01 4.754817044512040236e-01 4.316338503027740137e-01 4.396959173144650013e-01 6.096699937536189662e-01 4.918283919596200260e-01 5.996203472406900215e-01 3.683121154377519968e-01 7.802389744144930250e-02 3.957145620905839767e-01 5.068564291405569522e-01 5.483253084986210446e-01 5.613578851995609797e-01 5.654329776257680518e-01 3.039162613567000237e-01 3.810104391816019898e-01 3.486587127659099838e-01 3.545142918660449949e-01 5.494810137401010541e-01 6.031786416709670196e-01 4.956059446757100084e-01 4.963221267853720198e-01 5.424748961631830069e-01 3.532951394001250245e-01 6.391659266842060205e-01 4.591752947090109727e-01 5.682498944221330284e-01 4.799834251564950027e-01 2.127980261516670135e-01 4.859617399465639975e-01 5.027328552432880349e-01 4.655086441101710104e-01 5.965328288880259455e-01 3.515997926207780067e-01 5.868870694926320297e-01 6.157226189594300347e-01 2.846046086306789902e-01 3.213657636954190266e-01 3.803756782287189830e-01 3.073845404152020233e-01 4.487310287937429920e-01 4.278065633962950254e-01 4.663824702703610048e-01 3.656238225161340116e-01 5.606774473985639551e-01 5.880121902008480506e-01 2.989117523080689898e-01 2.284622712215519935e-01 5.945375306730610321e-01 5.443114876325320095e-01 3.648180680198280235e-01 5.020623778021140460e-01 5.569638370943089667e-01
2.664989571297590176e-01 5.752888664623060366e-01 4.667104510963500097e-01 1.000000000000000000e+00 7.245552897335340026e-01 3.624575679368319814e-01 6.024312585247449947e-01 8.161919753812949541e-01 6.525753783229290006e-01 -5.372247983916000197e-02 -6.765113186437529680e-02 -1.332388683742740110e-01 7.908732667990500675e-02 4.613461416219930000e-01 5.616299270717950431e-01 5.404975010536580138e-01 8.329779764862310643e-02 6.022014602232960145e-01 2.680809739663119751e-01 6.700529918929499784e-01 6.827950456095069898e-01 -4.433943230434980037e-02 4.997359221574450006e-01 -1.012138927472959991e-02 5.618908680655469723e-02 -2.638258268636009887e-02 3.996585693311979770e-01 1.635718958376400078e-01 2.579698331159769875e-01 3.627454307714340076e-01 3.187448526283199746e-01 4.186461887700450024e-01 4.677766740165339998e-01 5.220897853255219712e-01 3.730208299225090118e-01 5.721042847844890478e-01 4.227823393548230113e-01 6.433408331072319741e-02 3.154897317487149744e-01 2.394442522419369945e-01 4.677618103762810065e-01 2.081274240400430020e-01 4.713436077981830175e-01 3.240378819973609992e-01 4.604792589992759977e-01 3.820333418464080255e-01 4.263152532123630212e-01 3.579284614962510158e-01 3.421966053777890093e-01 5.425295847573720076e-01 5.379233331385849803e-01 6.618397661256379960e-01 6.812740835568840136e-01 7.817613329469399464e-01 5.380787107950669723e-01 4.490740471809669954e-01 7.388014941163959515e-01 6.839151711196530536e-01 2.694604106563319723e-01 1.095980214026300026e-01 2.345143304078889934e-01 2.553070635062750227e-01 2.095446513909040021e-01 3.527611518577399852e-01 3.191465159033169963e-01 4.417333876908339785e-01 5.313296813238399530e-01 1.017916745306900045e-01 2.575547154473269984e-01 5.357560001515200288e-01 5.180075219617870097e-01 1.077610935620459953e-01 3.446697569270000261e-01 8.832971048885529530e-02 -1.858200814335879969e-01 2.306729031646239936e-01 2.357664993235799866e-01 2.318047570404729862e-01 4.952073767551120054e-01 5.173991238159419970e-01 7.760268242803519678e-02 5.039367091123230225e-01 5.765280989276200252e-01 1.910604305629370059e-01 3.921862140054490076e-01 5.019583251189000395e-01 4.406179464392809830e-01 1.116543047890529994e-01 6.255054522604269751e-01 3.075848214343849807e-01 5.689610175006329928e-01 2.377789547164169959e-01 2.936173907619120116e-01 3.234898713604110188e-01 2.595917995575729997e-01 3.400484352203599903e-01 3.350791758490749839e-01 3.859180997660039969e-01 5.394953214951160314e-01 5.886167105317490211e-01 3.271086137726559873e-01 4.940530529161060169e-01 1.809333877151509951e-01 2.325655928390550076e-01 1.655843185789949989e-01 1.880231205065520106e-01 9.772035182080500079e-03 2.073030699869150006e-01 1.447846188955350111e-01 1.757637391187379938e-01 3.320131139752889871e-01 4.261483536841609854e-01 6.346483489367009678e-01 6.228181342031570145e-01 5.408016012232349512e-01 6.086095356311389537e-01 5.539963837898279619e-01 4.868621754488319797e-01 5.490169996031319943e-01
2.571328357904720252e-01 8.285099158121860263e-01 5.435848584481830503e-01 7.245552897335340026e-01 1.000000000000000000e+00 4.824460162028509913e-01 6.694165725938650002e-01 7.835130781351700158e-01 7.410720007003339660e-01 -8.112853039722550674e-02 -1.403240286114859903e-01 -1.339444303293169936e-01 2.272394567773189933e-01 4.287452792654329881e-01 7.566473418175380106e-01 5.921467181293189608e-01 2.759191958177170112e-01 6.001454487179870290e-01 4.229910024787850165e-01 8.447758528072569773e-01 7.580323126366069753e-01 2.435943309428740058e-02 5.216374154459659795e-01 -6.721525975409460563e-02 1.887379279865050025e-02 -2.703423363048930092e-02 5.016182548397180030e-01 1.615048610243990101e-01 4.607029675411369873e-01 5.140292934075180176e-01 2.632198608892640235e-01 3.996713117984529995e-01 4.601530673660930160e-01 6.107832543033290262e-01 4.648876856249939959e-01 7.104295389822760098e-01 5.266410300326850313e-01 2.942289750868979856e-02 3.540349848233140251e-01 8.446505931190960437e-02 6.025134319221430168e-01 1.607117132848079888e-01 3.753935207803160146e-01 2.729405604915550176e-01 4.904265384432939801e-01 4.031035280783999974e-01 3.540281921229210260e-01 2.606227636823009730e-01 3.040235665815059773e-01 6.422886428045779805e-01 6.254060083125759784e-01 8.595279695039640400e-01 8.692895383033749646e-01 8.603667699278110259e-01 6.949213697364590159e-01 3.614184914224879974e-01 7.440210252361409982e-01 8.433829071635999819e-01 1.532703514351869967e-01 5.012648933264399892e-02 7.839102203926899548e-02 3.499171809627359964e-01 2.723261356052810167e-01 3.561481216794710192e-01 4.076215052506290126e-01 5.056366745825460196e-01 4.602443308745829964e-01 1.877728399780659863e-01 1.915500725685740091e-01 6.849622435587500169e-01 5.785102022488229911e-01 1.480597879513770032e-01 3.291317806744220031e-01 2.961735407174220097e-02 -3.029582036167809966e-01 2.064482265376449965e-01 3.130663378979799960e-01 2.326718205136379947e-01 3.991568553255059881e-01 4.683821321526570047e-01 1.165642043885820045e-01 4.526126308008709964e-01 5.202399086733120459e-01 2.030306433096289997e-01 3.966594695686579963e-01 4.298349865612929865e-01 4.226832511197660125e-01 7.242968303539820685e-02 7.913796119088349901e-01 3.340188147651220185e-01 6.082783058349839900e-01 1.323687154494170015e-01 3.243209737348899946e-01 3.245823364223560104e-01 8.439732025792939796e-02 2.862209688778080130e-01 3.852093904477790209e-01 3.721275205614980042e-01 4.461486002598439859e-01 6.375682854897070095e-01 4.088404023715470070e-01 4.337837949643609803e-01 1.759817487282969994e-01 1.475607583478069917e-01 2.343645606219789956e-01 2.192177983554300102e-01 3.201912033270069846e-02 2.291228465033829931e-01 1.520180902578950055e-01 7.456847932578899996e-02 4.797951715373590109e-01 5.996223883369640184e-01 8.223738711811799940e-01 7.343671282128260147e-01 7.449164018747640448e-01 7.450059484219370143e-01 5.515778569608590365e-01 7.087666571327310150e-01 6.717265577998949855e-01
3.702759843239150084e-01 5.581875588914020359e-01 7.783188896005579505e-01 3.624575679368319814e-01 4.824460162028509913e-01 1.000000000000000000e+00 6.573965411069050413e-01 4.404661140986079748e-01 5.452243398808409580e-01 2.276388768615350000e-01 2.055972481866590040e-01 2.073819348847520116e-01 4.741330468898209971e-01 6.459456208438379976e-01 6.425316660533549884e-01 6.871587665920529941e-01 5.280862571303970299e-01 4.726807879951889779e-01 6.793663589125970015e-01 4.842546348772330256e-01 6.324761556099129933e-01 3.804178882671669926e-01 6.032901127013969855e-01 2.290056320826669989e-01 5.362640719816049728e-01 2.470927159236130100e-01 4.993674538946050179e-01 5.019697646529059920e-01 5.738132010724650289e-01 6.367245831215380125e-01 4.879195583936700165e-01 4.913191125512320068e-01 4.136115722394160255e-01 5.944024812312029837e-01 4.947870701360270185e-01 5.705058100782189889e-01 5.678710549911909489e-01 1.473551153654890089e-01 6.002027450798289587e-01 2.869966681152320009e-01 4.154171112696959933e-01 5.128967684320000497e-01 3.356069298642230248e-01 5.404360979734860182e-01 2.212836778200520105e-01 5.021632187107150092e-01 4.853428949799230008e-01 5.380470709966049814e-01 7.209351311227499837e-01 5.827789993236900390e-01 5.345456480345589512e-01 6.326469394223589449e-01 4.721895000914769769e-01 3.234106851749459777e-01 8.806612691363590040e-01 7.728730497460130078e-01 5.014919592991140540e-01 4.191534276932040171e-01 5.518958321918630006e-01 2.660351376283859870e-01 2.900706745697950173e-01 5.401797604020279753e-01 4.842903378650509905e-01 6.364705866039890303e-01 5.200343454057240189e-01 6.109882552143020007e-01 5.795814280754020276e-01 5.182851517276200193e-01 4.469883477861499865e-01 4.790165895279639985e-01 5.316162073418839729e-01 4.955604684468329912e-01 5.321859100689719790e-01 3.002524261315169807e-01 1.721453035141639887e-01 5.176468338894849586e-01 5.634305055226740411e-01 5.268755703662260093e-01 5.015063302717830407e-01 4.846349066235460246e-01 3.572695948304759894e-01 3.564923426093000169e-01 3.198203762525210214e-01 3.719661948416569941e-01 4.703467738006170129e-01 5.348967245529550052e-01 6.047098232592239553e-01 4.716764167660499885e-01 5.580101223630199447e-01 3.608365024747169914e-01 4.725273421948780195e-01 4.016666054424899990e-01 5.891530586132109892e-01 5.023453803301669574e-01 3.008734950245769979e-01 5.255307532664580394e-01 3.779810399839330093e-01 4.080803241504579737e-01 5.955704036536140222e-01 4.165576462212530195e-01 5.052407211062609482e-01 5.288661737984290401e-01 3.305317295918320242e-01 2.750243349679020177e-01 4.771854941603649869e-01 4.304283945399460243e-01 5.321179184367500481e-01 5.011744502846320337e-01 4.639206192754519731e-01 3.453781630231629873e-01 7.302119697461210146e-01 7.487303603188829593e-01 2.466730761755500101e-01 2.415298065987749876e-01 6.252980634116039882e-01 6.229544378404360261e-01 2.993974390536999763e-01 5.257639380856240496e-01 5.375827697680769512e-01
2.612341706763909865e-01 7.724958535854179464e-01 5.926327746871610236e-01 6.024312585247449947e-01 6.694165725938650002e-01 6.573965411069050413e-01 1.000000000000000000e+00 7.372849355297610430e-01 6.560892839176200031e-01 1.160659449977980012e-01 1.954861904347610091e-01 7.626917499555839475e-02 3.632670211665710025e-01 5.699206368135130152e-01 7.630600454860470006e-01 7.556699874238409498e-01 5.165797823259049570e-01 4.224939676574600012e-01 5.879035736609049545e-01 6.360830165159460092e-01 7.684985216163640054e-01 2.783580892704750065e-01 5.568861456071979577e-01 2.927076945010549935e-01 2.782531561652120122e-01 2.572873111623030229e-01 4.938060316708939856e-01 4.215130188147940271e-01 6.567611153433280391e-01 5.913168880085289958e-01 4.042774048182030122e-01 4.937097933512720194e-01 5.065972596422270158e-01 5.130090501669080094e-01 5.296567661166700081e-01 6.293846357450699758e-01 5.204679001725980303e-01 -4.857990336468160156e-03 4.906667312313380269e-01 8.710085574641729389e-02 7.154913752549659778e-01 3.035631598092050076e-01 3.749055537531060245e-01 4.833503345010080055e-01 2.790442933588960228e-01 4.353915123915310104e-01 4.310588046441000132e-01 3.268848143381969940e-01 4.728656387335140043e-01 5.803398777381419960e-01 6.611737662117439518e-01 7.534612070720539956e-01 7.677295079323439575e-01 6.610188120784920018e-01 7.753974990747199980e-01 5.488205283655089861e-01 7.439726638365159461e-01 7.417020103430209677e-01 5.054778778484310120e-01 3.026385955924140170e-01 3.435086567795910262e-01 4.844599439653040074e-01 3.979428719893139954e-01 5.371751658070089697e-01 4.760276982863769768e-01 5.728791826704410228e-01 5.916026152153539552e-01 4.230079859360290073e-01 2.787912378159709825e-01 5.243826640342900136e-01 4.928046140238689921e-01 3.718481555011189932e-01 3.977874231640869951e-01 1.849740109045280023e-01 3.006819189689019858e-02 4.768933179924649823e-01 4.633456293210360122e-01 3.420937365780910011e-01 4.857692098176339957e-01 4.615958766695870130e-01 3.426226803705400004e-01 3.505103366031899759e-01 4.431490076714080240e-01 2.663817385105939906e-01 3.937116635019239919e-01 4.999779764156599970e-01 5.687628098291489520e-01 2.896909867954450268e-01 6.795343696235469633e-01 3.992538661589180027e-01 5.310240000573119845e-01 2.840516429583009872e-01 4.027162003496139731e-01 3.933209877142500033e-01 2.210368251610070056e-01 4.616837596245599862e-01 2.796689050390380182e-01 4.085497004207570004e-01 5.488498406774720006e-01 4.737713417311639752e-01 3.110951781279269746e-01 4.567824101472630072e-01 9.448764442649260076e-02 1.155245492964639964e-01 2.700857807490349982e-01 2.782429810793640157e-01 3.381460916024939811e-01 3.917810706769920270e-01 2.917344157082130129e-01 2.090147488357469996e-01 5.847622674420479560e-01 6.730024057415440186e-01 5.322663280949240239e-01 3.852488213045600074e-01 6.196432311790429637e-01 6.542982254923780383e-01 4.760053820096519783e-01 5.548449810382289904e-01 6.243536773984069699e-01
2.176849836189770071e-01 7.714622539701899706e-01 5.364634604048359456e-01 8.161919753812949541e-01 7.835130781351700158e-01 4.404661140986079748e-01 7.372849355297610430e-01 1.000000000000000000e+00 8.057280557657749975e-01 3.550873017415150101e-02 -1.466672842690589992e-02 -1.070481653205069966e-01 1.761086335770699896e-01 4.288037090299000043e-01 6.331236652938669884e-01 6.314290078584590127e-01 2.379491577179939921e-01 5.547439793404319586e-01 3.727139957566240058e-01 7.583632831439119926e-01 6.780332522446089749e-01 6.164496523622289836e-02 5.223945627377749590e-01 -3.401010582071910260e-02 7.575153130691719694e-02 3.273720050954889715e-02 4.297770275261029727e-01 1.631181334680870121e-01 4.055174880790810010e-01 4.399787775862230021e-01 2.834777774028500175e-01 4.160399585431899805e-01 4.909895165494430058e-01 5.225888458060220509e-01 4.942163091229729854e-01 7.011163791352490460e-01 4.819124193904639752e-01 4.283160132317530289e-02 3.413476698419969924e-01 1.175344159510150061e-01 6.370863668084160159e-01 1.499392256067139939e-01 4.191693805771720127e-01 3.088077053084610224e-01 4.377232971971489750e-01 3.683067996009820044e-01 3.605427213777049888e-01 2.714552378641240105e-01 3.755419918984870264e-01 6.116035290548670345e-01 5.270192185141889807e-01 7.601199318482090295e-01 7.508002117103670381e-01 8.046745018999800214e-01 6.187800987765800231e-01 4.278063531502370176e-01 8.382924593059160046e-01 8.713308674240569651e-01 3.012856838281630090e-01 1.104035510153110050e-01 1.926311557716139933e-01 3.077751520966390264e-01 2.465550911348750041e-01 3.325779460020910072e-01 3.275625881174140108e-01 3.910719008571180155e-01 5.492145149160609918e-01 1.590765848904500124e-01 1.571273953525539890e-01 5.678190033276849791e-01 4.737750876520570031e-01 1.882798354558100073e-01 2.929621165965209939e-01 1.059601685101689977e-01 -1.660956526224630081e-01 1.914459958931450101e-01 2.630454092648489839e-01 1.781556000008369944e-01 4.142250510451069845e-01 3.622047808053039941e-01 1.670015257894809924e-01 4.789447629021679753e-01 5.621310305147759756e-01 1.820258729797120112e-01 3.463053314744800049e-01 4.588698570450510106e-01 4.332116759261320227e-01 5.596928416069379963e-02 7.312471120515390277e-01 3.184449519596210254e-01 5.367265835351080483e-01 1.492453862228899919e-01 2.299836816095640057e-01 2.327865727729049872e-01 1.331739996615000088e-01 3.224301320947460248e-01 2.619988312127269903e-01 3.196716567102340090e-01 5.786325247480450518e-01 6.018063733322179809e-01 2.513546466699569937e-01 3.692127376949719819e-01 1.148374257329060066e-01 8.105761374121220331e-02 1.942415332784689919e-01 1.775859776471729878e-01 4.072203459512580004e-02 1.609970218701859968e-01 8.881107330509059594e-02 8.427136541106980405e-02 4.632959029556870112e-01 5.295236744767639614e-01 7.231356530161360263e-01 6.075198151556110426e-01 5.749329926152230152e-01 6.180688332365690263e-01 5.863033568180130439e-01 5.992496050526220364e-01 5.460518227734679764e-01
2.571929005944340041e-01 7.053452759773819469e-01 6.096658933401589708e-01 6.525753783229290006e-01 7.410720007003339660e-01 5.452243398808409580e-01 6.560892839176200031e-01 8.057280557657749975e-01 1.000000000000000000e+00 1.975712254264530010e-01 1.713708233055920016e-01 6.741377816465210504e-02 2.664304801764870168e-01 4.405114146051349877e-01 5.217975618750639866e-01 6.436857501892370159e-01 3.220036726904549895e-01 5.894642157793920090e-01 5.067349539705220396e-01 7.089773395322379601e-01 6.182312700999700317e-01 2.051646376890889911e-01 4.815450725266899878e-01 5.294192271053029669e-02 3.030265589549870076e-02 1.662321322216989972e-01 4.494715348992380233e-01 2.015591222645859992e-01 4.945231158749929801e-01 4.408333649887000161e-01 1.997222390161159933e-01 3.385484881596160234e-01 4.084431552144849875e-01 5.883958105472959499e-01 4.897473750907059831e-01 8.238456854536490015e-01 5.115297415269990378e-01 2.891683453009440130e-02 3.064505719418649798e-01 2.127110266612020073e-01 5.752293435942600341e-01 9.188882415705129647e-02 4.626289092337759756e-01 2.915451595877769919e-01 4.320315615006289911e-01 3.405108091275150239e-01 4.132557584495230030e-01 2.448506556702330084e-01 4.521049489961549983e-01 6.596214447809080061e-01 5.628713641830730419e-01 7.520379648895509916e-01 7.095293524899459747e-01 6.797852396351969917e-01 6.887792438197629652e-01 5.342178186793320460e-01 7.855261425830339928e-01 8.230193867016060150e-01 4.294899237474359976e-01 2.035503376260769937e-01 3.079998631265790099e-01 4.381722590313020249e-01 3.392511512535399953e-01 4.503281514128230079e-01 4.664096587062490085e-01 4.378268216794419798e-01 5.700742747858049686e-01 3.544370189955999839e-01 2.970800236627419988e-01 5.443792205468219736e-01 5.444363590603330527e-01 2.931983849126389985e-01 3.947766366224019774e-01 2.441513456363109957e-01 -2.449828650920020043e-02 1.951697800886580125e-01 3.785673949562389784e-01 2.520182481181379996e-01 2.899702968829300231e-01 3.838033521959470229e-01 2.910791683652400041e-01 3.943673314150700215e-01 4.425870384758089915e-01 2.494464148808629989e-01 3.442006630416800106e-01 4.197743532091520180e-01 4.726649542647959890e-01 1.199037988387419984e-01 7.835321591034950517e-01 4.753860928959279808e-01 4.756083994942679749e-01 1.074872872705240068e-01 2.728213161346009774e-01 2.029668295322779870e-01 1.081208854001080022e-01 3.195675142526099854e-01 2.468186620496690131e-01 2.744815051482120127e-01 6.011461715463960465e-01 6.015415602609339718e-01 2.022360661701640139e-01 2.731112909180969939e-01 -1.343224486791519921e-02 -1.744165094936300092e-02 3.149917505443449728e-01 2.966263116882609796e-01 8.814300677237070503e-02 1.876240514892809907e-01 6.565260975297899926e-02 5.686531877871089935e-02 5.055248353342689516e-01 5.872476918763870346e-01 7.007599060355129694e-01 6.205926711405770346e-01 6.222997080677209469e-01 6.170975794080869603e-01 7.028365904657120078e-01 6.828150246992630290e-01 6.212553943492530317e-01
2.694806231513289796e-01 3.510296479530029823e-02 3.444181636552929859e-01 -5.372247983916000197e-02 -8.112853039722550674e-02 2.276388768615350000e-01 1.160659449977980012e-01 3.550873017415150101e-02 1.975712254264530010e-01 1.000000000000000000e+00 7.141597168498430293e-01 7.259946588548380486e-01 4.821741927086179991e-01 3.229437077538599987e-01 1.352202566080580037e-01 2.223373808649410088e-01 3.059885491640430000e-01 1.567833765432790141e-02 2.610904334063869903e-01 -6.366009649931489434e-02 9.867781849259629756e-02 4.255234032985990011e-01 2.416310366797319864e-01 5.047231240877050329e-01 3.904243707726750001e-01 5.384861396805810108e-01 2.547410534591399989e-01 5.599880564274259953e-01 3.498388334610210149e-01 3.304588394464140211e-01 1.234708709667489968e-01 2.048101359429470025e-01 1.879345681307799942e-01 7.795464160453629762e-03 2.125305520106970103e-01 8.278466349283049308e-02 1.690763561423050121e-01 2.127302955230410131e-01 1.949290214569059931e-01 2.960326594808079803e-01 1.290215599277070024e-01 1.844805550096680069e-01 2.349371548781949981e-01 2.815352592895379868e-01 1.980913578767560038e-02 1.304103375565819900e-01 2.315654775394840048e-01 2.088889571648629984e-01 1.089335781178369933e-01 -1.596211856234519902e-02 1.999643785046339994e-01 7.621036196426460296e-02 -5.891544273816390342e-02 -1.270988051408090125e-01 2.266719611907609955e-01 3.404556876925770026e-01 4.937978615861920301e-02 -5.298991490245560237e-02 6.417975891315169656e-01 3.825649886834939783e-01 5.663134396591640307e-01 4.298780890590599979e-01 3.377033558256309909e-01 4.533921737749559977e-01 2.061900649764379923e-01 2.790981198893620063e-01 1.259251568733039950e-01 3.319996429094280166e-01 -8.319934471827730715e-03 -1.156807000015079995e-01 7.008130184634840665e-02 2.742165484920179863e-01 1.661957646195250105e-01 5.130765802815250298e-01 4.170563948013519817e-01 1.421135044320059881e-01 4.824517662211290081e-01 3.880353453843429778e-01 1.187642743315410060e-01 2.136673834259489868e-01 2.137662446342480094e-01 -9.793929442973310640e-02 -6.894393568068689360e-02 1.047571587610810068e-01 9.926813927588190589e-02 6.348828576485089636e-02 2.414511295190449880e-01 4.309563247715920142e-01 -1.070501556875499971e-01 1.149251939283680024e-01 4.838444259932490193e-02 2.327303189265219896e-01 2.252938291363550116e-01 6.501981181683659516e-02 1.317958674686199871e-01 3.025578279978820007e-01 5.847989938956960065e-02 7.517042692511240187e-02 3.828093259990870273e-02 -1.720902014489550103e-01 1.816695685559019946e-01 1.396551771261320130e-01 -1.025877169757680035e-01 2.167162000264649946e-01 2.963675542373290228e-01 2.118307590639419979e-01 5.794108434093130366e-01 3.737553854575609846e-01 3.650862331603240141e-01 3.932432034482770122e-01 2.825703685077470273e-01 3.265312477066519836e-01 -2.048515037039869979e-01 -1.518905696865330002e-01 1.811662844596020061e-01 6.909400587242299496e-02 1.800324186478780009e-01 1.548166157279629862e-01 2.915319157625960167e-01
2.217037437898490004e-01 -1.402143703975040033e-02 1.938854463165690101e-01 -6.765113186437529680e-02 -1.403240286114859903e-01 2.055972481866590040e-01 1.954861904347610091e-01 -1.466672842690589992e-02 1.713708233055920016e-01 7.141597168498430293e-01 1.000000000000000000e+00 7.849074803957549751e-01 5.412085297078710333e-01 2.687831591114049901e-01 1.094446335035299950e-01 1.996314527418160123e-01 4.923441603391259802e-01 7.767934867693070122e-02 3.328329668874990266e-01 -6.952448819194920193e-02 1.268116230757360130e-01 6.370328849509230285e-01 1.235814835400240036e-01 7.538010700981410128e-01 2.494685541312489929e-01 8.233447570718019914e-01 2.133638093760870102e-01 6.362286979032679701e-01 5.098560236266540535e-01 2.553242561938099953e-01 5.315290896102160129e-02 9.770140809222049860e-02 7.322063315909180248e-02 7.866543679836250635e-02 2.994214382953829801e-01 2.262433216044230089e-01 2.944888936218019726e-01 -1.152676877128080007e-01 1.062673721964809970e-01 1.322349127647909905e-01 2.927352446647730200e-01 2.883248656010679867e-02 2.725466292246189748e-01 3.756365366476229761e-01 6.024789717575450287e-02 1.417992100246479870e-01 1.522057096684990007e-01 1.645062068188559989e-01 1.200883072543170033e-01 1.377122119261439959e-01 2.397867367599859911e-01 -4.568316722673740338e-02 -4.668172895899169728e-02 -1.321992343778820023e-01 1.388398190032560098e-01 2.513208587878970057e-01 2.609687004086220022e-02 -3.027278689020760152e-02 6.546652399810409806e-01 7.220377408121869678e-01 7.202436101555730330e-01 5.768397576182640041e-01 3.929207427617890103e-01 4.103297766051969830e-01 2.239141333738439987e-01 2.342107602562850110e-01 1.775569535885760108e-01 5.010500249968889985e-01 1.583475030418549923e-01 -2.365163759553159939e-02 6.934189099818660607e-02 4.721608199851050069e-01 2.034004471348319909e-01 3.098896888366239888e-01 6.986169989971290351e-01 3.034742996662980197e-01 5.409493951773259868e-01 3.624719758125610203e-01 1.387010423153240135e-01 1.954255942652279865e-01 4.303378053377009960e-01 -3.277895592415289855e-02 6.245602083535509857e-02 3.690601339439110173e-01 1.022432948114320034e-01 9.338310788546340391e-02 4.448452155473269776e-01 5.202162816239159771e-01 3.388602435756950249e-02 3.325852319558300074e-01 -3.034178975112319931e-02 1.745424203686589959e-01 7.942926237649790278e-02 2.644006974331039941e-02 2.440175408319349981e-01 4.367212564675139741e-01 -1.120715594233659938e-04 1.522317786238329973e-01 1.509032950179370058e-01 -6.624777108973370354e-03 -9.513702640653789316e-03 6.392998059084729900e-02 -3.731007616216079903e-01 5.370234442380480283e-02 2.781832679971339983e-01 3.381758979132100107e-01 4.941131324423190252e-01 3.738059143188889877e-01 3.304404311454730014e-01 3.462724637727569998e-01 1.896975461973109955e-01 2.529269727036480009e-01 -1.122813417990480012e-01 -8.027908361926809622e-02 1.943859492738360117e-01 1.062008199759830046e-01 4.242559393219380026e-01 2.398849274865260117e-01 4.035863966903859845e-01
2.540250570221179727e-01 -7.507661453657589468e-02 2.356046398438779998e-01 -1.332388683742740110e-01 -1.339444303293169936e-01 2.073819348847520116e-01 7.626917499555839475e-02 -1.070481653205069966e-01 6.741377816465210504e-02 7.259946588548380486e-01 7.849074803957549751e-01 1.000000000000000000e+00 6.350771473662579769e-01 2.440938712486319939e-01 1.608208833544640115e-01 1.521329324821610041e-01 4.963290211841799859e-01 1.576969502147100056e-04 3.383559900110439944e-01 -8.203801088708520539e-02 7.446921131835609886e-02 6.178452925134320095e-01 1.335382249161849999e-01 5.564480333902930287e-01 3.088823890066170197e-01 6.929157078134180470e-01 3.025401154262529757e-01 6.270220653688469703e-01 3.712617682411010200e-01 4.338030574160580133e-01 1.467537515825829975e-01 2.791731966268379828e-01 2.015562557799820131e-02 4.380427194052639861e-02 2.530583033362919787e-01 1.222466803766169979e-01 2.108078380287229936e-01 -7.624027202317029683e-02 9.224919153125860083e-02 2.085310430755389979e-02 1.852409824047230036e-01 6.170668659161979847e-02 1.994417576540299941e-01 3.302492798539670149e-01 8.414496795195990086e-02 1.484804952080890084e-01 1.851219354793250116e-01 1.318195238805570102e-01 6.496875355952250186e-02 3.386512016848140100e-02 2.010387922032400021e-01 -1.485069310851380026e-02 -7.043178557162199649e-02 -1.651451560593769907e-01 1.341391100196699937e-01 1.885546354499899879e-01 -1.129590267453390029e-01 -1.217175244656580058e-01 5.490046419805300060e-01 5.681333909165899865e-01 6.943277966518219824e-01 5.945842920362730544e-01 4.483866455290150266e-01 5.323725405756719598e-01 2.208674103522489940e-01 3.095837550588330100e-01 1.380069649044430025e-01 4.479409781408340008e-01 5.541189635371680106e-02 -8.713804977906640381e-02 6.737185029569180139e-03 3.464831691100869748e-01 2.062989192302009944e-01 3.278668149528700115e-01 6.162277676660089520e-01 1.953175901668290082e-01 4.712801172629019764e-01 3.736893955076279750e-01 1.363382031414759887e-01 2.213984367300189937e-01 2.202538696798070073e-01 -6.435837248832859681e-02 -6.408662789480530642e-02 2.255202728251629873e-01 1.188679962419439962e-01 4.673521085620589710e-02 2.960188879422769870e-01 5.401635277195160345e-01 -8.217660717313660101e-02 1.644201009168649863e-01 -1.386209737794760061e-02 1.472842942019030044e-01 1.265659004351669947e-01 6.088358598652830050e-02 1.805001327457939897e-01 3.417002135724490075e-01 9.123591354306100076e-02 1.241817138965329997e-01 1.642940400045580064e-03 -1.292718589870389956e-01 1.146850520893099995e-01 1.072026138662200007e-01 -2.021423427671590056e-01 1.548573534715430022e-01 2.586656965276890041e-01 2.200087906720140096e-01 5.019712448238780045e-01 4.085122668612150010e-01 4.226007876059190149e-01 4.736156705877440087e-01 1.647543148119370027e-01 2.646832011752460190e-01 -1.568502421591529972e-01 -1.454807746230770138e-01 1.780457225454699921e-01 9.602671283955220571e-02 2.254183077840740124e-01 2.750684024066030187e-01 3.052757722013900166e-01
9.325665712468660107e-02 2.582983986208000071e-01 4.527851188800309790e-01 7.908732667990500675e-02 2.272394567773189933e-01 4.741330468898209971e-01 3.632670211665710025e-01 1.761086335770699896e-01 2.664304801764870168e-01 4.821741927086179991e-01 5.412085297078710333e-01 6.350771473662579769e-01 1.000000000000000000e+00 6.015436603456459919e-01 4.466053972839180153e-01 4.017200564531889784e-01 8.295301230622470490e-01 2.903133061423129879e-01 6.385561224316089746e-01 2.670316608948670178e-01 4.029853941319490040e-01 7.003507239388510053e-01 4.266514304906550148e-01 4.315547708289779738e-01 2.818219807137379851e-01 5.221875916504209458e-01 5.357198386869289619e-01 6.758548328425709739e-01 5.373351123865860446e-01 5.795672074255420192e-01 1.689549125772950022e-01 3.247179885112599917e-01 2.557811107973719800e-01 3.970836251068070033e-01 4.607729937670230203e-01 4.232212629919799851e-01 6.207008383810590502e-01 1.367076408668680132e-01 1.893382422205109883e-01 1.509565094777370053e-01 3.406124190529810081e-01 2.009561634230379867e-01 2.065775877963579865e-01 4.520224298837730026e-01 9.347380705587089722e-02 3.132368274351650106e-01 4.407269858500090232e-01 3.149953155394589754e-01 3.264531625546219784e-01 3.459270095784259813e-01 4.160349233169080008e-01 3.400193983693060029e-01 2.301031637423920084e-01 9.981921684624719959e-02 4.824926145539680244e-01 3.756712533992699887e-01 2.067389726191339872e-01 2.095449749015809993e-01 5.584683188792870512e-01 6.328766702710050263e-01 6.438584551900180530e-01 8.744240861551819677e-01 5.480864646739069812e-01 7.136516279966439447e-01 2.513136817252970001e-01 5.225510845679179894e-01 2.242328741641489986e-01 7.169785887688410186e-01 3.048930737107909961e-01 2.034936944225370081e-01 2.639658067319159973e-01 6.090090432808300536e-01 3.448520932039300102e-01 2.090771520614380097e-01 4.007781835891199851e-01 3.580686198655370078e-01 5.494866081948569514e-01 5.670154443879360517e-01 2.222247731942469939e-01 3.625761416435590023e-01 3.712496677753679974e-01 1.866441890100669909e-01 1.629544258003280122e-01 4.302386517574389724e-01 3.987335538044959882e-01 3.549747206369500141e-01 5.634763719572379870e-01 5.958534832913180423e-01 2.844289690572670004e-01 2.636545105636389774e-01 1.847164743728350045e-01 1.314545909212709862e-01 2.277875736694230102e-01 1.450978500276270122e-01 1.630383518069009885e-01 4.475109322623669894e-01 2.637354260476090229e-01 1.910618407083450043e-01 2.087545159101610037e-01 1.468097198880330134e-01 1.994078893798590102e-01 2.705017246744529924e-01 -9.692556451974669585e-02 1.260816495851549979e-01 4.270008582408290065e-01 3.652266531348289935e-01 4.740298734373539769e-01 4.017325105420689879e-01 3.092933004770049843e-01 3.470822292512800167e-01 5.200346671769050522e-01 5.394902405720960470e-01 1.366004884609740011e-01 1.173476133447580033e-01 6.181651905920290124e-01 5.745510266401130384e-01 3.573158526961000003e-01 4.647596944836739907e-01 5.848264763869720495e-01
