1.000000000000000000e+00 9.008870509279379712e-01 6.772107668092429700e-01 6.119099908457139581e-01 4.558080482845079939e-01 3.549994563712480233e-01 6.216900891720159583e-01 5.915966459532140398e-01 5.151177794598480464e-01 3.674506088484090216e-01 7.907991673994569926e-01 5.132287099462430335e-01 6.755057939429189862e-01 5.250803582764209665e-01 5.023509253175370004e-01 5.750875050810000388e-01 3.740421844671529827e-01 2.410224252875969864e-01 7.351285143768140351e-01 7.139131458286109844e-01 4.230141196290059802e-01 2.841802615933490261e-01 5.160130750416229706e-01 4.236979678878550204e-01 4.704119574405780102e-01 4.798122337946629790e-01 2.156898380800920112e-01 3.388607631740550019e-01 3.902750977879320127e-01 1.938039360395940047e-01 4.063264450549159967e-01 1.589496655003800052e-01 1.965269508201719917e-01 -1.348858929171730010e-02 2.588821062851829891e-01 2.673023446425129915e-02 3.139964336290380076e-01 2.550478014450839881e-01 2.181918342450049897e-01 1.007444480569569950e-01 4.302292778146000196e-01 1.582279972818000091e-01 3.381174770998010004e-01 2.567152190995070082e-01 2.454803906989259932e-01 3.289888360153679914e-01 6.867411630452310289e-01 5.558642413793000170e-01 3.948927692193329730e-01 4.053552882481279984e-01 7.654592741608069462e-01 7.048156260031469555e-01 7.864527378590520090e-01 8.081845155472560105e-01 5.389389243846940403e-01 6.050568677257760486e-01 5.711287263204779530e-01 5.793986346222560480e-01 3.766795310145990006e-01 5.265638708002049473e-01 6.660617537438909830e-01 5.103963006868369456e-01 6.060996971855729942e-01 5.000709214842770090e-01 7.761613717804599633e-02 -1.745414413255209907e-01 1.380768623516299975e-01 -6.981368718217939584e-02 1.458585094313719910e-01 9.744887713018619835e-02 3.067868858401490151e-01 -6.454525044478799656e-02 3.651382454916009962e-02 2.108555518813350071e-01 4.545165458818409832e-01 5.660369053807760009e-01 4.371785296102739804e-01 5.537392097241089495e-01 5.369491615145489671e-01 5.180028125093929514e-01 6.388587982512129448e-01 5.776537968007829926e-01 3.455987744466890166e-01 3.290974891130020175e-01 3.915820302712609835e-01 4.503511136425999983e-01 4.641890393447810070e-01 2.467915830042460013e-01 4.635835248589009749e-02
9.008870509279379712e-01 1.000000000000000000e+00 6.580945055823530510e-01 6.806428051461049789e-01 4.230098853680049897e-01 3.105958717089309928e-01 6.135711243692889560e-01 6.472872385774629533e-01 5.313054113527210243e-01 4.300290562012559770e-01 7.039630679638150257e-01 6.126146599632690259e-01 6.363212806309279657e-01 6.040008406716289580e-01 5.135359490374800107e-01 6.203305497148819958e-01 2.582507495039860212e-01 2.887863815784639798e-01 6.907336183611220148e-01 7.342390862864399681e-01 3.834219554517950268e-01 2.449376009362130013e-01 5.472036809063359764e-01 4.995633793982989790e-01 4.758987879206389993e-01 4.599830293011399895e-01 2.113635999993070114e-01 3.867091329218830253e-01 4.232759169899030227e-01 2.361119780859810002e-01 4.511095591912520075e-01 1.694283896054419869e-01 1.184732268811929945e-01 1.044374482253110012e-02 3.457708433596239916e-01 1.245667645574699972e-01 2.385241473965939996e-01 3.156599682050709732e-01 2.661544430636840208e-01 1.341569427453339902e-01 4.669862714955860250e-01 1.218234633352879986e-01 2.829397044685539875e-01 2.131447632072639986e-01 2.256085867697059932e-01 3.075478777058699986e-01 6.898695234480090033e-01 5.546991115600220512e-01 3.026338244832050273e-01 4.078139397167089841e-01 6.818557521184039905e-01 7.657832413532690286e-01 7.356458480880530004e-01 8.124114012783399952e-01 5.403325778390759559e-01 6.452649532690629686e-01 4.625763145255690212e-01 5.987021358424909900e-01 3.047289804397679824e-01 5.437704499506800238e-01 6.479322462809430361e-01 4.999612544247439838e-01 5.472097701745589626e-01 4.606189985226020189e-01 1.035536550384450055e-01 -1.184036259427450055e-01 1.257684238834529955e-01 4.321367821197719811e-02 1.358982986380830038e-01 1.869736004668229867e-01 3.285425365012150101e-01 -7.873221786777479664e-03 4.199254208706500180e-02 2.958098167325119987e-01 3.459026175312169826e-01 5.593300300868729868e-01 3.723126753295180058e-01 5.356496389481120168e-01 4.637370351596479812e-01 5.221926583846390191e-01 6.075877287914389635e-01 5.731708902720480392e-01 3.616985193360739981e-01 3.049852914116100155e-01 3.407059843292890022e-01 3.998393280040640207e-01 4.265893197584890162e-01 2.321609585443830115e-01 8.746371226442460622e-02
6.772107668092429700e-01 6.580945055823530510e-01 1.000000000000000000e+00 8.368689830835940313e-01 7.039542550772860396e-01 5.513367835572310360e-01 9.223522244349019461e-01 8.223108336549550534e-01 7.176769597880749973e-01 7.312197815216210373e-01 6.065667054440569972e-01 6.633767852507229668e-01 8.320400993877059559e-01 6.521129079659859773e-01 7.909566857741290313e-01 7.659744791913549733e-01 2.746097559676229927e-01 3.499391173886690076e-01 8.119249772445989999e-01 7.126205906331209983e-01 3.773543816315609867e-01 4.276256966833880124e-01 8.559842604977629943e-01 7.944820956025430148e-01 6.597752515699090159e-01 6.348165925903339613e-01 3.298680223258850241e-01 4.671958608284970116e-01 6.249806475609459566e-01 5.132310734362229843e-01 4.420503701309300149e-01 3.544133565303460021e-01 1.612054099296940102e-01 1.120386043610969995e-01 2.423632489121020084e-01 1.038484988148680038e-01 4.307274856022090259e-01 3.473561777582679921e-01 1.845518110577460125e-01 5.078373823209109822e-02 3.628989880591669825e-01 2.495177402816849965e-01 3.477671406058530090e-01 2.521208070967639880e-01 5.937624763403399897e-02 4.203771042741720199e-01 6.169297857542229702e-01 5.106552869078839763e-01 2.938882543432099759e-01 4.796268130434629962e-01 3.985263213846079733e-01 2.999595209201830204e-01 7.681896314875299447e-01 6.412519759862379543e-01 6.655838690904679611e-01 6.340632964535649618e-01 7.243600702803689728e-01 6.101988927287540498e-01 7.373888659296260473e-01 7.696678799678019489e-01 7.356204849597649531e-01 5.971305058226560325e-01 4.863284765740589766e-01 4.204179501754249926e-01 1.089706519124989947e-01 -3.992347092918210189e-02 -2.260152427647970155e-02 -6.314444956273540521e-02 1.298143767135770121e-01 -3.622729566659210060e-02 2.914854310871740073e-01 -1.999122358027689839e-02 2.342082169987190141e-02 3.325314632231139989e-01 5.217526797702860542e-01 7.501612619174310437e-01 6.636461313209000012e-01 6.624708600270760028e-01 8.253413362182649982e-01 7.372113977532760432e-01 7.731809665966099532e-01 6.766198427900960155e-01 5.955981513696420038e-01 6.467928799604469869e-01 4.059164324137130020e-01 5.536810014477020481e-01 6.158101926127109715e-01 4.961331041695329902e-01 2.272240143059610085e-01
6.119099908457139581e-01 6.806428051461049789e-01 8.368689830835940313e-01 1.000000000000000000e+00 6.637292834500170269e-01 4.799453542013070173e-01 8.366309776059569492e-01 9.273592468935829558e-01 7.016929168305939823e-01 7.055804499692730491e-01 5.662392541898070286e-01 8.017644817326989859e-01 7.493758669593709731e-01 7.969976641277439766e-01 7.524804907658090292e-01 8.476670303164569598e-01 1.067626964337209938e-01 2.293909511398959933e-01 7.599481799113180225e-01 6.256117795809580384e-01 2.408882747214589892e-01 2.025553049676090123e-01 8.459919472757789771e-01 7.905038822085720396e-01 5.788279868884850243e-01 5.641501546796630073e-01 2.891289909813929970e-01 5.248537429298499868e-01 5.136219420431290539e-01 3.611963663689760073e-01 4.301174815710029908e-01 1.634127989255549918e-01 8.595584724961540316e-03 4.997466135960150144e-03 1.718666118016939914e-01 5.389679793471670310e-02 3.146867239549290263e-01 2.901989752192790095e-01 6.621733121611289574e-02 1.313387354774869960e-02 2.931641755788140236e-01 1.142892133244989977e-01 1.922772167314630021e-01 1.253440769691790135e-01 -2.396852637973050093e-02 2.083621232785639876e-01 5.390054249134389464e-01 3.807673536950840210e-01 2.314127119000589927e-01 4.062270157809579896e-01 3.196685329771800088e-01 3.071109203418009859e-01 5.741169319387130487e-01 5.522353520621809952e-01 6.356153102322730231e-01 7.550421228650030514e-01 5.242494100084650333e-01 7.157578285214569735e-01 5.817762016806019565e-01 8.067166084943959703e-01 5.323437212780099959e-01 4.140578635385089856e-01 3.029631345081360005e-01 2.726552092415289730e-01 9.239696419212900524e-02 -4.095792364501840005e-02 -6.283854601356199387e-02 -1.803032597666010092e-04 1.543718772974239928e-01 2.963043436110210024e-02 2.384882622538889996e-01 4.442013259851509965e-02 -3.913262257537380301e-02 2.339626053848390119e-01 4.119584530510890241e-01 7.064660031785070515e-01 5.428693562282469465e-01 6.812094269475760244e-01 7.142625370563290277e-01 7.813574877863469492e-01 6.789781762229429862e-01 5.459744537066599790e-01 3.959983945606029843e-01 3.887370499438230209e-01 2.292020480514030123e-01 4.010392819702660039e-01 3.625292667793499901e-01 2.589277503234809763e-01 1.181372767259910028e-01
4.558080482845079939e-01 4.230098853680049897e-01 7.039542550772860396e-01 6.637292834500170269e-01 1.000000000000000000e+00 4.817599674224660178e-01 6.427928256670409901e-01 6.212261401598060395e-01 6.494412784804129979e-01 5.200562086548350393e-01 4.875765318951860161e-01 5.019000947427509907e-01 6.038623722027830487e-01 4.869122963246890201e-01 6.507132023128160414e-01 6.410375432827759568e-01 3.778874877339259974e-01 1.255691211672179952e-01 5.763840505917029455e-01 5.066339843954890121e-01 2.234620106401679906e-01 2.792586745916459945e-01 6.462994556310870387e-01 6.131468078490529550e-01 4.857957818992659771e-01 5.787609411892969957e-01 3.722546286490789891e-01 4.526932148342769913e-01 5.494450654627750508e-01 2.449906610196760093e-01 3.182403113598190059e-01 2.267440521751910021e-01 1.352913299719039897e-01 8.119934022151130415e-02 2.150210675998119880e-01 1.999555795921340029e-01 2.426782183487219968e-01 3.939499532361109835e-01 1.611515299516430022e-01 4.896139954441099812e-02 4.083351768613699972e-01 4.354655560230589750e-01 2.300937831660709865e-01 1.291150955274719958e-01 1.710566232218229954e-01 4.154518950749669925e-01 5.155613764851429970e-01 4.086318230734169998e-01 3.637038419015770074e-01 3.797195791399819997e-01 3.950949693075189728e-01 2.992161497243330248e-01 5.172585213475699994e-01 5.088852707066460201e-01 5.237795349209199980e-01 5.428669470013709475e-01 5.918471506889759759e-01 5.601411595797499698e-01 4.863350298587419962e-01 5.831719584128759459e-01 5.329748779094990452e-01 4.625143188243340253e-01 2.825713984767599940e-01 3.218424095142449759e-01 1.591400266881289882e-01 8.990818120093230226e-02 1.332579955254279969e-01 9.807660596062660330e-02 2.197211446581940064e-01 -5.746726140474389677e-02 2.051851019360259876e-01 8.964169350451099694e-03 2.187469047293829835e-02 1.613606962244819865e-01 5.087181161816970443e-01 6.215122226657210369e-01 5.832853806763570459e-01 5.872214920662549575e-01 7.033078984501239805e-01 6.585898237575470437e-01 5.963734114567079692e-01 5.521031553934789837e-01 3.312006381455609993e-01 3.898882100981809762e-01 3.006873239405369880e-01 5.324027107276929627e-01 4.309437979317279899e-01 2.807068933111540043e-01 1.754749026497280096e-01
3.549994563712480233e-01 3.105958717089309928e-01 5.513367835572310360e-01 4.799453542013070173e-01 4.817599674224660178e-01 1.000000000000000000e+00 4.901218995550110091e-01 4.240445360598990021e-01 4.281556720721089726e-01 4.699600707901270269e-01 2.703685810191410188e-01 2.870602383627670062e-01 3.817240808984420086e-01 3.012415064552420030e-01 4.625412954299900070e-01 4.236167789166290221e-01 2.067111630819800094e-01 2.355343249323099963e-01 4.732409042921830178e-01 3.883576006034449857e-01 2.340296364482470082e-01 3.030298429343800115e-01 4.926463790597039871e-01 4.854831621956010035e-01 5.776325215719050332e-01 5.401929416330509826e-01 4.288846833452800156e-01 3.876583046185350101e-01 4.517758327652939832e-01 4.132639639329550030e-01 1.386162032140529909e-01 2.014259109998620123e-01 5.090692746834470095e-02 -6.395319287700360067e-03 3.041346236774750134e-01 1.128284030467569948e-01 3.179094891891420249e-01 2.837512033956239854e-01 2.126355835774199898e-01 1.352409538371300013e-01 4.153092197965839727e-01 3.093490601785450211e-01 2.056064670609830114e-01 1.868284764271939957e-01 2.890023878762190135e-01 2.891282495924449858e-01 3.311266682107210091e-01 3.501251015662130150e-01 3.222893032258880019e-01 4.000830181386639817e-01 3.118928394644440161e-01 1.316029328864329884e-01 4.786807313668369757e-01 4.250085519281390223e-01 2.858835559100160184e-01 3.417033779581259978e-01 4.244051033980130172e-01 3.893171766968619996e-01 3.752763421861780024e-01 4.330089719996280118e-01 4.732716827737459830e-01 3.627511152206759903e-01 3.368708151034849885e-01 3.325969949965080219e-01 -7.157303167692230517e-02 -1.132730620545590039e-01 1.603469761679620076e-01 3.793419054524529987e-02 -7.046996578774609998e-02 -8.659144492873980040e-03 3.285518792291750034e-01 -4.290140842276390226e-02 3.542736538519630080e-02 8.320227764677090576e-02 3.560331794243949965e-01 5.059734913611679819e-01 5.083946904014809975e-01 3.858847771756759859e-01 5.177979977086369923e-01 4.768091995277000117e-01 4.345113455948940162e-01 4.544971810158360270e-01 4.586806348302400194e-01 4.670525781067019766e-01 3.459080209174659748e-01 4.066221600686349968e-01 4.258694250421050098e-01 2.838656520066020206e-01 1.852567838435159875e-01
6.216900891720159583e-01 6.135711243692889560e-01 9.223522244349019461e-01 8.366309776059569492e-01 6.427928256670409901e-01 4.901218995550110091e-01 1.000000000000000000e+00 8.724429153513409974e-01 7.613216618346809739e-01 6.975929028148859512e-01 6.154992054916880173e-01 6.908176839486940279e-01 8.828295734957010144e-01 7.040425503195040235e-01 7.827114022179659791e-01 7.787540175110320151e-01 2.063278540722109922e-01 2.461352797057509978e-01 7.921705363702420399e-01 6.185469972292080287e-01 3.082290006371170010e-01 3.038800483824630194e-01 8.267997100224090401e-01 7.186117409318220073e-01 5.964094207282679694e-01 5.479442662070399539e-01 2.398035461748160013e-01 4.620009391086279948e-01 5.231570095489810335e-01 3.875108482485319916e-01 4.440505955045629949e-01 2.249191570125969875e-01 1.673947806262049975e-01 2.660815340946090166e-02 1.247257655325769987e-01 3.909722187152180062e-02 3.996165673250179906e-01 2.747249590900039951e-01 1.700927913122599888e-01 -3.807559361601130232e-02 2.968560044382009822e-01 1.319321443809929884e-01 2.680163443566980219e-01 2.068986907484419990e-01 -2.127161846232570111e-02 2.868699376591070105e-01 5.639486799722319699e-01 4.455160051347870076e-01 2.479317101846739979e-01 3.608913083280689826e-01 3.570666990859330259e-01 2.230258688774759968e-01 7.360007182747220211e-01 5.910070208644450096e-01 8.267097810288159820e-01 7.402055679715749958e-01 6.763765150206989540e-01 6.210026686601649581e-01 7.822337949922629763e-01 8.274650945983490491e-01 6.399194637411670383e-01 4.830070675848699979e-01 3.802717673101019824e-01 2.900772238106010259e-01 3.818221364006969820e-02 -8.688226688056140123e-02 -9.014234048074890038e-02 -3.026351505072590042e-02 1.263083717960210017e-01 5.100476766811939955e-02 2.163871396506890088e-01 -2.792984842427819955e-02 -9.418199815165329697e-03 2.298227821546829919e-01 4.369870327853930259e-01 6.965843774855690063e-01 5.910370343285440420e-01 6.566783929269369713e-01 8.199707246854259779e-01 7.558091990120949788e-01 7.614700037755469664e-01 6.220898051472829593e-01 5.133977090536809840e-01 5.547645387151389773e-01 3.503782388625220068e-01 4.090571400280770265e-01 5.144725140770080030e-01 3.640014160437650137e-01 1.584759373665949878e-01
5.915966459532140398e-01 6.472872385774629533e-01 8.223108336549550534e-01 9.273592468935829558e-01 6.212261401598060395e-01 4.240445360598990021e-01 8.724429153513409974e-01 1.000000000000000000e+00 6.981993737233910258e-01 7.680392469460289862e-01 5.379414909366869724e-01 8.018231962316320072e-01 7.868032706743679494e-01 8.039400201580859662e-01 7.408292445027879758e-01 8.603718916164250219e-01 9.045606150951070179e-02 2.278541326580300064e-01 7.072629693136479601e-01 5.562155743480550196e-01 2.481297278644100102e-01 1.704229124143679941e-01 7.948042991032090443e-01 7.384858936474649749e-01 5.626068900703480313e-01 4.730842586171700170e-01 2.769593039414030011e-01 5.124970517753559829e-01 4.250078027926080249e-01 3.315877778676539767e-01 4.259804837395479993e-01 1.693016256269770092e-01 6.828924320294399615e-03 -4.756505374889129917e-02 1.180886958137469939e-01 2.620734131759730121e-02 3.080645224041039798e-01 2.702668575232070047e-01 1.287030880144459932e-01 -4.450997717108239743e-02 2.363036793525039869e-01 7.601632420881050678e-02 1.741712327038630048e-01 9.199839936059700518e-02 -8.388116202449699688e-02 1.789341613451820023e-01 4.995490628754399864e-01 3.533794866173129989e-01 1.493639188297919973e-01 3.410311215146529795e-01 2.920198678165559780e-01 2.342378737276699929e-01 5.868389722997650049e-01 5.455367326705450326e-01 7.068527365558430198e-01 8.322692057442919733e-01 5.541672823188129593e-01 7.233440767235600477e-01 6.148389730398059472e-01 8.901012182832680475e-01 5.127274731328530510e-01 3.719776193169729850e-01 2.740160657682559897e-01 2.075480794520649930e-01 7.905918893205359996e-03 -1.088384750458829958e-01 -1.284529937091890006e-01 2.368992759251780170e-02 1.393428110706229905e-01 7.401673052860549551e-02 1.848019882418650006e-01 -3.336384415480360150e-04 -1.985044839767979852e-02 2.249751590903099896e-01 3.641285577172699850e-01 6.948809325313409779e-01 4.497267542822350195e-01 6.470726345641729660e-01 7.063605837753109684e-01 7.994609942955079873e-01 6.821023222032459588e-01 5.478456721260599460e-01 4.335402929954790263e-01 4.079751328057300008e-01 2.274712156539610008e-01 3.567312193468770154e-01 4.121675445065060006e-01 2.709809646326690191e-01 1.145405068640420049e-01
5.151177794598480464e-01 5.313054113527210243e-01 7.176769597880749973e-01 7.016929168305939823e-01 6.494412784804129979e-01 4.281556720721089726e-01 7.613216618346809739e-01 6.981993737233910258e-01 1.000000000000000000e+00 6.224023958256560407e-01 4.062528246771959783e-01 4.461163324408080055e-01 7.297302784490119487e-01 4.490373445524840079e-01 7.437510709280680254e-01 7.352979726893590362e-01 7.260879266320030556e-02 -5.433855845869749873e-02 6.821107893485159890e-01 5.622691736576770349e-01 3.430756720319820263e-01 2.947127696554119880e-01 6.699227028214279622e-01 5.419278184865680137e-01 5.380281359511780437e-01 5.275122396448359563e-01 1.306703933401739959e-01 3.417774889272729988e-01 3.747776323311030056e-01 1.849588018237769971e-01 3.813422597553500215e-01 1.892584829787269940e-01 -2.377703121160760005e-02 -8.453448716923900319e-02 1.781182191469800058e-01 1.598117163773740135e-01 3.082440024279660129e-01 3.076801041158179761e-01 1.933449078437100010e-01 -1.035820489374019993e-01 4.143708995384520200e-01 2.109493682004859871e-01 5.904122315249089870e-02 1.481286790031599923e-02 2.595987144403629973e-02 3.617201028310990107e-01 4.709543217901990264e-01 3.544169874397040121e-01 2.449785803873479884e-01 3.502741227172270211e-01 3.851440555977950209e-01 3.096506215267210149e-01 6.258499531661050330e-01 5.490139900254989991e-01 7.121808825036399782e-01 7.006253568753539884e-01 4.988669726242169755e-01 4.761804462709259833e-01 6.263798080110799527e-01 6.613885782986490547e-01 5.300465126493150159e-01 3.807605151326159953e-01 3.396183634934660245e-01 3.186172243366380274e-01 5.679185616155840027e-02 -5.772901702747899877e-02 1.214645463257789937e-01 8.653586780450389648e-02 2.065022746028989942e-01 1.494778751346859946e-01 2.349975042447710050e-01 1.370321583859049897e-01 -9.228470045058509430e-02 3.642493391312120327e-02 3.523223019606949724e-01 5.092736055462070421e-01 5.289621022257039451e-01 5.958353996801299957e-01 7.406266841132760348e-01 6.161558755402920529e-01 6.569700303786309981e-01 4.906125484097449974e-01 3.693887862374479747e-01 4.129542845036069942e-01 3.112489348825109858e-01 4.645803152113039958e-01 4.512378225130699860e-01 1.503757399862080124e-01 1.947269094710609993e-01
3.674506088484090216e-01 4.300290562012559770e-01 7.312197815216210373e-01 7.055804499692730491e-01 5.200562086548350393e-01 4.699600707901270269e-01 6.975929028148859512e-01 7.680392469460289862e-01 6.224023958256560407e-01 1.000000000000000000e+00 2.989536706462739835e-01 5.811322513703459647e-01 6.033209565407150476e-01 5.670291353614399510e-01 6.393680099094779523e-01 7.592324695792109779e-01 -6.826483158536039708e-03 3.228329590709769770e-01 5.401686686883520050e-01 5.044468702182209885e-01 3.263116755171839856e-01 2.596595735917879844e-01 6.448828303238649529e-01 6.819059754279840346e-01 4.855451413194090127e-01 3.728297099413139803e-01 2.388439464640340071e-01 3.996380771708030188e-01 4.379482490276960238e-01 4.902967349421880061e-01 3.643815687259679970e-01 3.742770723735129867e-01 -2.159775023060030164e-02 1.088647570975860013e-01 1.543190906549349872e-01 5.562388401757079742e-02 3.404810415391150147e-01 2.836215499884809921e-01 2.698328939470129861e-01 3.584755223614349839e-02 2.571890451704429981e-01 1.070602453524390069e-01 2.115787483284800041e-01 1.179756727080899931e-01 -9.976074657416740543e-02 2.625019382171869808e-01 4.007294304354139802e-01 3.171174591243819951e-01 9.631078702442839867e-02 4.743399611983230013e-01 1.356231879944070073e-01 4.877270387531029705e-02 5.058826214639819963e-01 4.266724667061900234e-01 4.536353060080309807e-01 5.904417246388989904e-01 5.269341818978380276e-01 4.845265597478879971e-01 5.479581056682679696e-01 6.841907525980259752e-01 5.322069946699600207e-01 3.938998333051200174e-01 3.004674193602249743e-01 2.604845309773110018e-01 5.268774628847820024e-02 -2.963825405134680110e-02 -1.167131237543150013e-01 -7.206801296819729911e-03 2.935907764572669859e-02 -6.112912606051029707e-02 1.963078721181049924e-01 -1.235609080511769920e-03 -6.355749223377470114e-02 2.035744365840949921e-01 2.718408127941320251e-01 5.438049317278890182e-01 4.362366065103869817e-01 4.500484464235169901e-01 6.085197449582909757e-01 6.236780828819949996e-01 5.801928719161879577e-01 5.558355146518869638e-01 5.694301842057469809e-01 5.864470201076830147e-01 2.687256779871650125e-01 4.301507853022529804e-01 4.523359933431240210e-01 3.999023539499810265e-01 2.035814370417700081e-01
7.907991673994569926e-01 7.039630679638150257e-01 6.065667054440569972e-01 5.662392541898070286e-01 4.875765318951860161e-01 2.703685810191410188e-01 6.154992054916880173e-01 5.379414909366869724e-01 4.062528246771959783e-01 2.989536706462739835e-01 1.000000000000000000e+00 6.185570614963979974e-01 7.101745204306679771e-01 6.467106014610309872e-01 4.549256499085079786e-01 4.871935768923679744e-01 5.638791918633300204e-01 2.176270263218270107e-01 6.679185929068830463e-01 5.838400274553230407e-01 2.577430769867309901e-01 1.340814893449419898e-01 5.008095730470639717e-01 3.765279901081969860e-01 3.005918454208240109e-01 3.830065636613430025e-01 2.059344814648599864e-01 3.685081638639159940e-01 4.735563221231119946e-01 1.756183429026030030e-01 3.189028204536000222e-01 6.069045898673010309e-02 2.570555490855320202e-01 1.039474629539350048e-01 3.594063207871520116e-02 -2.925624887641559840e-02 2.180524822750219971e-01 1.623489791893250045e-01 9.350879274512639838e-02 9.454996738253459987e-02 2.591296903596210233e-01 6.380644985485059428e-02 2.575408266173079830e-01 1.740592974571300022e-01 8.896860060938620307e-02 1.362801946773760098e-01 5.237086970552260468e-01 3.942309684486909882e-01 2.961700752161959826e-01 2.142029514100750043e-01 5.735642226960230294e-01 5.136222334607349893e-01 6.188797249931140554e-01 6.042154101841290537e-01 5.784637746889830234e-01 4.896116891057279985e-01 5.184928021637900120e-01 5.568461735757509468e-01 3.694786151333109836e-01 4.603835278578909951e-01 5.194694136821820241e-01 4.158171652355039938e-01 4.234740707538879878e-01 3.134996242007920264e-01 2.331856402945320095e-01 2.167747073433530167e-02 3.952936623293609730e-02 -6.262382713224790010e-02 1.784095591033759975e-01 1.076291733036389975e-01 1.618008454501760063e-01 -7.822180919266989718e-02 1.858727653150759884e-01 2.037772238772160016e-01 4.708775793743549820e-01 5.519277481776030392e-01 4.141256853761740020e-01 5.061511577446300425e-01 4.796828455246849865e-01 4.910234698390680275e-01 5.035508038593390356e-01 4.611950033006749772e-01 2.297634070248369964e-01 2.437718109007979972e-01 2.439406856514529931e-01 2.615654669454219872e-01 2.372542286126139988e-01 1.693846014648200116e-01 -8.404936467175770642e-02
5.132287099462430335e-01 6.126146599632690259e-01 6.633767852507229668e-01 8.017644817326989859e-01 5.019000947427509907e-01 2.870602383627670062e-01 6.908176839486940279e-01 8.018231962316320072e-01 4.461163324408080055e-01 5.811322513703459647e-01 6.185570614963979974e-01 1.000000000000000000e+00 7.155746973923839960e-01 9.132109493246619580e-01 6.125308440576420210e-01 6.996537546841780086e-01 1.842459437629669905e-01 3.526337377924099736e-01 5.827928906113709617e-01 4.837791004257470107e-01 1.349292788002759980e-01 1.340688968571280004e-01 7.301159719151150140e-01 6.790175378434399889e-01 4.449290887445490061e-01 4.007973467557370273e-01 3.239641535474350187e-01 5.467072882344480300e-01 5.050516778757170311e-01 3.340033151555519830e-01 3.731628743572559803e-01 1.242792304674660009e-01 7.499458126658190005e-02 1.858158473531180133e-01 7.622339042290729449e-02 -5.133374922199419876e-02 9.808140610665500025e-02 1.505484049818479886e-01 -4.300458625431260312e-02 1.087949402103959989e-01 1.381422509847120006e-01 4.071141422095490153e-02 2.213489465674899903e-01 1.286410352840149929e-01 -1.115039113117640007e-01 2.142443638494940031e-02 4.468586190490430043e-01 3.236526259650799875e-01 7.380034107252500530e-02 2.115383459841309877e-01 2.285735070766050092e-01 3.046038307675710266e-01 4.175947830773730218e-01 4.044981427460779821e-01 5.738585401673790276e-01 6.101498888726939462e-01 4.530199412879160059e-01 7.032339707097130521e-01 4.542842794339200241e-01 6.952634652513729474e-01 4.134747101124159885e-01 3.442496040862910167e-01 1.996553817648039908e-01 1.671484913637789893e-01 1.912821270004919916e-01 3.534015267348349781e-02 -2.103157742116160134e-01 3.495882615755149803e-02 1.337939074617000013e-01 6.549581429146029976e-02 1.211549875626490025e-01 7.737485816313929843e-02 7.502209429406510310e-02 3.087139677107100244e-01 4.109261564764459806e-01 6.994990289536939798e-01 4.141492780135940244e-01 5.597643184591060139e-01 5.455732352009540209e-01 6.971555517857539463e-01 5.388356196921679775e-01 4.970918188184270115e-01 3.079398262879379788e-01 2.784529871718710026e-01 -2.371700245777039889e-02 1.543343601757649897e-01 2.554771413056780016e-01 2.631304979653389942e-01 -2.066755335143809907e-02
6.755057939429189862e-01 6.363212806309279657e-01 8.320400993877059559e-01 7.493758669593709731e-01 6.038623722027830487e-01 3.817240808984420086e-01 8.828295734957010144e-01 7.868032706743679494e-01 7.297302784490119487e-01 6.033209565407150476e-01 7.101745204306679771e-01 7.155746973923839960e-01 1.000000000000000000e+00 7.420103872276390122e-01 7.245554925778899813e-01 7.984016020691580007e-01 2.947561997516660037e-01 1.957747314346039991e-01 7.348049621532399822e-01 6.465055624162550085e-01 2.862594966340710201e-01 3.113935552560679887e-01 7.439307991367000161e-01 6.488631357057990101e-01 5.479998222165779476e-01 5.259741943328389846e-01 2.468847371516549871e-01 4.127025785245129752e-01 4.937257003880199946e-01 3.128266151317179999e-01 4.319221112878239843e-01 2.209600849421979873e-01 1.281200820346810043e-01 6.533753968491240460e-02 5.353799196020719853e-02 -3.269526418486620040e-02 2.774212013665530163e-01 2.518487830395280125e-01 1.552490543371229936e-01 -3.436667805691839828e-02 3.465581648471580123e-01 1.684970356516350132e-01 2.816206137422599953e-01 1.963962038230359919e-01 -4.287546234673789841e-02 2.678958138991490157e-01 5.738072329299740426e-01 4.610425309149909778e-01 2.876325888992469770e-01 3.417224503465919883e-01 3.970412147351800036e-01 3.084671512522270120e-01 7.099059808816039485e-01 5.846343266443400077e-01 7.783801847985779565e-01 6.497263755546790476e-01 6.574688144827910419e-01 6.262835862773360462e-01 7.165502777779000354e-01 7.224930995059589689e-01 6.233261249312319618e-01 4.986859956240040082e-01 4.122521892468229976e-01 3.354368227975880190e-01 1.448856008937939865e-01 -3.329361318417160126e-02 2.065852043224980158e-02 -4.393479321222509837e-02 2.082270427983499983e-01 9.560249736239649632e-02 2.109720713172829887e-01 4.501104632724829691e-02 -2.399986627462639965e-02 1.682658783504659972e-01 4.642712510543319793e-01 6.938576834769859536e-01 5.817605153175759991e-01 6.958769589523919885e-01 7.464918595064220508e-01 6.763492580408260180e-01 7.509307256856350143e-01 6.153224500829049814e-01 4.908358570507729834e-01 5.413513296046960077e-01 2.841653207360980149e-01 3.516228204955260117e-01 5.290929052420429990e-01 3.224554682013839879e-01 1.176527641335390062e-01
5.250803582764209665e-01 6.040008406716289580e-01 6.521129079659859773e-01 7.969976641277439766e-01 4.869122963246890201e-01 3.012415064552420030e-01 7.040425503195040235e-01 8.039400201580859662e-01 4.490373445524840079e-01 5.670291353614399510e-01 6.467106014610309872e-01 9.132109493246619580e-01 7.420103872276390122e-01 1.000000000000000000e+00 5.757440517327440110e-01 6.842119740697000241e-01 2.537406162193450165e-01 3.412464166229189910e-01 5.730532882594100430e-01 5.018505672281819985e-01 1.240315341724790021e-01 8.509249400977129951e-02 7.533561290468520077e-01 7.060115249580189989e-01 4.322217206568870207e-01 4.026865644415990042e-01 2.419574779986120028e-01 4.783683928121030271e-01 4.762375478654229943e-01 3.650136084151229809e-01 2.878695704274349954e-01 8.396162807859079702e-02 7.641481528249520483e-02 1.732897860694380121e-01 1.980747058327610166e-02 -1.528275505609170137e-01 1.742586430600820135e-01 1.269085829865780057e-01 2.147438198176050000e-02 -3.361297042874909855e-03 9.809835028481400654e-02 -7.439671092928970553e-02 2.719927476980830150e-01 1.587652432974480110e-01 -2.088062570650039973e-01 -6.563935377327409504e-02 4.335975369366579790e-01 2.887488983539380216e-01 1.332862454116839901e-01 2.141908438359939881e-01 2.415879113513700049e-01 2.972348532554420220e-01 4.257679290661430249e-01 4.021453036674330073e-01 5.651398053472349581e-01 6.287492596268090539e-01 4.832599857320459824e-01 7.247352280930480228e-01 4.597624102291690273e-01 7.155508808970509893e-01 4.126751419399939946e-01 3.039563879934860102e-01 2.451232227235159988e-01 1.947707754298879934e-01 1.801856312041970054e-01 4.723977289214240094e-02 -1.850645637828199908e-01 -2.028448029437909979e-03 1.463603768917730030e-01 3.501203838372009963e-02 1.052681390097320036e-01 -9.846396484387069659e-02 1.109279416869460022e-01 2.992707669033949913e-01 3.777985939119640202e-01 7.026070671294269987e-01 4.344269133864079868e-01 5.918079990925440015e-01 5.366830050791290274e-01 7.152679824761239979e-01 5.772986093620410264e-01 5.531603338966329941e-01 3.121762172565910043e-01 2.933563174705079990e-01 -3.484130957086409904e-03 1.592309526342119974e-01 2.730139575353349723e-01 2.617955541809640074e-01 -3.587344072783300170e-02
5.023509253175370004e-01 5.135359490374800107e-01 7.909566857741290313e-01 7.524804907658090292e-01 6.507132023128160414e-01 4.625412954299900070e-01 7.827114022179659791e-01 7.408292445027879758e-01 7.437510709280680254e-01 6.393680099094779523e-01 4.549256499085079786e-01 6.125308440576420210e-01 7.245554925778899813e-01 5.757440517327440110e-01 1.000000000000000000e+00 7.607301793836980242e-01 8.654334356545240192e-02 9.612633086946670291e-02 7.072756542837590477e-01 5.394523522131789983e-01 3.485816744807029854e-01 3.668013694925360002e-01 8.128508051582209459e-01 6.344361945539089831e-01 6.060559214891759749e-01 5.325674180798120050e-01 3.039640643129810083e-01 5.057865637508059953e-01 5.105421503742370026e-01 2.953496064418040246e-01 3.762365651111360121e-01 1.551477421927429934e-01 2.841871467108699964e-02 -2.551849120053149844e-02 2.605699110367020177e-01 1.860218108348840049e-01 3.077260450780819889e-01 3.511146993039179764e-01 1.221966062261490016e-01 2.035871973530979998e-02 3.323836225385369825e-01 2.093732780932029969e-01 2.034228065799620067e-01 7.017949727322010667e-02 5.138005694258500344e-02 2.863306007073779802e-01 4.490694229888809730e-01 3.406962232911739941e-01 2.112094425885850113e-01 3.419325687553170234e-01 3.063789664914179922e-01 2.776443333100699906e-01 6.011603544116299602e-01 4.541394337661370240e-01 6.063627670508540124e-01 6.106462404918140408e-01 4.919879294895400101e-01 5.215095102573780173e-01 6.428424440507509718e-01 6.960259075956409802e-01 5.425490742344689643e-01 3.375823231959890203e-01 2.876654133236289934e-01 2.088761293454070023e-01 1.159257041840100061e-01 -8.680766058320439627e-02 -1.201686262080040035e-02 1.277365447434279933e-01 1.321098276739280097e-01 1.071485971671909954e-01 1.977945187523920123e-01 -7.188015092765469641e-03 -7.478813571527979931e-02 1.987262674452739963e-01 4.478747609549709741e-01 6.531908535125959814e-01 6.423548052588770041e-01 6.741635744808850417e-01 7.429015719074160140e-01 6.786487400649360291e-01 6.250014603179050443e-01 4.408501280576930248e-01 3.515123610737180271e-01 3.741545429428749792e-01 2.396915363478379912e-01 4.589089254189019917e-01 4.297303265974130038e-01 2.348480245035030056e-01 1.943162164070610098e-01
5.750875050810000388e-01 6.203305497148819958e-01 7.659744791913549733e-01 8.476670303164569598e-01 6.410375432827759568e-01 4.236167789166290221e-01 7.787540175110320151e-01 8.603718916164250219e-01 7.352979726893590362e-01 7.592324695792109779e-01 4.871935768923679744e-01 6.996537546841780086e-01 7.984016020691580007e-01 6.842119740697000241e-01 7.607301793836980242e-01 1.000000000000000000e+00 3.861140845696520163e-02 1.193091930956900054e-01 7.089172437162100104e-01 6.333576326936150025e-01 2.600247256589510170e-01 2.149057819788570134e-01 7.428978767861910137e-01 6.974834005901989764e-01 5.551337099618069981e-01 4.808822579053990132e-01 2.390876477602729977e-01 4.475246126439659800e-01 3.914157959099719974e-01 2.566628713827179831e-01 3.961349487549569726e-01 2.095306342127269961e-01 -7.098044237681069846e-02 -6.962513031405639929e-02 1.739636649357030052e-01 6.177848945898289923e-02 2.614641508554779725e-01 3.384391643173679798e-01 1.924491052290530080e-01 -6.251953223594869380e-02 3.608128820792400049e-01 1.414975280311099870e-01 8.842236587348049903e-02 -8.757537739807850097e-05 -1.136263032893100079e-02 2.548528802565480089e-01 4.455425697089390180e-01 3.251102229871909999e-01 1.801247796245500077e-01 4.291540575096309817e-01 3.091618976244340233e-01 2.686988506159490031e-01 5.564436039558829927e-01 5.121733250003990268e-01 6.327747105912430170e-01 7.117506181986730240e-01 5.054906304157460450e-01 5.852292585373299882e-01 5.757428726789579621e-01 7.386108950253530425e-01 4.945423814793359907e-01 3.616949176076449946e-01 2.936035097277889805e-01 2.959588023767740217e-01 1.340047126474959958e-02 -1.037009093538790033e-01 5.864944135837610317e-02 -1.074273676139689965e-02 1.997926901994989957e-01 5.592301850002599772e-02 1.674345834600010074e-01 1.548743412112939949e-02 -4.665050251255199731e-02 6.508217351852700616e-02 3.737216052587279957e-01 6.627958040636040549e-01 5.285303228260509467e-01 7.180604774751839781e-01 6.996474031946120498e-01 7.115284102081510520e-01 6.524622319129940173e-01 5.290293282143190279e-01 4.181276067487629811e-01 4.258865926885500031e-01 3.013690105360299909e-01 4.467887513191859949e-01 4.133826891565909878e-01 2.059714973711120056e-01 1.460037887579500038e-01
3.740421844671529827e-01 2.582507495039860212e-01 2.746097559676229927e-01 1.067626964337209938e-01 3.778874877339259974e-01 2.067111630819800094e-01 2.063278540722109922e-01 9.045606150951070179e-02 7.260879266320030556e-02 -6.826483158536039708e-03 5.638791918633300204e-01 1.842459437629669905e-01 2.947561997516660037e-01 2.537406162193450165e-01 8.654334356545240192e-02 3.861140845696520163e-02 1.000000000000000000e+00 2.270018162597690070e-01 2.270124723607760131e-01 3.378816575723099791e-01 1.101736364730109968e-01 1.741679446179270063e-01 1.241725286457019961e-01 1.257089844076600127e-01 1.676925514710159854e-02 2.213856295896839965e-01 3.796256303767259754e-01 1.844227667228280076e-01 3.294981840456179811e-01 1.383875948786739973e-01 7.587843515127419558e-02 1.471172138152790076e-01 3.223806171992190106e-01 2.937475141393020017e-01 2.113228421658299994e-01 8.167997422610009939e-02 1.850018180544689972e-01 1.103784830815160017e-01 2.716535024759130224e-01 1.004473327552029976e-01 2.690468152249360090e-01 3.153189502862420168e-01 3.584896475652910031e-01 2.527313412831639905e-01 2.016082940430259929e-01 2.871343538555700126e-01 3.426132406464629798e-01 3.192266469367059933e-01 3.937273869753850075e-01 1.506275012113799938e-01 4.478425712296469907e-01 2.942984355718630263e-01 2.874550422206409994e-01 3.453706559102400209e-01 2.016480526635369974e-01 1.234149584059990035e-01 4.584731473923219780e-01 3.145526134533609963e-01 1.249435378834260063e-01 9.588272338754880164e-02 3.555002891488789896e-01 4.220015225680350257e-01 3.678432351569519976e-01 3.794948122465690021e-01 3.050836034286780185e-01 2.875596842617419990e-01 2.305854647830549997e-01 1.020436381793050039e-02 1.659896876444300062e-01 -1.618140431214890040e-01 3.123857232091610259e-01 -9.973361928286879341e-02 3.856343020369970009e-01 2.311474824186240118e-01 4.736916959623880263e-01 2.759665021873369817e-01 3.633599199726729734e-01 2.103804079452160081e-01 2.338205101266810082e-01 1.881633095220170138e-01 2.013909514826369984e-01 3.235790052506040126e-01 2.180567451733380069e-01 2.532208211039559953e-01 3.352431030609269724e-01 3.254445624117949798e-01 2.337513597668640086e-01 3.300915974467559799e-01 1.254545819617489955e-01
