1.000000000000000000e+00 6.478399570351529579e-01 2.065908073389499944e-01 1.564586235600469999e-01 -3.282447134493480124e-03 -1.311580460667970127e-01 3.169132426668649916e-01 1.384819196670240005e-01 -6.612914511672260409e-02 1.649391055512140075e-02 2.774288859954500142e-01 3.143785959857680057e-01 1.486557923069199982e-01 1.736695880574899986e-01 -1.624816363395049923e-01 -3.098126876495119891e-02 2.196555596202600102e-01 2.248616328135250031e-01 2.151286632239219898e-01 2.531203195559589836e-01 -1.283423933626940128e-01 -1.867216223517549900e-01 1.527986659151389925e-01 1.815493028662830133e-01 -3.668893892113889860e-02 -1.824632377545800099e-01 -9.733984410490019445e-02 -5.725772652254210171e-02 3.380445826186920244e-01 2.551241017000719924e-01 3.533916540402740059e-01 3.538776652425740243e-01 1.879981320858160054e-01 2.258785621212550110e-01 -1.554690856938409915e-01 -6.588823450890379796e-02 1.505641682581020102e-01 -3.835215389983390177e-02 3.623448430960630323e-02 -1.867045707666520060e-01 1.601219222383480079e-01 1.028265124002750025e-01 2.925188107172440044e-01 2.542775511970249980e-01 2.006060614291929889e-01 -1.504870238840659916e-02 8.772741248136549375e-02 7.194814362391879770e-02 1.641028842464120063e-01 1.261051658019939903e-01 5.812599179960250551e-01 5.198270106144250446e-01 -1.297137960544329956e-02 -7.378507970135619876e-02 9.977258404489890153e-02 7.389381869229740257e-04 1.243205980790550030e-01 1.443740382277129974e-01 1.860563186563999882e-01 8.686024263217899388e-02 2.895208415727399953e-01 2.784405822225050064e-01 4.637971666980429952e-01 3.612077175631239756e-01 -3.647585805664180225e-02 4.305427318088179967e-02 -5.995578722605830052e-02 -1.621073696914460127e-01 6.984551120826200388e-02 1.434494044334349953e-02 -1.333161086805849938e-01 -2.420867611971020128e-01 9.796955573902049741e-02 1.977545400922759919e-02 2.189487536371720056e-01 1.082903728920490000e-01 6.135863673057900120e-02 -8.051256561498390529e-02 9.217416092984270434e-03 -1.081545928844870053e-01 5.239182121081570331e-02 -1.852516032864089945e-01 2.909554914734390207e-01 3.355603105910249795e-01 4.145983730836659831e-01 3.129081382625579777e-01 2.977205475030739734e-01 4.478433009148780064e-02 3.037351692570740003e-01
6.478399570351529579e-01 1.000000000000000000e+00 4.732106806797629905e-02 1.434915737072990083e-01 4.856817253487569902e-02 1.076639807654860073e-02 2.168885120327279925e-01 1.266862905208719914e-01 -8.487082757075180067e-04 -7.188231643343849508e-02 2.182078244694639901e-01 3.588677017951820147e-01 1.564018236127990014e-01 2.400208281852329872e-01 -1.833709797312330081e-01 -1.010425714496339944e-01 2.117657792943090089e-01 1.431134090305050122e-01 1.464097531673939911e-01 2.652205530095920194e-01 -1.939181356013069957e-01 -2.937169068758430091e-01 5.774337571031649963e-02 1.901660274833449904e-01 -1.208517575637230029e-01 -1.747444128993450030e-01 -1.175446433510410060e-01 -2.878824591502450111e-02 2.051659425143209925e-01 1.862692732783829963e-01 4.211616816579329958e-01 4.113086049187579807e-01 3.190325056376149826e-01 2.800243431708139830e-01 -1.647213609034429982e-01 -1.363167053714159915e-01 9.925178801029289899e-02 -3.690878033475530201e-02 1.917946254530560057e-02 -1.362912067740610078e-01 2.251479021740949993e-01 8.299101899643250568e-02 3.639452540315409879e-01 4.760867853100280156e-01 4.503640658153430093e-02 -4.871818460785420218e-02 9.691344387213589318e-02 1.402777765205870109e-01 1.344121719154649924e-02 1.988836374359509995e-01 5.058098301097060379e-01 7.071614399840749909e-01 -4.290015801476940172e-02 -5.494352744002919953e-02 1.484291199552729978e-01 7.585107088447119728e-02 1.813830760407690035e-01 2.098370898022819953e-01 1.775657320028609931e-01 1.003973383727500002e-01 2.975292463216039907e-01 3.285690618697240106e-01 6.304200074217319871e-01 5.743774622648359918e-01 1.512451818459909988e-02 8.020150348764210069e-02 -4.402859922065110315e-02 7.522848270837529869e-03 1.592149471458489951e-01 -5.610632099739339997e-03 -2.318594867865040043e-01 -3.304610368838890033e-01 6.328258238598319374e-02 1.237500544293280019e-01 1.292068675804609879e-01 6.139783871853980030e-02 -3.654717057419670095e-02 3.354493297537230329e-02 -5.713564405239150018e-02 -2.022052604554289978e-01 -1.786173901192860125e-01 -2.037505142492309906e-01 2.569376152460809970e-01 2.825979434770560239e-01 3.247304217531820081e-01 3.642735793853499882e-01 3.586005997681669943e-01 -5.202332075035899853e-03 3.074690482123059732e-01
2.065908073389499944e-01 4.732106806797629905e-02 1.000000000000000000e+00 6.016166716873539988e-01 1.173629254672689942e-01 2.704601429393529988e-01 3.523813748687639746e-01 5.430557065539930450e-01 1.905530797126039899e-01 3.598239319598229846e-01 -4.458873404240840110e-02 -8.292167679279560666e-02 5.439962183812890179e-02 3.536189766407719925e-02 2.245797421788590098e-01 3.719240581128249734e-01 3.333888274309400324e-02 -4.971666030071979908e-02 4.119464955388270067e-01 2.817786429870859921e-01 2.400275018244469871e-01 1.889047003922529888e-01 7.107029248478869965e-01 5.208487550447880032e-01 3.066199876236250232e-01 2.422577566889070055e-01 2.522796594862000141e-01 3.124875736206170207e-01 2.632888699268099986e-01 2.419031262393999959e-01 -2.918880870581989917e-02 1.587764376045500136e-02 -2.113812168695440030e-01 4.474256384301780048e-02 -4.294674399661110170e-02 1.634242756786979944e-01 -7.953047586574760186e-02 -1.176828815284250013e-01 3.612084536719020050e-02 1.246762421721740038e-01 1.953461551098280014e-01 2.747303986766679862e-01 4.528857985851259677e-02 1.341186937174740079e-01 3.929284425974620132e-01 1.851272850342140092e-02 4.496303561608879784e-01 3.994232886813700034e-01 2.695500721151090073e-01 4.718598183557359826e-02 -1.149583884165909960e-02 -1.160946928967769992e-01 3.322729521495689786e-01 2.267281599899070021e-01 -4.572027019725820145e-03 2.194703681184350108e-01 2.485866859363350112e-01 1.531475525987369968e-01 -8.463843824606850225e-03 1.561671109274609948e-01 2.009577120295119868e-01 3.005641202195030171e-01 5.852164601282940082e-03 1.084966242655770047e-01 3.560003764522389758e-01 2.819525548163550055e-01 9.244109280241910587e-02 -4.757786699580350206e-03 -1.472490960842230134e-01 3.017231100505250035e-02 1.905351237574930134e-01 1.069473959679480002e-01 1.062254756904060064e-02 -1.834969088237969892e-02 3.742763933554439926e-01 1.701289393557479934e-01 3.059497446891730199e-01 4.648614365825250172e-02 4.368403409913290125e-01 4.197199540500469728e-01 2.507544633849230140e-02 2.432022647270659921e-01 -1.420320687360629962e-02 3.360529939540139732e-02 8.601954013199769600e-02 -5.351956948343399717e-02 2.107026136616960144e-02 -3.557843901122029889e-02 2.457275248866719959e-04
1.564586235600469999e-01 1.434915737072990083e-01 6.016166716873539988e-01 1.000000000000000000e+00 4.254411935848979864e-02 7.486326655218129844e-02 4.193485240426790273e-01 6.966276742020439672e-01 1.389219751164570138e-01 3.685053773084789874e-01 3.321806221039039914e-02 6.144916402936360239e-02 2.158954310408590094e-01 1.305504662443340014e-01 8.223609392451079747e-02 3.446649822941970087e-01 1.438813073845439938e-01 9.736278722826920140e-02 3.297482544445710095e-01 2.942548717099400246e-01 9.595887517814699619e-02 1.767484627372150133e-02 6.338757972996520440e-01 6.400912134172109802e-01 1.101820691253359991e-01 5.396635635178630153e-02 9.339833893428130251e-02 1.041387600733059970e-01 1.390862775766310011e-01 3.273290496131440186e-01 1.472969626253139985e-01 2.465028464095929961e-01 3.865656723465400041e-02 2.073716145725869875e-01 -4.887524328113510008e-02 1.170518876895249999e-01 1.680080778339120007e-02 -1.900321245407059906e-02 1.915242942466499967e-02 8.475417804234189334e-02 2.291895865184540027e-01 2.266518425701380124e-01 1.201111323742280051e-01 2.233222487839489900e-01 1.855009369068829905e-01 -5.578835229829560288e-02 4.894189268273160254e-01 4.190796481893649950e-01 2.262326242323020042e-01 1.728041690405970054e-01 1.431117329421859874e-01 6.166954601182889767e-02 4.668568818910660001e-01 3.858157165625210050e-01 2.757896790962749978e-01 3.051185778180379726e-01 3.308983131627279972e-01 3.867386876390930261e-01 1.502139695616339921e-01 3.409404410558690146e-01 4.674453172633010190e-01 4.920777214985410097e-01 1.572669115141160090e-01 1.596686044735310117e-01 3.220144151003480060e-01 1.887107683789620016e-01 3.801914690625059906e-02 -1.389518918251879953e-01 4.284184338187740221e-02 7.057008355496010264e-03 -1.480419675360069957e-02 -6.162092681166050218e-02 -1.504851209088459985e-01 -1.054311406523549899e-03 2.566661951826070265e-01 2.549447220410980264e-01 2.064849786193460046e-01 7.683009473250830557e-02 3.805473206159529775e-01 3.982866192918860238e-01 8.497387371345460627e-02 1.128422563329650047e-01 1.235195639304609988e-01 1.405994893815999958e-01 8.079704953239059961e-02 1.083759576273780056e-01 8.450150584753600425e-02 -4.021601239471760125e-02 1.077061062556339960e-01
-3.282447134493480124e-03 4.856817253487569902e-02 1.173629254672689942e-01 4.254411935848979864e-02 1.000000000000000000e+00 3.750369763022780023e-01 7.996213710254790330e-02 2.830694418139400193e-03 5.660398583134259587e-01 4.012701810476480002e-01 -2.491439975246479976e-01 -1.492038210312640056e-01 -3.239977152216230172e-01 -9.573300697562589501e-02 6.073089451605310218e-01 5.177777481747239952e-01 -4.157781691317580242e-01 -2.597016860198029797e-01 1.697712492516970095e-01 1.807886699640819939e-01 2.965267575069269745e-01 4.225280375532490251e-01 1.825538766332459872e-01 -1.429562659262710034e-01 4.633054454674799816e-01 4.768547518543260200e-01 -6.449920457036589783e-02 -3.368372144695189890e-02 -1.395241789947080091e-01 -2.375312661597620001e-01 6.258847340890410192e-03 -2.335430885421409947e-02 1.660145762680529935e-01 1.716814243836879972e-01 4.081087943891659742e-01 4.250990223382919986e-01 -3.934696967638540155e-03 2.605392873340739990e-01 4.400014068835830239e-01 4.520870112841219868e-01 1.001824775944789997e-01 -2.215669050388010056e-02 6.107876776397790086e-02 2.799534032159070041e-01 2.191090269174550131e-01 4.066292193499900232e-01 4.910894023642879969e-01 4.862345513770849892e-01 3.480114844140480002e-01 3.939250791754819736e-01 4.279233223788830170e-02 5.932554558692589713e-02 2.271920865049180116e-01 2.555250568087250040e-01 -2.433443866277769981e-03 -7.527479839114299687e-02 -1.032146961423770042e-02 -5.750004333583359772e-02 1.095424631306810004e-01 3.155480462613469844e-02 -1.769845015455129983e-02 6.341691362550759548e-02 -1.528010888716760107e-01 -1.418750322263309938e-01 8.197751714422310543e-02 1.085964174261830062e-01 -7.105908528095740417e-02 -1.780707209174579864e-01 1.699645301585110124e-01 2.457484324051240066e-01 2.939075751846599860e-01 2.934900819568679875e-01 -3.203315872903980122e-01 -2.761555215344480008e-01 -5.460820943562340324e-02 -2.636689912150880222e-01 3.234974927274459899e-01 2.785412459498179949e-01 3.488629566274100147e-01 2.454753823459699946e-01 1.046891178147179996e-01 2.355488388451970061e-01 -2.210447161791669890e-01 -3.038153910860950102e-01 2.016379112336080109e-02 -1.879288645216589948e-01 -4.749219544283549838e-02 3.445513515104899893e-01 -3.023675276919109978e-01
-1.311580460667970127e-01 1.076639807654860073e-02 2.704601429393529988e-01 7.486326655218129844e-02 3.750369763022780023e-01 1.000000000000000000e+00 -4.802275815354230259e-02 6.742414236738329680e-02 4.539721760027319863e-01 4.265394243885480274e-01 -2.535748068369509944e-01 -2.888281765293079784e-01 -1.526332644827929907e-01 -1.609624766923490047e-01 4.640878004903050136e-01 4.528519741972840129e-01 -2.756684960559869779e-01 -2.392162884581010007e-01 1.401757191372899891e-01 2.828179944419439984e-01 2.654310339110709793e-01 3.713964976593679967e-01 1.602807492006740053e-01 -6.355695840308589473e-02 5.536487228840289987e-01 6.122553981881220242e-01 3.152061204149440021e-01 2.551713256856459888e-01 4.202665760962590209e-03 -2.065779908718589908e-01 -1.906744220523400035e-01 -1.953610316484900022e-01 -9.218507578144449766e-02 1.553161170164690124e-04 2.014076717263889871e-01 2.610723340333480080e-01 -2.090407399953229939e-01 -4.236906582970329654e-02 2.407672516134130025e-01 3.356341488601389811e-01 3.738918619700670187e-01 3.256077023166120132e-01 -3.253671088441890263e-02 1.529429508093479995e-01 3.299055425483419790e-01 2.792540542870700082e-01 2.835289653611819949e-01 4.950240056006520173e-01 2.131389110181249880e-01 2.868737228094009883e-01 -2.238062448945299932e-01 -7.651166038958749638e-02 2.711210347628840167e-01 1.720366841306290029e-01 -6.792918548411390478e-02 5.195586398483029861e-02 -2.196739267153060074e-02 -1.514428695425220073e-01 -8.778828061333279753e-02 -1.177927039547110033e-01 -1.756339187446109840e-02 1.019982695468189954e-01 -5.727062338907799866e-02 5.708860640702170114e-02 3.670999491414759786e-01 3.908364712859470069e-01 2.975402715305289769e-01 2.015155508136740048e-01 2.103942941474749861e-01 3.060409081930480224e-01 4.293037746707359936e-01 3.660066404916180183e-01 -7.401545631249439872e-02 -1.670414141971990063e-01 2.134873204003890079e-01 -3.161903364542620332e-02 4.460481022475469848e-01 7.897407425455449381e-02 3.265875434430109969e-01 2.763858830096579955e-01 -6.375579679358259894e-03 3.927583416443550246e-01 -3.128967707102969786e-01 -2.877223033045029910e-01 4.097307482885849915e-03 -1.677352152687749953e-01 2.594042365690410121e-02 2.174558961420439973e-01 -3.045360887205009748e-01
3.169132426668649916e-01 2.168885120327279925e-01 3.523813748687639746e-01 4.193485240426790273e-01 7.996213710254790330e-02 -4.802275815354230259e-02 1.000000000000000000e+00 5.493084304794759731e-01 4.444111731425490208e-02 -3.944594068325479874e-02 5.321134802086809890e-01 5.741548928018540554e-01 4.009561357316320240e-01 4.672635100374050166e-01 -1.255057577303060057e-01 -7.855855078724090224e-02 3.324538421642819763e-01 4.066457183623780058e-01 -9.413095176224839378e-02 -5.654719888898909752e-02 -3.487210823117369851e-01 -2.291051519351260113e-01 3.905640780308620164e-01 5.369422067905680329e-01 -3.556557736210619880e-01 -3.606092478645990251e-01 -4.718231252794760078e-01 -4.155747088610070028e-01 3.953185389204840194e-01 3.864955753397940064e-01 4.015709165048910179e-01 4.825598474664999915e-01 4.621157982308329859e-01 2.635311851598369781e-01 9.163205919168029845e-02 -1.468955799441150067e-01 5.814489755843119667e-01 3.823777484527779991e-01 5.658837559139440199e-02 -2.552579397094569824e-01 -6.642516007440890657e-02 -2.551807605529209932e-01 5.954666799995219639e-01 5.290904381625409769e-01 4.112846964938880398e-03 3.454472911881190100e-02 4.456956028036719863e-01 2.255062373363279915e-01 1.903122648630000135e-01 2.586590523639170081e-01 5.673490095589890370e-01 4.731635533685080164e-01 2.083806418954949891e-01 4.117296437490060024e-01 4.855756966042750200e-01 3.685127094667570158e-01 4.993883509142860166e-01 5.428189806393880490e-01 6.151086486229060402e-01 6.175359672436649960e-01 6.227865856254599652e-01 4.806643010162249818e-01 2.159114037882849946e-01 1.299847143577129993e-01 -1.929153428322999964e-01 -3.367119467458020154e-01 -2.650357838643089825e-01 -1.749054768144170102e-01 -1.026807216266110018e-01 -8.783274567689050571e-02 -4.181672149866280108e-01 -3.950403489087049858e-01 -7.792572000111500086e-02 2.873145569282070100e-01 -1.368814811899340123e-01 1.364527852218450034e-03 3.438722953524759977e-03 9.759949972918589844e-02 9.940762472774089531e-02 -7.543278471977959976e-02 -5.629116094268839937e-02 -3.837152277545159973e-01 5.508808726429389457e-01 5.029486829631220068e-01 4.072182870886980055e-01 4.036197580395740059e-01 4.504306375720870115e-01 3.351649668657070147e-01 4.803147825840339835e-01
1.384819196670240005e-01 1.266862905208719914e-01 5.430557065539930450e-01 6.966276742020439672e-01 2.830694418139400193e-03 6.742414236738329680e-02 5.493084304794759731e-01 1.000000000000000000e+00 1.403749993553149999e-01 1.532584112564260026e-01 1.359746743438499939e-01 2.670460938157929731e-01 2.706049214495320210e-01 4.359811313166079838e-01 -4.439832107423660051e-02 2.450784175940430021e-01 2.411907736290689885e-01 1.838700840690709881e-01 1.282474699072460034e-01 -1.967351504046130004e-02 -6.383055025434669627e-02 -1.983059323341289926e-01 6.412504025390739493e-01 7.170514958994870236e-01 -4.085222084668829745e-02 -7.313082334045370447e-02 -2.737069490342870087e-02 6.731418484016779558e-02 2.971277255993299837e-01 4.702874333810520002e-01 3.491654114064339787e-01 4.213019514321489911e-01 8.372449689877199328e-03 1.853658922510590112e-01 -2.199873792285909901e-01 -2.133409445569779961e-01 9.737979717086700515e-02 -2.199631580226010102e-02 -9.341292508665570427e-02 -2.142386436895649948e-01 9.696192991373310532e-02 1.332210251408859902e-01 2.147718988014780117e-01 2.836391661714389723e-01 6.074712003796760296e-02 -2.325219262352050120e-01 5.417023419510670346e-01 4.771845088251279732e-01 2.280344113514750082e-01 2.552826574408860183e-01 1.461957122183920044e-01 9.454149395556210589e-02 4.376270169238870023e-01 5.153385312704149568e-01 4.575065425805209807e-01 5.397834589028209784e-01 4.336645224221050143e-01 6.316848456968120473e-01 2.683215215619429994e-01 5.606615313130429712e-01 5.731757393284260260e-01 6.348062867698179845e-01 1.445147081925320098e-01 9.828048828737570575e-02 1.954811059365960113e-01 9.650387229563479885e-02 9.495367069124230341e-02 5.442485809582130185e-02 -7.605398864880799636e-02 -1.164313277897660037e-01 -2.515769739215770184e-01 -2.612275486305160044e-01 1.208884675862189999e-02 2.223162499604509901e-01 1.268707066547530016e-01 1.746497983257870035e-01 4.651699513093340149e-02 -1.777239833942589886e-01 3.711253220381179885e-01 4.141182967606270027e-01 1.557174504311449881e-01 -3.156018260351709653e-02 2.693566524150790009e-01 3.509698195014839817e-01 1.586943567023429980e-01 2.450345384855049935e-01 1.425492013635950017e-01 -6.305280848640709701e-02 2.741964539127100253e-01
-6.612914511672260409e-02 -8.487082757075180067e-04 1.905530797126039899e-01 1.389219751164570138e-01 5.660398583134259587e-01 4.539721760027319863e-01 4.444111731425490208e-02 1.403749993553149999e-01 1.000000000000000000e+00 6.512920464418250344e-01 -2.666819368806829793e-01 -1.543003098676349882e-01 -1.334582422207749863e-01 -1.761195825164050058e-02 5.622602620958789821e-01 6.227360131866289672e-01 -2.836130499537020122e-01 -2.480778978779769883e-01 3.173087166680410021e-01 3.076175591699010226e-01 2.625466567085639746e-01 3.324528301715969913e-01 1.438059311079639968e-01 -1.814697768705789832e-02 5.493727864571259500e-01 5.844095617951250432e-01 2.214353274060749943e-01 1.692898269816699997e-01 -2.983818424517260121e-02 -8.644278510995830056e-02 -3.012784577458879967e-02 -5.842647187694569727e-02 -3.622935384055429864e-02 1.287903102531380017e-01 2.106035420929260049e-01 3.532218358790720214e-01 -1.811798045303129878e-01 2.349104157047589986e-02 3.454035782189560089e-01 2.811088357570519780e-01 2.325424074949380138e-01 1.372417205369799997e-01 -1.593398488533320084e-02 1.028696509363779960e-01 2.330507329715300058e-01 1.536671948678469957e-01 4.508595089561330260e-01 4.802300857293619885e-01 2.764012143671220056e-01 3.120391056601949931e-01 -7.631447398325459652e-02 -1.193957370031839965e-01 2.710230959057179922e-01 3.407689247905529850e-01 7.441577950276209719e-03 1.753232901698300039e-01 7.448977438415810282e-02 3.923919260047110252e-02 4.791985082161769917e-03 1.042579248234589973e-01 9.443148711859790378e-02 1.564923145805280080e-01 -2.241702272419709985e-01 -1.122519013539750032e-01 2.835995690369679800e-01 1.967711250998100125e-01 3.169017620895680024e-03 -1.661365771826939924e-02 1.668158050377830104e-01 3.250066976483340087e-01 2.613209757048660098e-01 2.452647752377259960e-01 -1.478928156140389971e-01 -1.891589782958350008e-01 2.313524579290049954e-01 -1.985215759020859949e-02 3.929118213500379930e-01 2.841703122820240027e-02 4.827838297171930249e-01 4.186012193809490189e-01 1.783610363964479861e-01 3.087946935218470190e-01 -2.243906198840069921e-01 -2.322797653998789902e-01 6.130311763703170241e-02 -5.973445573164740119e-02 4.047189916658679859e-02 2.347885944960100002e-01 -2.285799514892520035e-01
1.649391055512140075e-02 -7.188231643343849508e-02 3.598239319598229846e-01 3.685053773084789874e-01 4.012701810476480002e-01 4.265394243885480274e-01 -3.944594068325479874e-02 1.532584112564260026e-01 6.512920464418250344e-01 1.000000000000000000e+00 -3.460708378821549802e-01 -3.204012874603249794e-01 -1.716252304575709986e-01 -2.333788447228820062e-01 5.043031459890899848e-01 6.877629734439489884e-01 -2.062548050031159930e-01 -3.061735945821890126e-01 4.119180975079260176e-01 3.351245720044699894e-01 4.472368488606620063e-01 3.401242029792749810e-01 2.799693209960339990e-01 1.125356113653259993e-01 6.156571458984969603e-01 6.376622553184000397e-01 3.742535559587060190e-01 2.958178854049919870e-01 -6.771281039321509765e-02 -5.390645750172309847e-02 -1.682700733439810026e-01 -1.949402101869439907e-01 -2.634176880241689833e-01 -4.055296376427600102e-02 6.807033790345050350e-02 3.293109574588790056e-01 -3.481391400596570151e-01 -1.797455003026270093e-01 2.543974330413339979e-01 3.190354096790660177e-01 3.009674672445539767e-01 3.428180326241079823e-01 -2.004954040980020114e-01 -6.757338152945120691e-02 2.069103166135430050e-01 4.282967199168739858e-02 3.051957985252820027e-01 3.397755225730439976e-01 2.528859728582489863e-01 9.742947400194619523e-02 -1.249973149574670067e-01 -2.557438633633660197e-01 4.284625446767270085e-01 2.685283092495540092e-01 -1.142643942810499941e-01 4.658940803935299885e-02 6.984295822387499852e-03 -1.032008887574319966e-01 -1.469793995453020086e-01 -5.432026719793339731e-02 5.795086420935900012e-02 5.325749774220769894e-02 -2.335903438455189940e-01 -1.461465795695769954e-01 3.472033154214089756e-01 4.286134345013880020e-01 5.327418815788279721e-02 -2.415610044058550121e-01 1.057389786354009931e-01 2.294268667582070043e-01 3.576102732977050058e-01 2.623336879712420133e-01 -1.225457724554900041e-01 -2.783152084039909879e-01 3.568499221438349855e-01 6.824372257344729631e-02 3.737281833380630136e-01 4.244059252170850199e-02 4.151424135761649925e-01 4.379374250537910185e-01 1.390688057781090115e-01 3.124280817480220018e-01 -2.482785147663210124e-01 -2.221270682322220025e-01 -6.033701787877929906e-02 -1.842645089070550080e-01 -1.529927051778570135e-01 4.206803605895320305e-03 -2.769638206170049743e-01
2.774288859954500142e-01 2.182078244694639901e-01 -4.458873404240840110e-02 3.321806221039039914e-02 -2.491439975246479976e-01 -2.535748068369509944e-01 5.321134802086809890e-01 1.359746743438499939e-01 -2.666819368806829793e-01 -3.460708378821549802e-01 1.000000000000000000e+00 7.359636242395259931e-01 6.596463663970739688e-01 5.645217848244139525e-01 -4.764488201755999741e-01 -4.961118496051820093e-01 6.238458334906770153e-01 6.911125652983579615e-01 -2.961304122428060071e-01 -2.101152644137860015e-01 -5.364700134968659606e-01 -5.786486013867290223e-01 -1.428772797750089973e-01 3.857488753876189835e-01 -6.262569695904309786e-01 -6.523027441406229476e-01 -5.005459741489910463e-01 -3.914062006995789877e-01 3.892508952722270044e-01 4.884944644947090131e-01 4.808506928618270226e-01 5.329867251409420303e-01 4.857441686643779732e-01 2.583351033553900056e-01 -1.446020337230010111e-01 -3.111761280053719769e-01 6.232935667119949841e-01 2.143052145790710072e-01 -5.493100358963200203e-02 -3.697833731901850052e-01 -1.382122521889830036e-01 -2.401836704432659952e-01 6.484224251971529851e-01 4.085195023036600204e-01 -3.364551815649750172e-02 -2.512114927484370153e-01 -6.878788989185630372e-03 -1.812834316875850116e-01 -1.165314797172010003e-01 -2.952575868644660012e-02 6.047816872719929959e-01 5.269188176701880000e-01 9.110232614285619993e-03 1.981403742554080083e-01 5.887961306079739776e-01 3.826204649403500135e-01 3.595904280320370017e-01 5.548686535599609559e-01 6.673708600741320440e-01 5.707898801862629767e-01 5.938828514763719868e-01 3.991573118172659917e-01 3.284205799746029997e-01 2.324800592987759928e-01 -3.874902533667869964e-01 -4.814366323280079851e-01 -3.050570462929679816e-01 -3.480756633688539964e-02 -2.012826197411629880e-01 -2.342719362144360107e-01 -6.498232904762160089e-01 -6.027221393330579602e-01 1.742052828967740052e-01 4.690372503379700020e-01 -5.873675360474420182e-02 2.057068711717230103e-01 -1.401453420284740070e-01 1.352461229868890114e-01 -1.129690927841039971e-01 -3.041018917629549900e-01 -1.552100474760929882e-01 -6.244891193397630325e-01 7.607942136929469745e-01 7.219011212065300498e-01 5.240430162461919839e-01 7.047769733038929951e-01 7.228548495770009685e-01 1.038142651357899932e-01 7.567172475787310448e-01
3.143785959857680057e-01 3.588677017951820147e-01 -8.292167679279560666e-02 6.144916402936360239e-02 -1.492038210312640056e-01 -2.888281765293079784e-01 5.741548928018540554e-01 2.670460938157929731e-01 -1.543003098676349882e-01 -3.204012874603249794e-01 7.359636242395259931e-01 1.000000000000000000e+00 5.940517012121609985e-01 7.423326619514299951e-01 -5.023814373548249890e-01 -4.294528162139589766e-01 6.445878435529730499e-01 6.686958232950199754e-01 -2.155494215576859995e-01 -2.166243017952990124e-01 -5.603373927563789492e-01 -6.590954003377109682e-01 -1.022415886199079943e-01 4.276118786642250091e-01 -6.628815351923019739e-01 -6.561754518002359537e-01 -4.686481841418679850e-01 -3.027306899766810111e-01 4.960606357010050038e-01 5.905609383683619873e-01 6.075821067774640483e-01 6.436914747904810552e-01 4.608422646396779787e-01 3.114100560884769942e-01 -2.784593535397240083e-01 -4.035788374928460098e-01 5.307021305915410325e-01 1.484692177286610071e-01 -1.148788655920749968e-01 -4.360290106936730026e-01 -1.302077793800460008e-02 -1.667533570841999990e-01 6.786016541624080300e-01 5.123617846445539525e-01 -1.964285538251029917e-01 -3.407711729856370275e-01 7.616779254384879738e-02 -9.479812309244549373e-02 -1.033920811027719960e-01 4.440679230929939908e-02 6.211820521834080511e-01 6.494571407639629923e-01 3.956923122855929981e-02 2.359231835950680034e-01 5.825246270738260179e-01 3.514238157837940024e-01 4.201091017880160261e-01 6.141939572313109830e-01 6.266949856573640343e-01 6.454925749353379594e-01 6.324109460762490365e-01 4.785174804344419774e-01 4.839780132033539850e-01 2.644932378502899972e-01 -3.323231332978400232e-01 -4.318756150880930234e-01 -3.116851644649499820e-01 6.112672680738660304e-03 -1.339270716264769900e-01 -2.488601882112249919e-01 -7.210108277346130023e-01 -6.869761479219660405e-01 1.566087735455589935e-01 6.084669798195749824e-01 -3.968295591480529988e-02 2.808676658149319993e-01 -1.678064587219449955e-01 3.346446274876799937e-02 -1.148937340803630053e-01 -2.788820619878680240e-01 -1.367592007426099987e-01 -6.895977627061250503e-01 7.960549426556620123e-01 7.491055937954930188e-01 4.882613060195780119e-01 7.554918052182090227e-01 6.376642783322219454e-01 3.621930510920819829e-02 7.879953689754349844e-01
1.486557923069199982e-01 1.564018236127990014e-01 5.439962183812890179e-02 2.158954310408590094e-01 -3.239977152216230172e-01 -1.526332644827929907e-01 4.009561357316320240e-01 2.706049214495320210e-01 -1.334582422207749863e-01 -1.716252304575709986e-01 6.596463663970739688e-01 5.940517012121609985e-01 1.000000000000000000e+00 5.669992104932110033e-01 -4.540728974889829961e-01 -3.021017773967810127e-01 6.698798448222049728e-01 6.036877250267449480e-01 -3.711458620990860241e-02 -6.959036439001750618e-02 -2.821168985003730256e-01 -4.937973315311610101e-01 -2.351079828521579831e-02 5.075195076622920354e-01 -4.366103857553820244e-01 -4.227727182492719837e-01 -9.391469362163840096e-02 -6.310191015645989776e-02 3.839454836153740058e-01 5.331801236540320010e-01 4.057098543094970200e-01 4.680665859853360145e-01 2.276678274224560039e-01 1.829536712979009938e-01 -4.023481004310660025e-01 -3.055646476550670232e-01 2.842565855582019907e-01 -1.229723697811860028e-01 -1.466049088474999929e-01 -3.720133687853939830e-01 1.942991015255670084e-01 1.298737751733479995e-01 4.172081232411650187e-01 2.845177231817990204e-01 -1.099475230706929985e-01 -3.661504486177299955e-01 6.044339050358189976e-04 -5.982887869591910213e-02 -2.460483007969329894e-01 -1.099247547865320057e-01 3.589743129988440251e-01 3.572755434983019840e-01 1.276882608013160114e-01 2.347907888362300022e-01 4.862357607852539898e-01 3.914031831956810148e-01 3.767730105972409982e-01 5.364187823919559506e-01 3.956930550599310203e-01 5.269024073823780352e-01 5.739586288091970134e-01 4.473418711694209793e-01 3.890151978994579873e-01 2.337394127716490022e-01 -1.407862695438580058e-01 -1.360600773620810056e-01 -5.899826631873929944e-02 9.817880485948979330e-02 -1.095723433422770010e-01 -2.472150339060419921e-01 -4.822512644639099788e-01 -5.109642470973979611e-01 3.407758524940859846e-01 4.814379440695120138e-01 2.948789530259949832e-01 4.376804991374739773e-01 -4.521815992477890012e-02 -1.047549226017290003e-02 7.358375496549160455e-02 4.344169329262140278e-02 -1.274176283716549948e-03 -4.154793241923039893e-01 5.684400938489999611e-01 5.982879398961470363e-01 3.584374384766639832e-01 5.772175412894839930e-01 5.085787650340539701e-01 -1.599768689211659989e-01 6.170590806189479860e-01
1.736695880574899986e-01 2.400208281852329872e-01 3.536189766407719925e-02 1.305504662443340014e-01 -9.573300697562589501e-02 -1.609624766923490047e-01 4.672635100374050166e-01 4.359811313166079838e-01 -1.761195825164050058e-02 -2.333788447228820062e-01 5.645217848244139525e-01 7.423326619514299951e-01 5.669992104932110033e-01 1.000000000000000000e+00 -3.690686563051640001e-01 -2.718365543072380208e-01 4.922181979161129872e-01 4.950152467446070070e-01 -1.842275297163009917e-01 -2.532703014060609936e-01 -4.544009673615960199e-01 -5.645579501455360028e-01 4.206241063004480252e-02 4.635933505819260225e-01 -4.455448235167470128e-01 -4.734641481854630074e-01 -3.231003099703769754e-01 -8.503462383324719709e-02 4.767241388920570033e-01 6.001379562374989929e-01 5.358585213327790031e-01 5.200760182273449495e-01 2.819906613512899729e-01 1.363639373136769917e-01 -3.330200937963069818e-01 -3.608563281659730171e-01 4.162664835999669855e-01 3.471975787471490160e-02 -1.365241590594609977e-01 -4.255743307761559735e-01 -5.993151728714399967e-02 -1.099540100520639968e-01 5.674130559047030342e-01 4.706049114572529724e-01 -2.127253565316929995e-01 -4.073336439146449939e-01 2.058819759650460102e-01 9.524730701961220403e-02 -6.717166934464219308e-02 3.443122808523450123e-02 4.082673557084389726e-01 4.243181741164249732e-01 9.588038856460319448e-02 2.533138997843780160e-01 5.983913835065369780e-01 5.602168952762309750e-01 2.721630682851530203e-01 6.324725014727370365e-01 5.453883609029439583e-01 6.786505574803489704e-01 5.996408454666569687e-01 5.900864371246370421e-01 3.688573741988280252e-01 1.593985810056680053e-01 -1.910540231870249961e-01 -2.650575933326870248e-01 -1.006071864592549964e-01 2.829914156369779943e-01 -1.082030784381819988e-01 -2.002953671253309975e-01 -6.069664706878949989e-01 -5.775024786596170134e-01 2.075131494387149889e-01 5.887542803480819709e-01 2.249071130019539982e-02 2.645058290108919796e-01 -1.329228858666499924e-01 -5.785871148680119674e-02 1.704639138206119967e-02 7.013562621769610069e-04 -3.298435218420270321e-02 -5.316427766129669941e-01 6.433818356453899767e-01 6.053745933492580278e-01 4.485307360823549971e-01 6.732426192027559653e-01 5.760832095596689628e-01 -1.225471010459000011e-02 6.238945416517890363e-01
-1.624816363395049923e-01 -1.833709797312330081e-01 2.245797421788590098e-01 8.223609392451079747e-02 6.073089451605310218e-01 4.640878004903050136e-01 -1.255057577303060057e-01 -4.439832107423660051e-02 5.622602620958789821e-01 5.043031459890899848e-01 -4.764488201755999741e-01 -5.023814373548249890e-01 -4.540728974889829961e-01 -3.690686563051640001e-01 1.000000000000000000e+00 7.593442577149509543e-01 -6.802973528610879450e-01 -4.889056753350660145e-01 2.550394960095290209e-01 3.971153020692519964e-01 5.905076455075000119e-01 7.832232741200589876e-01 2.403634434841409873e-01 -2.781210478693900146e-01 6.737281254588689539e-01 6.916785276711640007e-01 2.872619003884129829e-01 2.331593794528989960e-01 -3.585902141093639806e-01 -5.627306744866650279e-01 -2.835137580147730207e-01 -3.987759566836129865e-01 -1.106851850804339982e-01 6.171788263440070033e-02 6.243411849770169608e-01 7.176803404316289825e-01 -1.982210494368160103e-01 2.737382372464409741e-01 4.677241310380900186e-01 6.967487744578449993e-01 2.096992843094249992e-01 1.197365840573799967e-01 -2.900508521097909798e-01 -1.200173930586640077e-02 3.713302723337260081e-01 6.485223375330340101e-01 4.910186352495399809e-01 5.419408536665799581e-01 5.000169802088979543e-01 3.986661984161299910e-01 -2.020735375696240121e-01 -2.388852642427820028e-01 2.571752974147429871e-01 2.649990802008450053e-01 -2.114481617766789945e-01 -1.308882405129790094e-01 -9.871056805436520531e-02 -3.559942189766410192e-01 -2.030440152884009919e-01 -2.282919167808059868e-01 -2.554145990725270043e-01 -1.466000729651139867e-01 -4.336671856212159781e-01 -2.297141320037920098e-01 3.751660641540949803e-01 3.371203736619740043e-01 8.861801772250990639e-02 1.417801811613359983e-02 1.537901531159309998e-01 2.915927590750019838e-01 6.990014731212530474e-01 7.023829347334870077e-01 -4.030417281053769729e-01 -5.592953486851659495e-01 5.339338129556420176e-02 -2.781864216496079956e-01 4.939648968156449826e-01 3.071947375734879748e-01 5.478510734083560374e-01 4.165447700935600017e-01 1.373485574638949880e-01 6.637595639809690251e-01 -6.354545620004760087e-01 -7.086138829167010211e-01 -2.224397764226790086e-01 -5.280750991437279662e-01 -3.221140823133309961e-01 4.102027473439099903e-01 -6.817459967489150063e-01
-3.098126876495119891e-02 -1.010425714496339944e-01 3.719240581128249734e-01 3.446649822941970087e-01 5.177777481747239952e-01 4.528519741972840129e-01 -7.855855078724090224e-02 2.450784175940430021e-01 6.227360131866289672e-01 6.877629734439489884e-01 -4.961118496051820093e-01 -4.294528162139589766e-01 -3.021017773967810127e-01 -2.718365543072380208e-01 7.593442577149509543e-01 1.000000000000000000e+00 -4.206686424944329761e-01 -4.344184888692890212e-01 4.638829875644440159e-01 4.362138038649959748e-01 5.916000065182149825e-01 5.870876759212190210e-01 4.380188354284160202e-01 4.351671751476580280e-02 7.597189479238539711e-01 7.377827236266769617e-01 4.630331589118140134e-01 4.387397908126660084e-01 -1.940765109078819994e-01 -2.890527645022860082e-01 -1.564483908713600047e-01 -2.700073327352430219e-01 -3.416327744027929936e-01 3.035345749724880152e-02 2.579344084762810185e-01 4.927941918578819802e-01 -3.913981696333859728e-01 -1.352578438363490065e-02 2.566413189567899877e-01 5.335823432684430045e-01 3.359347828806730218e-01 3.919634229554089799e-01 -3.500255865143260259e-01 -1.015169209359639974e-01 3.467911259758449938e-01 3.066414521205160226e-01 4.449273426902849993e-01 5.397303382185889564e-01 3.518093988834269936e-01 2.852041800641080260e-01 -1.939867201112470130e-01 -2.726723553805739941e-01 3.084875599827390236e-01 2.839627116542119967e-01 -1.785471310764150110e-01 4.253679955254299760e-02 -5.392700491980099986e-02 -1.593951751938260109e-01 -2.761099492849209969e-01 -1.458872513980160046e-01 -1.431698187177160020e-01 3.961089566110900101e-02 -2.568410051644109959e-01 -1.380923429273399894e-01 5.137582933798580109e-01 5.361539359980409536e-01 2.398266939604410120e-01 -6.743580055361590199e-03 1.335051010588420017e-01 2.801224455632350119e-01 6.240150292871620152e-01 5.660016838381010107e-01 -1.995099623522970100e-01 -3.918891206418589901e-01 2.937588112587929956e-01 -1.248086498010719976e-02 5.249413464874109758e-01 1.515602771121150050e-01 6.070420160276259747e-01 6.118888290461129698e-01 2.256537037068230001e-01 6.272395448223340164e-01 -5.479158841514689682e-01 -5.632818817088169894e-01 -2.734312172219739989e-01 -4.036329793643420039e-01 -3.200976883955650165e-01 7.701727107490390078e-02 -5.535070774054210441e-01
2.196555596202600102e-01 2.117657792943090089e-01 3.333888274309400324e-02 1.438813073845439938e-01 -4.157781691317580242e-01 -2.756684960559869779e-01 3.324538421642819763e-01 2.411907736290689885e-01 -2.836130499537020122e-01 -2.062548050031159930e-01 6.238458334906770153e-01 6.445878435529730499e-01 6.698798448222049728e-01 4.922181979161129872e-01 -6.802973528610879450e-01 -4.206686424944329761e-01 1.000000000000000000e+00 7.213299099041879936e-01 -2.901249151848879840e-02 -2.148604189733419878e-01 -3.459722871244589881e-01 -7.224064820380620144e-01 -9.617126499801749440e-02 5.618061582811939569e-01 -5.426112529049229583e-01 -5.833515656579160158e-01 -1.117587812839680034e-01 -7.199288721131649749e-02 5.188350309696899698e-01 6.836604823479439652e-01 4.461300623843479918e-01 5.039475059706529647e-01 4.658667343899459967e-02 1.142175148627049969e-01 -6.626880433363799838e-01 -5.446668215935259738e-01 1.508672401859469936e-01 -3.047625207734929731e-01 -3.736832398071440187e-01 -5.365984192082829951e-01 -8.335387202025210454e-03 1.039581848785829932e-01 3.944281043451630109e-01 1.330704281896669949e-01 -1.678611499697069964e-01 -6.466034537102189894e-01 -2.565343647240900249e-01 -3.006810429382340000e-01 -4.039558287426999739e-01 -3.222532130865520261e-01 4.053447947944989749e-01 3.352243560042399984e-01 4.173182681960110191e-02 9.052520857359169781e-02 4.115775696536689843e-01 3.467175549668259915e-01 3.729667129673689963e-01 5.442435155022250504e-01 2.985685878969979723e-01 4.893453994379919902e-01 4.943270356137700050e-01 3.563435357985039742e-01 4.900531683171879815e-01 2.610636621349839981e-01 -1.267893233069480041e-01 -1.708145315293730093e-01 -1.437273075175380110e-01 -1.249009137292039946e-02 -1.118027251309750003e-01 -3.641541234421780127e-01 -6.465502518321230019e-01 -7.090181258648120544e-01 4.809110634656290073e-01 6.746857747698250529e-01 3.022415973562159741e-01 5.494069013420529446e-01 -2.552943838838470092e-01 -2.029739792233209994e-01 -2.045973006533090000e-01 -1.730815592771769995e-01 -2.374075553832820096e-01 -6.715861156109109720e-01 6.902778473047429530e-01 7.730205868734999486e-01 3.904876547715609991e-01 6.860444474804220372e-01 4.881926958286459950e-01 -4.067678212579439734e-01 8.116330373420369559e-01
