1.000000000000000000e+00 8.518053305030689470e-01 6.827706251072049870e-01 7.097159732633260276e-01 2.632754468732360076e-01 4.657964385684409958e-01 6.262070428050640070e-01 6.366987105302369665e-01 3.313020878798539903e-01 3.704413554796129882e-01 5.066609618724540187e-01 4.718743421544809857e-01 4.841969497110960030e-01 4.300744087389299919e-01 6.156714089073259677e-01 4.761165190272589887e-01 4.645706701853600240e-01 3.153368099193950003e-01 6.489935247675510110e-01 7.279310305932350511e-01 3.202003477983120239e-01 4.037221796725830036e-01 5.603810808946919630e-01 4.455566474627190021e-01 5.047223330693629828e-01 3.883638090857249869e-01 6.168002990621680448e-01 5.908692187111840299e-01 5.747911888613650433e-01 5.893344363472350356e-01 5.718036084538370423e-01 6.084142356256759809e-01 2.040801220878359912e-01 3.557366290381679952e-01 3.465285724161479841e-01 4.224044215797290169e-01 4.957667543335180227e-01 6.633067870803639465e-01 7.239540448457129629e-02 3.398170183654870002e-01 2.783125443476370253e-01 3.224167821111270094e-01 1.241144389082129984e-01 2.155387382631679949e-01 4.521054996295290063e-01 4.492306525440780129e-01 4.231435251235309836e-01 3.590377002208869905e-01 5.992290737960329627e-01 6.543929023634630360e-01 8.104467643657160547e-01 7.666338520699830239e-01 6.263241829019650098e-01 6.210609382576349757e-01 5.036907755360060523e-01 3.629237044852720029e-01 4.852337527066080125e-01 4.725430892168139829e-01 1.025705935506339983e-01 2.419664417998400041e-01 5.240260115311859979e-01 3.455193824005399761e-01 5.953329438073680091e-01 6.040299113225070515e-01 2.834284496774229778e-01 3.816696475970550173e-01 3.143317382450460107e-01 2.512221316486770162e-01 1.258689160196770074e-01 1.602924030147629963e-01 3.292332022051189799e-01 2.110749324507049940e-01 3.663454807631090215e-01 2.412988053901859997e-01 6.858618108521169487e-01 5.519982189669959682e-01 6.740344492414890309e-01 7.225453146709770458e-01 5.423301686510210162e-01 5.236782502893160274e-01 5.129019010094769682e-01 4.953669857656359810e-01 1.313398205649680128e-01 2.102567606198169903e-01 4.139362924860650050e-01 2.853577200230090205e-01 8.418138220821040629e-02 1.224835625848469944e-01 2.642381810857559743e-01
8.518053305030689470e-01 1.000000000000000000e+00 5.622801729417139516e-01 5.960478380834159928e-01 2.274897523730990134e-01 3.236962425181980074e-01 5.199485018801379699e-01 5.509695479444169930e-01 2.857986907946949984e-01 2.826298635174370188e-01 4.287702926345359766e-01 4.306916536520929983e-01 3.922791192882419953e-01 3.825084974780589842e-01 4.898556070842349786e-01 3.745180595473430185e-01 4.754000976243549781e-01 3.927958624822320277e-01 7.098764730647789678e-01 7.292468622385509525e-01 3.327587420725999778e-01 3.556204994906799755e-01 4.050958210070569887e-01 2.994739854970039916e-01 3.879702570471870171e-01 3.544643430180109966e-01 6.373140312017200326e-01 6.341325869280559635e-01 4.767514173259180255e-01 4.398392020633020150e-01 5.045848866431530411e-01 5.581367665015020130e-01 1.540192529960560108e-01 2.509540651429120195e-01 3.591507759011470235e-01 4.483205713682000271e-01 4.237713208795059749e-01 6.561447522688560463e-01 4.778506092083090184e-02 3.527268772549609910e-01 4.010977755840460235e-01 4.139638953356319928e-01 1.762897664824440019e-02 4.392488293566439855e-02 4.851496003237090182e-01 4.976574845088129750e-01 4.320756303990900271e-01 2.899669777042599983e-01 5.175600835993230397e-01 6.186859832009069526e-01 7.335096005295179689e-01 7.380539797501110000e-01 6.015885578438540104e-01 5.790551509271509856e-01 4.851424193238019766e-01 3.942100150699680006e-01 3.343517839737339958e-01 3.659939307296989908e-01 -1.082064119198680036e-02 1.778076885093320125e-01 5.058602289762680337e-01 4.403915740024920145e-01 7.043698673834469792e-01 5.989128746524580160e-01 2.642027580678780185e-01 3.223517095137550248e-01 4.301181156314969889e-01 3.680270638279100059e-01 1.874639578669730078e-01 2.813702709222319909e-01 3.772328390678240106e-01 3.201006975618320149e-01 4.145674551870969782e-01 3.061797045678680274e-01 6.513592546102150438e-01 6.376714390817199707e-01 5.578862943600649826e-01 5.640603382134879995e-01 5.407822545083840193e-01 5.539526399328820183e-01 4.929283402895049959e-01 4.613143760010560146e-01 1.068339525223459957e-01 1.555901681096719946e-01 4.571636761947320271e-01 4.063046907607890113e-01 -4.533371858291929818e-02 2.234889959822609906e-02 3.748200306515990232e-01
6.827706251072049870e-01 5.622801729417139516e-01 1.000000000000000000e+00 8.992579968265349555e-01 4.076677612367859971e-01 6.323468748557780073e-01 8.740749226301509633e-01 8.089789294919179641e-01 4.567694054070470244e-01 4.859033246719289822e-01 7.105421490102450388e-01 5.991559954064530347e-01 6.937439246671790460e-01 6.511694001886370042e-01 7.942007545604250485e-01 6.997523191579330115e-01 3.823406690310149902e-01 2.085394053554940064e-01 6.588707458561779973e-01 6.275597685472620313e-01 2.099312955390350011e-01 4.244810563272489734e-01 8.934633793415559522e-01 8.275783541110750541e-01 7.153038551367220110e-01 6.421049015720640130e-01 4.916121902829270196e-01 5.153509219820530118e-01 6.878284192634529504e-01 6.616218518531039594e-01 5.253750663328590198e-01 5.207767186012890459e-01 2.958419369315710146e-01 3.992696392830999974e-01 2.126517104954259996e-01 2.479958084631730120e-01 4.513774728164060002e-01 6.144474326309220524e-01 4.173973432859749873e-03 9.701510035562220524e-02 1.374444375624309933e-01 2.051507482594769893e-01 6.952310463553050546e-02 1.947208302532829893e-01 3.033198727765170077e-01 3.007163838727719973e-01 3.437689227020159777e-01 3.795489619959450112e-01 5.852361335421879529e-01 5.746924890288840349e-01 6.003476799651640272e-01 5.273305337727469677e-01 6.753502179228749736e-01 6.067252881331559600e-01 6.506863420597049918e-01 4.170126369297649793e-01 4.022635830409679869e-01 3.712767683902170046e-01 2.651436080750370072e-01 4.191735980083640123e-01 5.593284120402309822e-01 4.372350730633050020e-01 3.504717001393670150e-01 4.463356127249479832e-01 2.110856849037990035e-01 2.933044464511579963e-01 1.798798328351189912e-01 2.388136974594990136e-01 3.704684018971220183e-02 1.739651332088200109e-01 1.472896985267869996e-01 1.238002118599829948e-01 2.336676851875149896e-01 1.515090336266489979e-01 4.679048618519530134e-01 3.715322179711890160e-01 6.917007530776489999e-01 6.905944448441609929e-01 5.618035080928660552e-01 4.399067164534880003e-01 6.685884639799459794e-01 6.086994135864589595e-01 2.631312365809089782e-01 3.327366909683269758e-01 3.335770597717739872e-01 2.901301565469809884e-01 7.855488136293280188e-02 5.903589376223360163e-02 1.989672152710720010e-01
7.097159732633260276e-01 5.960478380834159928e-01 8.992579968265349555e-01 1.000000000000000000e+00 3.914859453570689873e-01 6.546104524660329993e-01 8.256109345611819528e-01 8.686424675145379970e-01 5.479206462116430476e-01 6.086311313751230356e-01 6.300769909038870242e-01 6.077426192961209450e-01 5.825950964645649766e-01 6.575689441204000119e-01 7.584307702111610094e-01 7.409532066437060083e-01 3.706006946129409840e-01 2.951661666915029736e-01 7.232768574966500497e-01 7.140102547393489818e-01 2.326816997110479901e-01 5.639163903277729650e-01 7.554545884777860154e-01 7.484338835076179697e-01 6.704100456321859802e-01 6.352394739803800539e-01 3.984022639023179768e-01 5.008899454254359673e-01 5.727713139358799888e-01 5.741912878320299951e-01 5.100864524091109908e-01 5.637726820895589963e-01 3.560120270799559949e-01 4.720681445909710172e-01 2.614754128928150068e-01 3.296326377102170024e-01 4.404571529530629803e-01 6.818966542533010378e-01 2.704485628915660050e-02 1.620480461835190067e-01 1.800576554905639892e-01 2.025616696377179893e-01 1.704539891567919963e-01 3.125696036467450201e-01 3.609950459643260223e-01 4.023071582614630159e-01 4.698565567634759854e-01 5.640945894235439573e-01 7.004582228944880029e-01 6.886894250170879639e-01 6.375937139194459702e-01 6.237523598354119958e-01 7.693519378445959900e-01 7.220854021507789877e-01 6.222650414220659565e-01 4.164205128576249915e-01 4.758034528711870270e-01 4.158520156762809949e-01 2.494945662145270082e-01 4.840060017357309952e-01 6.665838011317639644e-01 4.737317096873580047e-01 4.553754825403290019e-01 6.256669706344959447e-01 1.862021703181359900e-01 2.706162803565689834e-01 1.838116076730879900e-01 2.775625944897929798e-01 3.367301943994929769e-02 2.421514160688710005e-01 1.196621518325639982e-01 5.963129189935959668e-02 1.135201922228149946e-01 1.282256498223270091e-01 5.184637691938770443e-01 4.079615059183029913e-01 6.778761460237440195e-01 7.485488414642079702e-01 5.166129087885139581e-01 4.707297340631980131e-01 6.798017837520390350e-01 7.085525580438769566e-01 2.796343743226060163e-01 4.269139282970780269e-01 4.351325633547279970e-01 3.707605658844049801e-01 1.642671092333959915e-01 1.473059808877469901e-01 2.569240447934190152e-01
2.632754468732360076e-01 2.274897523730990134e-01 4.076677612367859971e-01 3.914859453570689873e-01 1.000000000000000000e+00 2.515127660251719743e-01 5.244610924905870331e-01 4.249319867072249846e-01 8.130456388391400502e-01 7.260640313664760148e-01 2.737287542363309734e-01 4.241245058131760115e-01 3.739354069719529883e-01 5.056421811324049997e-01 6.157548128671950227e-01 6.471098735731489748e-01 -2.761668014919009886e-02 -1.296292569174140041e-01 1.532859769183149978e-01 1.788918847597389949e-01 1.220242362812399978e-01 1.722156836501979871e-01 3.800706785600709847e-01 3.025473617220609812e-01 6.892837017216899564e-01 7.337106494357710229e-01 3.987449293736169964e-02 1.008612064266630054e-01 4.342045385546640102e-01 3.819797473917129760e-01 3.420679804397330215e-01 3.232409239694630232e-01 1.536861129945960025e-01 3.050169218842420094e-01 -6.018249918521510061e-02 -2.683387861481199843e-02 4.042953047439989955e-01 1.857873352039919879e-01 -2.762441491140240069e-01 -7.395809500812060289e-02 2.175111822637159839e-02 8.626736087501650496e-02 -1.258259650343540037e-01 1.483378170375830030e-01 -1.199506577742110031e-01 -3.542837039936799770e-02 1.550463213617890058e-02 2.439845392255620138e-01 2.257695131583299930e-01 2.690438461608929965e-01 2.786958488475769768e-01 1.743499995107009870e-01 4.154893526672400195e-01 4.521779635964169874e-01 3.799338114205110251e-01 2.713717765649870106e-01 7.263108009482660554e-02 7.580086855584769467e-02 6.582513314049230624e-02 2.313331699227320071e-01 2.861904657476029845e-01 1.150286056931310030e-01 6.051419397800410216e-02 2.291834605168389938e-01 -6.046047106295449752e-02 -5.622307100444370181e-02 -1.757308832823219896e-02 2.965865106027909884e-02 -5.636401203912599911e-02 4.267253716496460098e-02 4.133198999291440301e-02 -5.337907921179949750e-02 2.175612278782700082e-02 1.588972937134739971e-01 1.493870513743220108e-01 4.240486242870499661e-02 3.773902705029509863e-01 2.620795656675219965e-01 1.083368468308409938e-01 6.587694810082080077e-02 5.206469189946140164e-01 4.124266774158120152e-01 2.699900794519800029e-01 2.878980884445759836e-01 1.695953040658650102e-02 -1.918254013885009948e-02 3.563366792184669701e-02 -5.606131960108930168e-03 -1.910027515446149904e-01
4.657964385684409958e-01 3.236962425181980074e-01 6.323468748557780073e-01 6.546104524660329993e-01 2.515127660251719743e-01 1.000000000000000000e+00 6.891850568460680115e-01 7.005237829656270065e-01 3.809592079636560102e-01 5.410859685151969689e-01 4.531245355627119831e-01 3.866123423123929981e-01 3.982107276746020275e-01 5.306847705397610415e-01 6.096337381424510315e-01 4.791947994117939924e-01 2.234401609392180077e-01 1.819507237265119981e-01 4.032902444445449763e-01 3.983830988378059823e-01 6.835524126370069731e-02 3.825515640780590143e-01 6.112856540859710197e-01 6.517968939042929621e-01 6.508313206113559568e-01 4.617328079462469925e-01 2.533010951315710080e-01 2.357461980243490129e-01 4.854817949292180024e-01 3.811538663174020014e-01 4.198506985348740006e-01 4.249896238410669769e-01 3.199552074299309989e-01 4.564012037435279945e-01 3.490793077795079774e-02 -7.485185154593300503e-04 2.402548977357419902e-01 4.436378316277529987e-01 9.152787440839239841e-02 -6.407534660865869813e-02 -4.830034057393579883e-02 1.214213633002469983e-02 1.266060820454429914e-01 2.749881554189830268e-01 1.385148189060250029e-02 5.653797750930270039e-02 2.408285565761129898e-01 4.277226462134889884e-01 3.690243135220809823e-01 2.883403560639939966e-01 3.282682249525589735e-01 2.251642981563299895e-01 5.344716149212449530e-01 4.569804219674680201e-01 5.440755646650400346e-01 3.604962052545940265e-01 3.745153776583899918e-01 2.664657585806530227e-01 3.356897203454399792e-01 4.569498543925700207e-01 4.680436972426739728e-01 3.586104221854660157e-01 1.727576681150060078e-01 3.120038717169970055e-01 -1.869562755489220102e-02 1.074935141690770007e-01 2.488765870460750082e-02 1.476386030384600105e-03 -1.015952634573189933e-01 -1.040833167390879943e-01 -3.522617730472649838e-02 -1.247787728414939956e-01 1.188417570375669974e-01 1.261801961196989952e-01 3.564420232693050195e-01 2.493414282937659876e-01 5.318925327898680333e-01 5.921620522496789940e-01 2.467304868773100013e-01 1.248227469322950034e-01 3.163285358886159804e-01 4.249578307347859907e-01 3.065902297228240148e-01 3.562930089308860016e-01 1.497980773655890052e-01 1.315157882924649912e-01 1.551098783242879919e-01 1.148857546334149937e-01 1.183539851676690055e-02
6.262070428050640070e-01 5.199485018801379699e-01 8.740749226301509633e-01 8.256109345611819528e-01 5.244610924905870331e-01 6.891850568460680115e-01 1.000000000000000000e+00 9.134149959801679541e-01 5.245408146679420014e-01 5.413957548304410006e-01 7.626465940193649651e-01 7.286019102931140523e-01 7.477418433527549535e-01 7.780082315084719813e-01 7.916563153159289490e-01 6.490771000834469895e-01 2.993739292484750014e-01 1.503762870634489934e-01 4.891119580440880243e-01 4.448896161730179766e-01 1.072365055767820069e-01 3.263085971656730089e-01 8.498334312568209814e-01 7.693722605977130202e-01 7.060452969105870391e-01 6.371767861054450366e-01 3.796590907656979819e-01 3.940961436444500032e-01 6.742384801881899925e-01 6.114030623790099872e-01 6.093056713832200044e-01 5.973660473932540516e-01 3.587246231654859785e-01 5.129823623419610401e-01 1.196909529111479971e-02 6.705034073079270515e-05 3.831085383091619723e-01 5.320779083844260349e-01 -9.288722682231009831e-02 -7.913692570173029572e-02 3.821362774718300298e-02 1.404869296851060101e-01 3.624556710813490318e-02 2.175804186654219929e-01 9.010560423995890578e-02 1.220365668076719978e-01 2.895268524960170065e-01 4.178359019675069730e-01 4.955838974819560261e-01 4.760541163562510003e-01 5.901526876957200463e-01 4.070196377750139871e-01 7.176409362054769758e-01 6.634851148500440221e-01 7.746430468863719776e-01 5.469328765518319813e-01 4.207387821488500212e-01 4.177023538890149990e-01 3.483631071639070043e-01 5.087138148507129864e-01 5.798663384607619653e-01 5.073302594807399535e-01 2.376697011401149862e-01 3.284594050106020013e-01 9.660824511974859530e-02 1.830150040250430044e-01 8.490875682976570249e-02 9.099752409759949423e-02 -1.755437113613000089e-01 5.236825556555699604e-03 1.079555922658950035e-01 6.981771435690969918e-02 2.105668936067270069e-01 1.624868538460839951e-01 4.094135250206940024e-01 3.084081926589690159e-01 6.740474467388150037e-01 6.231926897452809699e-01 4.555628790437620257e-01 2.926400133310709806e-01 6.454692251400080405e-01 5.920278505251820311e-01 4.058026079402479724e-01 4.264439180851249955e-01 2.438679329143839947e-01 2.451464148292110123e-01 1.442705921686620041e-01 1.025536581217289939e-01 6.836332598519659354e-02
6.366987105302369665e-01 5.509695479444169930e-01 8.089789294919179641e-01 8.686424675145379970e-01 4.249319867072249846e-01 7.005237829656270065e-01 9.134149959801679541e-01 1.000000000000000000e+00 5.044301663878499875e-01 5.588872356674750019e-01 7.293709164400490330e-01 7.910639818289100234e-01 6.751958339279270360e-01 7.832328331176620084e-01 7.089446964435379694e-01 6.346348300659120367e-01 3.942491925207389780e-01 2.960830780922860117e-01 5.298655743299669485e-01 4.837808183091750203e-01 9.484074002939839321e-02 3.574191401867070073e-01 7.451288116209550116e-01 7.178139073724280061e-01 6.054590722924739765e-01 5.762358913637960489e-01 3.461536437813350076e-01 4.056796556268290055e-01 5.904631718112709482e-01 5.777109010754960527e-01 6.184158221297609836e-01 6.369709759939730098e-01 4.237130613003650126e-01 5.347197819700599819e-01 4.443774287307430265e-02 3.245180468235690091e-02 3.512665526756409973e-01 5.564331871399950113e-01 -5.245102409943189908e-02 -3.333430715374210290e-02 3.340944196757440060e-02 1.163042340820489989e-01 2.043210012396159958e-01 3.487970566711079967e-01 1.606781413679529980e-01 1.881175370457019991e-01 3.805640202708919784e-01 4.949177764621879860e-01 5.901733835764569891e-01 5.624737706987850139e-01 6.158132711442230178e-01 4.927688379512449868e-01 7.471891073748929690e-01 7.002128229707800244e-01 7.669921981923990550e-01 5.726724157333079601e-01 5.335654136358769506e-01 5.426716073327110257e-01 3.876703675377690117e-01 5.697161756470340288e-01 6.482634746400559589e-01 5.569422299102260165e-01 2.591366226525039784e-01 3.762821537553019957e-01 8.955995027292129596e-02 1.711836529592699885e-01 7.152123101146090622e-02 1.164807629778220055e-01 -1.698801552554249916e-01 6.082887697366390345e-02 1.286687041155079869e-01 7.108833030513239670e-02 1.871880120471579867e-01 1.469178865416400082e-01 4.745846964209439744e-01 3.754462994591000191e-01 6.446009267330450321e-01 6.312293843042979802e-01 4.354155153575179904e-01 2.992344494467299998e-01 5.892726987149580209e-01 6.005402991524629863e-01 4.473219410808739749e-01 4.979873562111549745e-01 3.499118091890079940e-01 3.441183139593340101e-01 2.696010865446489824e-01 2.180315225733109874e-01 1.515142752620559918e-01
3.313020878798539903e-01 2.857986907946949984e-01 4.567694054070470244e-01 5.479206462116430476e-01 8.130456388391400502e-01 3.809592079636560102e-01 5.245408146679420014e-01 5.044301663878499875e-01 1.000000000000000000e+00 7.690366011707250316e-01 2.801082756316219946e-01 3.814713018825169888e-01 3.573898091287169843e-01 5.610166929978219752e-01 7.142334841758910535e-01 7.139590187188680215e-01 1.477177205861019971e-01 8.411805586334959728e-02 3.790657225334980174e-01 3.716066599205640197e-01 2.884778316504850171e-01 4.562677295362099761e-01 3.768954262002500166e-01 3.329341066166660035e-01 7.130583104804669725e-01 7.609676653352009934e-01 1.209799540922470024e-01 2.293362973715419861e-01 3.956639503795679746e-01 3.066962569407369887e-01 2.648039561850660251e-01 2.587555592053469855e-01 2.496821950427300096e-01 3.142466302885320029e-01 1.475385602196510049e-01 1.708031899235910034e-01 3.535612600625400170e-01 3.147835632496159830e-01 -1.033951628481730028e-01 8.298853275689800635e-02 3.898637393989209943e-02 3.894831371272679948e-02 6.071879641475300127e-02 2.465725487095269952e-01 8.265099038078149718e-02 1.646251536196080001e-01 2.251076212351960093e-01 3.796592758113400135e-01 4.020679621715569918e-01 4.211314099652410103e-01 2.930982083997130117e-01 2.738265673252370247e-01 4.823222938133959747e-01 4.826455510821819894e-01 3.586990352694079953e-01 2.103357946000160017e-01 1.646683981985040124e-01 9.572567094090610185e-02 1.070098567688230057e-01 2.704595418874650159e-01 4.082908351393980118e-01 2.321973444856370028e-01 2.042787725916150043e-01 3.645005510645399904e-01 -6.074021978881310319e-02 -4.500796915372549944e-02 7.856222429216390413e-02 1.766076571933760109e-01 8.011810918617880140e-02 1.632082338073889971e-01 2.079001854736960142e-02 -3.225950584942129801e-02 -4.835436343379120178e-02 1.672391647044559893e-01 3.390083499074619811e-01 2.195851580849650098e-01 4.004931387689030231e-01 3.711100462424680169e-01 1.928972209726340092e-01 2.124348102850640019e-01 4.725050792761020246e-01 4.440124521543840075e-01 2.203319543767039979e-01 2.689685492969119962e-01 1.402746165535629919e-01 6.787345137994839350e-02 1.023751529544259936e-01 2.275999071028480050e-02 -2.066428827164610085e-02
3.704413554796129882e-01 2.826298635174370188e-01 4.859033246719289822e-01 6.086311313751230356e-01 7.260640313664760148e-01 5.410859685151969689e-01 5.413957548304410006e-01 5.588872356674750019e-01 7.690366011707250316e-01 1.000000000000000000e+00 2.596228513486020240e-01 3.806020791693149885e-01 2.609835877256930226e-01 4.950050190278940110e-01 6.424123552766419776e-01 6.976577144457279944e-01 4.734536134738259738e-02 1.086546204262589937e-01 3.697286043998629923e-01 4.228291467724260011e-01 1.375279350855599936e-01 4.051383840563569927e-01 3.750338408555730085e-01 3.711955819252569788e-01 6.597866945849439890e-01 6.465289067071949836e-01 3.247311525721970071e-02 1.039760108514759945e-01 3.087231148482250109e-01 2.936956270925830115e-01 3.611144781982649765e-01 3.978937115865540108e-01 3.331019186154109968e-01 4.377586373382150176e-01 2.169034108576759975e-02 1.282083910121649961e-01 3.371831632426410263e-01 3.658123146014590210e-01 -7.296460402097269815e-02 4.581192488481890257e-02 8.737536507482700221e-02 9.652155006000100179e-02 5.794549877378789987e-02 3.010117956477870171e-01 -3.886598578170989693e-02 9.438080854616839876e-02 2.521570758356529995e-01 5.297227498213860075e-01 3.873365564300469965e-01 4.004741267684560069e-01 4.195586727883989786e-01 3.279250075852019886e-01 5.890699121404899818e-01 5.707327868620779565e-01 4.428352480748600217e-01 3.172206370840129908e-01 3.121094629478419757e-01 1.780290402186749943e-01 2.286820538966919947e-01 4.492291049890370092e-01 4.777657816102440225e-01 2.168340026103879881e-01 2.360876444109120120e-01 4.956897813332080127e-01 -1.243137214310969935e-01 -7.529454668010869545e-02 -6.148281792979219673e-02 -3.947783709517949796e-02 -4.525669119249479955e-02 3.628237185618270189e-02 -8.729615436993669320e-02 -2.112744083691890096e-01 -7.182820018655740324e-02 1.606708211799970087e-01 2.530131710591980165e-01 1.220025244498370021e-01 4.567761623781120273e-01 4.843201560282889839e-01 1.606434043003659995e-01 1.272671270922670073e-01 4.844807062377610163e-01 5.322728941327099506e-01 2.705877610332330097e-01 3.983695274913279794e-01 1.850327576214680081e-01 1.472205733784699988e-01 1.297337358227020065e-01 1.031919031785960006e-01 -1.215693426467009952e-02
5.066609618724540187e-01 4.287702926345359766e-01 7.105421490102450388e-01 6.300769909038870242e-01 2.737287542363309734e-01 4.531245355627119831e-01 7.626465940193649651e-01 7.293709164400490330e-01 2.801082756316219946e-01 2.596228513486020240e-01 1.000000000000000000e+00 7.254972112511880455e-01 8.154751465501179908e-01 7.461907161303299452e-01 6.147791104719000366e-01 5.145431082351009655e-01 4.831056140596189930e-01 3.825250747983049981e-01 3.269205232530130179e-01 2.983985371279179732e-01 7.572415829290329858e-02 1.458639740007499908e-01 7.514121216141690374e-01 6.728461568640760060e-01 4.517750831402669864e-01 4.407296962820430042e-01 4.710427309493939729e-01 4.548070611605770086e-01 6.616447309454800418e-01 6.448026733397149712e-01 4.572033873993650022e-01 4.317922359455980130e-01 4.137949172319069779e-01 3.949425234877890212e-01 3.822887153689619871e-02 -2.050784496140349925e-02 2.970306858199309730e-01 3.675856188511479883e-01 7.839579582705520286e-03 -5.114580727485600053e-02 1.165684554157910002e-01 2.376307129443979982e-01 1.090449888751890001e-01 1.611440315269649926e-01 1.579520919885830099e-01 1.233715099753590061e-01 3.560653038128619996e-01 2.802421964005339938e-01 3.771527469777660180e-01 3.943873038778579754e-01 5.901097377662389842e-01 4.011614961139399749e-01 5.136181694717030233e-01 4.892106948025850000e-01 6.295354804104520419e-01 3.559737660119740021e-01 5.276996625059440227e-01 4.328815358973689964e-01 3.203164106210990014e-01 4.674643497359070032e-01 4.108887666838509922e-01 4.403864324109070250e-01 1.458871352359989992e-01 2.087313554725289955e-01 1.110567748833019980e-01 1.574752823495779996e-01 1.338516405957279887e-01 1.257675003460889951e-01 -1.013207338825409948e-01 7.178947341347570454e-02 1.257984401805150032e-01 2.203289785697049863e-01 3.717839669679700032e-01 3.768341587350479971e-01 4.468426877711019762e-01 3.334076874732240237e-01 5.372707875100249941e-01 4.408098293069229734e-01 5.560338519809959745e-01 3.473260441644699936e-01 5.341490868707929884e-01 3.976426414581800128e-01 2.667338625907810234e-01 2.694287800708530245e-01 1.064582770771369952e-01 1.216763079801100045e-01 1.589240927491629984e-01 1.307055957305789939e-01 1.369516361257460124e-01
4.718743421544809857e-01 4.306916536520929983e-01 5.991559954064530347e-01 6.077426192961209450e-01 4.241245058131760115e-01 3.866123423123929981e-01 7.286019102931140523e-01 7.910639818289100234e-01 3.814713018825169888e-01 3.806020791693149885e-01 7.254972112511880455e-01 1.000000000000000000e+00 7.488527971688380136e-01 8.214110665089650043e-01 5.482332766201829521e-01 5.150009152875559826e-01 3.758231393938680220e-01 2.543995584372240049e-01 2.922773359642080182e-01 2.212032445285020132e-01 4.199031683771930340e-02 2.148234692495550047e-01 5.871365902598040254e-01 5.258964003075770055e-01 4.334123108357230136e-01 5.180367211306520225e-01 4.064446287390020007e-01 4.671255365316239749e-01 5.702366856509429871e-01 6.117776397104910391e-01 5.904903901791169751e-01 5.616991384344579563e-01 2.938519559729220187e-01 3.594075131619670072e-01 2.557773619359160130e-02 -1.217691645645910085e-02 2.688292531177319811e-01 3.826154153117329870e-01 -1.890292258453800112e-01 -6.251187360320080433e-02 9.009131238935369490e-02 1.852759841241279903e-01 1.599900895399219980e-01 2.492162748190419885e-01 1.173436312396729936e-01 6.895673472324190256e-02 2.881922587204560071e-01 2.651165220988609961e-01 3.998664276808610030e-01 4.258863484414889822e-01 5.881665103744420087e-01 4.042440337486890023e-01 4.994541982956259840e-01 5.050436848652209987e-01 6.469044849548879483e-01 5.743155902816879932e-01 4.565328233014909753e-01 5.682355119520510200e-01 3.105444738852279896e-01 4.522737475512420002e-01 4.470988811052579726e-01 4.005842913780159886e-01 1.157143838766390015e-01 1.291679606306380124e-01 1.679983223204649934e-01 2.189705272468860098e-01 7.456390321891330497e-02 1.406048335813930017e-01 -5.098680402601640099e-02 7.505279269795189778e-02 2.122157032149349920e-01 2.186709761168370014e-01 4.161991009885709913e-01 2.639924542620269987e-01 3.679408345400350111e-01 2.558717634962440202e-01 4.478258172760249956e-01 3.433677819913539819e-01 3.858514926073929874e-01 2.982434645302239895e-01 5.040116738283739739e-01 3.430463774868269811e-01 3.169223851493879751e-01 3.546309864725569749e-01 2.373922981809739874e-01 2.372393997000830090e-01 1.830125843977709887e-01 1.321818861782169952e-01 7.143154731774380151e-02
4.841969497110960030e-01 3.922791192882419953e-01 6.937439246671790460e-01 5.825950964645649766e-01 3.739354069719529883e-01 3.982107276746020275e-01 7.477418433527549535e-01 6.751958339279270360e-01 3.573898091287169843e-01 2.609835877256930226e-01 8.154751465501179908e-01 7.488527971688380136e-01 1.000000000000000000e+00 7.858457079080759522e-01 6.926439525911679551e-01 5.431668877468439627e-01 3.606952958444870072e-01 1.872293560306390048e-01 2.807796585233749975e-01 2.188239909249820037e-01 9.483754635125189736e-02 1.874682086962020100e-01 7.592856327364829738e-01 6.544834999656530261e-01 5.661564872156920059e-01 5.808401694330950216e-01 4.459754354067729798e-01 4.202338129852959958e-01 6.288834627881400019e-01 6.463630697002360481e-01 4.439137463884860191e-01 3.965640860202699902e-01 3.248806815864589970e-01 2.798701200942450007e-01 -1.304912560124839999e-02 3.639492571755139792e-04 2.466824393560649864e-01 3.664655752709810033e-01 -1.965231416719959989e-01 -8.021342597793300333e-02 6.081184054077960061e-02 1.864516211218689989e-01 4.711963048163719803e-02 9.237297121408689915e-02 1.253046841946109935e-01 3.113381845750000029e-02 2.295691324428560109e-01 1.645125606677239893e-01 3.042514258624410273e-01 3.412620263375800156e-01 5.074739114860870037e-01 3.173311541650379874e-01 4.355739146713680232e-01 4.201566176988170143e-01 6.271023683247329839e-01 4.207370076098430056e-01 4.157271561246069780e-01 3.969428608582740159e-01 3.150519293108819951e-01 3.985601057724559859e-01 3.510700307936709952e-01 3.513491787360070173e-01 9.029010721608320134e-02 9.406333114661830086e-02 1.783449324665719871e-01 2.395304803640899982e-01 9.318324196669559856e-02 1.051612845593209999e-01 -3.802927067538099809e-02 8.221839393977620203e-02 9.730451664061179340e-02 1.869133485767970060e-01 3.963290602605120116e-01 2.051973141624879871e-01 3.395725094264460120e-01 1.910665496445949907e-01 4.385030439314729911e-01 3.624498697764890198e-01 4.864332942453840070e-01 3.075219779155730082e-01 5.322206596612619744e-01 3.243826761090479738e-01 1.933039436549109924e-01 1.792603918334529922e-01 1.223789853020749996e-01 8.626162414898490283e-02 5.104011414868860064e-02 9.052339417381930625e-03 6.646341299286009918e-02
4.300744087389299919e-01 3.825084974780589842e-01 6.511694001886370042e-01 6.575689441204000119e-01 5.056421811324049997e-01 5.306847705397610415e-01 7.780082315084719813e-01 7.832328331176620084e-01 5.610166929978219752e-01 4.950050190278940110e-01 7.461907161303299452e-01 8.214110665089650043e-01 7.858457079080759522e-01 1.000000000000000000e+00 7.455070950166929888e-01 7.101361335149040110e-01 3.136801686870029915e-01 2.608835156302780067e-01 3.428793310396289762e-01 2.738014160372250205e-01 7.763851626941629946e-02 2.711069254515309779e-01 6.724836398818060390e-01 6.566996701951079984e-01 6.180352996566159662e-01 6.840574660076279567e-01 3.221257536037249736e-01 4.000000320426930212e-01 5.599902215057910304e-01 5.404741982474490225e-01 4.578910133057400023e-01 4.417367986739410002e-01 3.310159843064809926e-01 3.608790025146579872e-01 -2.082075258377689975e-02 -5.138699755817049963e-02 2.649002448196269843e-01 4.062537413111679818e-01 -1.977076418674109937e-01 -1.219632121292229948e-01 6.701555196965899852e-02 1.836645761130329957e-01 7.134559352037879443e-02 1.839324167406020116e-01 6.389370911592409663e-02 4.819728673771799671e-02 3.089232117282579848e-01 3.018800352311900026e-01 3.311843309362270116e-01 3.677844801391970120e-01 4.611762574019149796e-01 2.355040270969540050e-01 5.122170041830239606e-01 4.794170601284989952e-01 6.517725444524340439e-01 4.806046697951349977e-01 4.074944772053509801e-01 3.959770502496859912e-01 3.134985743541400249e-01 5.171928989410170541e-01 4.079040004516670259e-01 4.112229839180019941e-01 1.299612849024069927e-01 1.448422250988259941e-01 -2.829445771847180144e-02 3.292070926374970202e-02 6.672093715860259733e-02 1.291335017843089905e-01 -5.791459805943020150e-02 4.553516155945420280e-02 5.095020814809019666e-02 1.000413724563800066e-01 2.902780149975299762e-01 2.976290468540500056e-01 3.915766557596280228e-01 2.857358388299929830e-01 4.898825762739100198e-01 4.579775095843600097e-01 4.095441772248890056e-01 3.067303589347220028e-01 5.582411527549560049e-01 4.005521402010099874e-01 2.628401930072920001e-01 2.391162231086280121e-01 8.265383969185870205e-02 9.296040635380750650e-02 8.804809435713099874e-02 3.391585227612179884e-03 -1.674326891105770015e-02
6.156714089073259677e-01 4.898556070842349786e-01 7.942007545604250485e-01 7.584307702111610094e-01 6.157548128671950227e-01 6.096337381424510315e-01 7.916563153159289490e-01 7.089446964435379694e-01 7.142334841758910535e-01 6.424123552766419776e-01 6.147791104719000366e-01 5.482332766201829521e-01 6.926439525911679551e-01 7.455070950166929888e-01 1.000000000000000000e+00 8.347833581370820433e-01 2.760489593046530077e-01 1.156828013513769987e-01 5.254908763721219955e-01 5.057571649201939579e-01 3.013523470237470248e-01 4.507925896634270013e-01 7.970470316158689839e-01 7.054847186809709569e-01 8.896574983837419737e-01 8.048745641363890257e-01 3.755756725647539929e-01 3.799943932099850152e-01 6.686951882803879865e-01 5.448840191777329922e-01 4.578419366918010103e-01 3.890068611880980187e-01 2.951503244700149908e-01 3.387432866462209979e-01 1.687446987885450056e-01 1.951952326583830111e-01 4.773616343593820033e-01 5.326820202835890194e-01 -1.188482764970909961e-02 1.242188480487040059e-01 7.222400753113500382e-02 1.621820336515769900e-01 -5.007694632883630259e-02 1.721776470668590076e-01 1.539208092905769987e-01 1.736001335489749942e-01 2.270449383329530002e-01 2.985131901939829802e-01 4.380331790055529972e-01 4.480135283892339726e-01 4.911284796912530060e-01 3.526650511626360229e-01 5.747487212349700059e-01 5.461071943260039641e-01 5.513494511408220111e-01 3.180893387387609961e-01 3.236831580935520258e-01 2.122499245631919995e-01 2.075416461349119945e-01 3.705523178271830087e-01 4.130971942315460055e-01 2.288965286273789979e-01 2.955356956880090258e-01 3.771642495944609874e-01 2.458628305984019921e-02 8.561539566136450174e-02 1.337330722164329910e-01 1.277060330519169951e-01 5.216128394739229929e-02 4.121536484113479809e-02 7.682060092897609327e-02 7.297565656475230034e-02 1.757189280946299947e-01 2.883809814809910055e-01 4.812409488675459812e-01 2.950937216209409963e-01 6.943786361455860368e-01 6.654846214816300121e-01 4.558806833774520229e-01 3.510654596328949828e-01 5.967817314251619987e-01 4.731901391099350151e-01 1.255220419719509928e-01 1.959414095503619890e-01 1.059230431340049960e-01 1.705529435783630088e-02 -4.041433559031849809e-02 -1.210032675249899936e-01 -6.752453402906549718e-02
4.761165190272589887e-01 3.745180595473430185e-01 6.997523191579330115e-01 7.409532066437060083e-01 6.471098735731489748e-01 4.791947994117939924e-01 6.490771000834469895e-01 6.346348300659120367e-01 7.139590187188680215e-01 6.976577144457279944e-01 5.145431082351009655e-01 5.150009152875559826e-01 5.431668877468439627e-01 7.101361335149040110e-01 8.347833581370820433e-01 1.000000000000000000e+00 2.317369863950639874e-01 1.622162712779350036e-01 5.207731167590440302e-01 5.264557198195729537e-01 2.455471947173699931e-01 4.298724128814679912e-01 6.353087558637530163e-01 6.627111150382259952e-01 7.665742241091779707e-01 7.668142464797099711e-01 2.235309945881530092e-01 3.679207065195500004e-01 5.197431832583500055e-01 4.892016859678500196e-01 3.943492314123889786e-01 3.439675802627260026e-01 2.971139425024270087e-01 3.638025420793740139e-01 1.405008458684960104e-01 1.758139258077449918e-01 4.451689026603050103e-01 4.701803997266599811e-01 -5.888058018825539919e-02 1.303786916333140034e-01 1.428575577402619867e-01 1.853398963348399930e-01 9.146723967345170292e-02 2.778862889962960270e-01 1.608171190776910009e-01 2.288494424307619957e-01 3.477832229791369967e-01 4.449079488289899853e-01 4.554990752415620237e-01 4.652633548541900144e-01 3.871084845956330178e-01 3.173153605787750187e-01 5.485675636200120220e-01 5.324055450252600519e-01 4.449410966354619967e-01 2.425515147990709997e-01 3.441387966869379755e-01 1.821445721609940005e-01 1.935804553799500005e-01 4.109898252227380255e-01 4.335425412908630038e-01 2.303173354516299953e-01 2.559992623119060062e-01 4.117260470778210113e-01 7.504665955449320346e-04 3.498513537727639816e-02 1.333172416456749887e-01 2.530371911424210141e-01 8.623811927357630247e-02 1.528953803654599930e-01 3.474703137712469719e-02 6.119894914841610524e-04 2.515941998333140125e-02 2.694245343776759949e-01 3.977884398305360225e-01 2.723292561027519931e-01 6.026889493935849718e-01 6.242887531761029951e-01 4.132264467905980010e-01 3.636171373632570147e-01 5.996140682349579976e-01 5.281596724470869475e-01 1.870381829134920015e-01 2.877831030467559725e-01 9.382736093737420457e-02 4.954399278333709855e-02 7.250307636247199650e-02 -5.068134140934419914e-04 -1.565637680121240161e-02
4.645706701853600240e-01 4.754000976243549781e-01 3.823406690310149902e-01 3.706006946129409840e-01 -2.761668014919009886e-02 2.234401609392180077e-01 2.993739292484750014e-01 3.942491925207389780e-01 1.477177205861019971e-01 4.734536134738259738e-02 4.831056140596189930e-01 3.758231393938680220e-01 3.606952958444870072e-01 3.136801686870029915e-01 2.760489593046530077e-01 2.317369863950639874e-01 1.000000000000000000e+00 6.116455883213439693e-01 4.105084411019980228e-01 3.673854737505600210e-01 3.050866999498830223e-01 2.557046757306020157e-01 2.698760660678680146e-01 2.628774577424469738e-01 1.346201410819740096e-01 1.287198086701999977e-01 6.243426366208210121e-01 5.559538884057330099e-01 3.545030225710840144e-01 2.812796837556300056e-01 2.911774149101519771e-01 1.520224139222320081e-01 1.186774914034380013e-01 1.278503284026629994e-01 4.554171496967259758e-01 2.907680160002000247e-01 3.948399108466389973e-01 4.568765046143840047e-01 3.190133908258819817e-01 3.019208407793709803e-01 2.795947307173660135e-01 2.875817165458319780e-01 4.405206618303310062e-01 1.367036497017380114e-01 5.726461436476659728e-01 4.964430152073939784e-01 5.067233448436510024e-01 1.724415422413770049e-01 4.719524921311499810e-01 5.162041719500229942e-01 4.899677581785379932e-01 5.533657106026449446e-01 3.642276585541689982e-01 3.135340506165810170e-01 2.882165908134730059e-01 1.704946166627979987e-01 3.733999748878960023e-01 3.998162265364390011e-01 1.174486834193740059e-01 8.599076292393929843e-02 4.709523038840690012e-01 4.419731987406029794e-01 3.580010162925890138e-01 2.767102189195860262e-01 3.108546568341369887e-01 2.478922825509599914e-01 3.642194779857430009e-01 3.340560256285939889e-01 1.534575897941770073e-01 2.714055435324920218e-01 4.032793660297849803e-01 3.651442302473629775e-01 4.469044150393540193e-01 3.764816758363879745e-01 7.572057158361139573e-01 7.330193888654840118e-01 4.393988659882470116e-01 3.580554794129560126e-01 6.307589572269529654e-01 5.692849666582759927e-01 1.812285408458899905e-01 2.542543128310850165e-01 1.458897946592599970e-01 1.350367097436550035e-01 3.350517630696400184e-01 2.617633035443269751e-01 2.134799102542639937e-01 1.862956733107349883e-01 3.999494036637190053e-01
