1.000000000000000000e+00 5.910338266588369693e-01 4.735716119094410259e-01 4.905116341759570009e-01 2.974063439205900106e-01 1.599266243682870015e-01 5.787163164954699512e-01 5.477731177881419722e-01 1.399600471565690119e-01 2.569568617134159738e-01 4.238260353256980140e-01 2.914141040543279937e-01 3.882287274851810022e-01 3.460954545176049835e-01 2.333783266438420045e-01 1.637713268572439929e-01 6.323874490449089836e-02 7.803768867000940301e-02 1.362018707354769875e-01 -8.655354752362069692e-02 -1.098300177583809989e-01 8.406475279623870644e-02 4.291735431118089972e-01 4.787539802921400023e-01 -6.329034693445920179e-02 4.758238838544250060e-02 -9.623532037662460570e-02 3.694462272636560296e-02 3.330130306900990211e-01 1.700915034725090091e-01 3.545221344756619986e-01 3.465438897612270197e-01 5.811385933909980067e-02 -3.564791628229520282e-02 1.242801951335059940e-01 3.214391187806969752e-01 3.351058881024819858e-01 3.445375438365669840e-01 3.324414120026000230e-01 3.156867850730050162e-01 7.569746667675179841e-02 4.183469695054130300e-02 3.072029168231260043e-01 1.723233758587640052e-01 3.042653399033690143e-01 3.215794895358050076e-01 3.698742723996619741e-01 4.893463992596909784e-01 2.195049034821029976e-01 3.511553295690840182e-01 3.787596264254540213e-01 3.608574486884210120e-01 2.959928876415819921e-01 3.558170338250989939e-01 1.138255996751409982e-01 7.277001019213889810e-02 3.454309279372140273e-01 -2.839196541274230032e-02 2.520250953174940078e-01 1.385433134344919992e-01 3.958768012006489978e-01 2.869478246306380043e-01 -1.346435591443100044e-01 8.039744194899729746e-03 1.625992336176300124e-01 8.682912214043869703e-02 -5.356110283489629725e-02 1.361128070375270116e-01 1.960542781940239829e-02 1.900859424678119913e-01 -6.589307491276209794e-02 1.147407288076640053e-01 -3.399815880060799711e-02 -3.010825103286869919e-01 1.008080311087090064e-01 6.333700814609830032e-02 3.059466134137919791e-01 2.256426453903840057e-01 1.071348113145690062e-01 3.608947991280859746e-01 3.895050823352789737e-01 5.153310475063039853e-01 2.468511036158780036e-01 4.363764560319129959e-01 2.009320447516459995e-01 3.647278064891120164e-01 3.161014811129059798e-01 2.570478322647959946e-01 3.648679652158359765e-01
5.910338266588369693e-01 1.000000000000000000e+00 3.775196784842039799e-01 4.102270729016579964e-01 1.017344746435509956e-01 1.098385369436409992e-01 5.906315992921039593e-01 6.018015851412640282e-01 1.088806084870879987e-01 1.977271238251900043e-01 4.338570739748400240e-01 4.579009584734469729e-01 2.872580459304249767e-01 3.483544917960479936e-01 5.682478646656800164e-02 1.134172319115600014e-01 1.632997783750100018e-01 1.288665405715410106e-01 2.069878967981929885e-01 2.123211567626820118e-01 -7.619512172399199590e-02 -5.039128998067299997e-02 5.877283688111000215e-01 5.354048823307729910e-01 -1.478116549969200055e-01 -1.082159721339879949e-01 -4.444346220718760343e-02 -2.084561141882920049e-02 4.870394744507040019e-01 3.091720504722130225e-01 4.931222272530370043e-01 5.595311317412570151e-01 8.481070223535219776e-02 -1.332818894319620084e-01 -1.307557793802210100e-01 1.188814654620759942e-01 1.397668700249539986e-01 3.074352864196310264e-01 -1.153124676756659972e-01 1.091164025271759985e-01 3.201955539663280115e-02 3.536335700418560216e-03 3.260027700942350060e-01 2.216622901463239925e-01 1.162800767244600020e-01 2.195869175857119993e-01 2.199597974851809912e-01 4.239599964152719891e-01 2.606754497409530247e-01 4.553387161654899873e-01 3.345573941584800148e-01 5.275595026601449522e-01 3.665344739903970139e-01 4.176771047214309918e-01 3.674426084319230013e-01 3.383140971823799803e-01 4.272561700105850235e-01 1.338465947975999992e-01 2.998375754226629830e-01 3.536229075036850245e-01 4.465388436920790238e-01 3.807677875767049858e-01 -9.099356914581009648e-02 -8.510058651212690228e-02 2.351842754069969916e-03 1.254214449685850108e-01 -1.838275410058690107e-01 -3.498872871670809931e-02 -9.754380236550840022e-02 1.737074298561649965e-01 3.619934279577210340e-02 1.007400162564039969e-01 -6.806558797388150006e-02 -1.709871149414660119e-01 7.333726261838060395e-03 -8.808757592560770289e-02 8.921327145401000691e-02 1.941741901209949883e-01 -6.908813708500989581e-02 1.606878785245149932e-01 3.806274702519890085e-01 4.906596184477630129e-01 3.558977639145269878e-01 5.305073557803849926e-01 3.520089135686479964e-01 5.442119199488659742e-01 3.844780660322870136e-01 3.310515173244629739e-01 4.984574829619439762e-01
4.735716119094410259e-01 3.775196784842039799e-01 1.000000000000000000e+00 5.103265290332029691e-01 1.997683486944840103e-01 3.743812295095810261e-01 5.488696622982589535e-01 6.280801113814350467e-01 1.975170979733520057e-02 3.282701563848249848e-01 3.588384913181860147e-01 3.517396224404639726e-01 4.991349666632790005e-01 3.493969179196220187e-01 1.735796919285390039e-01 1.536607201170240022e-01 3.140276378044269956e-01 2.384014557598730100e-01 2.679644156966080049e-01 7.793987353918710448e-02 -2.954372885945150129e-01 5.128305572426029857e-02 3.712440022838520148e-01 4.712778464045440097e-01 4.114908610689029661e-02 1.177649872257019968e-02 7.870672131242580083e-02 1.316314369357869940e-01 3.815069718175059799e-01 1.762701970140790053e-01 5.292542431076240061e-02 1.914762932075209922e-01 1.848849985588970138e-02 -9.967759575489239243e-03 -1.405867045767430004e-02 3.076155685175079868e-01 4.394339609683050041e-01 3.498531244448370159e-01 2.589348353124930058e-01 2.716512753979319905e-01 -8.083864493385649330e-02 -4.924714425501709736e-02 4.223877580245050112e-01 2.663079058487640149e-01 1.629038753350139923e-01 1.374353295239729988e-01 5.295095180073740027e-01 4.219586473507799806e-01 2.746943900894829871e-01 1.517133987746009938e-01 1.886804399312529967e-01 1.534624815246060092e-01 1.576676756406850122e-01 1.149831888793230034e-01 -8.690540085862319408e-02 -7.730809348446270046e-02 1.557083514035660088e-01 1.186324464551540003e-01 1.701068209558810052e-01 6.640003388940690643e-02 2.668566635274129961e-01 1.127907813777219992e-01 -6.843282339537480607e-02 -8.031140441024660348e-03 5.579020053637519932e-02 1.377582295236899901e-01 -1.247753496370239967e-01 -1.266742655140369947e-02 -4.929904873039050311e-02 2.556450156453360031e-02 -1.737445764342260002e-01 -9.905774983376910287e-03 7.667454867903919502e-02 -1.183427251001509944e-01 1.961161532554359932e-01 1.187930036927350025e-01 2.300459553079539921e-01 2.230675157597279967e-01 1.721055395136550092e-01 3.070697973095660172e-01 1.738682049735739976e-01 2.559632176343499821e-01 2.977655913546500277e-01 5.826466280883190185e-01 2.093381342861750163e-02 1.065237392666810029e-01 4.029138552926970207e-01 4.036273944438710237e-01 1.145770609547139968e-01
4.905116341759570009e-01 4.102270729016579964e-01 5.103265290332029691e-01 1.000000000000000000e+00 2.489551571272999864e-01 3.706767564591429975e-01 5.515106248687380308e-01 5.161823859040769458e-01 2.222440498270749909e-01 1.951424245564999937e-01 1.539792742469509867e-01 2.807030504438119967e-01 3.140750813544629927e-01 3.615760421746869735e-01 2.116085026282369941e-01 2.885685104686330216e-01 2.245342567464169992e-01 3.399925990606569859e-01 2.854920618420380141e-01 1.759790770530600124e-01 4.585678160621679822e-02 1.776312548502279876e-01 3.449022501981049982e-01 5.081143944430609460e-01 1.371797429259699885e-01 1.898768118779340097e-01 1.582986920530810027e-01 2.364917565209110062e-01 3.046667423431410060e-01 1.164330589171390026e-02 -1.745741782360180072e-02 6.844048604388019985e-02 1.837562311040530083e-01 2.190668944108880023e-01 3.528568698583590124e-01 2.895199609645929817e-01 4.108168562654490041e-01 3.861711811310509779e-01 2.588219474897169858e-01 3.467202828370899992e-01 2.992035124043129768e-01 8.845261920878350059e-02 3.078558113123959772e-01 1.620615111474880132e-01 3.079281198087769900e-01 4.142102267368920065e-01 5.864878286013129882e-01 4.867603163005980171e-01 2.200716637764159878e-01 2.359597317818170059e-01 2.629099830068900023e-01 1.247046985315239942e-01 8.015036477766459763e-04 -8.238293400061230676e-02 -2.420349176494719923e-01 -2.543706531351400124e-01 1.130756611191779948e-01 -1.346657302697439884e-01 1.337138873702350128e-01 -9.816404865813300323e-03 2.304005043991229906e-01 1.170904908725809990e-01 7.611204226960059660e-02 2.595083130777209868e-01 1.220252192537359948e-01 1.763687720812510129e-01 -1.421121035921839955e-03 1.314934986127569982e-01 -1.196693034764740038e-01 8.696533465520800421e-02 -1.167246806677199947e-02 1.875961108335749972e-01 1.305698767954089901e-01 5.132088401598940142e-02 3.875363116120359996e-01 2.738759916198060251e-01 4.381665496699300166e-01 1.828575626410390009e-01 3.313146548064450081e-01 4.755675067232449926e-01 1.184138226725439946e-01 3.766301102016210156e-01 2.847136970902779951e-01 5.728954011621819609e-01 7.983170631757320612e-02 1.432997219742740136e-01 4.825945780780490080e-01 4.271085560998699737e-01 1.709570998307380074e-01
2.974063439205900106e-01 1.017344746435509956e-01 1.997683486944840103e-01 2.489551571272999864e-01 1.000000000000000000e+00 2.472739855394250064e-01 3.747716318151940174e-01 1.643998775524189992e-01 1.099345576864859952e-01 2.940017894299979950e-01 1.175110125639339947e-01 -1.943197729910020044e-01 1.284728975473420007e-02 -1.385574868819130015e-02 -2.624157036873139837e-01 -1.158000033995019995e-01 -1.466939764225659928e-02 3.561065238677759825e-03 6.655763322896099399e-02 -7.791066075939439770e-03 -4.986430581666730089e-02 -9.231060749034440682e-02 9.978113780100479613e-02 1.478562051026399982e-01 1.060640022625820023e-01 9.809562209926800391e-02 -1.080216747728409976e-01 -1.512362263088189995e-01 -7.445079425888190272e-02 -1.167902778776570005e-01 7.856280741454670091e-02 -7.686461097233829309e-02 -7.019859286538930598e-02 -9.222648914103180259e-03 5.420813822831239970e-02 -7.737108624700939769e-03 2.666782918780539746e-01 9.357624569773739798e-02 1.883789340832240089e-01 2.649840587671259962e-01 -6.119334743886230277e-02 -2.269163922233430053e-01 -8.194067957226490451e-02 -1.050991215625359937e-01 1.001226555112380012e-01 1.034724325283840063e-01 1.224415045568899990e-01 7.382509365547650082e-02 2.039530144244439958e-01 8.273504823778339567e-02 9.296779812638600315e-02 1.518822542068979931e-01 7.700401799845360551e-02 -7.596786498000079879e-02 -2.990389218377750152e-02 -1.179957037271950060e-01 1.953390946510160167e-02 -2.311966109773480049e-01 -5.458088533900459782e-02 -2.723967629246780153e-01 -1.188702780568870049e-01 -1.097772559055100045e-01 -2.324381742771939874e-01 1.857794896373149984e-01 8.633716120323520291e-04 4.284791500955330290e-02 -1.004858212883739943e-01 4.667288645215750265e-02 -8.250853943142019697e-02 -2.255135247889430029e-03 -1.049785718706569976e-01 -1.581857677192660128e-01 1.919886206994479982e-01 -2.465907780594840115e-01 4.131621967774540272e-02 -2.837086422654000115e-02 2.252242069372270006e-01 2.820943754784440149e-01 -5.745092134277499790e-02 3.432239837855920184e-02 7.260038727473730469e-02 2.382041797238129976e-01 3.438651141818649948e-01 1.596441816194640040e-01 6.928953898336499828e-02 -1.426596349280850051e-01 1.404158949958380087e-01 -9.368471482844059617e-02 -6.796334914452820120e-02
1.599266243682870015e-01 1.098385369436409992e-01 3.743812295095810261e-01 3.706767564591429975e-01 2.472739855394250064e-01 1.000000000000000000e+00 1.634629914378600002e-01 2.067045350379770052e-01 -2.823547062320489950e-02 2.391202178609639906e-01 1.203445847021299975e-01 4.063195429966109939e-02 1.357360900651850000e-01 2.573355457212530006e-01 1.389715257860970055e-01 2.533663986441300198e-01 7.752861718596069929e-02 2.082569140944640074e-01 1.657626540684679906e-01 7.632874548115539670e-02 -1.235508117717910026e-01 4.066534566333929873e-02 4.668124269914249863e-02 1.305860700012259901e-01 1.863286294642189922e-01 5.802535222418740007e-02 1.360255245858350004e-01 1.151881381256240067e-01 1.161596729299549935e-01 -4.393261028409130298e-02 -9.347049139309569765e-02 -1.026280773237709942e-01 1.420417020544220005e-02 -6.655016397347900126e-02 2.055797020979530099e-01 2.005558326250549972e-01 3.671775521744979898e-01 1.559739674634439965e-01 1.867298375329130011e-01 2.803664591293720254e-01 1.724194399766239977e-02 -1.037588803438979981e-02 1.070659134211069952e-01 8.830061272678470241e-02 1.975794300051909869e-01 2.035195949572440044e-01 3.537693393127420149e-01 2.112251184093379974e-01 1.598172380936040138e-01 2.168285895554340065e-02 1.719662075298939996e-01 1.647485736162920128e-02 -4.499298482275140149e-02 -1.533124415830809939e-01 -1.887412560517379989e-01 -2.090985810277150025e-01 -6.508145125290719368e-02 -1.069580992393199953e-01 -5.011843597287919672e-02 -1.131573331608159982e-01 5.130538500159220056e-02 1.733269939836290172e-02 2.899881332036890157e-03 6.550669947218590305e-02 1.162835959382169937e-01 8.520861145068570064e-02 2.746955272219909951e-03 6.779198068132359645e-02 -7.738583714256000445e-02 3.567103060984960078e-02 -1.425724720235100051e-01 1.587959432179329999e-01 -7.824151079115469753e-02 4.265731875366220172e-02 2.546745792767070027e-01 2.257047433477029907e-01 2.460843730339170032e-01 1.334709201692630132e-01 2.214813400717030034e-01 2.872761632702640067e-01 -5.760302413505259678e-02 1.452939322038160064e-01 8.159889760613009413e-02 2.651082161213310084e-01 -8.646834614993459400e-02 -3.229780713196289677e-02 6.247297709371660290e-02 8.889161288468820643e-02 -1.109716565315320008e-01
5.787163164954699512e-01 5.906315992921039593e-01 5.488696622982589535e-01 5.515106248687380308e-01 3.747716318151940174e-01 1.634629914378600002e-01 1.000000000000000000e+00 7.490156921553540181e-01 1.989151414466019951e-01 3.656503061369679730e-01 3.764815495587610084e-01 2.914043281287819753e-01 3.345444946659509866e-01 3.561607790093220260e-01 -1.180486845901729948e-02 -1.899618969608540126e-02 1.497797554617709970e-01 4.674976362658229967e-02 1.724949804967060019e-01 1.072126650851050050e-01 -1.184507507565309981e-01 -5.804586466190399946e-02 5.582867765385810532e-01 4.027823957933069909e-01 -5.740573067810540026e-02 8.333378737010710066e-03 -1.529968554211129927e-01 -1.755453445227440068e-01 3.200673795961109791e-01 2.367862199238289847e-02 3.692738635478299836e-01 2.892783897877749810e-01 -5.466012246699990251e-02 -1.030132048575529979e-01 -1.926490240347359870e-02 1.987495554279490040e-01 3.686061115188419834e-01 3.684695566606789874e-01 1.487659107897409960e-01 3.494663835362559756e-01 -6.549507714446850537e-02 -1.871834698579059875e-01 2.885143593279890228e-01 -5.171603306227399652e-03 2.154101960281309958e-01 4.126207449560170271e-01 3.326746414683279807e-01 4.187808153079909945e-01 3.365893348255469819e-01 4.500320330255460077e-01 3.823324619162850047e-01 3.890053708881620054e-01 3.075282786435820093e-01 3.128527689768029751e-01 1.939388676856400040e-01 1.452484227195290079e-01 2.659320813730849942e-01 -1.268795199361220059e-02 1.985838303264720051e-01 1.396723588460160037e-01 2.083250348738349966e-01 1.264848265031059960e-01 -2.017292858618600082e-01 9.832224356109900421e-02 -1.123835773243449937e-01 1.934450635734469987e-02 -2.557215131078229842e-01 -8.630110836778369376e-02 -1.248053062325899937e-01 5.053862316967400181e-02 -9.094735188978410323e-02 -6.753655662410359972e-02 1.249281575024489971e-01 -3.143971521662419777e-01 3.675543023326670322e-02 -1.267016040756389905e-01 3.131406045771900071e-01 3.288945648988729764e-01 -1.112884472452909945e-01 1.591292538017700098e-01 3.100712994216169860e-01 4.205375372626439789e-01 5.337626528078880384e-01 5.986414522457019771e-01 2.587817293507619909e-01 3.141418668518790036e-01 4.505644998084170072e-01 3.002521444551439767e-01 2.894202771315029787e-01
5.477731177881419722e-01 6.018015851412640282e-01 6.280801113814350467e-01 5.161823859040769458e-01 1.643998775524189992e-01 2.067045350379770052e-01 7.490156921553540181e-01 1.000000000000000000e+00 1.490543944546280086e-01 2.897191351387479741e-01 5.241609521327400545e-01 3.682927773761390244e-01 3.785124760066819749e-01 4.292965188221279926e-01 4.340797147650069659e-02 -4.404153430545439812e-02 2.360709102499889966e-01 8.932823593410220420e-02 9.755724463332890450e-02 8.788321547316299553e-02 -1.869255629352679915e-01 -1.200612020666169955e-01 6.124198204227809805e-01 5.474191262901350052e-01 -1.023837813508629985e-01 2.596356024783209870e-02 -8.493485102300349365e-02 -1.744000988795730012e-01 2.808998182742700189e-01 1.196458970247390036e-01 3.590075712812599851e-01 3.355240632211000107e-01 3.939058058436260140e-02 -1.067601796243209944e-01 -1.273819899054209892e-01 2.182104855560879908e-01 3.292484982893519874e-01 3.874215222307370032e-01 5.292883625621339766e-02 2.740216011614480252e-01 -1.427076414769679891e-01 -1.047097393112070007e-01 3.153233646860629791e-01 1.861805604747910070e-01 1.167827483361800062e-01 2.687145139732819987e-01 4.065076494407829921e-01 4.365016885725659934e-01 3.821814714730359941e-01 4.099348617068039879e-01 3.243221672502509811e-01 3.625301213406009748e-01 3.015169759921800252e-01 3.256264857796780099e-01 1.657333190383530053e-01 1.864599793607880085e-01 3.561742913467390026e-01 1.217089165937269984e-01 3.488902519457470208e-01 2.047465019143719922e-01 3.267213130699350154e-01 1.735485222623170121e-01 -2.702446677073970238e-01 1.158663591874089984e-03 -5.389663105489030104e-02 1.143449452540060002e-01 -2.195088444267100092e-01 -1.535742802908789950e-01 -1.245290658454469984e-01 4.797885528141519751e-02 -1.107171025063260067e-01 1.985367506114300157e-02 3.702679123597010184e-03 -2.917933183346950177e-01 3.896466275220750175e-02 -1.539880027510659999e-01 2.146431275867660138e-01 2.888166490283369803e-01 -1.232656525479540049e-01 1.311416286978449863e-01 4.616482806356729807e-01 4.191144759738529846e-01 5.463741052308409563e-01 6.690843137323929657e-01 2.710785711005920251e-01 2.684895365671159939e-01 5.488108476492620236e-01 4.260330904884179759e-01 3.061688416309150118e-01
1.399600471565690119e-01 1.088806084870879987e-01 1.975170979733520057e-02 2.222440498270749909e-01 1.099345576864859952e-01 -2.823547062320489950e-02 1.989151414466019951e-01 1.490543944546280086e-01 1.000000000000000000e+00 1.738026465581060109e-01 8.724925921373260368e-03 -3.080754041827659870e-02 1.169654515959850025e-02 7.112600127165050190e-02 -5.849102341391570342e-02 7.282103794387760620e-02 1.002515194677480043e-01 1.698993441062320031e-01 -1.158508104524190035e-01 1.090404914602979974e-01 1.134538994401250028e-01 3.273044801534580328e-02 1.830682620917389869e-02 7.447430499024959571e-02 9.781573171656300636e-02 2.512932498735059861e-01 6.789212346894739347e-02 1.006158457157760033e-01 -5.026395415159069791e-02 -4.083463578313119985e-02 -7.833998162039429447e-02 -7.637256465958559837e-02 6.499658597669870364e-02 1.850098843129339976e-01 1.311123496078089867e-01 7.667040407452900379e-03 7.576997497724689834e-02 -3.332949007078760129e-02 8.686720800335240300e-02 -1.708805675841080021e-02 1.150570206257530009e-01 4.305987327801059569e-03 2.949272777572280180e-03 -1.637398496965989936e-01 7.302479039763119795e-02 1.898210416960419977e-01 6.400373821483260062e-02 5.481017274511910259e-02 1.747590344303749932e-01 7.485995758873190131e-02 8.498801146963889941e-02 3.695902317379119728e-02 -1.878407945889369948e-02 -1.482072313321110002e-01 -7.780213516491579773e-02 -4.997746932718440116e-02 -1.056508312998809956e-01 -1.787732901544379915e-01 -1.118765857014519943e-01 -6.511193613544380421e-02 -5.528661361966170223e-02 -1.137126417072539947e-01 7.349309641367969548e-02 1.654214306396679934e-01 -1.274571499658229967e-01 -2.308212552248969929e-02 3.817156315869670025e-02 8.946694050042119581e-03 -2.155142510990299964e-01 -4.952073948207069698e-02 3.073515711891090102e-02 7.594956029427539501e-02 2.109319983597220116e-01 1.268926422573199986e-01 5.625478903918069984e-02 1.716890187454860051e-01 1.774886694484089922e-01 1.625158481344360084e-01 3.213172653970519654e-02 6.662836509532689584e-03 -1.332594465816840101e-01 1.097610139224960007e-01 3.423252122287550048e-01 1.958493224378199948e-01 -6.603053377496539977e-02 3.577433382132329948e-02 7.016014639114939722e-02 2.039681511049060147e-02 -2.863729463401919889e-02
2.569568617134159738e-01 1.977271238251900043e-01 3.282701563848249848e-01 1.951424245564999937e-01 2.940017894299979950e-01 2.391202178609639906e-01 3.656503061369679730e-01 2.897191351387479741e-01 1.738026465581060109e-01 1.000000000000000000e+00 1.776357272389600048e-02 -7.093707385604240689e-02 1.511975666458000023e-01 1.693776086023109917e-01 -4.516760034954289682e-02 6.924385116627129744e-02 1.033459701209560044e-01 3.155190143800230135e-02 3.659398832659450235e-02 1.109879119862099972e-01 -1.592656009421599961e-01 -1.705734574392349934e-01 9.919232273371120234e-02 3.777472476178630328e-02 1.715417240899549944e-01 -1.899673627082330016e-03 5.278782194730530231e-02 -1.485092442014039893e-01 -1.253905967000759902e-01 -2.788193447960620186e-01 3.940651760551600047e-02 -1.189104559624390087e-02 -2.532506309496849739e-01 -1.411818985171840041e-02 2.063784509843909903e-02 2.119774852703320001e-01 2.624470519183449979e-01 7.857054866469780074e-02 1.428263809119889871e-01 2.105003548760009946e-01 -1.233148849356790061e-01 -1.927894944925200027e-01 1.584658625853269942e-01 -1.377316556397270020e-01 -1.312371943504429990e-02 3.413278274094480036e-01 2.125989495833540133e-01 1.634995557471999872e-01 2.407255125677240093e-01 2.336581492350970068e-01 2.337614003807310104e-01 3.490013188342409867e-02 -5.041588464593169810e-02 -3.497881330575770137e-02 -2.686620485219450016e-02 -1.218986159051270030e-01 -2.284155279755969992e-01 -2.208940155663799976e-01 -9.693773831372319572e-02 -2.105451387423349918e-01 -1.689761682841980084e-01 -1.778522353655279942e-01 4.328751513429170139e-02 9.249029749171469583e-02 -1.309772558276899868e-01 -2.262864456142260061e-01 -8.316422174308109316e-02 -1.091036875730049954e-01 -2.267015338374240019e-01 -1.009962500633640042e-01 -2.061066425390770118e-01 -1.243324906011669950e-01 1.396430065863789871e-01 -2.398534020464300129e-02 -5.759797813401019984e-02 3.138619098838629773e-02 3.594712478583739768e-01 1.846715652430190036e-01 -1.033621020958079978e-01 9.062285927201829683e-02 5.851096371289270237e-02 9.916895397939939905e-02 4.900543576083650210e-01 4.073716698204880027e-01 -1.228354467010920048e-01 3.939867439044090341e-02 1.106427606269790032e-01 6.867689921340169867e-02 -1.683007291050580001e-01
4.238260353256980140e-01 4.338570739748400240e-01 3.588384913181860147e-01 1.539792742469509867e-01 1.175110125639339947e-01 1.203445847021299975e-01 3.764815495587610084e-01 5.241609521327400545e-01 8.724925921373260368e-03 1.776357272389600048e-02 1.000000000000000000e+00 4.761068338757140084e-01 4.402916701211360140e-01 3.406340116180039956e-01 1.664059853763550090e-01 1.123485171588920056e-01 1.616870627288770068e-01 6.185615226524889682e-02 -5.334161233643829741e-02 -2.339870186086449866e-01 -2.254079876736269916e-01 4.248664238078769806e-02 4.926941315090659912e-01 5.132060737956950502e-01 -4.789962864950050164e-02 -1.153384442803429971e-01 5.591996051907009713e-02 4.191597342199390036e-02 3.971761780514270201e-01 4.890259776066089858e-01 4.457525595932809725e-01 5.174328727103869596e-01 1.616434843453050108e-01 -2.977443813819129897e-02 -1.188639353009579985e-01 1.442025085190490052e-01 2.340549588246789922e-02 1.291035289051910007e-01 8.904704646971730794e-03 5.944162125642660222e-02 -2.732832986396640032e-02 1.399807935479669974e-01 2.446646393717999968e-01 3.362002895007299985e-01 9.702508976933879592e-02 -1.455883578319230043e-01 2.509617622767379985e-01 2.749943944393899997e-01 -5.079596184928320159e-05 3.778594722150979690e-02 2.789623710393149825e-01 3.802468432210889815e-01 4.277971079980349978e-01 3.919655653902590076e-01 3.135988298832629861e-01 3.235226574206879757e-01 5.361112194135190245e-01 2.785685235381459846e-01 3.902736951668779875e-01 3.833135380944749926e-01 4.421618723972219889e-01 3.741030442219440144e-01 -2.241236796664159980e-01 -1.970261322148020022e-01 9.289683781364430071e-02 9.561488017279509699e-02 -7.600151614430700198e-02 5.854950417841529864e-02 1.081443580739319954e-01 8.958951908436910139e-02 -8.902612689768280019e-02 5.660997209684959924e-02 -9.094997434603610542e-02 -2.470299071996830131e-01 1.861236169014829911e-01 -5.977574336974929986e-02 -6.672005052905949363e-02 5.852838478602410272e-02 -3.832903400590569748e-02 9.498919849366410650e-02 2.380140655971789976e-01 3.887581476676439940e-01 9.738052428369700642e-02 2.450808858949860003e-01 6.963469359775349699e-02 1.100740895547809989e-01 4.034089131890640223e-01 3.499548829678970074e-01 4.636542309170800236e-01
2.914141040543279937e-01 4.579009584734469729e-01 3.517396224404639726e-01 2.807030504438119967e-01 -1.943197729910020044e-01 4.063195429966109939e-02 2.914043281287819753e-01 3.682927773761390244e-01 -3.080754041827659870e-02 -7.093707385604240689e-02 4.761068338757140084e-01 1.000000000000000000e+00 4.695288786741240172e-01 4.353221731735320010e-01 7.561702516397619811e-02 1.534942995842920044e-01 2.560119776833770233e-01 2.453298341669510052e-01 -5.180853021275509673e-02 5.982815997317759982e-02 -1.984442957673329955e-01 8.309525937713720806e-03 4.235095056850520234e-01 3.642168865770000208e-01 7.556131258557630126e-02 -1.364679356886089878e-01 6.662890165412040100e-02 1.425344508170379998e-01 5.121307468401919971e-01 4.394134643630639991e-01 3.086977939613870237e-01 4.451033299048109959e-01 1.212737271794489952e-01 -2.266729019739360113e-02 -1.636434610542439883e-01 7.252450408302650586e-02 -2.256161537257789923e-02 9.701189335062709862e-02 -9.619478900357740503e-02 -4.673181683169740086e-02 -9.376117135766960653e-02 6.930262147275350303e-03 3.945689644662350171e-01 3.898283806290809839e-01 -1.412788150290989961e-02 -4.123675123442529893e-03 1.083532040784819933e-01 3.843065482294900082e-01 -1.451816396566779910e-01 1.354161034380980122e-01 9.185417148196430015e-02 4.182647096975419809e-01 2.429242820601779929e-01 3.764163877328500218e-01 1.436125299288679991e-01 2.605415702455279869e-01 3.847896638152989990e-01 4.270098666710109847e-01 3.299141982426069819e-01 4.699132269795049943e-01 4.053860114659250113e-01 4.435198250436370171e-01 5.780748082114199604e-03 -1.698518517528740113e-01 -7.935365911849490443e-04 6.709936957552230241e-02 -2.507427711742470089e-02 -2.563633101832269931e-02 3.359921651785999913e-02 -8.940748040387770657e-02 -4.768597567982790081e-02 3.968775241474729876e-02 6.453381549463939326e-02 -6.118864679178810315e-03 7.859120173170429380e-02 9.311185387713989681e-02 -1.409458156386959871e-01 -5.474919269672019750e-02 1.987286649931739937e-02 1.273615542552040125e-01 7.210158825106009924e-03 1.161876048901050035e-01 -2.435024553301549932e-02 3.344650127627030178e-01 6.434024671784889515e-02 2.600474757760879996e-01 4.054586270141830040e-01 4.531245922552680216e-01 5.023761616856650125e-01
3.882287274851810022e-01 2.872580459304249767e-01 4.991349666632790005e-01 3.140750813544629927e-01 1.284728975473420007e-02 1.357360900651850000e-01 3.345444946659509866e-01 3.785124760066819749e-01 1.169654515959850025e-02 1.511975666458000023e-01 4.402916701211360140e-01 4.695288786741240172e-01 1.000000000000000000e+00 3.818638158051840259e-01 7.975561379212239843e-02 7.945232946003109864e-02 3.309769587001170077e-01 1.522645664159139878e-01 -1.282985027315040050e-01 -1.735219456188810128e-01 -1.356400272247720029e-01 -1.672627430071440061e-02 2.667298536233039807e-01 2.890136620435609927e-01 -7.418441321809690625e-02 -5.781159555190709676e-02 -7.229278688628640315e-02 5.264690403142029997e-03 3.793755658450819745e-01 5.407687554538759961e-02 2.811089486066890158e-02 1.420381928815009909e-01 1.669790804614710023e-01 -6.226380955553979801e-02 -5.110921486539089786e-02 2.613471784430850264e-01 1.948120373271060024e-01 2.675017741768009882e-01 7.041931706042810213e-02 1.617738635626070065e-01 -3.893543514139109762e-02 -9.222231645783239562e-02 4.516373517225980017e-01 3.562650411848909959e-01 -8.532146286580530314e-02 1.966432212331430118e-01 4.056262249831519839e-01 5.198305183029949816e-01 7.641799234216400082e-03 1.653485000333919930e-01 2.859110156499159935e-02 1.659641330167540077e-02 -1.483503052808139988e-01 2.167847548970270044e-01 -2.115870822950859931e-01 -1.215611413984730022e-01 1.886719137407139868e-01 2.997887941225669817e-01 4.143039882526819984e-01 2.749703587219690104e-01 2.214958394172039935e-01 1.924357117800729877e-01 -2.053692898670859968e-01 -1.773677326279670119e-01 -1.826678463227400170e-02 1.386102072480930036e-01 -3.209845620294429769e-01 -2.044967772416579899e-01 -1.418330163542800004e-01 -5.466729771054060216e-02 -4.218409295802930115e-01 -2.335078170813379983e-01 9.617985209351340159e-02 -1.625324187389249886e-01 3.768922505242219834e-01 -7.153364057296350553e-02 2.039305532334770021e-01 2.023440196954700010e-01 -3.177339432751240256e-02 2.625758275835440164e-02 1.006268561411829965e-02 8.815651275998200032e-02 -6.035633115336370286e-02 4.740946980193089799e-01 -2.549779839556389760e-01 7.933517964174489553e-03 4.908272583365910213e-01 5.752809272854569889e-01 1.502672492969059914e-01
3.460954545176049835e-01 3.483544917960479936e-01 3.493969179196220187e-01 3.615760421746869735e-01 -1.385574868819130015e-02 2.573355457212530006e-01 3.561607790093220260e-01 4.292965188221279926e-01 7.112600127165050190e-02 1.693776086023109917e-01 3.406340116180039956e-01 4.353221731735320010e-01 3.818638158051840259e-01 1.000000000000000000e+00 1.418113132356720041e-01 2.042577970554680100e-01 3.871933610032040063e-01 3.694716084103519815e-01 6.043908856739679814e-02 1.048759248556190016e-01 -1.194932745649100042e-01 9.990447781479759592e-02 3.930933252423849944e-01 2.412029573487529943e-01 1.015788128639569937e-01 1.207058291099269987e-01 1.230701738886279956e-01 2.413224682900640128e-01 4.058277969024179921e-01 2.791472916450369879e-01 2.357238795950470089e-01 1.822308749274529904e-01 2.740815781318829969e-01 -1.102142490158630056e-02 -8.159349080465390369e-02 1.619475723418050128e-01 1.549243655782109874e-01 2.230533050109539950e-01 3.904205596492049679e-02 1.125692783383459988e-01 -7.868147061513949825e-02 9.520208412574860182e-03 4.363751938816680109e-01 3.582247045140999897e-01 1.567107462743039942e-02 1.620159657245520135e-01 2.251134358859609996e-01 3.861381606341149908e-01 2.051023161767530079e-01 2.031827237762940108e-01 2.239936892847599892e-01 3.497238772184370070e-01 1.233478743290370022e-01 1.999219939558279924e-01 3.037018344285270094e-02 1.587396911072370131e-01 3.442879464191719863e-01 3.380506119714469793e-01 3.878211412553119741e-01 3.429411063517729952e-01 3.832437867402639919e-01 3.830814138492180110e-01 -2.329473506956649884e-02 -1.083686843436399982e-01 1.561486817811700012e-01 2.265760460910649920e-01 -1.280566124666049910e-01 1.230444636041749945e-01 -6.317801372099400570e-02 7.664571619915709622e-02 -6.605327709277400428e-02 1.199234216218969945e-01 2.194508219099260138e-02 9.144075404169489663e-02 2.025918868290340069e-01 2.545728188784039947e-01 3.454975693077370208e-02 2.109305075489789905e-01 5.896504258804070170e-02 2.001161275091339897e-01 1.747038557233449863e-01 1.063127762656039949e-01 6.824241486467670648e-02 4.460798252566580135e-01 2.037456571308960129e-01 3.269045065908999792e-01 4.588718979469980086e-01 4.973446310187110142e-01 3.462499725656639771e-01
2.333783266438420045e-01 5.682478646656800164e-02 1.735796919285390039e-01 2.116085026282369941e-01 -2.624157036873139837e-01 1.389715257860970055e-01 -1.180486845901729948e-02 4.340797147650069659e-02 -5.849102341391570342e-02 -4.516760034954289682e-02 1.664059853763550090e-01 7.561702516397619811e-02 7.975561379212239843e-02 1.418113132356720041e-01 1.000000000000000000e+00 5.456532143649599487e-01 5.644520839253339833e-02 5.296862892703470271e-02 2.303638959014150112e-01 4.286164667752209723e-02 -4.089024165495180191e-02 4.587485936180100143e-01 2.356802416712459880e-02 1.198298252816020065e-01 1.632175938461919995e-01 1.260047121137350123e-01 4.190487482794549856e-01 5.088739979087409937e-01 1.974173360748489869e-01 2.737974581297389909e-01 1.839704544269009923e-01 2.489381434200060028e-01 1.482103500903849957e-01 2.182105661005160138e-02 2.728536315503209964e-01 2.186365895797429959e-01 -9.782080074477080001e-02 -4.719088527784909975e-02 3.049411102282449937e-01 1.627795703234330080e-02 4.352064507763099832e-01 5.409032263299290433e-01 1.649943691428739923e-01 2.453168173186009993e-01 2.763592923906649790e-01 -6.023171442931880143e-02 2.737768697887950076e-01 2.040512930258910063e-01 -2.560258502288699847e-02 -1.036518806732830006e-01 3.477982339808080026e-01 1.153204359677219987e-01 2.805391241541599912e-01 1.190594201498520049e-01 1.123359702967979962e-01 8.453660704518220492e-02 1.917059900467170119e-01 1.192811274347519990e-01 4.931750516863130096e-02 2.560414245734030092e-01 4.474880831438449724e-01 4.245455912695519918e-01 4.488438975500160244e-01 1.594846142707959935e-01 3.256363386691890072e-01 1.747416331580239901e-01 3.026405432454050137e-01 2.941479244020320238e-01 3.356286157383119861e-01 7.518844881011239878e-02 2.431257440926380131e-01 4.076441036049729960e-01 -1.559693029668980102e-01 1.872598769868629998e-01 1.911777516278239941e-01 3.785182206796550153e-01 1.128423549528389941e-01 -2.694770345424060132e-01 6.369445883337260250e-01 5.676826568085090452e-01 1.465215141965149903e-01 1.751664073845649872e-01 -1.829397058772939955e-01 8.504846707305049880e-02 2.605748990216720171e-02 1.121429419808410016e-01 5.959178576231830005e-02 1.177347168845779973e-01 1.399712759231810100e-01
1.637713268572439929e-01 1.134172319115600014e-01 1.536607201170240022e-01 2.885685104686330216e-01 -1.158000033995019995e-01 2.533663986441300198e-01 -1.899618969608540126e-02 -4.404153430545439812e-02 7.282103794387760620e-02 6.924385116627129744e-02 1.123485171588920056e-01 1.534942995842920044e-01 7.945232946003109864e-02 2.042577970554680100e-01 5.456532143649599487e-01 1.000000000000000000e+00 5.997947092912300077e-02 2.276600946131079883e-01 2.065345230750849914e-01 6.106730454886079990e-02 9.661765452079690286e-02 5.101667308885120544e-01 -2.124650252362509859e-02 1.761611217692249931e-01 3.568301565642559847e-01 1.913811336643060079e-01 4.975577051648970017e-01 6.581752375239080521e-01 1.330303834672710017e-01 2.489826450757400000e-01 3.062247113393100004e-02 2.467280440261220009e-01 1.824293860901780029e-01 1.463011389767900072e-01 3.940925494564470055e-01 2.418249536700330105e-01 3.973823448615639714e-02 -1.060811327267079940e-01 3.403245024028099808e-01 1.032672590045410066e-01 5.148617340368439876e-01 6.276101674743760350e-01 1.183183084747440050e-01 2.496376820648019967e-01 3.469122896378900034e-01 1.188279745543810023e-01 2.311458524735789943e-01 1.497721982903200133e-01 -7.943808749586929452e-02 -3.260240539007090016e-02 4.110539902114049848e-01 2.163202597939430094e-01 2.010485683351060093e-01 5.998680716485019909e-02 9.922853699004630101e-02 3.412337193907020311e-02 1.082169968851419972e-01 4.323356383928159824e-02 -1.714513980691599881e-01 2.263726992656170042e-02 3.964711505369840072e-01 4.941304917115380002e-01 5.100559897048290159e-01 2.295851310727360095e-01 3.270408832449059888e-01 1.934145894099449925e-01 4.605500285376820102e-01 4.916121010445649864e-01 1.485040600879140027e-01 7.738614281479989920e-02 2.122527756004680133e-01 4.237219465328709855e-01 -8.944053837988409639e-02 4.746010242019820247e-01 2.640986571622440104e-01 6.156381765343169610e-01 1.747455741608300028e-01 -2.310935449294999888e-01 6.446478040899069617e-01 6.881875353294589770e-01 2.468982466969740081e-02 2.991739728542289756e-01 -1.190153283368319964e-01 5.711977342647230060e-02 1.034019298933070014e-01 2.457581605912899925e-01 -8.545511875418559944e-02 9.219974741691619458e-02 2.062469531344940099e-01
6.323874490449089836e-02 1.632997783750100018e-01 3.140276378044269956e-01 2.245342567464169992e-01 -1.466939764225659928e-02 7.752861718596069929e-02 1.497797554617709970e-01 2.360709102499889966e-01 1.002515194677480043e-01 1.033459701209560044e-01 1.616870627288770068e-01 2.560119776833770233e-01 3.309769587001170077e-01 3.871933610032040063e-01 5.644520839253339833e-02 5.997947092912300077e-02 1.000000000000000000e+00 6.649094606990120226e-01 2.303624105531940081e-01 3.636080408403850051e-01 -1.029088700406100010e-01 -1.823965235872680030e-02 3.361050933541370189e-01 2.032063374745040063e-01 1.338433260238690026e-01 1.767952675917749961e-01 3.742017796039929789e-01 2.483787218740509950e-01 3.012828508531339988e-01 1.696858179019599955e-01 2.201941236373949895e-02 6.046513833029999729e-02 3.187967676575200193e-01 1.654676606951210049e-01 -3.085448342178460091e-01 -6.839921332427639777e-02 -4.316446410396660056e-03 2.271044383117450105e-01 -1.891220141078389927e-01 -1.241136061464710033e-01 -1.122511003302529980e-01 -5.227690818077469770e-02 2.889116568223559778e-01 3.506351100480620264e-01 -1.535919597864169872e-01 -5.326953435180759727e-02 1.707898797774050070e-01 1.530315669547900048e-01 3.195279296495949772e-01 2.238545017490889966e-01 -7.064571055572950453e-02 1.805218973040620123e-01 -7.725517932224859607e-02 4.167966284931980125e-02 1.730678083669990111e-02 7.389611465923259792e-02 2.701159107114889935e-01 1.921156996658479887e-01 3.780086197025400163e-01 3.560139417312779830e-01 1.228499071401479986e-01 5.211196687096149999e-02 8.582584386000910448e-02 -1.009705578490600053e-01 2.120712006405580108e-01 1.855131303161950129e-01 5.043683992675730005e-02 3.100508462789530045e-02 7.685001967302179660e-02 -4.638988059662540325e-02 9.175256370546019946e-02 1.957107015699419972e-01 5.508276255783900455e-01 2.839380831536250094e-01 3.270514853283960077e-01 2.521113824394219938e-01 -1.253716259943910005e-01 3.005808501469919847e-01 7.975268954169190128e-02 -9.167325690820080086e-02 6.645266137534419637e-02 -7.074821870544479620e-03 -1.004990664705079917e-03 3.978345439609110024e-01 1.922622009567760137e-01 1.932859708109579966e-01 4.344724107014990011e-01 4.629471169497360039e-01 2.965555553887979853e-02
