1.000000000000000000e+00 7.723551115254849719e-01 5.334342949701690317e-01 6.390771740298990533e-01 8.223952510590350207e-02 3.739759075942720168e-01 7.195317271724439578e-01 6.385594428553790225e-01 4.668885953531660138e-01 3.119452201057459906e-01 4.207017346727560114e-01 4.364717413830819792e-01 4.438569374662980072e-01 5.136443143937979849e-01 3.702534470329330030e-01 2.916857472007949870e-01 2.975447731837109755e-01 4.379603515358619914e-01 6.196652614570710149e-01 5.996157011219559463e-01 2.412080751997709993e-01 2.750454949599879795e-01 3.165725717240169823e-01 3.991058602789859799e-01 8.713181783403149694e-02 1.152395074849059953e-01 4.470669290337480062e-01 2.841839948232329771e-01 3.599508269888649914e-01 3.489664018399389889e-01 3.734567519642180145e-01 5.228045680565810427e-01 4.952518024341380221e-01 4.917594521105499994e-01 1.941651231170359870e-01 6.958441770882059507e-02 2.237692199091990131e-01 2.357217885084089970e-01 3.592984765471619879e-02 2.091965742333040112e-01 5.595833156889530313e-01 4.864446596391129862e-01 6.162541502588789744e-01 4.457467740274270174e-01 5.205682789754969564e-01 6.198804918579700063e-01 4.459179928298380169e-01 6.387691766801140147e-01 6.666571893347359445e-01 6.657298483767229991e-01 8.133925516498810016e-01 6.755702485719230488e-01 6.832463003838979976e-01 6.699645271654040002e-01 6.619225603250019629e-01 4.135184399729259774e-01 3.354613518667650118e-01 2.542788317786919827e-01 2.434519163648879991e-01 8.294315990197030641e-02 6.907773645785409977e-01 5.868328941731040249e-01 6.918808930110920130e-01 7.987100040391830191e-01 3.361457070723120055e-01 1.253054518846480059e-01 3.340742686778450099e-01 3.438786025883320274e-01 1.734091870952390035e-01 -5.667647920164080311e-02 5.175302583992370531e-01 5.475922717200329970e-01 4.335674037319319774e-01 2.700738210877079992e-01 3.663766980242070259e-01 2.171782709805840095e-01 4.314862265130209873e-01 4.097456969911399960e-01 3.898959215090169739e-01 4.121486134549339764e-01 6.032329895721050272e-01 6.992630089389609838e-01 5.867848761146400305e-01 6.383651626415109970e-01 6.611190066157019984e-01 6.490106548151880483e-01 5.901886149500139567e-01 5.638761302383480389e-01 6.186976688786709477e-01
7.723551115254849719e-01 1.000000000000000000e+00 4.387385628986120167e-01 5.789139266329780265e-01 9.319154751432430495e-02 3.569709179092149798e-01 6.127590868053189865e-01 6.953199192924000016e-01 4.969559967185879779e-01 4.104714954102510194e-01 4.824487024135509783e-01 6.034630889316010549e-01 5.128565391894439607e-01 5.982073282147399862e-01 3.997611400033190265e-01 3.834892669396379739e-01 4.492024664826210212e-01 6.606345662094710303e-01 7.063553489058970181e-01 7.495775096326739995e-01 3.096336239434889781e-01 3.751509421879670181e-01 3.619594068336450254e-01 4.779019859589029862e-01 9.294900885527880574e-02 1.564302107013960108e-01 5.714605520053980259e-01 5.334584032421110233e-01 4.403352601791180043e-01 4.049456322143260012e-01 4.366360975113969811e-01 5.847528771261519820e-01 4.872051491523229916e-01 5.518600981706059949e-01 2.011043563595729944e-01 3.711971253901120288e-02 2.610542489490759732e-01 2.400270056691939935e-01 -9.998460729132170252e-03 2.161728640797750123e-01 6.353659198726000490e-01 6.153878140655230089e-01 6.014023883929889847e-01 5.003154167900559779e-01 4.956306975962330164e-01 4.869106446887699891e-01 2.629801612439660041e-01 5.026497873162689700e-01 6.481344844670240413e-01 5.231632675927430087e-01 7.786455928664860471e-01 7.606292935072980210e-01 5.031766074754110418e-01 6.462561988135899771e-01 6.765115130452129533e-01 5.131228453735949824e-01 5.025261960753979462e-01 5.061154767610620553e-01 3.200128246445479996e-01 2.558469652892459978e-01 5.989264543199119828e-01 5.147436328286909557e-01 5.728797309053129672e-01 6.850779707960590326e-01 2.369760775656900020e-01 1.580464960499640067e-02 1.356209892070069922e-01 3.402106572581309885e-01 1.178487343690410027e-01 1.506761899044870012e-02 6.390490280323379846e-01 6.933726451938390101e-01 5.550130176247960456e-01 4.145098561713330132e-01 5.913193910848399959e-01 4.703978465895560235e-01 5.184012928523009656e-01 6.091058093018929531e-01 4.927657294629029794e-01 6.029583121865740303e-01 5.335878751299719669e-01 5.602687234745979961e-01 5.695136602415650229e-01 6.318294438499859611e-01 5.939947323596329598e-01 6.106116693896349590e-01 5.875827665074070394e-01 5.070968356346450268e-01 6.067657538274340290e-01
5.334342949701690317e-01 4.387385628986120167e-01 1.000000000000000000e+00 8.368579695934730278e-01 2.204551535114790128e-01 4.828596106887390049e-01 7.787528877323900423e-01 6.342712527793320509e-01 6.033367929507950089e-01 4.554175533179630198e-01 4.201779974292960129e-01 3.880963831909720052e-01 6.090482763978739555e-01 4.378934027789779804e-01 6.114113885910149593e-01 4.640768545658269795e-01 8.539122236384390219e-02 2.099507214155739987e-01 5.685104306762990278e-01 3.631546553473289918e-01 3.407572921788200038e-01 4.122150539713320128e-01 7.973816755554430369e-01 7.839478931342049872e-01 4.680778776088799775e-01 4.194992741639789746e-01 2.270406802909190058e-01 3.537362965195760180e-03 5.783605391288449971e-01 6.369517204594370430e-01 5.826370223755700239e-01 5.831302886751790204e-01 6.113159090332409562e-01 2.866938744543159889e-01 3.433837780856400235e-01 2.966635057530260244e-01 5.055264822202309993e-01 3.967700815234069811e-01 2.708570765605030073e-01 2.184934478387159928e-01 4.195669467017080212e-01 3.724965968636940183e-01 4.924726359561280020e-01 1.489292760158200113e-01 4.447189868738810059e-01 6.095177598931820206e-01 5.585018584180270196e-01 6.028619498937860532e-01 5.775258004295239500e-01 4.962498985268499752e-01 5.134940582034029921e-01 4.895831813725610160e-01 6.851293089969400230e-01 6.126080239749289724e-01 6.773938133221839575e-01 3.927965834634080111e-01 1.978627220844940138e-01 8.188633212310179876e-02 6.095135447390379602e-01 4.574169422750870018e-01 6.667718186877580333e-01 6.891361603782469869e-01 5.279041944910149997e-01 5.044708880042010346e-01 4.571639830237830271e-01 2.638215707613359995e-01 2.271767250166930041e-01 4.075846005853990262e-01 1.401696541688380038e-01 -5.657634374170909808e-02 3.573813030772959864e-01 4.149294873662079941e-01 2.303955430001959903e-01 1.723599681980869935e-01 2.159132855082570024e-01 1.943047915330050057e-01 7.209004024907510466e-01 5.913590368025689603e-01 6.961455121362489784e-01 5.793724878831300051e-01 7.572345647107510125e-01 5.384022439016959982e-01 6.298470846713739579e-01 7.004754575750680168e-01 5.680085413512540038e-01 6.690286552453470481e-01 4.949914666674899988e-01 5.743452875493070264e-01 5.221724312886090180e-01
6.390771740298990533e-01 5.789139266329780265e-01 8.368579695934730278e-01 1.000000000000000000e+00 2.641680508043510178e-01 4.484798851097229755e-01 7.340921488056449951e-01 7.256590822878019598e-01 6.373478511574659500e-01 5.592711961516809716e-01 4.528464229320069978e-01 5.062785015844060155e-01 5.744919511232170484e-01 5.367275301942699972e-01 6.158448707860539884e-01 5.812597629747889849e-01 9.407262375580660585e-02 2.492013042327169969e-01 6.212879023953199464e-01 5.143779677869499967e-01 4.007049384230160216e-01 5.150910235258789882e-01 7.272692292232929567e-01 7.922716101748029649e-01 3.898134752731710062e-01 4.097159732499660034e-01 3.091310692860850251e-01 1.685756483346010082e-01 6.207659331411710113e-01 6.759462241607200328e-01 5.993837921340370301e-01 6.459026447855069630e-01 6.682628575801760062e-01 4.322497127232590164e-01 2.961299141792950174e-01 2.334652035121470015e-01 4.759024247900360272e-01 3.555381279857769972e-01 2.128059544786410073e-01 2.482173071307209877e-01 4.973029990133540079e-01 4.700788136591549926e-01 5.770420580119030030e-01 3.335243410658659813e-01 4.469699271069059732e-01 5.527336395165599603e-01 4.205665965709989851e-01 5.250849238306180000e-01 6.025889441918870215e-01 4.613369552884529767e-01 6.158818745848669840e-01 5.170125236756090148e-01 6.166992529821310187e-01 6.428018101987259536e-01 7.326690312583069575e-01 5.483489533739820398e-01 1.642302600944610114e-01 1.719885925573770014e-01 5.370175080716129701e-01 5.074756517786850329e-01 6.816464667354360518e-01 6.707686792858259528e-01 5.710321589793989627e-01 5.995089809207430065e-01 4.094584955924859826e-01 1.789973839222349927e-01 3.128293399795479823e-01 3.893479496273369866e-01 1.917540932672019971e-01 -9.628137948724389134e-03 4.663275584363230086e-01 4.900417312666349723e-01 2.669553264694239925e-01 1.919901231506309924e-01 2.335596860692950028e-01 1.778966825978179900e-01 6.779541076219179896e-01 6.362324381457610256e-01 6.284045094041580404e-01 6.497446439488160363e-01 6.791725092683129628e-01 5.386897022400299884e-01 6.567259248759490520e-01 7.190056048276319833e-01 6.303925566385589763e-01 6.734043520081319789e-01 4.944834038868469728e-01 5.277164561729810188e-01 5.505537772201649638e-01
8.223952510590350207e-02 9.319154751432430495e-02 2.204551535114790128e-01 2.641680508043510178e-01 1.000000000000000000e+00 3.983113151161720156e-01 3.334002505395500249e-01 4.131979025627959823e-01 4.123081501745040067e-01 4.840278392587040179e-01 3.514601073613179971e-01 2.465725781783699999e-01 3.700593057482359782e-01 3.291320213667450201e-01 3.267617694844550114e-01 3.250857324946280213e-01 7.570210382675120198e-02 9.771251733812720552e-02 1.725015157656170084e-01 1.689483022526140077e-01 1.360368620565879927e-01 1.343705919588639996e-01 2.719039750566960012e-01 2.866702847720060121e-01 2.523911348758700046e-01 3.192367737331279764e-01 7.658790361667100477e-02 -6.329711658179050342e-03 2.394460370609609867e-01 1.976652419153530071e-01 1.658443543167489875e-01 1.739506380322390078e-01 1.393398799244749964e-01 1.479123955066090068e-01 1.625559893421810002e-03 -8.023136285878669505e-02 7.355664229901480444e-02 -5.445748770165449726e-02 7.283413672125550395e-03 -3.039364090096630111e-01 3.220670529143519756e-02 5.998753705931370028e-02 1.869273210492020110e-01 1.620916523542319937e-02 -6.301722423224399849e-02 2.117037084177290085e-01 2.515385950432070250e-01 2.086626375522719901e-01 1.870592026434539923e-01 1.983611397348140071e-01 1.167087768544210029e-02 8.126808451695080593e-02 2.187676489538840086e-01 3.558898728833860270e-01 1.521132911125520071e-01 3.969505725178140154e-01 1.411186435375020032e-01 1.059770809615249998e-01 6.661420376867530080e-02 2.998309351788119859e-01 1.885744220804529969e-01 2.336864558541590087e-01 -1.945132741793569953e-03 1.249286638400750049e-01 -3.548604662305109968e-03 -1.099885513655369934e-01 2.444041235245850152e-02 9.104612421226269958e-02 1.866176183717480064e-01 1.406191086472709934e-02 5.589223809776049795e-02 4.751919722291320092e-02 5.150309120946709729e-02 -4.689127667538750370e-03 -4.755991805675110345e-02 9.609531022363950251e-03 1.506853098468569907e-01 3.000832609768019910e-01 2.117724213874860040e-01 3.807513790952889998e-01 2.280068021842620030e-01 2.502822030634440087e-01 3.715038006862609876e-01 3.544081809747580136e-01 2.320016116614269930e-01 2.512958654744990028e-01 2.650649040050829797e-01 2.656251433030569764e-01 3.212206131570700257e-02
3.739759075942720168e-01 3.569709179092149798e-01 4.828596106887390049e-01 4.484798851097229755e-01 3.983113151161720156e-01 1.000000000000000000e+00 5.543870337573130191e-01 5.606115090381500465e-01 5.300636141292730530e-01 4.696791662696550018e-01 4.878769111391940139e-01 5.431224174092540435e-01 6.099855421765120189e-01 6.201650699541240153e-01 5.666143414492339492e-01 5.177316220754140108e-01 2.743780968739459869e-01 3.188250589901019949e-01 5.235529919390949916e-01 4.571218295408019938e-01 3.561527858124590162e-01 4.446604761457350063e-01 4.489048074784749986e-01 4.950218061807690195e-01 3.609819265722150061e-01 3.772370982862979782e-01 4.427040401423990024e-01 3.507198372146270171e-01 3.850107713164019896e-01 4.331325006080070095e-01 5.627222879138890077e-01 5.571639520331119755e-01 4.239584072715810170e-01 3.700692571998929759e-01 3.581835477615700203e-01 1.744823061414519927e-01 3.286401207241729794e-01 2.057636404473699998e-01 1.532153343764940112e-01 9.279781920120550032e-02 4.343424365730280123e-01 3.835220123111849899e-01 4.795639407667650067e-01 1.972588415434350095e-01 2.810839162075849940e-01 3.677455691021889739e-01 3.202434265110210010e-01 4.277887493399529784e-01 3.771388322258760195e-01 3.162933772702670177e-01 3.909738981438130034e-01 4.434754948846770239e-01 4.066840151794430258e-01 4.281944600369029796e-01 5.489211392673499779e-01 5.061468340528779697e-01 3.352095925981209978e-01 3.709720305515329941e-01 2.929340791215849782e-01 4.743292414971709836e-01 4.640131723413239984e-01 4.304207423586650094e-01 3.347472691780710163e-01 3.484775941449639869e-01 1.513165243148349992e-01 -7.501314373121520385e-02 1.042413371058940053e-01 1.640608432016689988e-01 1.945242319023209876e-01 -5.984204038135689657e-02 3.874959628137429890e-01 3.571965346040160139e-01 3.270514816894710131e-01 3.200990903782219843e-01 3.414952636906279926e-01 3.468262919973689740e-01 3.723606601017960260e-01 5.376063643596890040e-01 5.038437876871879606e-01 6.343820627993760342e-01 3.495743244849410236e-01 3.830782878533720015e-01 4.211035124559699971e-01 4.980023738568660208e-01 3.878785710529429887e-01 4.939856732604340217e-01 4.582591138624330096e-01 5.406112679453369818e-01 2.627172940720919891e-01
7.195317271724439578e-01 6.127590868053189865e-01 7.787528877323900423e-01 7.340921488056449951e-01 3.334002505395500249e-01 5.543870337573130191e-01 1.000000000000000000e+00 8.297169261110669547e-01 6.167878434586440139e-01 5.737095569436280185e-01 4.770388411396129791e-01 5.130953743711199611e-01 6.405339134418209790e-01 6.351486192508319917e-01 4.647568598169740106e-01 4.027658163099149813e-01 2.244195309560949869e-01 3.413234523200319726e-01 5.734675016590750074e-01 4.611555741162000066e-01 2.392874034433359887e-01 2.311735092082000120e-01 5.194674237257399518e-01 6.130852793781530474e-01 2.117537140399199935e-01 2.064638952327970123e-01 3.559804289714920134e-01 1.834916759531770025e-01 4.308042808612829733e-01 4.916990141912460088e-01 4.471731756504619959e-01 5.456055613145229799e-01 4.862363138871769741e-01 3.997853021245589833e-01 1.065904692264840053e-01 7.113737401427759621e-02 2.448448959931779911e-01 2.489430034865819930e-01 -2.152893623863860045e-02 3.248054444260010248e-02 4.167478954760119869e-01 3.140011103809030035e-01 5.404092897688660413e-01 1.934181371369849967e-01 4.013079264694610071e-01 6.312200217404210223e-01 5.689600156563699995e-01 7.108818305933559678e-01 7.231810475500299873e-01 6.476254258630960159e-01 6.423489694014959950e-01 6.097274695468429817e-01 7.781194973134939463e-01 7.695309458675989589e-01 6.924009584256699545e-01 6.302222255801189776e-01 3.285251741080920107e-01 3.187079587600110120e-01 3.263501561204900092e-01 3.649382026812619806e-01 6.576215948871569905e-01 6.236830379604849650e-01 5.451658085883189786e-01 6.967681505757810090e-01 3.909939203578879918e-01 1.095308277075970060e-01 2.722221986255429771e-01 4.167126389664639885e-01 1.575834781229180082e-01 -9.923338765204679779e-02 3.398858520861329779e-01 4.111537812311130136e-01 3.499494899763380129e-01 1.465058489416140031e-01 3.077928237557640001e-01 2.530974460464829878e-01 5.081378869555660538e-01 5.273984842758170366e-01 5.642986180030880039e-01 5.590132844469120066e-01 7.768913619939560311e-01 7.519466451243229654e-01 8.209222146110040086e-01 7.997935138435590119e-01 6.953309294425209508e-01 7.299482734377730209e-01 5.637339121197340042e-01 6.067729321465790138e-01 5.310485854314910270e-01
6.385594428553790225e-01 6.953199192924000016e-01 6.342712527793320509e-01 7.256590822878019598e-01 4.131979025627959823e-01 5.606115090381500465e-01 8.297169261110669547e-01 1.000000000000000000e+00 6.650278749762840169e-01 7.172093384942920258e-01 5.945585857053720114e-01 6.548115227605929567e-01 6.900280121076539652e-01 7.143201457402019727e-01 5.364561601621019582e-01 5.289197802865810427e-01 4.049641898316669875e-01 5.553529394975269540e-01 6.442619736006369724e-01 6.601443476413979550e-01 3.091042293227890259e-01 3.382318542607229972e-01 4.986778377515789784e-01 6.429469783261669846e-01 2.177760048476659882e-01 2.520010469322490065e-01 5.155326053680749920e-01 3.612866146978179760e-01 5.013866143384170249e-01 5.113967799147109972e-01 5.126166289883290483e-01 6.225327217993420481e-01 5.697590091242960009e-01 5.333852381435280066e-01 9.270713813935389791e-02 -2.130879114057220025e-02 2.699751236046690206e-01 2.830377325329189730e-01 -4.998580843405339702e-02 -1.088493981909359996e-02 5.271666165897019862e-01 5.038899409063130053e-01 5.896656819536449934e-01 3.615286055999900050e-01 3.931595555872939851e-01 6.064372035329720356e-01 4.728055939657980211e-01 5.893374503120839547e-01 7.200529869861359566e-01 5.751668478974489851e-01 6.866065181558009822e-01 6.991233849809530554e-01 6.012688680516939943e-01 8.000121963615129950e-01 6.772314307494690100e-01 7.895059222846939617e-01 4.796136037879539793e-01 5.247724230550210311e-01 2.782820370697269841e-01 4.487470667064720198e-01 6.374081937526050456e-01 5.968408380893770460e-01 4.922026080985090202e-01 6.234224172120480523e-01 2.558907013073459802e-01 -4.053558887914079922e-02 1.515283531276629958e-01 2.834771421881620013e-01 1.765248285074559886e-01 -1.001254435086890021e-01 4.533441397216749769e-01 4.783793834080570240e-01 4.817204539063830171e-01 2.474169386416119887e-01 4.201122272970559957e-01 3.324964936411660132e-01 4.826974278612530256e-01 6.314779501843440501e-01 5.735163837705979928e-01 6.692456029594819888e-01 6.573857061362320398e-01 6.573999179116970515e-01 8.171500828418060136e-01 7.929607565141200132e-01 7.688265100341680203e-01 7.605373661238560290e-01 5.902334377286400091e-01 5.830773941494480361e-01 5.794657532143300260e-01
4.668885953531660138e-01 4.969559967185879779e-01 6.033367929507950089e-01 6.373478511574659500e-01 4.123081501745040067e-01 5.300636141292730530e-01 6.167878434586440139e-01 6.650278749762840169e-01 1.000000000000000000e+00 7.183291369768100010e-01 6.072809340163709546e-01 5.299567325259060269e-01 7.201718244712139727e-01 6.322750666257920260e-01 7.010810293928789738e-01 6.312715370771070367e-01 2.819127814420019917e-01 4.195397167029379926e-01 5.525972022566489894e-01 5.171292440451119576e-01 3.690934102695809793e-01 4.111940462272459795e-01 6.323366853196209503e-01 6.604127106185150309e-01 3.457510130677450277e-01 3.382732180258399834e-01 4.123485566850019768e-01 3.192757916250260064e-01 4.861587605442659887e-01 5.495381279843759570e-01 5.249000966112999933e-01 5.240809820316050249e-01 5.233480064418579714e-01 3.989037068402330188e-01 1.965869925241869876e-01 1.142298772348619984e-01 3.383487812863700261e-01 3.133941272885990004e-01 -7.254516820912250419e-03 5.695606303472249693e-02 4.202834407674719830e-01 4.825388091306669902e-01 5.134157757957440449e-01 2.664323806962369812e-01 3.197700864995650094e-01 4.257202114470349796e-01 2.701332207524769768e-01 4.400391745902300089e-01 4.976903881493709991e-01 3.838198896097270163e-01 4.419288851946400198e-01 5.634310039697280059e-01 4.420859344148559966e-01 6.385623448416719583e-01 6.296034405495060104e-01 5.832820703787430228e-01 3.772455965596169802e-01 3.509543904940299885e-01 4.528983359027080047e-01 4.763315360171829771e-01 4.898186187839860262e-01 5.084422878187270234e-01 4.020468604954399727e-01 4.730200595996810198e-01 1.808867509109070015e-01 -1.414027607067200043e-01 8.970653045351349719e-02 2.134869114562980008e-01 2.418089703545929850e-02 -1.079188110616159935e-01 4.532108239696189811e-01 4.713289248572219980e-01 4.031094642271029760e-01 3.661290337390539773e-01 4.319515169846709912e-01 4.256748690080709996e-01 5.386972840700929854e-01 5.980850033464909510e-01 6.786433658017030357e-01 6.764417355361930229e-01 4.365948123662650171e-01 4.088537414719479735e-01 5.575923883266009629e-01 6.502138982800399480e-01 4.975701049444690161e-01 5.649347461399040204e-01 4.250271945140889907e-01 5.665168266313479473e-01 3.912996184022740076e-01
3.119452201057459906e-01 4.104714954102510194e-01 4.554175533179630198e-01 5.592711961516809716e-01 4.840278392587040179e-01 4.696791662696550018e-01 5.737095569436280185e-01 7.172093384942920258e-01 7.183291369768100010e-01 1.000000000000000000e+00 5.505532175730399880e-01 5.417583651643419485e-01 6.130475367209820003e-01 5.781295377515079936e-01 5.598626494012479693e-01 6.241020573112660008e-01 2.784253569330290001e-01 4.457294668379699898e-01 4.768907076875230078e-01 4.855997189439230088e-01 2.790879825305759843e-01 3.169681193742460157e-01 4.834720811082580116e-01 5.682875072084240253e-01 2.690721665333259960e-01 2.853154898098910208e-01 3.989326386141019976e-01 2.729506227636659954e-01 4.775354622245620018e-01 5.231437542273690289e-01 4.542035648918399948e-01 4.484681040456779955e-01 4.021117811997529934e-01 3.642641254075710266e-01 8.869644361161090063e-03 -5.208070885506180248e-02 2.224242448468140010e-01 2.062442625448140110e-01 -8.060726436220559676e-02 -8.153047411711719650e-02 2.812902427350399970e-01 3.604455259174120241e-01 3.986523157889850233e-01 2.678546848365709887e-01 1.541915397834940082e-01 3.951633500389170051e-01 2.301990027528020011e-01 3.236959005434300041e-01 4.642120218675169774e-01 3.543869110703409819e-01 3.755562445754430101e-01 4.688947202250409729e-01 3.457059007549280194e-01 6.492195919306850138e-01 4.647963953946899762e-01 6.918178347590709931e-01 3.165672518152040094e-01 3.881682293740639778e-01 3.128918970817309853e-01 5.677247197771010390e-01 3.785088474660799895e-01 4.197239492361840019e-01 2.501085416640440040e-01 3.566669444692630031e-01 9.843101060999680241e-02 -1.080322976815989988e-01 -5.532954857363239776e-02 1.398586161900060021e-01 -2.345164299151769952e-02 -1.729307743876480064e-01 3.027448630141649777e-01 2.834757131945569997e-01 3.646256378361569794e-01 1.811250410806239941e-01 3.225830227697309982e-01 2.677345631285970029e-01 4.151102616672779910e-01 5.768187011670660169e-01 5.591937898841190524e-01 6.226138945162079663e-01 4.224202937576659878e-01 3.710587008291330036e-01 6.511351007290000492e-01 6.553637205767830487e-01 5.743450308841570040e-01 5.808159744629499688e-01 3.580391284265699858e-01 4.415958217351529935e-01 3.740412046226629927e-01
4.207017346727560114e-01 4.824487024135509783e-01 4.201779974292960129e-01 4.528464229320069978e-01 3.514601073613179971e-01 4.878769111391940139e-01 4.770388411396129791e-01 5.945585857053720114e-01 6.072809340163709546e-01 5.505532175730399880e-01 1.000000000000000000e+00 5.552740883696769547e-01 7.769334921157660112e-01 6.133900801957870019e-01 6.254055809847669511e-01 6.132192229134819650e-01 4.314403942903010103e-01 5.555287456586119887e-01 5.919955348264039907e-01 5.482269523793069643e-01 2.775327255198850041e-01 3.173777868466889918e-01 5.051100659059349907e-01 4.929308980552820074e-01 3.523801150887549971e-01 3.901936894896840258e-01 5.846073342958689745e-01 3.528742214898850094e-01 4.888103848997290002e-01 4.486012717389259996e-01 4.747924037557449961e-01 4.906880038867669769e-01 4.178620489600299859e-01 3.683678868255529926e-01 1.815524189925279974e-01 9.046575770668599525e-02 2.899787347746000110e-01 2.285428049927510086e-01 5.809004382537850258e-02 1.204587364785000003e-01 3.389560585328459941e-01 4.096595994035229782e-01 3.679979538066239786e-01 3.534545034371809891e-01 1.886403351611589951e-01 3.520249481995589846e-01 3.100113449999890025e-01 4.176221247576289985e-01 4.750477969080910134e-01 3.997855106292669825e-01 4.151417965143580080e-01 5.599864158590559526e-01 3.850322207038959776e-01 5.925676857382380369e-01 5.619604488568029632e-01 5.236231522789840387e-01 4.700965360773080026e-01 4.452775252879980217e-01 3.032654335813059765e-01 4.325495763482720135e-01 4.417239597890100233e-01 4.012721982188510172e-01 2.377685758766240054e-01 2.983124936258019777e-01 1.211327122955759977e-01 -5.113023819979820028e-02 8.422359085038920445e-02 1.782881472954770119e-01 1.388216540181829994e-01 -7.471397736005400136e-03 3.950971852634169723e-01 3.460312267322049884e-01 3.857302264869780228e-01 2.197405914415679895e-01 3.512452423785160094e-01 2.969783799099030008e-01 4.441032422903670174e-01 5.578789878974730332e-01 6.066636477492169943e-01 5.848624789380879596e-01 4.370611064877160112e-01 3.658957088473460129e-01 4.882653806818950115e-01 6.173991238359080036e-01 5.052705460618930333e-01 5.321162343260960048e-01 4.173492482920709845e-01 5.411504531564119702e-01 4.106553001524850255e-01
4.364717413830819792e-01 6.034630889316010549e-01 3.880963831909720052e-01 5.062785015844060155e-01 2.465725781783699999e-01 5.431224174092540435e-01 5.130953743711199611e-01 6.548115227605929567e-01 5.299567325259060269e-01 5.417583651643419485e-01 5.552740883696769547e-01 1.000000000000000000e+00 6.370319673553560547e-01 7.390836962555800138e-01 5.026180916480710303e-01 5.245105289045669528e-01 3.963926829878169911e-01 5.304344335402250143e-01 5.564619036970339661e-01 6.234868725726829819e-01 2.247004722146209998e-01 2.869873768386920210e-01 3.578303398451139761e-01 4.596249798332119885e-01 1.668646070195239917e-01 1.710915107811359914e-01 5.000145925852970130e-01 5.046601239595770449e-01 3.081730323783850034e-01 3.953633111896390218e-01 5.180828460879429720e-01 5.377007777254489973e-01 3.777576770882130064e-01 4.863202917078199849e-01 2.637387945671270106e-01 8.616491879550529365e-02 3.035047627059490050e-01 2.977995639813940110e-01 2.686793683473310060e-02 1.175005183468579989e-01 4.052709790345420116e-01 4.325850748860090023e-01 4.369082106198070026e-01 3.886732207968239816e-01 3.081143940553099925e-01 4.381160400986420234e-01 2.483373102271909938e-01 3.970502366390110116e-01 4.509802976210470216e-01 3.404266844132329828e-01 5.519281605518809863e-01 5.731163031526480545e-01 3.491211854877990239e-01 5.037528423341369743e-01 5.883699899656470444e-01 6.570339278518709802e-01 5.254744596307130422e-01 6.014084366648999591e-01 2.140387745954399901e-01 4.497432458838899749e-01 4.303650105231550116e-01 3.796303708754659723e-01 4.195684310046750021e-01 4.390915640911690065e-01 4.916664539894390062e-02 -2.845411424083730059e-02 1.359586436347529938e-02 2.009511753485219987e-01 1.206511411255670047e-01 -5.187295904797559892e-02 4.161518949820460223e-01 4.264475891331629964e-01 3.840560366328930053e-01 3.096707178457799858e-01 4.536859674034359746e-01 3.935736381969989761e-01 3.567036229096299804e-01 5.761808577445179935e-01 4.875267840489789783e-01 6.458868646678049830e-01 3.711336689311069970e-01 3.660033538179119916e-01 5.069395508168299536e-01 5.835049903127530468e-01 4.898997464046839778e-01 6.193515919033899531e-01 5.606876957095220382e-01 5.519276355432319869e-01 4.651948949869409988e-01
4.438569374662980072e-01 5.128565391894439607e-01 6.090482763978739555e-01 5.744919511232170484e-01 3.700593057482359782e-01 6.099855421765120189e-01 6.405339134418209790e-01 6.900280121076539652e-01 7.201718244712139727e-01 6.130475367209820003e-01 7.769334921157660112e-01 6.370319673553560547e-01 1.000000000000000000e+00 7.404919834046900240e-01 7.567586868387470300e-01 6.958676438206049530e-01 3.463869564015930047e-01 4.901145966892639927e-01 6.400931269173300020e-01 5.871347847548049614e-01 3.053059473462180207e-01 3.838117206193439879e-01 6.386884433940940298e-01 6.392141950510330517e-01 3.597260233948270103e-01 3.878007299784370088e-01 5.251433334310250389e-01 3.352627595007010020e-01 5.459481349989629972e-01 5.387598351539419905e-01 6.058608105253679987e-01 6.108808214075790444e-01 4.402449250066710063e-01 3.394003298462470175e-01 2.793716935542739921e-01 1.846346167432990071e-01 3.965957262010830209e-01 3.481688873588379973e-01 1.042175801094819970e-01 1.214010868848540009e-01 4.776269943213339864e-01 5.022483542606620555e-01 5.079300974541339775e-01 3.063926922751850079e-01 3.697131971707199871e-01 3.982226361991569874e-01 3.520597053459399994e-01 5.038416029166800092e-01 5.690521590880139868e-01 4.636161613934869918e-01 4.715631358064150125e-01 5.706247862498029511e-01 4.553378775530519951e-01 6.439232022600089866e-01 6.968033112964400200e-01 6.470893782113920079e-01 5.200153607938450273e-01 4.663087434370399853e-01 4.139064879601440095e-01 5.265447594232119943e-01 5.095426085778650416e-01 4.865743561984389731e-01 3.210378725642640263e-01 3.725723628662769848e-01 1.731631861050700050e-01 -1.174932789906319927e-02 -2.403841857176549843e-02 2.283916556445350077e-01 1.308106100929440074e-01 -8.578355465279900727e-03 4.581156227987169816e-01 4.539015752765599987e-01 3.629730306182800126e-01 2.615048293479719788e-01 4.104078185574119852e-01 4.005241695699650051e-01 5.935890841025199816e-01 7.003406652842879554e-01 7.332266833581400078e-01 6.888635864629200078e-01 5.348291508777810455e-01 3.935054418767660045e-01 5.722216993934230445e-01 7.210164073907749938e-01 5.488674159135109587e-01 6.315475247777090351e-01 4.070971968554700227e-01 5.319825463030549706e-01 4.873889569581200121e-01
5.136443143937979849e-01 5.982073282147399862e-01 4.378934027789779804e-01 5.367275301942699972e-01 3.291320213667450201e-01 6.201650699541240153e-01 6.351486192508319917e-01 7.143201457402019727e-01 6.322750666257920260e-01 5.781295377515079936e-01 6.133900801957870019e-01 7.390836962555800138e-01 7.404919834046900240e-01 1.000000000000000000e+00 5.807718618103889785e-01 6.333105270048150492e-01 3.971981600045200178e-01 5.113440830604579768e-01 5.693971389438829966e-01 5.895589085678509811e-01 2.969374117666189750e-01 3.818531541488269787e-01 4.289841199882939993e-01 5.241135180339899780e-01 1.879022696530560088e-01 2.089277548042479948e-01 5.779646334670269781e-01 5.275198957212939854e-01 3.910626857025569780e-01 4.833218368740139770e-01 5.577004012687729606e-01 6.015909386017590510e-01 3.994977779000860041e-01 5.328160350172760351e-01 1.556439519221390066e-01 8.167468669174060558e-02 2.415273383500350091e-01 3.194162675248070071e-01 -9.649025778199460390e-02 4.783258351699250233e-02 3.970175579044130099e-01 4.489635063118970204e-01 4.957147713374019937e-01 4.131167020722339989e-01 2.562687818731059775e-01 3.147338134639550145e-01 3.167680550911169957e-01 4.912645988541999853e-01 5.618242590172589646e-01 4.380101347350299767e-01 5.619257055695560110e-01 6.313971731675139809e-01 4.492858099557059948e-01 6.058362332690939711e-01 6.643977692933119572e-01 7.001346028801449517e-01 5.090616775480369949e-01 6.278422328752819581e-01 2.358605827356410056e-01 4.655936363403559985e-01 4.929478042646049940e-01 4.407795384782050019e-01 3.747663494020450070e-01 4.392018963406639775e-01 1.980236161604929934e-01 -6.728604549026399873e-02 3.597991678338829935e-02 1.309807660573329979e-01 1.725191509948650059e-01 -1.310554734930579890e-01 4.677582710711569725e-01 4.672576492765569967e-01 4.895708543842660077e-01 2.944702377164810092e-01 4.701603117473779903e-01 3.847600338531290132e-01 3.577375948296460106e-01 6.016304580683800030e-01 5.348804650412569694e-01 6.351883288835860064e-01 4.750329132333649951e-01 4.917386323597490172e-01 5.992475651250419588e-01 6.564853323435679844e-01 5.423877716425129503e-01 5.756875529610410158e-01 4.278319417374820133e-01 4.974877920064390002e-01 4.303261330079110047e-01
3.702534470329330030e-01 3.997611400033190265e-01 6.114113885910149593e-01 6.158448707860539884e-01 3.267617694844550114e-01 5.666143414492339492e-01 4.647568598169740106e-01 5.364561601621019582e-01 7.010810293928789738e-01 5.598626494012479693e-01 6.254055809847669511e-01 5.026180916480710303e-01 7.567586868387470300e-01 5.807718618103889785e-01 1.000000000000000000e+00 8.046776906114769812e-01 1.647385230510740040e-01 3.312716438957409859e-01 5.581230541139059476e-01 4.996022957834819755e-01 5.535419215168400076e-01 6.083406115276499548e-01 7.612417558719709598e-01 7.407106020961620185e-01 5.531869613623670023e-01 5.364352534363919789e-01 4.389754667447799963e-01 2.508961625526600070e-01 6.308184977235610225e-01 6.827541314498409841e-01 6.460532453558619492e-01 5.947432027520980213e-01 5.721190834273509607e-01 4.020391320159730220e-01 3.648188869652799760e-01 3.662539516669490181e-01 4.452923561299459987e-01 4.247896063379270060e-01 1.825501255371839993e-01 2.831924311542249884e-01 4.466751165412339852e-01 5.077640047062510487e-01 5.279920443849970280e-01 3.595595939759809734e-01 2.467029189880780016e-01 3.161256850618919811e-01 2.581357601073980268e-01 3.457698708553739730e-01 4.531932116063659977e-01 3.856079262137290242e-01 4.024949792443099916e-01 4.919740377090580097e-01 3.248937119378459970e-01 5.636894551525210018e-01 5.996858903424390208e-01 5.381118734398380177e-01 3.363366481178139966e-01 2.996046475480220184e-01 5.539537011240109887e-01 5.643829602211359875e-01 5.325693368180579590e-01 5.260980770897359937e-01 2.738072955537019793e-01 3.320792202490039924e-01 1.938818207600389865e-01 -6.778075622730199423e-02 7.855731473850340041e-02 1.800967928208629942e-01 1.437444344177840061e-01 1.253351063103189944e-01 4.901627414055719778e-01 4.823850309819689985e-01 2.943001025320780006e-01 2.800448769484349953e-01 4.050862985819759787e-01 3.387662486724369870e-01 7.006234219545840469e-01 7.399101856504519681e-01 7.648264371839940123e-01 7.032406162824710316e-01 4.539265605085119892e-01 3.007533205000910148e-01 4.530346454198480033e-01 6.520452862936669813e-01 4.632942104082850010e-01 5.333929066208209502e-01 3.300122322278279952e-01 4.470441415629530235e-01 3.937282510669979918e-01
2.916857472007949870e-01 3.834892669396379739e-01 4.640768545658269795e-01 5.812597629747889849e-01 3.250857324946280213e-01 5.177316220754140108e-01 4.027658163099149813e-01 5.289197802865810427e-01 6.312715370771070367e-01 6.241020573112660008e-01 6.132192229134819650e-01 5.245105289045669528e-01 6.958676438206049530e-01 6.333105270048150492e-01 8.046776906114769812e-01 1.000000000000000000e+00 2.115327950423120107e-01 3.088278544954909943e-01 4.771205702490349809e-01 4.808033560073770030e-01 5.841552975089989719e-01 6.700448372063220193e-01 6.544825321496789972e-01 7.292733495955050493e-01 5.809287696501690412e-01 6.371529214879559921e-01 4.044192416705300053e-01 2.710098372871119765e-01 6.705609544594489657e-01 7.202200650791680259e-01 6.286583089667659996e-01 5.966752992029420444e-01 4.962265696748390242e-01 3.512420513601169914e-01 3.168868016113070007e-01 4.135072112771460140e-01 4.995663263389439890e-01 4.626170353560680182e-01 1.829309515623240012e-01 2.654928797698429821e-01 3.544823528942899760e-01 5.017304489802379974e-01 5.676821066399539983e-01 4.202747160556299932e-01 1.851133132416259985e-01 2.710488702810139872e-01 2.001059061078619972e-01 3.368550522344980203e-01 4.888139491470410158e-01 3.682876224287819911e-01 3.038113226411580103e-01 4.058892410218180036e-01 2.573760472275329891e-01 5.545512558084959576e-01 5.156030896986659728e-01 6.014726725514100147e-01 2.101242549525509928e-01 3.558005376549420173e-01 3.611307094069650114e-01 6.991122014564760123e-01 5.019695045904509767e-01 5.142610248914519788e-01 2.046131324727329948e-01 2.537294886799930094e-01 1.445246751686239950e-01 -8.766594029911760344e-02 1.365854285547939972e-01 2.300871109547749926e-01 2.115462272921850018e-01 1.795759575615029913e-01 4.195059270536720120e-01 3.941693213705579901e-01 2.933904775197689885e-01 2.474857915699270050e-01 3.332165652562499858e-01 2.862438975882830028e-01 5.938736843463410242e-01 7.604704152132779615e-01 6.154938583455390466e-01 7.270430374432990117e-01 3.307920431669030270e-01 3.154314410435339888e-01 4.990838595247339970e-01 6.098223320372919698e-01 4.915518488009200104e-01 5.014344809366579891e-01 3.065704450856939767e-01 4.139085298295099857e-01 3.415952710802049874e-01
2.975447731837109755e-01 4.492024664826210212e-01 8.539122236384390219e-02 9.407262375580660585e-02 7.570210382675120198e-02 2.743780968739459869e-01 2.244195309560949869e-01 4.049641898316669875e-01 2.819127814420019917e-01 2.784253569330290001e-01 4.314403942903010103e-01 3.963926829878169911e-01 3.463869564015930047e-01 3.971981600045200178e-01 1.647385230510740040e-01 2.115327950423120107e-01 1.000000000000000000e+00 7.973337023693990444e-01 4.951365642344859874e-01 6.073308572777510461e-01 1.199085384920870051e-01 1.050729092572979945e-01 1.235045495867480025e-01 1.800322234409199862e-01 1.398320015507610037e-01 1.769282727321029869e-01 6.696376971929860478e-01 6.164214317954199718e-01 3.442002160946079914e-01 1.892770977520359943e-01 2.980153979399339792e-01 3.907839401473590102e-01 2.295975668180000040e-01 3.072172057201250084e-01 2.780239475903860114e-01 1.482768900934239992e-02 2.004959188360440070e-01 3.140882816020850177e-01 8.523831757256250530e-02 1.541389805825449932e-01 4.039551942003860030e-01 4.840826736983639966e-01 2.894885816499729869e-01 3.777777508525210215e-01 2.933914088897929817e-01 3.211656584740310016e-01 1.313523490633149993e-01 2.308270102029019999e-01 3.335304814584810207e-01 1.861099113720930120e-01 3.912706110970010087e-01 5.800538741507970109e-01 7.494625222212289439e-02 2.970215513410029984e-01 2.580229958256520240e-01 3.167912682570159788e-01 4.078657122158800274e-01 6.218381032092370475e-01 2.117542510542549938e-02 2.008113704077069961e-01 3.182696604795530182e-01 2.158872340234969933e-01 2.729886694575420214e-01 2.690060681834769984e-01 9.141835812859989974e-02 -9.429405681217099822e-02 -4.778120084236719967e-02 2.036060232991560026e-01 5.977030714311529908e-02 5.895757695587400260e-02 3.377367864954640142e-01 3.466380733906960221e-01 7.913417976396319720e-01 5.178226973575410508e-01 5.003009573463590431e-01 3.583015530549800154e-01 1.883960469322389919e-01 3.414950584182929738e-01 1.175092142570750009e-01 2.947638622864470204e-01 6.535672371248510415e-02 1.520310926880419911e-01 1.844557835287199965e-01 1.685760954031660097e-01 3.609860447639490211e-01 3.405586293294540212e-01 3.110585223166110191e-01 2.880776699827080067e-01 4.503144902000200123e-01
