1.000000000000000000e+00 6.196833140358829484e-01 3.049546777614520199e-01 2.807196739220370052e-01 2.195315873158109887e-01 2.673872459647039790e-01 2.928576731682729917e-01 3.176340934417429818e-01 1.427078396796639947e-01 1.540779401247709957e-01 5.003045336337099691e-01 3.066964765465560183e-01 1.965703514926009920e-01 2.746882189150749998e-01 3.069306539535169853e-01 2.796812638353600167e-01 4.893909348541309878e-01 3.219514879893909942e-01 5.118655094794609672e-01 5.814307373498690534e-01 3.382647172002269803e-02 1.563632875892989882e-01 2.088221492910080079e-01 2.380942606369980119e-01 3.513780758474919774e-01 2.593294768149079776e-01 3.368369432850240042e-01 3.464114921937579972e-01 3.136340312272020148e-01 1.940173807931580008e-01 5.782883722641960489e-01 5.157531731372889672e-01 3.664991200990270204e-01 4.667231119783110116e-01 3.531297716511159757e-01 4.188420660839989873e-01 2.657523147295979826e-01 6.674016946909000492e-02 3.136760540132729758e-01 1.857516972793540055e-01 4.205407399345040265e-01 2.984001209985380210e-01 4.863344278376460217e-01 4.099734986459239727e-01 4.418601175676339921e-01 2.575731924553509855e-01 5.448531468408309708e-01 5.253586127696779906e-01 3.630415768590600223e-01 2.443203604570080012e-01 5.458762609676119926e-01 4.877224763287950071e-01 3.991755709569420052e-01 3.808137990568740139e-01 5.310754710470410034e-01 4.703953983668709982e-01 3.813105649694140120e-01 3.830398592122810086e-01 4.714729272290950068e-01 4.803599197005570254e-01 5.571035130610360042e-01 4.826018933313679926e-01 4.512352110422669926e-01 2.889481647611599757e-01 1.400595019554229936e-01 1.019903384837669985e-01 1.934253496388710081e-01 2.013304021668229915e-01 1.193477111516419963e-02 2.639306784561419872e-01 2.798051984660079872e-01 2.727078446764290010e-01 3.424381677603909879e-01 3.404535546536590074e-01 5.083553271147409625e-01 4.782397239235889885e-01 3.851281036486989828e-01 3.080193281789649906e-01 3.598003741063799943e-01 4.952933787069759841e-01 4.358182612810480028e-01 3.636064373088520041e-01 3.696869786221420040e-01 1.767805837359920085e-01 3.744347929513879847e-01 2.116204353843640085e-01 4.124136005777169767e-01 4.071546247884869768e-02 3.503233190254479990e-01
6.196833140358829484e-01 1.000000000000000000e+00 4.707031211847290120e-01 4.677007840504959768e-01 3.157230594072499841e-01 3.020693071647119754e-01 4.753139714021549778e-01 4.901485054768099925e-01 2.782296320288160096e-01 2.554440388382719918e-01 3.782132917564020036e-01 4.510502256980279956e-01 2.712629999940969761e-01 3.573067609155459734e-01 3.305541377366230105e-01 3.140435949156630269e-01 3.799873471921749735e-01 5.832440167580189572e-01 4.937253681971259800e-01 6.899242118659200118e-01 -5.096371111185350050e-02 1.975708638936060080e-01 2.712254659830580228e-01 3.747417785060990214e-01 4.201441969192989956e-01 4.012160599132920114e-01 2.269063474640710121e-01 4.637675047592180189e-01 3.634541013166729950e-01 3.341798459385019737e-01 5.471082528546089563e-01 6.062848367559540153e-01 3.916908710933220128e-01 4.022805582694650162e-01 1.224737716424690037e-01 2.409717865486110111e-01 1.888438826997740072e-01 1.830142800535849990e-02 1.740783558197430136e-01 1.261941254612120034e-01 5.137112740256920551e-01 1.771139181373549976e-01 3.414240614901860038e-01 4.114767504221210070e-01 4.059309257848969787e-01 1.891528692286900126e-01 4.628268493331090250e-01 4.168301402645769871e-01 3.077963499643669998e-01 1.470589828720829939e-01 6.092130990744469843e-01 7.934038720918920040e-01 4.105002758898809723e-01 3.476447061516860226e-01 5.831164794519529959e-01 6.090399336381010498e-01 4.770873994449619793e-01 5.921320010886790275e-01 4.786884915306520161e-01 4.483423700808940038e-01 5.359037799539210223e-01 5.253893386981329794e-01 5.461414313408730070e-01 3.917880700340520272e-01 1.960577566736889932e-01 1.939574992845529977e-01 2.767377729829539890e-01 3.080403684758949989e-01 1.123046879226590085e-02 2.405608618614019922e-01 1.308685621007960043e-01 2.011265803003179919e-01 3.612658091287079820e-01 4.375576029359150021e-01 4.464478753457509774e-01 4.819138426393069774e-01 2.273321985708240123e-01 2.414696581073410009e-01 3.760446037614270098e-01 5.040180617130960439e-01 4.032993308495180229e-01 3.628012943417420200e-01 3.998658778958860127e-01 2.205577264680979865e-01 2.035964863776459910e-01 3.756464262536719778e-02 3.051787586545959829e-01 2.923401427958950000e-02 1.636444927708730068e-01
3.049546777614520199e-01 4.707031211847290120e-01 1.000000000000000000e+00 6.146507420476540196e-01 7.331574495305890338e-01 5.220307862560950030e-01 6.361479087664769771e-01 5.866095619337700073e-01 6.485947363210130545e-01 5.708170992249009812e-01 6.347058929705130526e-01 5.740291530401869791e-01 7.351639346387099927e-01 6.401200766762550343e-01 7.518775121715209897e-01 6.342244027402239581e-01 5.087711122590099500e-01 5.994411882263950275e-01 4.476985291228680053e-01 4.200895897896609887e-01 -5.248225700801569665e-02 3.543471344091479736e-02 7.433293583292059914e-01 5.735043992950700220e-01 6.430204642401790016e-01 5.729942850528459974e-01 4.599410223146819798e-01 5.665264502047969719e-01 3.685766961161500155e-01 2.492133990241869879e-01 3.900371462501630027e-01 4.207512161293019970e-01 2.479426065698999981e-01 3.455861654553810114e-01 -7.888551024243729143e-03 1.354792377985039875e-01 7.843242551411090668e-02 -5.025069250624550343e-02 1.328517446021089954e-01 1.664595100128840044e-01 3.743707715485130039e-01 1.270385115297429923e-01 2.647828270444109733e-01 4.353689431428329759e-01 1.858560942756380119e-01 2.086236550432689907e-01 3.609882448369349794e-01 2.416911004429949938e-01 1.138917202802570000e-01 2.127910541774080122e-01 4.483505407710269841e-01 5.217588781930070363e-01 3.056755673358089731e-01 3.434747500749649740e-01 4.908673872834060092e-01 3.225098035632880111e-01 5.658914134117819517e-01 4.958847132269910141e-01 5.108643393781170383e-01 1.624499948142640038e-01 3.630128410015719953e-01 2.958068851332509852e-01 4.456497250378160246e-01 4.449789280802959879e-01 4.064290514583649983e-01 4.428472820154100154e-01 8.533318787784499593e-02 1.991457158600480060e-01 2.311260680908560072e-01 2.831797056537950219e-01 -5.281012976062510189e-02 2.749145323406870095e-02 3.963795924932990156e-01 4.420812885696119854e-01 4.651062239299230128e-01 3.389865126803829898e-01 9.937504716825019957e-02 1.404361121669009949e-01 4.974314483737299897e-01 3.861040178913749954e-01 4.069417793833169927e-01 3.846908202199860183e-01 3.485771738648050233e-01 3.363079167720109952e-01 -1.681229434797510136e-01 -3.302912583776179689e-02 7.286342433926270255e-03 -1.562173651732730040e-01 -9.707119326668399439e-02
2.807196739220370052e-01 4.677007840504959768e-01 6.146507420476540196e-01 1.000000000000000000e+00 6.086389922027259924e-01 7.314341257368199845e-01 6.231336235929120226e-01 8.121822402687920439e-01 5.454378011807770044e-01 7.038557803882580233e-01 5.289257159153369914e-01 6.511894937291079488e-01 5.083634468357790537e-01 6.880169447248579706e-01 5.044798416718290213e-01 6.442829715704480043e-01 4.454941472160670046e-01 5.537583927123580496e-01 4.861567503905490084e-01 5.274938718472059751e-01 -1.383744139850890120e-01 1.604383913861570088e-01 5.118506174195029956e-01 7.390827314152820238e-01 4.419742377668389732e-01 5.588474372222449471e-01 3.723930413204040168e-01 6.231672633297530295e-01 4.459739025898020182e-01 4.845008934605269935e-01 4.332087187002939821e-01 6.132592915742519635e-01 2.886780389260290014e-01 3.859842215915830210e-01 1.114299537515769933e-01 2.804476091137589888e-01 2.120868225122319872e-01 1.375978538133799944e-01 1.200183539142789940e-01 2.380230493537739966e-01 3.877528870900249780e-01 1.632404794770699885e-01 2.249759754520939958e-01 2.989436173354870219e-01 4.201526162959989819e-01 2.521456226841969905e-01 4.798749245582140110e-01 2.735352898529089805e-01 4.138593556223519876e-01 3.804991781938280027e-01 4.501641956631070030e-01 4.201352538338130049e-01 1.889026899351239908e-01 3.138682095226609792e-01 5.588605729825879553e-01 4.241159827558340090e-01 5.779358897413500173e-01 6.115080666464050019e-01 3.864594155784190077e-01 2.163719313919000020e-01 3.742261983799040070e-01 3.801756315924469942e-01 3.747873474401979821e-01 3.889683488773639786e-01 4.079069285894130203e-01 5.102606556408649796e-01 2.192301467129600112e-01 3.514355657510569997e-01 2.703559370879909940e-01 3.069101502293130057e-01 5.845991219998029897e-02 -5.012140390078980400e-03 4.108540730191819756e-01 4.516423527475290078e-01 5.248450172341569964e-01 5.026650578223480492e-01 1.497353246267719984e-01 3.370460844797539823e-01 4.765015999335420194e-01 5.646203406345660092e-01 5.077144691101509455e-01 6.069333649459870417e-01 5.465582442019309983e-01 2.008526505351760083e-01 9.026858480788819972e-02 7.820054273525360589e-02 1.710643950419090120e-01 -1.555810764328230122e-01 -5.658546764611799978e-02
2.195315873158109887e-01 3.157230594072499841e-01 7.331574495305890338e-01 6.086389922027259924e-01 1.000000000000000000e+00 6.512475443348749726e-01 6.176226240346890384e-01 6.879720206841619667e-01 7.426147418886159812e-01 6.181666337329110306e-01 6.059565574461920345e-01 5.564239434395890083e-01 6.801420493767860176e-01 6.290970942672949873e-01 7.136960151220930193e-01 6.201542118060709985e-01 4.741935813202919903e-01 4.888650812468239848e-01 2.829995334778139804e-01 2.790026233468559935e-01 5.571377871823989664e-02 4.183019580282520272e-02 6.050547185544870032e-01 5.057102675512540335e-01 5.316925772727929544e-01 5.311625147453079565e-01 4.623236081003049835e-01 4.745394495318689954e-01 3.545814054913449809e-01 2.148506411287159912e-01 3.376085736084549760e-01 3.655147766092620154e-01 1.317129620279099966e-01 2.962860187778679766e-01 4.242535475955610397e-03 1.102173856983589967e-01 1.134185927107960040e-01 1.975921017283109940e-02 1.489497736686200002e-01 1.009686488061640047e-01 2.610843629850149727e-01 9.901047585640519733e-02 2.262802308199149959e-01 2.768573435589720133e-01 1.470379214513649890e-01 1.420722175519139874e-01 3.387111884642919901e-01 2.016714779542770064e-01 1.651090485164450061e-01 2.512428982065800231e-01 4.041220415245380115e-01 4.044772034912739733e-01 1.795410773202160137e-01 3.652059212842250213e-01 3.991797670072190218e-01 3.692278670483180036e-01 4.791118388508430193e-01 3.948551321641720069e-01 2.657121502451880168e-01 1.939465590553050151e-02 2.679136841451320028e-01 1.982422421799799883e-01 3.742768580140319878e-01 3.340510395316009795e-01 4.710914127881070113e-01 4.277066118832569819e-01 1.255544045116800123e-01 2.200342229402539873e-01 1.865410472913260065e-01 1.295534851774519935e-01 -4.531834333763269662e-02 -1.118765441535039956e-01 3.836365352271329798e-01 3.340295860151050178e-01 4.101900576664089804e-01 2.288154309906980099e-01 7.402886408180020528e-02 1.289200109120320070e-01 3.020917689812460116e-01 2.345228370992570033e-01 3.390309328914560272e-01 4.257282201176110226e-01 2.412647830668029902e-01 2.191171338135000091e-01 -6.828308961218239326e-02 -3.028008680124430127e-02 -2.644128208368800095e-02 -1.436995101424539956e-01 -1.388263588747929989e-01
2.673872459647039790e-01 3.020693071647119754e-01 5.220307862560950030e-01 7.314341257368199845e-01 6.512475443348749726e-01 1.000000000000000000e+00 5.566122470778499531e-01 7.922768924431370374e-01 6.793263846785779769e-01 8.273716058509430482e-01 5.604161883096080432e-01 6.611282609509180341e-01 6.092526227329040367e-01 7.499909968854560072e-01 5.797261874731119979e-01 6.562913048617470269e-01 4.726889335712770035e-01 5.322951064168549573e-01 3.591307715398460165e-01 2.452107663565830098e-01 -1.654232313756530126e-01 1.510499558356399874e-01 3.773856794242950174e-01 4.669490702616390099e-01 2.568266407089069836e-01 4.166886169378170024e-01 4.248500695363710000e-01 5.856766138571669611e-01 2.532307188461460079e-01 2.499022122761840048e-01 3.124861748946409779e-01 3.891627074894040139e-01 1.775013066752079982e-01 2.773479733188550234e-01 -1.993978215996759958e-03 1.707030817629819897e-01 -4.803328761357390266e-03 2.202229827017510022e-02 7.293535065625419977e-02 1.267160323405319977e-01 1.446193599492769932e-01 5.265330218696809977e-02 1.547657158827799861e-01 1.774691670626749873e-01 2.518454719747910131e-01 1.723944705380340003e-01 3.494180009626030037e-01 1.862390614893300045e-01 3.319584015982349756e-01 2.787793226782839806e-01 3.355384932210019877e-01 3.622601458851619771e-01 5.885639060102020037e-02 2.832420223392460024e-01 4.558914783507839741e-01 3.826663937746430100e-01 5.239540621764360306e-01 4.626245471535410103e-01 2.734795016623640107e-01 1.458191049293089967e-03 1.840395801302230072e-01 1.531112553708710022e-01 2.910018973432589862e-01 2.855008667015899726e-01 4.680112283344879942e-01 5.513990066911570453e-01 1.151527092338019975e-01 2.738634610443519968e-01 1.823731978745669891e-01 2.907265879583469936e-01 -5.652247186389840194e-02 -8.825494036252400087e-02 4.400080150199269791e-01 4.380771819703569991e-01 4.346193355772710043e-01 2.819893170612520206e-01 3.989607971404880021e-02 2.029564195796700055e-01 3.089879799300250252e-01 2.614890468477260033e-01 3.824006162535220077e-01 4.816333713366819924e-01 3.056868547673530223e-01 7.548946150974129854e-02 -5.634861177849200334e-03 -1.019839633294530035e-01 7.190350259628329466e-02 -2.528882893590980174e-01 -1.242367737444780018e-01
2.928576731682729917e-01 4.753139714021549778e-01 6.361479087664769771e-01 6.231336235929120226e-01 6.176226240346890384e-01 5.566122470778499531e-01 1.000000000000000000e+00 8.051234926035939488e-01 7.647366949400690173e-01 5.697160363956800255e-01 5.796549201579359600e-01 5.825361593912889990e-01 6.747337973638869446e-01 6.508868151749820363e-01 5.130541338712160115e-01 4.613552134394580118e-01 5.728278574706739956e-01 5.443030095988869999e-01 2.748782526426319928e-01 3.139007407704499930e-01 -1.148602743680409988e-01 1.069859954338899938e-01 2.225267045317499970e-01 2.465632131954539896e-01 2.221707382463140035e-01 2.604793334889459744e-01 4.096554297623180019e-01 5.176824983085650533e-01 2.296228900570090048e-01 1.231448909112169976e-01 2.484616719379809935e-01 3.573762553935839748e-01 1.569952812600469982e-01 2.707084804013319967e-01 -2.771441798184879832e-02 8.713051301867590082e-02 5.270110774066930071e-02 4.415171904102040135e-02 1.481764075433389949e-01 1.960773078968459926e-01 3.549250122281920050e-01 1.003861122292240005e-01 2.425080523123369913e-01 3.933081712557849885e-01 2.905791235959029883e-01 1.275196290331659932e-01 5.116533396156459634e-01 3.477823921015860131e-01 3.081520914997579741e-01 2.298223639996760104e-01 6.097143460516329938e-01 4.922635686352210271e-01 2.588154593682839844e-01 2.769693656980469765e-01 4.771070500709220230e-01 4.360679378354320179e-01 7.014604976869980302e-01 5.206840963331910155e-01 2.444794640801729868e-01 1.145595242486600052e-01 3.745808694069689970e-01 2.898889295947240097e-01 3.184689413422129856e-01 4.033192390833240104e-01 3.503288922656500048e-01 4.267744203307229922e-01 9.475980312365750446e-02 2.817943151218200160e-01 1.256919107089519982e-01 1.688422898413889928e-01 2.599846835832959890e-02 -8.001873488354180330e-02 4.980328977672799917e-01 4.221998285046080213e-01 4.584174689640859723e-01 3.532188863530060230e-01 7.722413659493859825e-05 1.364289854045140082e-01 1.077493268811380023e-01 3.696167015396489841e-01 3.605170020667259889e-01 4.515270354202939873e-01 2.279715651269079990e-01 2.645129187206480270e-01 -6.406305552707169948e-02 -5.749421294703650070e-02 -3.768206661840649979e-02 -2.274397193980449983e-01 -1.246909981245099969e-01
3.176340934417429818e-01 4.901485054768099925e-01 5.866095619337700073e-01 8.121822402687920439e-01 6.879720206841619667e-01 7.922768924431370374e-01 8.051234926035939488e-01 1.000000000000000000e+00 7.481209570760259941e-01 7.471980134564160103e-01 6.176179548355109628e-01 7.047160826934549815e-01 6.742017594008260506e-01 7.923237706672460190e-01 5.858523732585709798e-01 6.515400602739960245e-01 5.508011317573719978e-01 5.774667116730030081e-01 3.788659970529529852e-01 3.847531849623490041e-01 -1.610718054837909918e-01 1.607776101190490081e-01 2.991761873820220075e-01 4.689496645643619899e-01 2.955816138657080261e-01 4.120674295351730021e-01 4.584568159082039740e-01 6.258394455284890245e-01 2.823229001198159782e-01 2.725746236421149882e-01 3.520750576047529945e-01 5.067760945711260456e-01 1.930876915688840012e-01 3.411813696062869772e-01 -3.106409606538240026e-02 1.833980931499240019e-01 2.723299587390510049e-02 1.188259201466379950e-01 1.400366955028169991e-01 1.906251930570870001e-01 2.846434604929680146e-01 1.431624643715879996e-01 2.571213543045000050e-01 3.348418914779279776e-01 3.184383811755139848e-01 2.392714922301049929e-01 5.521372343262950233e-01 3.543881626309500210e-01 4.042948798011219980e-01 3.798490307184960169e-01 5.568819800520139474e-01 4.845790179599759884e-01 2.299846809918530133e-01 3.777557088159380072e-01 5.693073980011730262e-01 5.106660687508980390e-01 6.945038924505170241e-01 5.802712571887229664e-01 3.016763484128269779e-01 1.183069649677660068e-01 3.715692640673139979e-01 3.698094182461210133e-01 3.877724390577619862e-01 4.353536077832360074e-01 4.354533909828030014e-01 5.167130145473439740e-01 1.457494007415519877e-01 3.509750498235579830e-01 1.404898025161500086e-01 2.149021827670689888e-01 9.058998022217219781e-03 -1.619530237802019879e-01 4.925719165568270275e-01 4.511744769246909814e-01 5.355159918674330388e-01 4.141492507763719910e-01 1.067640861084319936e-01 2.387556780739049922e-01 3.072786205662410008e-01 4.068168069009959753e-01 4.609640404587679874e-01 5.497789400466619458e-01 3.948317417209600277e-01 2.016423448871620117e-01 2.688810777729759918e-02 -5.005328776738220131e-02 7.930113431682410396e-02 -2.256670625478369996e-01 -1.364677761995929939e-01
1.427078396796639947e-01 2.782296320288160096e-01 6.485947363210130545e-01 5.454378011807770044e-01 7.426147418886159812e-01 6.793263846785779769e-01 7.647366949400690173e-01 7.481209570760259941e-01 1.000000000000000000e+00 7.203167572353800230e-01 5.972443993102439785e-01 5.306812808076499799e-01 7.347002145716250432e-01 6.187290553007149807e-01 7.035598591288430015e-01 5.143373511497409956e-01 4.701790182964870057e-01 4.882780905930009796e-01 2.250503014812839930e-01 1.520534355989940078e-01 -7.933941534500819903e-02 2.621958675897460150e-02 3.619693065788299746e-01 2.637829637384910275e-01 2.908022999199910141e-01 2.674168812391959915e-01 4.232357714592869802e-01 4.400428974103600122e-01 1.926826674901810088e-01 1.175605126591039995e-01 1.530679501934260056e-01 2.256941951580030137e-01 6.149689556855419958e-02 1.562900522424489902e-01 -6.560606362563610461e-02 5.166113029086120273e-02 2.586420950235139918e-02 -3.754158625523629916e-03 1.082689689771370034e-01 1.573675336476089981e-01 1.583767718415169945e-01 4.302245812392629931e-02 1.358351996869019973e-01 1.932669762952609893e-01 1.221546996149260045e-01 1.294510360785720016e-01 3.731448224473630226e-01 2.154341432582110027e-01 2.507831405416239834e-01 2.877477743782009822e-01 4.199828785506770079e-01 4.110266552934470075e-01 1.459677530088439867e-01 2.679255122742439932e-01 3.750739281994109886e-01 3.607826906775780107e-01 5.664384854029770322e-01 3.868499094375940084e-01 1.848758888472540052e-01 -6.254114965436760598e-02 1.454984344787060013e-01 3.696788034353930275e-02 2.731448321563049730e-01 3.276456884738169761e-01 4.151782757464310136e-01 4.510024448389369778e-01 5.728231123851040135e-02 1.674641440621709998e-01 7.471788388328419461e-02 7.664740385034450598e-02 -2.002521283644079914e-02 -1.695667455805019985e-01 3.742179989736370005e-01 3.414780035692480120e-01 3.527356090631549868e-01 1.973210794069029939e-01 2.113613988825109938e-02 1.629562444106809893e-01 2.076160567472480067e-01 1.971096931074879932e-01 3.945729405353680108e-01 4.786330600827650161e-01 1.741509670610210114e-01 2.451238110138879989e-01 -2.147939130643669869e-01 -1.357227763577880109e-01 -8.956500904313559330e-02 -2.610432670076129891e-01 -2.611174924135989950e-01
1.540779401247709957e-01 2.554440388382719918e-01 5.708170992249009812e-01 7.038557803882580233e-01 6.181666337329110306e-01 8.273716058509430482e-01 5.697160363956800255e-01 7.471980134564160103e-01 7.203167572353800230e-01 1.000000000000000000e+00 5.222785847831149519e-01 6.170372294656220058e-01 6.247503607958300176e-01 7.471754111344589555e-01 6.323059696722499456e-01 6.952369612429749601e-01 3.858419892483699876e-01 5.255366396032230547e-01 3.383908053554209872e-01 2.015459962359910095e-01 -2.471024198205989952e-01 7.556082213411299819e-02 3.436844871516500088e-01 4.536122586177290250e-01 2.553879223662179898e-01 3.550990477721520100e-01 2.932034006469140253e-01 5.352131879753220245e-01 1.552512946265529881e-01 1.396736208984240002e-01 1.765438611150559889e-01 3.037415233414059723e-01 1.374754048565899889e-01 2.796722993942760138e-01 -8.168802305276880171e-02 7.069377292429500359e-02 -1.215970781490500058e-01 -3.214021306372379788e-02 2.205099959138749968e-02 1.278939343136009932e-01 7.696570668867550036e-02 -7.655047684801500121e-03 9.246576741235459918e-02 1.785533719572099942e-01 1.448400689873730052e-01 1.356580169672020053e-01 3.390785562070349757e-01 1.616886084228690013e-01 2.668457575065659726e-01 2.490396490765809934e-01 3.932352313904329821e-01 3.686146200567380071e-01 1.186479468415780059e-01 2.955326456553220016e-01 4.057629397835830209e-01 3.533591798269810069e-01 5.318095894695530346e-01 4.971223922437120191e-01 2.596483228855789860e-01 -3.060812745351779857e-02 1.857808689809929970e-01 1.104478770061319975e-01 3.173816931319730084e-01 3.445172529144530094e-01 4.742250543176019795e-01 6.062358229373689955e-01 2.198061310367899895e-02 1.683387033626710105e-01 5.467911011822969986e-02 3.322787236760699758e-01 -1.178414862879129978e-02 -1.343668972258320049e-01 4.094956616763290036e-01 4.661786273991579965e-01 4.519181093530840188e-01 3.100412943049750125e-01 -8.621449614738860290e-03 1.341098561669359923e-01 3.675964400084679728e-01 3.127319672760839886e-01 3.751652351825069953e-01 4.820334980852539752e-01 3.575429191442640042e-01 1.766529544334649870e-01 -1.349399928811290117e-01 -1.770049658140830096e-01 2.183282082302100136e-02 -2.522943611563530086e-01 -2.697120191858859983e-01
5.003045336337099691e-01 3.782132917564020036e-01 6.347058929705130526e-01 5.289257159153369914e-01 6.059565574461920345e-01 5.604161883096080432e-01 5.796549201579359600e-01 6.176179548355109628e-01 5.972443993102439785e-01 5.222785847831149519e-01 1.000000000000000000e+00 7.125269825434189519e-01 7.797140068877500552e-01 7.330869155622230515e-01 6.773412611117020088e-01 6.250818298054460209e-01 8.054511639395369738e-01 6.665457301756140263e-01 4.194118878790349947e-01 3.273111583547450021e-01 -3.516496661428199916e-02 7.377227429028300476e-02 5.774889528595650301e-01 4.502333823301999938e-01 4.240762661560700253e-01 4.088510236315650026e-01 7.642622255342760296e-01 6.748541256554549950e-01 3.616193653346400083e-01 2.934352083157770186e-01 4.747712109566549765e-01 4.724820499229340220e-01 2.233259916745460039e-01 2.207706889747209911e-01 1.362104904775869874e-01 1.581032211604229964e-01 2.193436849291330037e-01 2.019754870092270102e-02 2.225095099829380030e-01 1.163253645133239950e-01 3.338103498691030180e-01 1.962510106374799890e-01 4.766297742382660241e-01 3.748162040897630165e-01 3.334343966652529856e-01 2.417131798714010071e-01 5.095692122733179730e-01 2.778957624266529813e-01 2.767248837611550050e-01 2.944823100218519896e-01 4.286127639109449938e-01 4.115037027332210107e-01 1.609578467739760099e-01 2.316869439004969888e-01 5.780842827117349536e-01 3.202096166035059976e-01 6.462362621524809780e-01 5.335914035545860079e-01 3.644998603599909903e-01 8.181773030044030282e-02 3.468605388879519857e-01 2.534274590215550016e-01 1.729880321698890056e-01 1.544767241339229935e-01 5.273915919495349991e-01 4.073606010000039857e-01 3.057839218354019839e-01 3.101012729384809985e-01 2.769010631926119848e-01 2.485979345171500099e-01 4.977736876681700118e-02 -2.994760592816969949e-02 6.101782037232810207e-01 5.298064392926260524e-01 6.563817593307470499e-01 4.621092784005619847e-01 3.168471350862450131e-01 2.706126192266610220e-01 4.006005291241209743e-01 3.461735221342350233e-01 4.537674039056249775e-01 3.739189097788440108e-01 2.655859281470949740e-01 3.778374012671569665e-02 1.064047787903719955e-01 8.822238024578099580e-02 1.112975204518709960e-01 -2.073385583797089926e-01 1.203490606887800025e-02
3.066964765465560183e-01 4.510502256980279956e-01 5.740291530401869791e-01 6.511894937291079488e-01 5.564239434395890083e-01 6.611282609509180341e-01 5.825361593912889990e-01 7.047160826934549815e-01 5.306812808076499799e-01 6.170372294656220058e-01 7.125269825434189519e-01 1.000000000000000000e+00 6.981852436170220555e-01 8.793087314409400168e-01 5.770854497773150182e-01 7.731890432222680021e-01 6.597704446151310131e-01 7.942359973074929469e-01 4.577132777334549929e-01 3.556186360337850183e-01 -1.467038239988220083e-01 2.220412140563939873e-01 4.749739505502330039e-01 5.265372662173679608e-01 2.890613330872400244e-01 4.316593209414160137e-01 6.267220306480899561e-01 8.345245506700169624e-01 3.343594029479429741e-01 3.344887097608300053e-01 4.569967486763730213e-01 5.521485964426500193e-01 2.322750268561409870e-01 2.407234288408270084e-01 -7.120562935887550168e-03 -6.519757084691289728e-03 3.070395148719740064e-02 -4.976300331891640033e-02 8.832948337045569420e-02 9.333831772207759614e-02 2.767201374809890035e-01 9.809030938464549654e-02 3.158369532379889932e-01 2.711782162323270184e-01 2.317311039829320074e-01 1.248672629443259990e-01 4.103208772398119764e-01 2.027411422333399993e-01 2.313186452585880015e-01 2.092045568239959963e-01 4.661967907377490006e-01 4.256124624161369829e-01 1.683372566988479979e-01 1.142855330789020046e-01 5.593328636108210183e-01 3.619794534451269974e-01 6.590737977947860315e-01 6.253925548474930096e-01 3.390478882167510255e-01 3.511555714213589890e-02 3.008936081489940184e-01 2.572332703853740243e-01 2.544840371305109872e-01 1.826594418003300024e-01 4.426610698181169812e-01 3.971481326758100061e-01 2.362144843080040135e-01 3.087017134638260218e-01 2.738737550865070203e-01 2.889802577990189802e-01 6.705504313740930089e-02 -1.162102496023359986e-02 6.696071114006020286e-01 6.628841262676570256e-01 5.918101077833699541e-01 5.499402342693500145e-01 1.501819003985009893e-01 2.851577358154689934e-01 3.830948057331060030e-01 4.723483395286199871e-01 4.420968377945500016e-01 4.679738579735320259e-01 3.324133211063879934e-01 -9.847160069773790245e-04 -5.280265458500470188e-02 -6.156664328895260219e-02 1.117230982419400026e-01 -3.212224087600449862e-01 -1.562413240746809984e-01
1.965703514926009920e-01 2.712629999940969761e-01 7.351639346387099927e-01 5.083634468357790537e-01 6.801420493767860176e-01 6.092526227329040367e-01 6.747337973638869446e-01 6.742017594008260506e-01 7.347002145716250432e-01 6.247503607958300176e-01 7.797140068877500552e-01 6.981852436170220555e-01 1.000000000000000000e+00 8.246839009457850311e-01 7.950682870662389989e-01 7.205918800711540451e-01 6.347895743911099453e-01 6.256781307876470022e-01 2.551186760017299937e-01 1.370156376150760136e-01 -8.688006343756410343e-02 5.810145703825980029e-02 4.978928840999550243e-01 3.653974695465539990e-01 3.598600398767550224e-01 3.464887283490210024e-01 6.402141782950460103e-01 6.370760951133519479e-01 1.362370871281929907e-01 1.124674470849919977e-01 2.163539001799859862e-01 2.826655735732139796e-01 1.307825472126399879e-01 1.547283153370830056e-01 -8.142788106031860484e-02 3.176382996334640302e-02 -3.288623103876370246e-02 2.071433570795989942e-02 5.777323991914790069e-02 8.560917046816450549e-02 1.442693190617700127e-01 2.710115535127869887e-02 3.005617028816929825e-01 3.218067461044589739e-01 6.051480045339360098e-02 1.466124970646699999e-01 3.630500944806679953e-01 1.405312169356230101e-01 1.052700936753299954e-01 2.146032455787819926e-01 3.932088433220540247e-01 3.517810440817270012e-01 1.986939502044219874e-01 1.959333314779219959e-01 4.905906960688999896e-01 2.689947966936799828e-01 6.656176456616049730e-01 4.563660926840290011e-01 3.533830725493889990e-01 -6.282096826502979459e-02 2.527504850602290132e-01 1.055741433667500007e-01 1.798697463525489870e-01 2.234386486022700014e-01 4.755638188660240018e-01 4.281388630892959957e-01 9.538470372080060100e-02 2.441195738361099932e-01 2.237200253138280082e-01 1.470423741255199868e-01 -1.793903197356080115e-01 -1.875730021515449875e-01 5.452301822401629527e-01 5.069405285574429820e-01 5.035896658374570123e-01 3.422125917195010247e-01 3.769695756998320268e-02 1.561484008763029951e-01 3.547824943637680195e-01 2.613125877890070115e-01 3.358035315267119958e-01 3.264660609322270202e-01 1.162121843396610038e-01 8.995971838005120680e-02 -2.130192625037380105e-01 -9.106100868768650380e-02 -1.298345132660879975e-01 -3.280680288594109983e-01 -2.612984853677269848e-01
2.746882189150749998e-01 3.573067609155459734e-01 6.401200766762550343e-01 6.880169447248579706e-01 6.290970942672949873e-01 7.499909968854560072e-01 6.508868151749820363e-01 7.923237706672460190e-01 6.187290553007149807e-01 7.471754111344589555e-01 7.330869155622230515e-01 8.793087314409400168e-01 8.246839009457850311e-01 1.000000000000000000e+00 6.730932739854900149e-01 8.496107233844090167e-01 6.809241150504340423e-01 7.530600933652870088e-01 4.040273398332520083e-01 2.357001622137279984e-01 -2.026988134275140019e-01 1.438627591411489881e-01 4.564820594922119890e-01 4.932323524315779806e-01 3.136955999896640090e-01 4.320749020366210225e-01 6.122480332078279464e-01 7.917875683175880086e-01 1.984986304609349939e-01 1.708413754235230120e-01 3.437298690538609924e-01 4.464479925708549901e-01 1.751546536645549879e-01 2.683371100034109835e-01 -9.789885010580590130e-02 3.524609551217650072e-02 -7.520957286128880648e-02 2.594309841409990144e-02 -2.207396300262850011e-02 8.422663193935199522e-02 2.190323072052439979e-01 5.225215124204170281e-02 2.822979840543730079e-01 3.037028290031609790e-01 2.528667205381340266e-01 2.468719265256769935e-01 4.665637583831839796e-01 2.392850932511690065e-01 2.662019794748580193e-01 3.195207603209390124e-01 4.816374637786440260e-01 4.028819870135250114e-01 2.169804695209580081e-01 1.993275996341219991e-01 5.605713348538290397e-01 3.693274804994379767e-01 7.246518280197179473e-01 6.033060916797340356e-01 3.428263252841070030e-01 3.927573309322879985e-02 3.210523614729510200e-01 2.533598692861179780e-01 2.474836496343360004e-01 2.461079626929220110e-01 4.946993556662240277e-01 4.883868783534650038e-01 1.223196830347390018e-01 2.568124352717119918e-01 2.514071081666929830e-01 3.221974579164140207e-01 -8.909299036836869357e-02 -1.462913563723199917e-01 6.722358810409599927e-01 6.379548171504180187e-01 6.239120093242109810e-01 4.632776193804230003e-01 5.928028376829629770e-02 1.924866827375270040e-01 3.799783970509270081e-01 4.007101402053009909e-01 4.265377480236660079e-01 4.385128246037109934e-01 3.100439456003269978e-01 7.325100150309230007e-02 -8.889038600057269646e-02 -2.472489495640170162e-02 4.608522764412709832e-02 -3.172286484011869745e-01 -1.980087032213919962e-01
3.069306539535169853e-01 3.305541377366230105e-01 7.518775121715209897e-01 5.044798416718290213e-01 7.136960151220930193e-01 5.797261874731119979e-01 5.130541338712160115e-01 5.858523732585709798e-01 7.035598591288430015e-01 6.323059696722499456e-01 6.773412611117020088e-01 5.770854497773150182e-01 7.950682870662389989e-01 6.730932739854900149e-01 1.000000000000000000e+00 7.085481149545650448e-01 5.269462914523059816e-01 5.077225529614799449e-01 3.681037554013449897e-01 2.598719235332530020e-01 -2.213433941543250030e-02 -1.940289535083539879e-02 6.147426171341839884e-01 4.485352106862879884e-01 5.716997325104540284e-01 4.566736956980549933e-01 5.369208771549299763e-01 5.223666325270059918e-01 2.761522121013160191e-01 1.188255028812269937e-01 3.044443443574980090e-01 3.287571913806159873e-01 2.378150342019539898e-01 3.473807630428760174e-01 1.109571836847200038e-01 1.706205103370490028e-01 1.658348956418659870e-01 1.002429188430429968e-01 1.568300398982329924e-01 1.798601267870900133e-01 1.761034753732139968e-01 1.422916662442429980e-01 2.991485042803829764e-01 3.414549872890910165e-01 1.447986585909430135e-01 2.380660516570899943e-01 3.611351671841430133e-01 2.714629249866650218e-01 2.095679557696540074e-01 3.543016133295169845e-01 4.261879437829840245e-01 3.901010570687969969e-01 2.966672637499599974e-01 3.548479526255809979e-01 5.085542024519720261e-01 3.243429366371979872e-01 5.192909634867359792e-01 3.814702499190379958e-01 4.554321892095429813e-01 5.087666087227520062e-02 3.323258029496080068e-01 2.016162937156590063e-01 2.835886383230070140e-01 3.150643267200209929e-01 4.264926350877880079e-01 3.870152022785010026e-01 1.219475540528120079e-02 1.719615039998859951e-01 1.360916622232730133e-01 1.640601947611589895e-01 2.921184472852449837e-02 -5.686860986674970031e-02 3.960280480129529934e-01 3.826635152124959749e-01 4.808103856696580025e-01 3.362338991278759903e-01 2.420288270044300138e-01 2.632395139002859930e-01 4.958506177058469855e-01 3.214573654220450050e-01 4.526471066559989986e-01 4.592658172743769862e-01 2.708235799820529754e-01 2.181343744289399866e-01 -9.074243225475819852e-02 -1.369932286242800043e-02 6.419663763341799945e-02 -1.748401048531399993e-01 -1.130182405227359993e-01
2.796812638353600167e-01 3.140435949156630269e-01 6.342244027402239581e-01 6.442829715704480043e-01 6.201542118060709985e-01 6.562913048617470269e-01 4.613552134394580118e-01 6.515400602739960245e-01 5.143373511497409956e-01 6.952369612429749601e-01 6.250818298054460209e-01 7.731890432222680021e-01 7.205918800711540451e-01 8.496107233844090167e-01 7.085481149545650448e-01 1.000000000000000000e+00 5.268477002297280443e-01 5.899142602312640316e-01 4.137881141491269732e-01 3.252934917013540206e-01 1.607213386724610019e-02 9.172484992299440032e-02 5.751216529835180280e-01 6.471936658601940007e-01 4.656111588699670123e-01 5.500364758066960125e-01 5.456699183018429711e-01 6.927510283252970025e-01 2.639545472503240231e-01 2.654413164224749822e-01 3.814227172240909902e-01 5.017115798852760378e-01 2.493427551303130096e-01 3.592734156624520225e-01 4.314093835765339668e-02 1.728427129026549880e-01 5.840365824175500209e-02 9.980870447358369812e-02 9.678177903136710170e-02 2.103964640726269930e-01 2.017318538582180132e-01 1.556061990549429952e-01 2.756563404603499801e-01 3.393363056187880256e-01 2.011575439153719946e-01 1.660572664389730058e-01 4.066754030833619749e-01 2.315578405166290044e-01 2.579116878344799857e-01 2.840279064201010062e-01 4.474049948692460088e-01 3.205417847409000043e-01 3.351148516046710268e-01 3.346443235113529813e-01 5.010086388646749489e-01 3.594033813003599809e-01 5.752893712604999488e-01 4.626787849303850009e-01 4.087236533112439951e-01 1.117207754258000008e-01 3.957715046297100026e-01 2.814900938730490187e-01 3.295548296031959867e-01 3.073893915932460197e-01 4.039425170137069809e-01 4.693077961258200204e-01 1.426915409949610081e-01 2.527604557713630240e-01 2.350334982458489874e-01 3.049184385466909841e-01 1.179908331786039960e-02 -5.937867139757489754e-02 5.231298874767279505e-01 4.997280609723199762e-01 6.081544448416750237e-01 4.789113426125419792e-01 2.173308121538169990e-01 3.691528647650940131e-01 5.436103703359750350e-01 4.610981473590730073e-01 4.260737334559450140e-01 4.486019963909410047e-01 3.808756572981070176e-01 1.240882273504580052e-01 -4.053195963430029913e-02 1.814007926248549854e-02 8.217885919997440503e-02 -2.625875795182209815e-01 -1.622207318066500037e-01
4.893909348541309878e-01 3.799873471921749735e-01 5.087711122590099500e-01 4.454941472160670046e-01 4.741935813202919903e-01 4.726889335712770035e-01 5.728278574706739956e-01 5.508011317573719978e-01 4.701790182964870057e-01 3.858419892483699876e-01 8.054511639395369738e-01 6.597704446151310131e-01 6.347895743911099453e-01 6.809241150504340423e-01 5.269462914523059816e-01 5.268477002297280443e-01 1.000000000000000000e+00 6.840768144022180142e-01 4.633086161462030006e-01 3.475582317864019943e-01 -2.847834728563080134e-03 1.034220219381079969e-01 4.198067960121010245e-01 3.670343714193199935e-01 3.612979752884630247e-01 3.636467516339019768e-01 8.064603150681139976e-01 6.831553217390300414e-01 3.148888782865940095e-01 2.384698636622960000e-01 5.145143948192020256e-01 4.895819345341910211e-01 2.193846385132690036e-01 1.598106236817259940e-01 1.580986992181580009e-01 1.564408873473989992e-01 1.779191797644670003e-01 4.389060709807610094e-02 2.167229661422880038e-01 5.079370196072689747e-02 3.001953158692129975e-01 1.136905643493039963e-01 3.876015738611819916e-01 3.359835705935410033e-01 3.829337064829529957e-01 2.704620766460599790e-01 5.635018612864109988e-01 3.093852372743869927e-01 3.818020548339999820e-01 3.388746216123039723e-01 5.008635155837930508e-01 3.666742626105879976e-01 1.647404582703629883e-01 1.252491149842979989e-01 5.962559499312880540e-01 3.001350879194999988e-01 7.773894878340710246e-01 5.357649945987530415e-01 3.578072942123050049e-01 1.521037066630220036e-01 3.331830828381929788e-01 2.427181649036860012e-01 1.492913163206699978e-01 8.786186293109070344e-02 3.802088689544240174e-01 2.879089237984689964e-01 2.324615657743369923e-01 2.217003223160060044e-01 3.507846641002549948e-01 2.727666897606240148e-01 7.973944056743459408e-02 5.898430138706119846e-02 8.145281136758649732e-01 5.844206312112759649e-01 7.766853496997490058e-01 5.139162139579379618e-01 2.875591037615429779e-01 2.717631002041420163e-01 2.942744507082870054e-01 3.959270072034600241e-01 5.086829320836949719e-01 3.770112255256389822e-01 2.937263978637860151e-01 5.072021529363600345e-02 1.141123944030270065e-01 1.786932669894369941e-01 1.227516723848010027e-01 -1.755993441410909905e-01 3.911597856586009753e-02
