1.000000000000000000e+00 5.611422534835579512e-01 4.568112495110239757e-01 3.655202741938710087e-01 5.024206767350680031e-02 -1.367386569345029890e-01 3.049604143970690018e-01 3.304000287015629866e-01 1.136619826312129933e-01 3.447986277597149818e-01 4.017685819659809754e-01 4.242749802191230213e-01 2.806500136734749740e-01 3.051762099198290223e-01 2.413726985092319866e-01 1.833516824205559947e-01 1.995610901428140072e-01 1.136731169713670053e-01 5.064378910060119976e-01 3.515977885456860186e-01 -1.818919696019619947e-01 -1.670049316595179911e-01 1.034458368368289943e-01 8.270629067861669237e-03 9.569670348196949311e-03 1.081464213525859946e-01 2.794318103775210171e-01 1.480456840784100114e-01 1.270208831281209871e-01 8.240794626524619582e-02 5.309744515071570525e-01 3.086533847114860118e-01 7.745806894530120335e-02 -6.118411041017129959e-02 3.410521548141419723e-01 1.352181280841349975e-01 1.667838524559039914e-01 -2.616326084958589884e-02 -7.247584167834479618e-02 -4.427752648488320064e-02 4.794367780511979982e-01 1.407010830120369871e-01 1.322640928612930089e-01 8.090599499458639432e-02 2.817169511788210068e-01 3.659565078155099793e-01 4.207676333818660130e-01 2.606883424076759936e-02 2.337615037895129921e-01 3.756417327178360188e-01 4.509364891643969919e-01 3.309509633648449745e-01 2.596558976329860213e-01 4.442177674482979816e-02 3.611271213118170120e-01 1.720697913287700109e-01 2.427219597226680167e-02 1.103953065050789981e-02 3.880001766874749958e-01 2.685591224330139970e-01 4.145606244745160263e-01 3.983941233666929982e-01 4.113868782853229988e-01 3.602904494692740212e-01 2.014629432204569914e-01 1.925510008318890021e-01 1.295993259554769905e-01 3.333234930983309807e-01 -1.018297272269789999e-02 1.145922979743950049e-01 2.990552683718740168e-01 2.253228068939480133e-01 1.373245596576259941e-01 1.441411054639880063e-01 3.729000187750179940e-01 2.043965652763209961e-01 4.056441858570130066e-01 2.484900424674769959e-01 3.424977201530600146e-01 3.528994410496830159e-01 3.720573370533740154e-01 3.070719474379309810e-01 3.454444157733980170e-01 2.470751395125639904e-01 3.381933571362030211e-01 3.871626062589100248e-01 1.680012133580920108e-01 -2.316417261457570098e-01 2.160731475041720029e-01
5.611422534835579512e-01 1.000000000000000000e+00 3.856927102360059867e-01 4.331144280166530081e-01 2.095604423767490065e-02 -1.417430889417770068e-01 1.895888333113980029e-01 4.201324244031580113e-01 2.449355205327759938e-02 3.410527839179020027e-01 3.757272392854200116e-01 4.194301858247960202e-01 3.408039109613980044e-01 4.121960040878159814e-01 7.894574988055200193e-02 2.583201827092149738e-01 2.152842636803219967e-01 3.041946965046780083e-01 4.561463560250260119e-01 3.698971026857569844e-01 -1.302676277130969951e-01 -6.594962525593349445e-02 6.850818562979360538e-02 -2.125000565439229966e-02 6.853296101751550629e-02 2.189098346056609912e-01 2.230323703055359930e-01 8.475702095626640176e-02 1.214970075836180052e-01 1.126729041893420047e-01 5.037738716499730041e-01 4.546407592499109862e-01 2.088248558596129956e-01 1.040560815583810028e-01 2.508544078343730166e-01 2.037975170446280071e-01 1.603446142275820052e-01 7.152962978373149372e-02 -3.701932981451409865e-02 2.999530459082700058e-03 3.203509065896619767e-01 2.816092399517869937e-01 1.105611249443640004e-01 2.427539264148139975e-01 1.709180321860939988e-01 3.462634079952620070e-01 4.742069244488639757e-01 2.124022283597880034e-01 2.286419020720840134e-01 3.846081457833980255e-01 4.299526218710180148e-01 4.341404707428210275e-01 2.307110061239679988e-01 2.050514634439100092e-01 2.264425562129890046e-01 2.734898234847950027e-01 1.400157596861560105e-01 1.156522255698179957e-01 2.866996184390109836e-01 3.391239256866849794e-01 3.627787194623169897e-01 4.503418704779290072e-01 4.283316127717670119e-01 5.473242578158340477e-01 1.461682802926849989e-01 -2.279638349217420062e-02 9.652950543416359552e-02 3.161459338896949745e-01 -1.019590160889449933e-02 2.128056388967370094e-01 1.632648397083180103e-01 1.162592548788339980e-01 5.875616783953430122e-02 1.007707258608040030e-01 2.340934239900299974e-01 3.721707853493950169e-01 3.076175634570609829e-01 1.461974442337259927e-01 3.667178338006020222e-01 3.209299873531760161e-01 3.059850430608119787e-01 2.978266992398200252e-01 3.825937484676700251e-01 3.800111452775650211e-01 2.463576521303920130e-01 3.389393805934339809e-01 2.531679828782800179e-01 -1.095929079466869960e-01 1.095723908676219938e-01
4.568112495110239757e-01 3.856927102360059867e-01 1.000000000000000000e+00 5.922790449199339946e-01 2.675395919725889748e-01 -1.154014072684070025e-01 4.416067387139340217e-01 5.775380404192029804e-01 4.140092673282330105e-01 2.421805147253220103e-01 3.256952263970540051e-01 4.276560133984260159e-01 3.295371498288430234e-01 4.119278077328080157e-01 1.833619579392720134e-01 4.531050428868759750e-01 2.745921135216349840e-01 4.347493980616150000e-01 4.308989090048930271e-01 3.908242196163729809e-01 -3.635563230285859815e-01 -1.583445613168900090e-01 3.211299214276169822e-01 2.844477435837099999e-01 3.148050628747450230e-01 2.500687988842750231e-01 3.944748731713780265e-01 3.542293532268500078e-01 2.050105179354899942e-01 7.190001778624849349e-02 6.018304369946130272e-01 4.735796696518920212e-01 1.333196928143199900e-01 1.657091264028419941e-01 -3.636822896262079802e-02 9.629958193124700527e-02 -9.059592418197040531e-02 3.675025676710039907e-02 -3.398032105642910250e-01 2.515781942318629991e-02 5.676261129522499616e-01 4.122223470326369932e-01 1.298168378148459867e-01 4.821476151470349691e-02 4.063407502664379695e-02 4.767067146548369938e-01 4.858291513380260107e-01 1.558826119883869876e-01 1.241189991182980040e-01 2.434791246340320126e-01 3.718187857606850000e-01 3.027866540335000245e-01 3.223004290241879843e-01 1.556520723533799944e-01 3.670293356725969902e-01 1.443034194029410022e-01 1.454492641283419985e-01 2.109977996702820102e-01 2.039879789700279888e-01 2.413981364026419885e-01 3.882184396115240244e-01 4.844304652791420196e-01 2.195206158886039982e-01 5.165342801389339877e-01 1.691829928755559931e-01 1.497125235529629950e-01 2.298219095617700103e-01 3.547515758317230095e-01 -1.807949136368340037e-01 4.296681994631489782e-02 1.474139130076589921e-01 3.218134695050359761e-01 2.762748984183919787e-01 3.056961993988889792e-01 4.515948178910019761e-01 3.669830951121529905e-01 4.327563928545890004e-01 3.517717703601609958e-01 5.065543430953379778e-01 4.382326002527179853e-01 4.273365875068220188e-01 4.033193058242899864e-01 3.305015601647889878e-01 4.121151836896019827e-01 1.234417008827240064e-01 3.121536404223370087e-01 2.317051841670940138e-01 -1.106809342584680056e-01 2.810238945950739933e-02
3.655202741938710087e-01 4.331144280166530081e-01 5.922790449199339946e-01 1.000000000000000000e+00 3.734788680689269946e-01 1.450687807943600027e-02 4.438719357956369960e-01 5.906848777379399840e-01 3.767429178549199786e-01 2.083282413490860074e-01 2.016930063672190132e-01 2.014611391020819930e-01 2.609237894629939936e-01 1.231911638998819947e-01 1.881953542977509997e-01 4.403188478256579996e-01 4.434989991169820123e-02 3.711166935590590188e-01 4.388772558282370007e-01 4.107240553563700214e-01 -1.142404786667260003e-01 -1.749516774173079936e-01 4.085865951076049774e-01 1.175791861748019945e-01 2.226155663941579987e-01 1.130729771176570003e-01 2.803936076316729809e-01 1.369864367816270023e-01 1.114174942446650024e-01 1.206970876405949987e-02 4.641645483426939944e-01 4.226006320127870253e-01 1.391650918639910084e-01 1.851815173285850102e-01 1.577022457527189891e-01 2.015973581839070050e-01 -4.580025358651899914e-02 3.215381601394309841e-02 -1.956218487415180007e-01 1.055049727022339956e-01 3.928067000198299796e-01 1.784308954550830051e-01 1.510196250550419894e-01 1.344327104217589997e-01 -6.797887018694799555e-02 4.670302664911800128e-01 3.391772162110450184e-01 -2.475851016159389892e-02 2.222712211852859998e-01 3.696318602704219969e-01 2.702770266373170083e-01 3.074792034272200159e-01 1.159047679662729979e-01 2.204523444297590007e-01 3.378486977071459840e-01 1.917547525627329996e-01 4.943184095546619694e-02 3.113628749664619777e-01 3.171797384035859868e-01 2.515835139461959913e-01 3.009321611640179972e-01 3.719469349989579787e-01 3.347005625673740159e-01 4.839800387974479978e-01 2.674818878965359858e-01 8.585082813806109436e-02 1.456339879090219891e-01 2.115329730383339879e-01 -1.766775597942920051e-01 1.130515255230099964e-01 1.676120132442009969e-01 2.396541993985840113e-01 -1.823596764807969913e-04 5.723539284540959948e-02 2.801037499389880114e-01 3.365346523857349892e-01 4.281559714114729909e-01 2.138853714111479953e-01 5.856824789524830432e-01 3.734396880855119782e-01 5.208767274466969965e-01 3.542340244324629905e-01 3.946756670239939813e-01 4.731871546862880251e-01 1.741433052514899937e-01 3.671700785586060056e-01 1.670409455733870008e-01 -4.084873305773099872e-02 6.526957369490779537e-02
5.024206767350680031e-02 2.095604423767490065e-02 2.675395919725889748e-01 3.734788680689269946e-01 1.000000000000000000e+00 4.974878800584640187e-02 1.569401561880169882e-01 2.214253891772270111e-01 2.675358563867760164e-01 2.484821275908859900e-02 1.569468323586349912e-01 2.648896957012500039e-02 4.315594069789480125e-02 -1.276969638996379997e-01 1.449929443525790063e-01 1.840228008233180113e-01 1.341597724648939949e-01 2.606410134580430249e-01 1.973496277776140007e-01 1.163985924482729972e-01 6.730628648557679394e-02 8.341231496544759816e-02 2.420276844563530039e-01 2.267378775845690086e-01 4.114163171292090082e-01 3.178733230970349766e-01 2.599045087495410189e-01 1.636508983267900008e-01 4.006076119495119991e-01 2.303663643725039900e-01 3.810643951591680123e-02 -5.153636673496189702e-02 -8.920457479539639634e-02 -3.753608448995039704e-02 1.181773098904339986e-01 2.214254512010870035e-02 -8.064050782924810090e-02 5.824735494786720258e-02 -8.891064725216760514e-03 -9.208489321775800707e-03 1.381449491187839995e-01 5.864533999154990240e-02 1.635947299261809873e-01 7.658358590984390424e-02 -1.551757474842279938e-01 2.178969808359700056e-01 9.035885313542270370e-02 -3.580162240131629786e-02 7.196913521816519776e-02 2.076062324421339977e-01 -9.033539289541259176e-03 -5.779852345246039996e-02 -1.025245214854340059e-01 -4.700625747456629866e-02 -1.985264791779459831e-02 8.094586841219200690e-02 1.310775941631319996e-01 1.066314306190210004e-01 8.545307368125890091e-02 5.837496669295740015e-02 7.051113674128260678e-02 6.124397019557319827e-02 -1.715067210749479931e-01 2.534624808394829731e-01 1.234384273152760031e-01 1.204024924741450009e-01 -3.191695461342809736e-02 6.970194085158940012e-02 -2.072391020907480008e-01 -9.668601783559710797e-03 2.472199287254819855e-02 8.997164381416460077e-02 5.340800582859010076e-02 2.225552478393339959e-02 1.348104695821540078e-01 5.870311450719829793e-02 1.625149248079789943e-01 9.581316877907600227e-02 1.990882292796949948e-01 2.619016084786220111e-02 3.068002349969690123e-01 2.303543255598470008e-01 1.060615943083299956e-01 1.842818332549779892e-01 -1.830441426887280121e-01 9.141374311494379623e-02 1.184726916157050058e-02 3.454627613046649948e-03 -1.727777997181189906e-01
-1.367386569345029890e-01 -1.417430889417770068e-01 -1.154014072684070025e-01 1.450687807943600027e-02 4.974878800584640187e-02 1.000000000000000000e+00 1.548920317578210137e-01 -1.242392004565950024e-02 3.126213213960050280e-02 -4.114365328243459879e-02 -9.446125602376670427e-02 -2.304598298010150093e-01 6.804471957395630266e-02 -3.568241763883560069e-01 3.412974388643930101e-01 9.469038678782830398e-02 -2.903339873633259960e-01 -1.006120163620530077e-02 1.644101472947780140e-02 -7.961235034080260675e-02 3.896502809322129890e-01 3.366565616468120137e-01 -3.571754849347349992e-02 5.820867412998229767e-02 -1.725764268250369951e-02 6.085171598124199804e-02 -3.305434261048510042e-02 1.731987931827860122e-02 2.636553799042279933e-01 2.030151416964399991e-01 -1.193877032640069946e-01 -5.452084895669109810e-02 6.271427308376199827e-02 -3.252251475189080199e-02 2.617126255837159965e-02 1.991105746341549909e-01 2.129955383682370085e-01 2.380415725124989945e-01 2.941193004771360253e-01 2.772530954595019970e-01 -1.025057489915579961e-01 -1.347623812594840043e-01 5.641103324441280181e-02 1.199472385309399980e-01 -1.180355167476069972e-01 -6.615007943288470083e-02 -2.416168817595920060e-01 -2.175176596546269936e-01 1.438071893571130078e-01 1.126753935207509966e-01 -2.203233254030680099e-02 1.393605331554360061e-01 -5.266562710342839737e-02 -2.612722284900280065e-02 1.389884670546830125e-01 2.244816589965379916e-01 -1.164817482876760041e-01 3.333708061422739899e-01 8.862861072456379441e-02 -4.970976494229349674e-02 6.752243268449620306e-02 -3.145278547198879920e-02 2.385738387128789884e-02 -1.183966056537440054e-01 1.061496831031169957e-01 1.047007852995950061e-01 1.445141014059360129e-01 -3.258783680335870098e-02 1.697314068756020089e-01 -4.159344147929060209e-02 9.928315869262380189e-02 6.595546687333500580e-02 -1.594503083527349929e-01 -2.072382148081740039e-01 -3.622661310651459909e-01 8.895786572421289506e-02 -1.063418611963690003e-01 8.665893308573309473e-02 2.956501659112750063e-02 -1.381055485017539976e-02 -1.505263027591350056e-01 -1.195584182683000068e-01 -7.873363262739359325e-02 -1.207949643034550019e-01 -1.492973391699510023e-02 7.112124395698220247e-02 -1.001208259417360052e-01 -4.159882216892629714e-02 1.713300493868739893e-01
3.049604143970690018e-01 1.895888333113980029e-01 4.416067387139340217e-01 4.438719357956369960e-01 1.569401561880169882e-01 1.548920317578210137e-01 1.000000000000000000e+00 5.245873485567329464e-01 2.416389633315869923e-01 -2.684191234757629836e-03 3.277747036237860234e-01 -1.396751374017170082e-02 2.245154718460959931e-01 -4.899463028767459677e-02 1.474554758465830007e-01 3.832953008834700248e-01 -2.640114363289680077e-01 9.949202564611399346e-02 3.493397938505690137e-01 2.117927807002190077e-01 1.499992198040970004e-01 4.183665659570959955e-02 3.184857904642079962e-01 3.681638539081669853e-02 -1.170589949673589980e-01 1.019760149581079994e-01 5.646678995679609708e-02 3.246730595389919760e-02 4.431193301801650275e-02 1.585965202674690100e-01 3.975697193653159878e-01 4.664450095043560229e-01 1.621076812282680121e-02 1.815032603930019917e-01 1.553047444657369991e-01 2.982768604913429988e-01 5.755866464870520310e-02 1.942082556212360034e-01 7.514096071139440315e-03 2.557031621445339797e-01 1.781002122648850106e-01 1.262064994457920072e-02 3.732512741509400045e-01 3.175324859049750148e-01 -6.793011148155769785e-02 1.981234030844989946e-01 2.259594829614869904e-01 -6.217736933422610135e-02 1.097540078028689942e-01 2.553363241767169778e-01 3.454655619827919910e-01 3.705766222716549985e-01 1.198848383610640056e-01 2.712065621421340111e-01 4.653904693760830269e-01 3.606442076657480067e-01 3.070706915365519971e-02 3.434535332414069830e-01 3.891150172959100262e-01 2.855721121808609819e-01 5.312100484224819841e-01 4.766244757735009774e-01 2.301991515391660081e-01 2.351376875737579975e-01 1.391427735520079922e-01 -3.648990749869020223e-02 1.092467196001530028e-01 8.761899748458179538e-02 3.555926229303860153e-02 7.103436470595350660e-02 5.181365867742170062e-02 1.314919269248470135e-01 -2.763266262568689902e-01 -2.618639150717119723e-01 -1.435408855078759982e-01 2.964947855718310099e-01 5.164649655611779772e-02 1.972724334222190068e-01 4.742975923040220199e-01 3.474543652821590056e-01 2.757252969055249969e-01 3.915289644417669912e-01 4.150649123429290266e-01 2.934429962572679962e-01 6.213882753492189909e-02 2.154222924115190008e-01 3.462453645678599812e-01 8.976675998869450279e-02 2.700781505215300027e-01
3.304000287015629866e-01 4.201324244031580113e-01 5.775380404192029804e-01 5.906848777379399840e-01 2.214253891772270111e-01 -1.242392004565950024e-02 5.245873485567329464e-01 1.000000000000000000e+00 4.263805658669799770e-01 2.457655415135369947e-01 2.979663849077540116e-01 1.828256602891739913e-01 3.087514635981630229e-01 2.613516335074390073e-01 1.205392969632940042e-01 3.486921309115130208e-01 9.514974425870950658e-02 4.068929784110340009e-01 4.345284861495209983e-01 4.700965217440800092e-01 -2.308570242100210085e-02 -2.632039475164889980e-02 3.566650988728710114e-01 1.728134075016259930e-01 1.290142346258419948e-01 2.109180363681170123e-01 2.453050382396340101e-01 1.632920300601470032e-01 1.565917803758319904e-01 1.222481537426890058e-01 5.058993336236009553e-01 4.450014954987430160e-01 2.395262136633209971e-01 1.897072573065959888e-01 1.873003681599000048e-01 1.996073282142279970e-01 6.330901571056990473e-02 1.668159912527930056e-01 -6.942859337795190267e-02 2.143617863143719993e-01 3.500437994777049755e-01 2.501410822333530182e-01 2.611174541746689726e-01 2.618872540678490179e-01 -9.306773236659610093e-02 3.583531270288610182e-01 2.379816182784449952e-01 7.155832788283039703e-02 1.743728939289339863e-01 1.793230126116170109e-01 2.304571576684170120e-01 3.393515977549689810e-01 6.895263990133269905e-02 1.730025590138840053e-01 4.163183912137439768e-01 2.678696765352089892e-01 3.829729554068309755e-02 4.412472985949050241e-01 2.729816561965989763e-01 3.330615767974089980e-01 5.051007602677619612e-01 5.689956944584769749e-01 1.691944656712940087e-01 4.174429937155729742e-01 1.816705566562920038e-01 9.665516549884299591e-02 7.273023981115869785e-02 2.320659640430310089e-01 -3.988282059748050369e-03 7.279611555019950553e-02 1.997138118747960114e-02 1.540350450963089979e-01 6.927332016613959795e-05 8.195197624350570795e-03 1.589256835143829927e-01 3.626258103854769765e-01 3.539627016791470071e-01 2.502505036933029836e-01 5.119246325631500172e-01 4.715028187845630159e-01 3.752074758277230138e-01 3.695073222784470146e-01 3.627802594181970264e-01 4.397112622080929789e-01 3.183238716165329857e-02 2.839704898314959758e-01 3.283554467389939724e-01 8.807027395649290324e-02 4.271984842723330206e-02
1.136619826312129933e-01 2.449355205327759938e-02 4.140092673282330105e-01 3.767429178549199786e-01 2.675358563867760164e-01 3.126213213960050280e-02 2.416389633315869923e-01 4.263805658669799770e-01 1.000000000000000000e+00 3.222953507778739818e-02 2.609880368615999924e-01 1.381456266320700010e-01 1.196049638141860050e-01 1.183986153004270084e-02 8.513934750665970441e-02 1.998410855321849922e-01 1.376239683486389920e-01 1.911138535355489942e-01 2.641989029374159914e-01 2.555856272304590227e-01 -4.060544992393369870e-03 -1.793299685218650019e-01 1.575750596359699884e-01 6.467708168823389780e-02 7.150841989377529351e-02 1.301532501863099933e-01 6.486432605541379848e-02 7.112270265529629931e-02 5.737460656792480428e-03 -1.349215373291270080e-02 2.544686654570390005e-01 1.705786534479649952e-01 9.349377524812789442e-02 1.643367888882389938e-01 -6.517798452349859994e-02 4.636297060050489915e-02 -1.830341447717250079e-03 1.053847992567479991e-01 -2.976025952305470096e-02 1.479300108608780084e-01 2.714353908072419941e-01 8.949640305289399689e-02 2.762101945646189827e-01 1.337917000869429940e-01 -1.483360317893429869e-01 1.212250073907999992e-01 1.365316373320610011e-01 5.979043321239380093e-02 6.265195487972009813e-02 1.718803319683580022e-01 2.136048547369119865e-01 1.396076484660510042e-01 3.830092832832600325e-02 1.163538651896320053e-01 2.561799871839030018e-01 1.444247977662289906e-01 2.385150563353529984e-01 3.350145378563140208e-01 -1.701718091885729908e-02 2.198523812173960035e-01 2.111493189064360121e-01 2.085085231172700004e-01 3.386646053158200165e-02 1.890584862530080013e-01 8.923019982603379308e-02 1.627419951949999888e-01 1.099552338118789940e-01 1.121037736147690034e-01 7.620556477486750344e-03 1.587066878500060021e-02 -3.495899871528629875e-03 1.558032940025430024e-01 -1.035041437826079991e-01 3.486823451013280201e-02 1.804637690755560020e-01 1.953642874858219913e-01 1.352594717557940029e-01 1.387485866635899956e-01 3.590232246664750160e-01 2.020175060640529985e-01 2.537220223560689991e-01 2.389636721397009889e-01 1.066850233574899998e-01 1.934931782131349975e-01 1.595116211665089908e-03 2.207595207792510117e-01 9.378283888362569376e-02 1.025279744705090007e-01 -5.967160997004919594e-03
3.447986277597149818e-01 3.410527839179020027e-01 2.421805147253220103e-01 2.083282413490860074e-01 2.484821275908859900e-02 -4.114365328243459879e-02 -2.684191234757629836e-03 2.457655415135369947e-01 3.222953507778739818e-02 1.000000000000000000e+00 1.314699428520069990e-01 3.906677842712419912e-01 1.665107573656240125e-01 3.741185333358709730e-01 2.768422968852309873e-01 1.570602317867219877e-01 3.095848333506789896e-01 2.294615623148880124e-01 7.743989673302970056e-02 1.438459781024790107e-01 -2.819805368652910094e-01 -1.776937022079579931e-01 4.653996895723690186e-03 6.361823416429270017e-02 7.218923633472550117e-02 8.129934158366809369e-03 7.150168170205969953e-02 4.658193732955739907e-02 -2.167699530005630024e-03 -6.763518366491390321e-02 2.312665744891219954e-01 1.134806808838799974e-01 1.817613501987999924e-01 3.899386004031279995e-02 -1.609360922300509880e-02 7.507371602599730021e-02 -4.314815602031730341e-02 1.388785712587989885e-01 -2.108626499627369866e-01 -9.898307181794249732e-02 3.268653872327410004e-01 1.782999519059660087e-01 3.811730978150049826e-02 1.099096205027119966e-01 1.577901478296649951e-01 6.602010875103589416e-02 1.784656171617630127e-01 2.064615478028080098e-01 7.232921006143319675e-02 1.889899355663179903e-01 2.502678625440050153e-01 8.542631917539070252e-02 2.599588174804030039e-01 7.474696492993919417e-02 1.924561151165480044e-01 -5.689080105625640010e-02 1.793586922385239923e-01 -2.581412311519730093e-02 1.540506436245369926e-01 1.531930180481919923e-01 1.907710820093030113e-01 2.226390728036879985e-01 1.047502304282579982e-01 8.625729324116429564e-02 -1.089718462997809993e-02 -2.976885750306389883e-02 -1.439416265770500081e-01 2.460775007677749870e-01 -8.844130549774670280e-02 -1.124228535520110060e-02 2.386870236594079986e-01 2.693381820758550260e-01 2.370760603722819881e-01 3.251903862792570044e-01 3.465663213925069819e-01 -1.682399102689900033e-02 1.141247104162479986e-01 -1.488816265527419941e-03 2.120941933194329942e-01 1.236182684938619963e-01 1.563115655779580004e-01 1.076175862404979977e-01 -1.808467806175510090e-02 -5.965901332773790311e-02 1.136035912940720066e-01 1.106939511422830036e-01 9.457147184357879433e-02 -8.852770425962140644e-02 7.240844827844239440e-02
4.017685819659809754e-01 3.757272392854200116e-01 3.256952263970540051e-01 2.016930063672190132e-01 1.569468323586349912e-01 -9.446125602376670427e-02 3.277747036237860234e-01 2.979663849077540116e-01 2.609880368615999924e-01 1.314699428520069990e-01 1.000000000000000000e+00 2.112162338298289865e-01 3.766020097804049782e-01 1.683462604439329990e-01 -3.087556439816449907e-02 2.551175144552459972e-01 1.469071148201200050e-01 1.712220257863389938e-01 2.280351901718110086e-01 -3.145859561982899955e-02 -3.025501939529259832e-02 -1.157528010693349985e-01 7.937300531149539540e-02 3.683513999374479764e-02 7.013042706839149598e-02 2.152299629693960048e-01 1.374270194437000048e-01 1.813363775980519899e-01 1.235079202861310010e-01 2.326665273743210027e-01 3.465411223971420207e-01 3.714041183351740050e-01 6.781448264389659808e-02 3.261305155431840075e-02 2.109153382481450123e-01 1.528239015788709909e-01 1.629164343147410099e-01 1.936722792601290044e-01 6.119976122515920214e-02 8.274666076855209662e-02 2.664466821070540226e-01 1.093999223303400020e-01 2.374925348168979988e-01 3.296880828431280053e-01 -2.570352040506819827e-02 3.034076674796090112e-01 3.671748947668629914e-01 6.704939277933999464e-02 1.532025040345389999e-01 3.478788079172889791e-01 3.494553792609100262e-01 1.166232648720200021e-01 7.824850139296919693e-02 1.148454812902480054e-01 2.406037841004219913e-01 1.851693316297109981e-01 2.100941571376359895e-01 9.226438548233470427e-02 1.130978383271170062e-01 2.302853460876219949e-01 4.312933660241810019e-01 3.478577324833190265e-01 2.273488365010229995e-01 4.145634427080460149e-01 9.332767292715180019e-02 3.478907630368589798e-02 7.999150017450580574e-02 2.139940162094119969e-01 6.659955138834659782e-02 1.549194472911739895e-01 5.464657387313560238e-02 1.838771966154290061e-01 -8.947362975762609971e-02 2.255306610144299992e-02 2.113093743741989994e-01 2.650227242501629887e-01 2.250017235844999908e-01 1.421454934235920065e-01 4.406382584905280120e-01 1.790620151946910044e-01 2.995429984385610256e-01 2.491367129311150008e-01 2.172253223719770032e-01 1.479494049878750106e-01 -2.214913094385740147e-02 1.919274310429260055e-01 1.812660380205000088e-01 2.424475639645879907e-02 -4.119654877986899701e-03
4.242749802191230213e-01 4.194301858247960202e-01 4.276560133984260159e-01 2.014611391020819930e-01 2.648896957012500039e-02 -2.304598298010150093e-01 -1.396751374017170082e-02 1.828256602891739913e-01 1.381456266320700010e-01 3.906677842712419912e-01 2.112162338298289865e-01 1.000000000000000000e+00 7.062428782671030351e-03 6.411163842018500203e-01 2.232633973993289889e-01 1.882248574444669864e-01 3.801413619257619780e-01 2.116767117878239901e-01 2.516655118263719793e-01 2.463142169522689884e-01 -2.588331824310630136e-01 -8.011246049495980570e-02 1.261681418171770042e-01 2.707781636580630091e-01 2.459624545757060077e-01 2.443850903363780080e-01 2.822372802652269863e-01 2.744137643850619868e-01 2.665743432136150060e-01 1.643916439505500038e-01 4.741476303811359982e-01 2.566425451798379775e-01 8.599549261972259939e-02 1.845517350596150019e-01 -1.056900020420560062e-02 -7.122500957768439570e-03 7.269789909607849571e-03 7.246225074071810379e-02 -2.453628014422049863e-01 7.227863280610920260e-02 3.496718321163539978e-01 2.918389483065820245e-01 -4.211078684268160233e-02 -6.843015094115730002e-02 2.296427638637839885e-01 2.690494620753909882e-01 4.892787965338259992e-01 2.212043413461859953e-01 3.328572112702850305e-02 1.972460685832800042e-01 4.149446804352259766e-01 1.098635082036829996e-01 1.094042732511130017e-01 -1.335475307104269926e-01 2.125302802133839930e-01 -7.916055711334379907e-02 2.659603866035479824e-01 -7.829348569217349507e-02 1.081175231918589941e-01 3.674512656375200081e-01 1.692110783923830020e-01 2.154698894309229895e-01 1.733381870596590046e-01 2.816332867061540068e-01 1.097985887748099965e-01 2.251988266972360098e-01 1.530691949966289933e-01 4.315626314911220063e-01 -1.904627854921329966e-01 1.308626567835279864e-01 2.563574374719689852e-01 3.578175497233169744e-01 3.209372261883339794e-01 3.524740318831119934e-01 4.548263080118110091e-01 1.837197419494419892e-02 2.705279564143919790e-01 2.246465616050929981e-01 2.728636011365390135e-01 1.661024261479449871e-01 2.411374769078150071e-01 1.294627308611150107e-01 3.497626879313509712e-02 1.509488032744140118e-01 3.612350513290800147e-01 4.138855170874219946e-01 1.071226474327109934e-01 -2.462110207468110046e-01 1.538654160116570135e-01
2.806500136734749740e-01 3.408039109613980044e-01 3.295371498288430234e-01 2.609237894629939936e-01 4.315594069789480125e-02 6.804471957395630266e-02 2.245154718460959931e-01 3.087514635981630229e-01 1.196049638141860050e-01 1.665107573656240125e-01 3.766020097804049782e-01 7.062428782671030351e-03 1.000000000000000000e+00 1.057598818906600041e-01 1.252145642273440052e-01 2.705293136059460091e-01 1.744558282598359933e-01 3.246742642871500162e-01 5.078372485370229866e-02 1.633849379147489858e-02 -1.856470797970889985e-01 -4.314283769385780266e-03 1.127002942328030055e-01 2.055748361579269878e-01 2.011911999505570092e-01 2.125436049515130044e-01 2.628026016408909760e-01 2.696950179685470017e-01 1.129034409727090044e-01 2.150067640995199925e-01 2.519113293533409847e-01 2.781194875706139991e-01 2.385932497256399998e-01 1.263824266959109877e-01 4.161549894896100082e-02 2.061956282825569975e-01 8.766327015384940691e-02 1.874977106048560105e-01 1.695996614377569961e-02 2.321047037234370142e-02 3.136560109815749731e-01 2.211912493998740015e-01 2.459193074579910099e-01 3.115222373507700038e-01 -1.383691726823830029e-02 2.947629924761859810e-01 2.148466868744630109e-01 4.084400680289369812e-02 2.320720349095480028e-01 2.985099206760339907e-01 1.950793525999489908e-01 1.319001282900059968e-01 2.386074743946730026e-01 7.652185773054259732e-02 1.458340765037549891e-01 1.649734944586219998e-01 8.883965594620979456e-02 3.969257402434500093e-01 1.828412636221500021e-01 3.892317276932980019e-02 3.446751304844030139e-01 4.173286178797059875e-01 2.934956565552899743e-01 3.857172568842299754e-01 6.341258498704189714e-03 -6.604647738834210080e-02 1.118256348883889945e-01 1.322059489875599958e-01 3.530741537653340339e-02 -1.016768329601159954e-01 3.793208209917339757e-02 1.424008512904189894e-01 1.595281458778889938e-01 2.237894665094030122e-01 3.162403480210220219e-01 3.307519099146630226e-01 2.324718934907450130e-01 2.458763666968369899e-01 2.476211975128080056e-01 1.863604404496569944e-01 3.077613232186349745e-01 1.722353243926320054e-01 2.317954827482809899e-02 1.460485635265129922e-01 -6.913397975266780127e-02 9.107576306555259515e-02 1.779039841690270018e-01 -7.573148180537289664e-02 -1.050293557356530016e-01
3.051762099198290223e-01 4.121960040878159814e-01 4.119278077328080157e-01 1.231911638998819947e-01 -1.276969638996379997e-01 -3.568241763883560069e-01 -4.899463028767459677e-02 2.613516335074390073e-01 1.183986153004270084e-02 3.741185333358709730e-01 1.683462604439329990e-01 6.411163842018500203e-01 1.057598818906600041e-01 1.000000000000000000e+00 4.795873370533380170e-02 2.438776290478940068e-01 4.993587458067990092e-01 1.154680091556789939e-01 1.025908276881670050e-01 2.070861931031650061e-01 -5.028964649206959514e-01 -2.794440699826140073e-01 4.733188946534579861e-02 1.220809350502379959e-01 1.359024229465889966e-01 1.227010309642660030e-01 1.066525134147249948e-01 2.567099020343999727e-01 7.356420884563269480e-02 -5.800026555385449922e-02 4.117437025343270163e-01 2.707493137006929951e-01 1.491973921526610070e-01 6.806290532071469779e-02 -1.232345787856290037e-01 1.430149715882420014e-02 -7.879234495339669520e-02 -5.896368902291940217e-02 -2.891691212585880133e-01 -1.598517641651530097e-01 3.269276612380049851e-01 4.619014408213220069e-01 -1.186151565898480031e-01 -8.492360284999549147e-03 2.383458586003139867e-01 1.789412041789160135e-01 4.293536610226589834e-01 3.266239125007330268e-01 -2.592470970117409859e-02 -3.981890354771910195e-02 3.570161054293550240e-01 4.201040163732980282e-02 6.119083567922790207e-02 -7.740171233999819378e-02 7.700815588832600478e-02 -9.366157013651620067e-02 3.196323060593960208e-01 -1.867406157124160138e-01 -4.126970811033740111e-02 2.824109583295170145e-01 4.572043364694820117e-02 1.732902401320960128e-01 5.275310865609079969e-02 2.116924185410339887e-01 -1.136231933014690033e-02 1.046365940617780064e-04 1.100338898578430008e-01 4.349205821869400190e-01 -1.654834476803130061e-01 1.518082994388099960e-01 8.322872673851550163e-02 3.086467358584599752e-01 3.655924181845259802e-01 4.347667332121529782e-01 4.985703408289309801e-01 -3.760331416535340338e-02 2.472718280749189868e-01 8.754236361641340447e-02 1.725706637896849971e-01 1.703519856526690135e-01 3.569971422266479677e-02 8.426225902130940471e-02 7.780094349108719609e-02 6.289656502302720664e-02 2.795034296562209919e-01 1.957202686012599890e-01 8.633221478758719425e-02 -3.447707186153989994e-02 8.555058125961320301e-03
2.413726985092319866e-01 7.894574988055200193e-02 1.833619579392720134e-01 1.881953542977509997e-01 1.449929443525790063e-01 3.412974388643930101e-01 1.474554758465830007e-01 1.205392969632940042e-01 8.513934750665970441e-02 2.768422968852309873e-01 -3.087556439816449907e-02 2.232633973993289889e-01 1.252145642273440052e-01 4.795873370533380170e-02 1.000000000000000000e+00 2.439474936517820047e-01 -5.600028655187859646e-04 7.541005683908970185e-03 1.689835985427770026e-01 2.353514833195460010e-01 1.344639293112880052e-01 1.121521320504819952e-01 9.459334202512090228e-02 2.073764738941419883e-01 3.048296316655519922e-01 1.621964696284229901e-01 3.071692131917920232e-01 1.598591520635190000e-01 3.470564975822980069e-01 2.082214690894440001e-01 1.985584708973009982e-01 -1.259966303069199982e-02 8.066377787968820323e-02 6.256570059606729461e-02 -1.310874740441280058e-02 4.953945197654489874e-02 5.236771500036759702e-02 2.204121668526489997e-01 -1.114568702233770074e-02 1.757415880471679959e-01 2.132067067833119944e-01 1.892183120656689976e-01 -5.762887720996239665e-03 -1.733869974350890075e-01 2.127786402416559919e-01 1.277049457639050090e-01 1.112386218489810064e-01 7.670454890880210042e-02 1.184978434419639987e-01 2.677948113249289941e-01 3.302021255137049804e-01 1.711932909236310030e-01 3.193560567443199938e-01 5.504627995470850327e-02 2.382950920746249868e-01 1.653304298155719998e-01 -2.263855823047530164e-02 1.763670161467179864e-01 5.108532707861500322e-02 2.574779092172310158e-01 1.030166716921119968e-01 1.754371173811170026e-01 2.971908810825629743e-01 5.628682607851789865e-02 2.156332474326279891e-01 3.442575421643540023e-01 2.509018260721729843e-01 2.524791104666539998e-01 5.296540256842009742e-02 1.387992261659160009e-01 3.882742411484749745e-01 3.622552254919689796e-01 2.477520803493080126e-01 2.379158689678149974e-01 5.298838706576349672e-02 1.219428143671820036e-01 1.108354386384119983e-01 3.047942585336489985e-01 1.397507698160569967e-01 3.523315044151850151e-01 1.461468440734040031e-02 1.086006897284459982e-01 -1.645369082461790172e-02 -8.580506982791330506e-02 3.656481762928099899e-01 2.178082593764149866e-01 -1.090241629844189986e-01 -3.497819187298419896e-01 3.780131649463759902e-01
1.833516824205559947e-01 2.583201827092149738e-01 4.531050428868759750e-01 4.403188478256579996e-01 1.840228008233180113e-01 9.469038678782830398e-02 3.832953008834700248e-01 3.486921309115130208e-01 1.998410855321849922e-01 1.570602317867219877e-01 2.551175144552459972e-01 1.882248574444669864e-01 2.705293136059460091e-01 2.438776290478940068e-01 2.439474936517820047e-01 1.000000000000000000e+00 7.676640731243129789e-02 2.041545290291029990e-01 1.872369574349490029e-01 1.869419559602510106e-01 -6.422424838899440380e-02 8.879900831672959960e-02 3.549774925719380025e-01 2.570380139429970234e-01 2.940151652774949942e-01 4.230469389120219970e-01 4.451957292673350275e-01 4.654990912334679987e-01 2.400167618459780050e-01 2.681998758840269947e-01 3.831058153594700255e-01 3.221556272889269934e-01 1.201822828311290003e-01 2.526207011360950272e-01 5.939432166583669820e-02 3.352038879134949800e-01 -4.624587020256770015e-02 1.961776679660729994e-01 -1.195544367327529972e-01 1.494377182509319946e-01 2.801493886379829990e-01 1.864605386734360104e-01 1.652872673186350089e-02 2.025447632031170120e-01 -3.039700884702909930e-02 4.965740757418939944e-01 2.771099568229969945e-01 -1.167708917285270077e-02 2.080582559644280072e-01 4.548795500514900003e-01 2.157856029031769984e-01 2.148968427711289986e-01 1.592003339484819868e-01 2.806478624753009909e-01 2.762489530902039747e-01 2.776007215683610196e-01 -2.635892372334419989e-02 1.839536893634129977e-01 1.996795738224750039e-01 9.640734854729890446e-02 3.487362577541670006e-01 4.445782259853119922e-01 2.812414252193889963e-01 3.700015949736559784e-01 1.624029169093320069e-01 1.450666951589520137e-01 1.973858643177789918e-01 4.277412835693419901e-01 -5.629954367840560303e-02 6.345047509464009361e-02 9.664942302488629955e-02 2.813246803414620190e-01 8.942048321933070143e-02 4.035033467822660147e-02 9.532469563180390182e-02 2.906300101695720173e-01 3.308908252852850174e-01 2.284097605354470095e-01 5.857406019841480127e-01 3.559366747635669959e-01 3.813320227152929842e-01 2.752414851605869961e-01 3.751028530258210258e-01 4.077141979733390209e-01 1.115710001290930002e-02 2.963425047669909773e-01 1.697564708156850122e-01 1.024347994265080025e-01 1.873305398696229959e-02
1.995610901428140072e-01 2.152842636803219967e-01 2.745921135216349840e-01 4.434989991169820123e-02 1.341597724648939949e-01 -2.903339873633259960e-01 -2.640114363289680077e-01 9.514974425870950658e-02 1.376239683486389920e-01 3.095848333506789896e-01 1.469071148201200050e-01 3.801413619257619780e-01 1.744558282598359933e-01 4.993587458067990092e-01 -5.600028655187859646e-04 7.676640731243129789e-02 1.000000000000000000e+00 3.067117487766580219e-01 -4.364270941530069836e-02 4.525317997943600207e-02 -5.333073399902660272e-01 -9.709520237019560185e-02 -1.120626038460210000e-01 1.617994830964530062e-01 3.522612404932820018e-01 3.503328524562430157e-01 2.665783611101810169e-01 3.393825996580799864e-01 1.003788797347519995e-01 2.510203195977169996e-02 2.152258195583330036e-01 5.797388330720679855e-02 1.562379932214980061e-01 -8.040908466610530159e-02 5.088313082886419814e-02 -6.683578893672439958e-02 -9.763170807694940279e-02 -8.058881031902390135e-02 -2.921744561577550026e-01 -2.509095305611179771e-01 3.767231716280139975e-01 3.626760381711430226e-01 3.701317346514319817e-02 2.132385796122740138e-02 1.372829285135279964e-01 8.752317553414160067e-02 3.041576648118600179e-01 3.624113130777770198e-01 -4.996288603379239572e-03 2.006636249563389929e-02 2.383361985201969957e-01 -1.877661814983850042e-01 1.525387170547380100e-01 -3.979760210034719720e-02 -4.215083420717710000e-02 -1.046638750446319960e-01 3.522957537056010113e-01 -1.523115761744240071e-01 -9.064145198761150435e-02 8.956021975609969321e-02 2.347964437209629912e-02 1.936436560509609967e-02 -1.780566298103909983e-01 2.012137681698110137e-01 -2.324301736013739943e-03 2.133597637963919880e-01 -1.022043756491539945e-01 2.936257528679719897e-01 -1.979756111787130124e-01 2.501008846806649852e-02 -5.670430536701370067e-02 2.715454622874080015e-01 4.161995728922660009e-01 5.856093805171560529e-01 6.054510549863679758e-01 -1.191578194265440066e-01 2.888248504936529737e-01 5.803298060220789950e-02 6.494304419006739770e-02 9.309102873558020019e-02 1.296535273093480101e-01 -5.115257517861859782e-02 1.762978686370459888e-02 9.907510997350649565e-03 3.327972302576150121e-02 -3.184405770580080175e-02 5.738116359865830240e-02 1.003739173894540038e-01 -3.251210992740690142e-01
