1.000000000000000000e+00 5.398358595865150322e-01 4.524534246089900180e-01 4.115597326389859867e-01 8.598412213320380526e-02 4.574368779059669876e-01 5.179304032633029742e-01 4.508821091960960037e-01 2.565693374066569943e-01 4.326223185627580126e-01 3.168281192904029986e-01 1.308634245286200044e-02 3.743648697899660260e-01 5.254206713471679807e-02 1.190738412702089938e-01 5.708154188602759804e-01 -1.449272889920019958e-01 1.927081908333959925e-01 3.889385179407630067e-01 3.123257789699679932e-01 1.979296495639039921e-01 4.231849630471670037e-02 2.948354242034120221e-01 3.645643606217820187e-02 3.553945799383109727e-01 3.907480763131019885e-01 -3.133342671037899763e-01 -2.679418496189530097e-01 -6.893098374692300037e-03 -1.354694202369400025e-01 3.832846305232759931e-01 2.443811476285419892e-01 2.939450414625380259e-01 1.076123610459600033e-01 -7.278300846386930034e-02 2.344549626483229954e-01 -9.980880502610429972e-02 -1.903063105692669871e-02 7.270498253557230138e-03 -1.596558223407849874e-04 3.779410607880869799e-01 2.710781449749580241e-01 -9.487485083931999907e-02 1.700319994192890094e-01 -4.518723152791480346e-02 2.320966260293129968e-01 4.111679006286180216e-01 9.081888842524189764e-02 1.890078113165739870e-01 1.369966309436509988e-01 4.856410830067420248e-01 6.131540026986620484e-01 5.012209659471970058e-01 2.752555108641139836e-01 2.438484374147250056e-01 1.168242238559669965e-01 8.936842969593930541e-02 1.415769984499440082e-01 -7.927304067465890114e-02 -1.265491217986600136e-01 5.784274494287300339e-01 2.302484823267000047e-01 4.087618289593989984e-01 5.811184539497189494e-01 2.109332246211040041e-01 3.883361520835099806e-02 -4.990451429684639867e-02 -1.367161301291900111e-01 -4.204200913014279756e-02 -6.251057647916440085e-02 1.198088243191550023e-01 1.294404550905040030e-01 -8.122976334061129955e-02 -2.972427544284390044e-01 5.105268300279879740e-02 7.554602768987890571e-02 1.705209466487100090e-01 3.053276351340949990e-01 5.030058233577959781e-01 3.730926825697509774e-01 4.768329469620770089e-01 3.213918877918989780e-01 2.981297409089729844e-01 5.880034773467890385e-01 -8.850953303456779442e-02 -1.097613208955269953e-01 1.976687144969260096e-02 7.686029724187669332e-02 -2.932153847213539999e-01
5.398358595865150322e-01 1.000000000000000000e+00 4.116697787998869762e-01 4.228182068251010173e-01 5.477856516620790289e-02 3.206570834842589757e-01 4.567871565677290024e-01 5.522524704503379844e-01 1.573252336911800109e-01 3.400219390036919864e-01 3.582088030647460064e-01 1.890488971007329988e-01 1.887653598566080004e-01 1.981722307888789947e-01 2.836934703974169913e-02 4.729802802897060121e-01 -7.108373246485009782e-03 2.924384136413130109e-01 2.865220602167750097e-01 4.055091605235249808e-01 1.967223573451810092e-01 -3.109511152690319982e-02 2.505123588941299828e-01 2.353343902560370016e-01 2.681870798887560081e-01 2.700154573937230129e-01 -4.674408426783079745e-02 -1.121906402008839981e-01 1.009388680364620011e-01 4.024282715330750049e-02 4.950777696788210003e-01 2.672587442714229877e-01 2.349205230292119861e-01 4.525818712807200273e-02 -2.389143989651869998e-02 2.784620647787879877e-01 1.681093049437129908e-02 -5.163465171770820206e-02 5.801235742987270044e-02 -5.564226377076490065e-02 3.436173861952809827e-01 3.367785575922759844e-01 1.470700178046429885e-01 2.033096089881560042e-01 -3.169095422405059786e-02 2.855032049364559787e-01 3.820214910069100189e-01 2.089999181524070104e-01 2.524019996444030189e-01 1.740472857181049882e-01 3.637520847350430020e-01 5.259685610104469777e-01 3.518328088540689791e-01 1.869633856076159950e-01 1.221122247402180033e-01 2.362427733697080035e-01 2.384821609263050035e-01 3.250371754795149948e-01 6.878598718807260592e-02 2.018472217094690116e-02 4.694138294555350033e-01 2.493637810791760057e-01 4.429773942591069824e-01 4.232520069743350155e-01 1.290018609688609874e-01 -6.488503908123209596e-02 -1.155191261662879970e-01 -8.209568715121280669e-02 -4.366896339607279770e-02 -3.844846018839950114e-02 -1.091413573013619992e-01 -8.496941494386030247e-02 1.032399727773619935e-01 -7.313363887141059727e-02 2.263248709553480065e-01 3.145191655760650185e-01 1.048636748916360051e-01 2.637778158362419911e-01 4.115603393700820178e-01 4.259493997657369802e-01 4.011983106411800004e-01 2.804287555212899852e-01 3.538105715472870116e-01 4.360603432154440129e-01 1.563494096882309947e-01 5.762403892624459734e-02 1.051856394372760045e-01 4.258438308698200142e-02 -1.337362901358510048e-01
4.524534246089900180e-01 4.116697787998869762e-01 1.000000000000000000e+00 4.543492394104590160e-01 -2.434604737235699853e-02 3.485714371547929957e-01 7.170864467817340548e-01 5.141351412224559603e-01 8.825164270447000137e-02 1.897256758592600068e-01 4.341863400779710225e-01 2.023869757413110093e-01 1.838780660726309912e-01 3.366168278219560106e-01 -1.125675709797220037e-01 2.383734339056259866e-01 2.077882217448260016e-01 3.686167467480400139e-01 4.381176716065600107e-01 4.357037728224409934e-01 1.050230301154699980e-01 2.693250003437110129e-02 6.994227083700590430e-01 5.579133024318320144e-01 1.390846205006650016e-01 2.484259889680260069e-01 -7.034079355106200027e-02 -1.458561407986390043e-02 2.618250439261939899e-01 1.191822287044470019e-01 4.442948059513119885e-01 1.986491668988880077e-01 1.761890645587420035e-01 -6.000778597226129676e-03 -6.653109129177380010e-02 5.319325145022969492e-01 -4.300387519264989994e-02 1.145162649306710051e-01 -7.525111688677099675e-02 1.021023095875989994e-01 3.297933341366179882e-01 3.189106475295049870e-01 2.654849654282939730e-01 3.554752161799190069e-01 3.125194875971370329e-02 2.160134489699269966e-01 3.692050872538020223e-01 4.782171944855559964e-01 1.509575278538989873e-01 1.998681693510399870e-01 4.864849526231510013e-01 3.213710815283690181e-01 2.326375489157209986e-01 1.909380492144920061e-01 2.861186666931520017e-01 2.494274062466929898e-01 3.010031490769239926e-01 2.528204512045200136e-01 1.347217998312990050e-01 1.185783230027679935e-01 3.532305090318920149e-01 3.295841828257600192e-01 3.126587045318179880e-01 2.592802115328269874e-01 7.409701330825819998e-02 -1.270051988969070067e-01 -2.089149923652020013e-01 -6.115177098825910068e-02 -1.116999523746040057e-01 -1.334504671531059894e-01 -2.510765609677729771e-01 -4.031884182589789978e-02 1.386767584008380128e-01 -1.075113278959620028e-01 1.239572634965619979e-01 3.338656140651720117e-01 7.679762616774879480e-02 1.291006254612649951e-01 5.406333337025910346e-01 3.450165552402820190e-01 4.039896280963750086e-01 2.178701374635129973e-01 4.578064277927609838e-01 3.113574086997230039e-01 1.321957646190400071e-01 6.301341713407690448e-02 9.724649370550859928e-02 5.417773180921749837e-02 -4.287106987593960333e-02
4.115597326389859867e-01 4.228182068251010173e-01 4.543492394104590160e-01 1.000000000000000000e+00 2.007827776022680019e-02 1.627734144055880128e-01 4.876678289026319946e-01 6.588103979027970514e-01 1.232328961129700029e-01 3.155301204317100261e-01 2.288153106466629949e-01 1.056604347656229931e-01 5.263785109409670204e-02 2.339570033359499868e-01 1.102114009726700011e-01 5.467975786973090502e-01 -6.067088999984689840e-02 1.654967932735730007e-01 3.361410619399219923e-01 5.049268885479739621e-01 3.793098543015249735e-01 2.121687267380890085e-01 2.551602570521749880e-01 4.000543852206839834e-01 8.652395515192060071e-02 1.584481146392340001e-01 -1.513630331567110132e-01 -3.272554859491200174e-01 5.910479001906290136e-02 -1.643977778891619890e-01 4.204230242592419953e-01 1.561064957435910061e-01 2.259022060518059982e-01 1.314963677139819875e-01 3.143666878192870051e-01 3.346185136342860189e-01 1.709204401392759864e-01 2.579924745755419746e-01 2.232169311782800092e-01 1.305585404453379894e-01 4.488857662443779817e-01 2.521109537518890220e-01 -7.084735889738849601e-02 1.648171397347029943e-02 1.191893975891659962e-01 3.873598862712159807e-01 5.159592635639259628e-01 2.354815145052990000e-01 3.042964901786139875e-01 5.237222814164790297e-01 2.903421013955390095e-01 5.157278089434389479e-01 9.072498640397430592e-02 1.972339727217579941e-01 -5.510205695261120168e-03 -2.620492271201629929e-04 1.301790521034869863e-01 9.908934851396390686e-02 -8.744192921921950523e-02 -1.197598920902870068e-01 4.709257240515870024e-01 3.294062533317890229e-01 3.383104939039279779e-01 2.911330105707110039e-01 1.281062682652250040e-01 -2.555356292746609886e-02 -2.517271710944640195e-01 -1.278946691094730026e-01 -1.621646671603620138e-01 -1.828972561666069863e-01 -2.848125451489920135e-01 -1.461962448814750071e-01 -1.202001264448969986e-01 -1.022794973299950005e-01 -3.978448814721739779e-02 2.948739348698269924e-01 3.582924797141450179e-01 3.462706717063929740e-01 5.192496826608360427e-01 5.208137952674609661e-01 4.190200826325909955e-01 4.929208367779259747e-01 4.401113928882400272e-01 4.827052501801850082e-01 -7.951786574827300613e-02 7.896924414780870372e-02 3.316700568376899916e-02 3.459418185605390300e-02 -2.605446317638239750e-01
8.598412213320380526e-02 5.477856516620790289e-02 -2.434604737235699853e-02 2.007827776022680019e-02 1.000000000000000000e+00 8.167041827647089636e-02 9.500151745108520104e-03 1.372055250827370065e-01 2.336238616014469915e-01 2.032105611880929974e-01 4.599321779387079839e-02 -1.055734138756229956e-01 7.638745331926470594e-02 9.034301668691440551e-03 1.894210260229780007e-01 1.721823032474699977e-01 5.281559137485469790e-02 -7.566494870906520509e-02 -2.340375334202090055e-02 -4.981326042635050161e-02 4.349774402719810279e-02 7.201680666552090493e-02 -4.672061316840220302e-02 -3.337345287551440258e-04 1.171113671084999946e-01 1.493666428861930018e-01 4.544975694822430204e-03 -4.019245767413000270e-02 -1.081392608890919954e-01 -1.567786727379499867e-01 7.704108636268780508e-02 6.567751175339810177e-02 8.160597805214279965e-02 1.776360518618159967e-01 1.376658305039999974e-01 8.874381461147069772e-02 1.126424724164850066e-01 4.312472303710909727e-02 8.758112049288130363e-02 7.926550356029600508e-02 9.577215747243329746e-02 7.827133732454209791e-02 -1.734118640920780108e-02 -1.990333876916809963e-01 -2.231199907062069998e-01 -1.753218291745660060e-02 2.421351058556789893e-01 7.167855130905620431e-02 2.225484607194919973e-01 1.583873366834429863e-01 -2.585558152852529892e-02 8.590267239958379597e-02 8.812072411589040588e-02 1.686054671097760027e-01 2.189336782923139921e-02 5.449469440881760107e-02 -5.618213552016210199e-02 5.921880259515360095e-02 1.140843867282080037e-01 -9.751550045404019929e-02 7.021673793227770077e-02 3.080097465398879894e-02 1.750241039101460006e-01 1.279328939116050057e-01 -1.551737606714820028e-01 -1.543388075144150051e-01 -1.286161818888670039e-01 -4.515949933966840329e-02 -1.600737502186669881e-01 -9.131778313950700277e-02 -1.996678888345360114e-01 -8.088024194295459490e-02 -1.371623436779320082e-01 -3.432341241228029777e-02 1.490229861830019986e-01 5.925014051979630297e-02 1.518875168522040020e-01 6.448939786857099676e-02 -4.109280422870630056e-02 2.428811978621880086e-01 1.902683187514540020e-01 2.009324635295819950e-01 1.779624134285459902e-01 2.030848583940740026e-01 -6.302056656044979777e-02 -2.340233739599429860e-02 1.389340553201169892e-01 1.355523915762049947e-01 -4.767643575833520331e-02
4.574368779059669876e-01 3.206570834842589757e-01 3.485714371547929957e-01 1.627734144055880128e-01 8.167041827647089636e-02 1.000000000000000000e+00 3.309961152365880066e-01 2.426472975432570067e-01 1.523799564903660086e-01 3.999115501411599771e-01 2.757175996866479961e-01 -8.392405079875700502e-02 3.501113079770299952e-01 -5.506779595729480170e-02 2.742759814313019961e-01 4.244577509848779795e-01 1.765689790034689899e-01 6.299506750764459484e-02 2.793721649199760182e-01 3.248679177888840197e-01 7.673754406847040077e-02 -2.058608399038770048e-02 1.759813033045060093e-01 1.668404212252370122e-01 2.644588334398880192e-01 3.410540478150599908e-01 9.878803589162869769e-02 -4.923039679979990431e-03 -2.772754422386169981e-02 -1.582515179424419938e-01 1.856632576064830009e-01 7.400857746491749933e-02 2.794708850188710181e-01 1.698705506208310068e-01 5.314006870606430288e-03 2.575306858106179986e-01 -2.862614437220550173e-02 5.430947024038879599e-03 1.012919723175319947e-01 7.467668608666259977e-02 4.249405145041870169e-01 2.053572849969849956e-01 3.254329963243639962e-02 1.211577436424170068e-01 -1.748939871625740036e-03 1.583200635789960009e-01 3.546747677220259964e-01 9.999003755794599879e-02 3.169520704480199846e-01 1.326770663696660024e-01 3.414192376941340146e-01 3.512277571328599746e-01 2.549563917296729931e-01 1.720743031503139953e-01 1.162950641426279963e-01 1.777006738262620067e-01 1.636954484134419893e-02 1.027901102085169993e-01 -5.594519898347859871e-02 -1.136058308873109934e-01 3.352976697257040173e-01 7.672180401596599697e-02 2.395665230234149956e-01 2.444390469259969945e-01 1.984678146432989898e-01 1.311677888983779905e-01 -2.997673019473930112e-02 -1.448515277988829918e-02 9.627153085581530156e-02 -1.802756992291180138e-01 6.173110337414249721e-02 1.440833493375180130e-01 -7.627395955873160494e-02 -1.859891491147810105e-01 1.626749130385209963e-01 1.726386848345169978e-01 2.093674982396339923e-01 3.643121009176690239e-01 3.514137890876189996e-01 3.292139066531620251e-01 3.193960357933759986e-01 2.066201522114700095e-01 2.669679592501679743e-01 3.923210157907039974e-01 1.650389086600500058e-02 -1.297403832179410132e-01 2.351359359791589942e-01 2.458780086965159928e-01 -6.437405831833499514e-02
5.179304032633029742e-01 4.567871565677290024e-01 7.170864467817340548e-01 4.876678289026319946e-01 9.500151745108520104e-03 3.309961152365880066e-01 1.000000000000000000e+00 6.114750225110460180e-01 1.633299712084700095e-01 1.823042555242189999e-01 4.476811062939010100e-01 2.088498679011930037e-01 3.218052576811890053e-01 4.809443725702000072e-01 -1.574329305026810066e-01 2.959279275258590025e-01 9.436191092569269634e-02 4.512998377121489879e-01 2.883852823213269856e-01 3.381512399094290244e-01 7.336740265418499607e-02 5.064185754700339936e-02 3.777857469122680167e-01 4.302828903346350153e-01 1.441664907756010083e-01 1.252301038430629898e-01 -5.954445973428919986e-02 -7.259855365650069725e-02 1.052551337896630024e-01 -8.533289371951710556e-02 4.236655977134979878e-01 7.593326717389739522e-02 7.792166281284350349e-02 -1.147902801978360060e-01 3.880336643791790219e-02 4.857222112196100117e-01 -3.481397186983829772e-02 1.464112860667090010e-01 -7.843049331722209971e-02 1.057389498313909965e-01 2.362258204828099895e-01 3.473211379805399845e-01 2.419854799171760051e-01 3.134109992427340230e-01 5.423197160071830183e-03 1.633656558313079932e-01 4.147815701124439869e-01 4.204971589224589801e-01 -1.978044232549790171e-02 2.097374729353060074e-01 4.372067464312079932e-01 2.945595692389729736e-01 1.259483162619099983e-01 1.612758742391799949e-01 1.201859415425489963e-01 8.703222225561800529e-02 4.320676120900079908e-01 2.124443643521830016e-01 3.119128533257900168e-02 9.957574518029960187e-02 3.160370990754929887e-01 8.215109964606789883e-02 2.073967190010500006e-01 1.579721446547530106e-01 1.535066863110749920e-02 -2.722497851810860015e-01 -3.169298042116069913e-01 -2.630784271336700231e-01 -2.105526564283839996e-01 -7.840664931563330609e-02 -2.906888583147200222e-01 -9.019558230489099770e-02 2.048847279975009872e-01 -1.212936814196319962e-01 7.655993919311560036e-02 2.006507306761199927e-01 5.163570086579039736e-02 2.417633870053720047e-01 5.080064312101739699e-01 3.806107921146529849e-01 3.724448399439609925e-01 2.947655905162550050e-01 4.535644098055600093e-01 4.453010634705950044e-01 3.058216957751950116e-03 -1.138512025527729961e-02 3.677253587492620296e-02 2.734216537070230033e-02 -2.255586977159990125e-01
4.508821091960960037e-01 5.522524704503379844e-01 5.141351412224559603e-01 6.588103979027970514e-01 1.372055250827370065e-01 2.426472975432570067e-01 6.114750225110460180e-01 1.000000000000000000e+00 2.475675820599740062e-01 3.172007871937579937e-01 4.737629610525619928e-01 1.659056468759119995e-01 2.756247688385650152e-01 4.776392152363260202e-01 9.558655318787739885e-02 4.697045304289280132e-01 1.993626922200089913e-01 3.297315210580050171e-01 3.441884809985609750e-01 4.149328305138049733e-01 2.080511023966860051e-01 1.697883035853250122e-01 2.580566190678679761e-01 5.587753252310939667e-01 8.408005109227849327e-02 2.317144689209419961e-01 -4.816732964598269967e-02 -1.522186412537739897e-01 1.111861358943850020e-01 -2.101184957175470103e-01 5.546937823856290528e-01 2.548613666556889812e-01 2.922893564784970200e-01 2.790276895465130039e-02 1.665996997208299968e-01 4.403367292448109871e-01 8.204231929348179686e-02 3.669403763079269742e-01 4.941374490179949869e-02 1.374893627582779998e-01 3.103211321432979841e-01 3.747830356654680006e-01 5.388239324095560334e-02 1.061955782471180054e-01 8.262813871453400516e-02 2.648959752234240073e-01 5.756236394228739783e-01 4.211944137758820150e-01 3.440232912572470103e-01 5.115830807162780047e-01 4.093021838296870274e-01 3.523274603080859824e-01 -8.938235263255649155e-03 2.835809198607809889e-01 -3.742771363125750052e-04 1.634597068281160026e-01 2.268109553251000110e-01 1.137537607640280030e-01 1.075737136627969923e-02 -1.382535799877020015e-02 3.996033733312640002e-01 2.650147412755299858e-01 2.641696146675939771e-01 3.193509757844700259e-01 6.792902562411100298e-02 -2.411529154169959888e-01 -2.985096186517400274e-01 -2.588847483675240091e-01 -2.318910255987780000e-01 -3.227807573501320082e-01 -3.837727949966370233e-01 -2.707810689467439746e-01 1.169634571300860043e-01 6.405293001859560520e-02 1.220430690784719968e-01 3.845798623469989796e-01 3.145608971998379855e-01 2.985141957250880274e-01 5.729477251060349774e-01 5.437910814735920084e-01 5.519418048739700433e-01 5.580387420133450238e-01 6.349937966131760092e-01 5.933267890482859519e-01 5.497564858594280318e-02 1.617777790438499896e-01 2.097343579279979942e-01 1.132582578147190017e-01 -2.387372869847909918e-01
2.565693374066569943e-01 1.573252336911800109e-01 8.825164270447000137e-02 1.232328961129700029e-01 2.336238616014469915e-01 1.523799564903660086e-01 1.633299712084700095e-01 2.475675820599740062e-01 1.000000000000000000e+00 2.721381397352820031e-01 8.052322598894939842e-02 -7.927754746293330657e-02 2.440744189828920052e-01 -2.675544105588980107e-02 3.152840962837349936e-01 2.775341835467070029e-01 -6.440510248931850378e-04 4.829552331860809816e-02 1.751746298238759936e-01 1.887973284010469877e-01 4.854009931027730013e-03 2.408713155624560009e-01 -9.669048893812499934e-02 -2.511123481221200129e-03 2.804651794983559765e-01 2.687035780146059816e-01 -8.954473049140329946e-03 -1.034708464933170036e-01 -3.302101553268030343e-02 -1.677798283311660033e-01 8.483656165227940193e-02 7.472460996925070487e-02 2.105994109076049850e-02 -9.884693830394569725e-02 -7.796005413566399825e-03 5.085438494119189773e-02 1.111184717596360033e-01 1.586533432662929899e-01 8.176298597621049769e-02 1.755506596557059873e-01 1.226444809411219999e-01 7.690566024575890003e-02 4.463835324896520129e-02 -9.623818427457180025e-02 -2.366421743566619884e-01 3.740754323472710030e-02 1.895712152025469943e-01 3.664658785355329879e-02 2.539696652066239860e-02 7.154288975288089492e-02 7.641981458676219696e-02 2.130304667632219873e-01 4.001409048457289785e-02 1.922089278226239983e-01 4.525941764402830218e-04 9.154423334495599696e-03 -4.806573605168740215e-02 3.737541903967119689e-02 -1.586544726223819979e-01 -1.490191468632700023e-01 2.113273347030459881e-01 -7.090873282651979914e-02 1.576087454662029874e-01 2.256082906731720072e-01 -1.392019314547279958e-02 -6.299412511354189614e-02 -1.891762177958510038e-01 -5.744866271057619961e-02 1.387734426282759975e-02 -1.378216293780110124e-01 6.155135170019670338e-02 1.530050279643919986e-01 1.159867982145059914e-02 4.039296255911069972e-02 1.497942760383570021e-02 4.185931766661669939e-02 2.600869262881320143e-01 1.122333942162409975e-01 1.381386688799060014e-01 3.195262039182539815e-01 1.190354408993899993e-01 1.123462566724150041e-01 1.376673960036239874e-01 2.707492189634109758e-01 -1.751650090124499959e-01 -6.606498438307489840e-02 1.029672493046780019e-01 1.466775233381520105e-01 -1.873582214159880133e-01
4.326223185627580126e-01 3.400219390036919864e-01 1.897256758592600068e-01 3.155301204317100261e-01 2.032105611880929974e-01 3.999115501411599771e-01 1.823042555242189999e-01 3.172007871937579937e-01 2.721381397352820031e-01 1.000000000000000000e+00 1.147435712463669988e-01 -1.332703478383389928e-01 3.319394963537870002e-01 4.759372773174790072e-02 3.345336904442510195e-01 5.501051875614909603e-01 -1.456168352037139936e-02 6.038631398478459811e-02 2.302029722659910127e-01 2.774763501402349730e-01 2.589046807224589797e-01 1.271813581730660003e-01 6.183270862780149667e-03 7.440241802626039458e-02 1.217093203937250068e-01 9.371454429200619385e-02 -2.452470940635909924e-01 -3.198621876207820014e-01 -2.215763335494639885e-01 -3.187762399476060104e-01 2.121644812609949915e-01 5.626433639765589939e-02 1.802290180296410027e-01 2.234019286057029874e-01 -4.088428563278320022e-02 1.222127023355509962e-01 4.169096448714629949e-02 -5.860876243186340095e-02 2.680660545662260155e-02 5.649461164292080007e-02 3.298945380450190035e-01 1.768166978755280061e-01 -3.616898341647400289e-02 -1.369674964616149904e-01 -3.284566131957750157e-02 1.735879747027929965e-01 5.544667855306859572e-01 2.715524474415740089e-02 3.216835559626999852e-01 2.683888032158079917e-01 7.788587346453210158e-02 5.016178096793839636e-01 2.675412243454359795e-01 2.503384642201599841e-01 5.642748561226469672e-02 -1.834969091077370135e-02 -6.107065052608799671e-02 -3.837708549512539730e-02 -1.075814326159409973e-01 -2.873928101621879838e-01 5.182131444364950212e-01 1.320793909619729922e-01 2.595315057647419876e-01 3.148617476364080070e-01 5.228126813636060216e-02 -2.062964603152329934e-02 -3.117169176707910161e-01 -1.958542977004459895e-01 -1.329863087377519959e-01 -1.225506938168599985e-01 9.722844603037379685e-02 1.388496111122619892e-01 -1.077596817854890032e-01 -5.366560451167980139e-02 -3.357490262169460227e-02 1.755194182077070009e-01 2.270244110281559868e-01 2.697594368962740186e-01 3.525883076472799971e-01 5.419176810076470341e-01 5.140278071106030300e-01 3.622963182375890101e-01 3.215228082257580167e-01 5.824982550399999681e-01 -8.497920763980899850e-02 -6.203936226109599966e-02 1.494726123713280008e-01 2.125282059482359875e-01 -2.912691544493399842e-01
3.168281192904029986e-01 3.582088030647460064e-01 4.341863400779710225e-01 2.288153106466629949e-01 4.599321779387079839e-02 2.757175996866479961e-01 4.476811062939010100e-01 4.737629610525619928e-01 8.052322598894939842e-02 1.147435712463669988e-01 1.000000000000000000e+00 1.634228907046159918e-01 5.526443182460589743e-01 3.570019130733260160e-01 -1.082282890610510029e-01 1.828959298195609873e-01 3.443058238095459966e-01 4.724861428640509953e-01 3.519451527735389940e-01 2.669710187781659805e-01 -2.527017832589040138e-03 -7.395211325883649378e-02 2.994256543196949782e-01 3.892251987693969850e-01 9.031738493881709406e-02 1.239578545170670065e-01 5.610786220605220274e-03 1.950811752473460142e-02 1.433370363544569925e-01 7.100316133155240572e-02 4.782599196153229926e-01 3.016153366810230274e-01 2.522738548714090201e-01 1.768043596241490045e-01 -1.661586994728390110e-01 3.965161255159920239e-01 -1.380877293982629983e-01 1.561002206318279906e-01 -2.640942357098070015e-01 2.115766652579889953e-02 2.297508848425549866e-01 2.262358271525289899e-01 2.199681458968680003e-01 3.833899564967669926e-01 4.125619226108830084e-03 -4.257387658000270220e-03 2.913862605993929877e-01 4.595565754132699965e-01 2.450004883692110114e-01 1.428602165580120098e-01 5.207159496483290129e-01 2.546512956661060034e-01 1.596120428378849931e-01 1.176014153758609959e-01 2.535368303034030157e-01 3.037947618112399883e-01 4.289905240367120065e-01 3.652385884273610106e-01 1.488377046110919977e-01 2.517999472118320203e-01 2.409970789351970066e-01 3.211789989313900140e-01 1.948643167941309928e-01 1.456125598601349935e-01 1.635568290958920035e-01 -1.505799595528609924e-01 -1.214989456110080052e-01 -1.301427077369340102e-01 -1.040437172662650039e-01 -2.251483752389460136e-01 -2.837669298754910141e-01 -1.256076763897570059e-01 1.655945924674120107e-01 2.743528004555719976e-02 3.574491751845310095e-01 3.921341934803559970e-01 -2.084781856601480160e-02 2.771785718529110043e-02 4.079958497300639753e-01 3.248003214630110214e-01 4.767038885109090018e-01 3.302202640857049842e-01 5.057117265157600183e-01 3.991640103346190127e-01 3.309894854473470205e-01 2.786032191926560153e-01 2.529395816714959944e-01 1.170308816948689989e-01 -6.152512979529740043e-03
1.308634245286200044e-02 1.890488971007329988e-01 2.023869757413110093e-01 1.056604347656229931e-01 -1.055734138756229956e-01 -8.392405079875700502e-02 2.088498679011930037e-01 1.659056468759119995e-01 -7.927754746293330657e-02 -1.332703478383389928e-01 1.634228907046159918e-01 1.000000000000000000e+00 2.282646205003530104e-01 5.160006713553759727e-01 -1.852653483764379883e-01 -2.153527945694100054e-01 2.966248083057059781e-01 6.139254503285800357e-01 5.701593294454179728e-02 2.581005374649419926e-02 -5.466406182586740214e-02 -1.131460909185800015e-02 3.205368669375269763e-01 3.200662842564260258e-01 -7.715241020176119568e-02 -7.874326652866120435e-02 3.017724798558999999e-01 3.533912242452070251e-01 2.723429687774869823e-01 3.805991010234029970e-01 1.942267879046339907e-01 2.760441861127689855e-01 -1.213591745570130054e-01 -1.261202999193649921e-01 -1.251429431250040136e-01 3.352296327620540167e-02 2.096939022725570131e-02 9.601329216100190633e-02 -1.668957127856389999e-01 6.371386082586490140e-02 -1.836322201528050035e-01 7.138162381377589905e-02 3.704555146769479834e-01 3.034891005422130084e-01 -2.414476349466630149e-03 -1.840737376295739913e-01 -1.595562648688889917e-01 3.731036799991729880e-01 -3.545802958638669816e-02 2.522065016736579901e-02 2.426059405229379906e-01 1.209212175817350049e-02 -1.799190511952780125e-01 -4.199141563014899964e-02 1.059508147101790032e-01 3.290460491570549872e-01 4.107802587704549868e-01 4.391762355735839840e-01 2.214123100231860097e-02 4.107285707489319870e-01 -1.550222705415940094e-01 1.213069023882590025e-01 2.245900708346610167e-02 -1.338664349023319933e-01 2.186465210456089991e-02 -1.281625687747360021e-01 2.067149047785679997e-02 1.838435322834819918e-01 -1.280907471471640080e-01 3.016633859586340116e-01 6.241797264318180161e-02 1.031559293204580008e-01 4.974546712704990270e-01 2.850263433085650222e-01 2.011055131408319985e-01 3.036733062296789742e-01 2.395545711091530069e-03 1.380838792126790060e-02 -1.279913020671189991e-02 -4.888121993293829959e-02 -9.466065553197570287e-03 2.350979897532510035e-02 1.322052519316460062e-01 -8.453539324867960503e-02 2.701920394056280261e-01 2.527324837032999816e-01 2.042622007279979932e-02 -1.262192172544459867e-01 7.055480300509120450e-02
3.743648697899660260e-01 1.887653598566080004e-01 1.838780660726309912e-01 5.263785109409670204e-02 7.638745331926470594e-02 3.501113079770299952e-01 3.218052576811890053e-01 2.756247688385650152e-01 2.440744189828920052e-01 3.319394963537870002e-01 5.526443182460589743e-01 2.282646205003530104e-01 1.000000000000000000e+00 3.735078734195950156e-01 4.634106188277260091e-02 1.749307220503079907e-01 2.954888902769359782e-01 5.285655277671650332e-01 2.631968697805989743e-01 2.316755282848499964e-01 -1.246892840729380003e-01 -1.122373044224620059e-01 1.081653706721509983e-01 2.011786704595789899e-01 1.582544752677149946e-01 8.958809236747550253e-02 -1.619915697296120047e-02 2.932718906294499994e-02 1.058579865984410062e-01 2.456495859503880080e-02 3.338920184988229956e-01 3.552710419604739878e-01 6.849908157525079477e-02 1.536842668053879923e-01 -3.087777868318239971e-01 1.365371649931750031e-01 -2.515477328222699982e-01 3.485862899469330256e-02 -3.997226523298110235e-01 3.664620612473030309e-02 1.396524358697139867e-01 1.649558037102540065e-01 1.380787690337859919e-01 2.341471776851369868e-01 -2.255235980345350055e-01 -1.841255823598740016e-01 1.975087980454670045e-01 3.024424957615580167e-01 2.091847805578549990e-01 8.437240276466599631e-02 4.289748491320820034e-01 2.227684707949290077e-01 1.446635262891280138e-01 5.289104589614979784e-02 2.871358503743409729e-01 1.140305908893539943e-01 3.094813996628310027e-01 3.266123611613310218e-01 5.851924540029999899e-02 2.692477611524409786e-01 2.200769367970580037e-01 1.960030232484369916e-01 1.430405575218640091e-01 1.330048798716380043e-01 8.872930300769860112e-02 -1.305714934337459943e-01 -2.452516272049759874e-02 -1.074485897865300049e-01 -1.306160100116340039e-01 -1.753707548475260114e-01 -1.324623731194509921e-02 8.614832754340820409e-02 2.308557148461100050e-01 1.775524679788960114e-01 3.332553046026079935e-01 2.053653330106350039e-01 -5.700985321147870183e-02 4.278109572302579711e-02 2.439316935584119883e-01 2.386028081381020016e-01 4.094601015425259893e-01 2.673161426333550139e-01 4.231879316346309761e-01 4.469638807468769848e-01 3.039288998797169961e-01 1.825198310616890085e-01 2.526369309633760274e-01 1.668092936015939942e-01 -1.976733457529649962e-01
5.254206713471679807e-02 1.981722307888789947e-01 3.366168278219560106e-01 2.339570033359499868e-01 9.034301668691440551e-03 -5.506779595729480170e-02 4.809443725702000072e-01 4.776392152363260202e-01 -2.675544105588980107e-02 4.759372773174790072e-02 3.570019130733260160e-01 5.160006713553759727e-01 3.735078734195950156e-01 1.000000000000000000e+00 -2.117853368502030098e-01 -9.474495426341160431e-02 2.371490149217800047e-01 5.800128930805610317e-01 1.508292964982899942e-01 1.194766564299089978e-01 -9.212210989599860234e-02 -3.592938790612210109e-02 2.272917361769890010e-01 5.052328697820579473e-01 -1.384314047507179957e-01 -1.506002951981660065e-01 5.725834691576790064e-02 1.106423802419869984e-01 1.913339629085739901e-01 1.132975424926730007e-01 4.232165008398159900e-01 2.791254394683649886e-01 -4.307450477295340224e-02 -1.364272542668880095e-01 -1.097813307674559979e-01 2.660644889519729883e-01 -4.394144446827080025e-02 2.564539004074610218e-01 -2.801080027513649928e-01 3.199310182799339902e-02 -3.025753841957910112e-02 2.904901537229109820e-01 3.700618250744949767e-01 2.934825166248909989e-01 -1.919629955617629946e-02 -2.141177225910819992e-01 1.463914812055419901e-01 5.327169936780209447e-01 2.478593425959390098e-02 1.586551150246379993e-01 2.971013295569959745e-01 1.056187593681710002e-01 -7.904496741993470577e-02 9.233266145650140255e-02 1.270274165055539917e-01 1.993863686553709880e-01 4.983348256636540019e-01 2.726922451303189776e-01 1.106996883272269999e-01 3.360733625867859953e-01 5.948606594056830149e-02 1.617046973051579906e-01 -3.776261363981899682e-02 -6.246428448561650026e-02 -2.125948389569559949e-01 -4.091398469000899762e-01 -3.203712025739740010e-01 -5.758091794567839899e-02 -3.973112148646230080e-01 -4.781631693546919970e-02 -3.557974742718190142e-01 -2.808047603234349876e-01 4.439010682883909875e-01 3.494643545132770091e-01 1.592944372569179978e-01 3.134180428601889834e-01 -8.592559278433850589e-02 8.070366501397729930e-02 2.280673471943520103e-01 9.550566309698170497e-02 2.134046247133800089e-01 2.904761844733950160e-01 3.675516363108389806e-01 2.195775817450039968e-01 2.677649983494739816e-01 2.666872828794999983e-01 1.385627437713430055e-01 -3.264102058760019742e-02 -7.207749372877279848e-02
1.190738412702089938e-01 2.836934703974169913e-02 -1.125675709797220037e-01 1.102114009726700011e-01 1.894210260229780007e-01 2.742759814313019961e-01 -1.574329305026810066e-01 9.558655318787739885e-02 3.152840962837349936e-01 3.345336904442510195e-01 -1.082282890610510029e-01 -1.852653483764379883e-01 4.634106188277260091e-02 -2.117853368502030098e-01 1.000000000000000000e+00 4.530652780523680145e-01 3.345422489626379697e-02 -1.950575641601129950e-01 3.392748423090240217e-02 1.392193144302650010e-01 2.104580474957629954e-01 3.409730421656069765e-01 -5.583236205885840076e-02 6.967866499251290646e-02 2.962675090036460124e-01 3.917010771323179985e-01 1.913115430185159949e-01 -5.404801356914130245e-02 -1.501061031871440132e-01 -2.371314133556630122e-01 -7.741183812917930285e-02 -2.938466123589009854e-02 1.080908771611070046e-01 7.750796202167710425e-02 2.042457785106980006e-01 -1.513511087914699979e-03 3.298951769042889892e-01 6.542785967855289930e-02 3.063438187916899813e-01 1.267663265859270139e-01 2.078336901678849991e-01 -1.472364736453799991e-02 -5.947273222667030096e-02 -1.734529066579379997e-01 3.674653462577780194e-02 2.296529352033090110e-01 2.999841803301990240e-01 -2.097055549619049886e-01 4.039357271042620101e-01 2.731114774302950132e-01 -7.585439766085240454e-02 2.187976331686760090e-01 3.757133486218620227e-02 1.614349915832100080e-01 -1.393037247786919897e-01 -2.604046782056840259e-01 -2.098919587903579909e-01 -1.402722789982099871e-01 -9.139566112807079312e-02 -2.825415096131569936e-01 3.103537073823099957e-01 7.124699031562620188e-02 1.487400986626050137e-01 2.930726778786030273e-01 1.255588227740110085e-01 2.321682649237909873e-02 -1.152893208674950036e-02 -9.273774917613259935e-03 5.784381808068020381e-03 -6.146842677968290120e-02 1.858041737531279936e-01 2.005281703949660099e-01 -1.965443183937569949e-01 -1.682237228447069910e-01 -7.303593930812119807e-03 1.099552314285939941e-01 3.083629872272499739e-01 2.882906256244769927e-01 1.735732387831840084e-01 3.564609237992990010e-01 1.968325519375299926e-01 2.904209002395939931e-01 1.901634673006080134e-01 1.950862548926589890e-01 -3.774515730251439688e-02 -3.017995554775219913e-02 1.604229573799779984e-01 2.017998067829450126e-01 -4.842786687198009921e-02
5.708154188602759804e-01 4.729802802897060121e-01 2.383734339056259866e-01 5.467975786973090502e-01 1.721823032474699977e-01 4.244577509848779795e-01 2.959279275258590025e-01 4.697045304289280132e-01 2.775341835467070029e-01 5.501051875614909603e-01 1.828959298195609873e-01 -2.153527945694100054e-01 1.749307220503079907e-01 -9.474495426341160431e-02 4.530652780523680145e-01 1.000000000000000000e+00 -1.105199459928180028e-01 -5.606564142335510037e-02 2.623011218510579723e-01 3.542021684153999761e-01 4.281301403363880209e-01 1.698553833973910077e-01 7.067741427892169914e-02 6.589049848343969673e-02 3.056015554322349947e-01 3.274968239616319887e-01 -8.054119531509329466e-02 -3.367958121402990224e-01 -1.477879973126219881e-01 -3.130350029315189797e-01 2.136772784971729955e-01 2.954424859880160070e-02 3.359005375452659981e-01 1.624845675161520064e-01 2.230104815235270099e-01 1.724696456737619954e-01 1.071824159610670069e-01 6.984959820519880125e-02 3.038027347322659888e-01 1.337177902883960046e-01 5.331243458467700425e-01 2.538433827590130254e-01 -2.160192690254729986e-01 -2.591131367749149872e-02 1.423942843825840021e-02 4.634704743409719940e-01 6.085647594643940339e-01 -5.552502958489979878e-02 4.041450851868810257e-01 3.244623208150380078e-01 1.821617473765450024e-01 6.308597721145140502e-01 3.678474627404850206e-01 2.246718889084400039e-01 2.014018512680440173e-02 2.998699053365610004e-02 1.327738084050890041e-02 9.830528315060589606e-02 -1.639021083318490113e-01 -4.367742168627720134e-01 6.256607747577099810e-01 2.254280843389039890e-01 4.610174149956909884e-01 4.879080998407739900e-01 1.661150774519929985e-01 1.617112287929050110e-02 -1.973981054256570000e-01 -2.381631879501200089e-01 2.997685265240810151e-02 -1.781804191622589906e-01 3.245531170612910021e-02 1.224057512557810007e-01 -1.974548671492920016e-01 -2.307755466068240058e-01 -7.967484641296079806e-02 1.601813668155820103e-01 2.603239754192290256e-01 4.712214575402779992e-01 4.606502407163989843e-01 6.000704101753500108e-01 5.211555550021470529e-01 5.065628526021119793e-01 3.500226449032979859e-01 5.811129967580309641e-01 -1.265035469992590034e-01 -1.591849169923240104e-01 1.163647980736530058e-01 1.685168288510540124e-01 -2.266809462765939920e-01
-1.449272889920019958e-01 -7.108373246485009782e-03 2.077882217448260016e-01 -6.067088999984689840e-02 5.281559137485469790e-02 1.765689790034689899e-01 9.436191092569269634e-02 1.993626922200089913e-01 -6.440510248931850378e-04 -1.456168352037139936e-02 3.443058238095459966e-01 2.966248083057059781e-01 2.954888902769359782e-01 2.371490149217800047e-01 3.345422489626379697e-02 -1.105199459928180028e-01 1.000000000000000000e+00 3.688778892663039932e-01 2.306027987441550131e-01 1.100728924870239961e-01 -1.405819094705330063e-01 1.542427461589349937e-02 2.314536885051430015e-01 4.145562515214630261e-01 9.838324856575250688e-02 1.119284273732029933e-01 4.711055011437300100e-01 4.400294112824920112e-01 2.936568401771039727e-01 1.517761268424399901e-01 1.855232604436179988e-01 2.334309729779910081e-01 3.923535640923359741e-02 1.062221609504330061e-01 1.540289096184289941e-02 2.229195596380380007e-01 2.201188115977850135e-01 1.763902748754740124e-01 -4.595782963130810167e-02 1.090548064113219945e-01 4.136260063759780031e-02 9.056062335306350186e-02 3.376405292196649754e-01 1.659020374561150091e-01 -1.172736675268130045e-02 1.043193867083939963e-02 1.599797982852770029e-01 3.848640092426819925e-01 2.297165800331019969e-01 9.518964589511960672e-02 2.729997932170389885e-01 -8.226335024381159489e-02 -1.791310543165889890e-01 6.769001948195320362e-02 1.806916620317179922e-01 1.638839860584860031e-01 2.186824580043749966e-01 1.636746441534769891e-01 2.786822138544199912e-01 1.466358240662679890e-01 -7.436958610333330166e-02 1.878545610171780122e-01 -2.091211119848259900e-02 -2.294023464146250080e-01 -1.217938096862259956e-01 -1.407296950720099971e-01 5.386506196454150103e-02 1.715808392342819955e-01 -9.710071281680389410e-02 -2.098575678570570036e-01 -9.217326776784319498e-02 -5.890042051578159993e-02 3.217216732830159853e-01 3.280376795692480085e-01 4.255020073791960233e-01 4.700189884394500028e-01 1.380639125086390029e-01 -7.745213237620540356e-03 1.142508612954789976e-01 1.228305566136980026e-01 1.524163452052229861e-01 8.230017628749700109e-02 3.257332893035039811e-01 -7.806601814734829767e-03 4.288332002319980019e-01 4.515864461996649815e-01 4.539230598976520259e-01 2.219643512564619947e-01 3.245604411671529910e-01
