1.000000000000000000e+00 4.171662341096950000e-01 4.376035837447200261e-01 4.980633598242790172e-01 7.644931035891319726e-02 -8.748008945158840255e-02 4.295567410286740273e-01 3.018303075814199876e-01 5.452631348935350203e-02 1.718010615440569988e-01 3.467518849322540064e-01 -1.337996886489699888e-01 5.114373805242780069e-01 -1.261835280271960125e-01 2.964316036540169952e-01 2.699924509375499770e-01 3.901869062213810246e-01 1.258155223402840084e-01 3.601897018601620259e-01 3.108342745785809824e-01 2.295924842963139867e-01 1.731351222679100021e-01 3.344101793438110093e-01 1.976585758104739965e-01 1.771270922815779969e-01 -2.225705867532149981e-02 4.432795707991670220e-01 3.517170743837559899e-01 2.838867104853119994e-01 -1.163136205549459984e-01 3.452405537722160189e-01 3.249964436679450008e-01 4.036971342687750153e-01 2.289537649953070075e-01 3.963100911284270222e-01 2.992227240846559999e-01 3.405313559501250142e-01 2.065486817094739913e-01 2.952181924810929892e-01 5.522528564257030148e-02 4.645747434356090055e-01 4.664396607912659753e-01 -3.992974770992689659e-02 2.959070387757640197e-01 5.393928292528999968e-01 5.116421208734449610e-01 3.611776151114670097e-01 4.981673706750699981e-01 4.446070429866579854e-01 2.822533387852390052e-01 5.148931435422480218e-01 3.033646219632579744e-01 4.842160327373150053e-01 4.605506179962269853e-01 3.811430241317890211e-01 1.803964824781560117e-01 -9.968206401421349575e-03 -7.246814759561209796e-02 -8.215811968637569407e-02 2.616510986746959921e-01 4.965277021386009793e-01 4.206464207928760080e-01 3.085279077196509956e-01 1.733648761653560078e-01 1.289334832086889981e-01 1.560876350472789886e-01 9.551600805121260307e-02 2.952664247599119940e-01 2.443745884762290044e-01 1.214022120794529952e-02 2.037740179578650113e-01 7.357113137845210094e-02 1.667438366353619916e-02 1.218948228956909935e-01 4.115862719580319906e-01 1.564568501775309983e-01 3.274062534926620027e-01 2.479805359890590033e-01 4.011990779634719839e-01 3.082187086148340249e-01 2.843593113504179759e-01 2.550531363068220259e-01 2.709703512879170217e-01 4.181038156782950210e-01 2.735816110332009998e-01 1.827956141777790089e-01 2.597787412483740233e-01 4.203603616695569811e-01 1.807855288245119874e-01
4.171662341096950000e-01 1.000000000000000000e+00 2.193377981168820046e-01 4.073281823469769858e-01 3.351774376798280150e-04 1.532378990743719915e-01 4.554333270983549897e-01 4.516243654264919805e-01 1.138930659115660049e-01 1.382611837408170008e-01 1.893170959486669969e-01 1.789782104810410113e-01 5.281357728141929941e-01 8.875059713284359775e-02 2.683003813414729932e-01 1.035276292359380013e-01 4.026945360193209811e-01 3.502802151791459817e-01 2.305632409395760030e-01 4.227306430570150209e-01 5.231744052115330085e-02 -1.664644695176719924e-01 3.872902031018670144e-01 4.306075511455410010e-01 1.020720749567290003e-01 -1.717971519786659906e-01 2.390822468286820102e-01 2.021440143139630052e-01 4.230582116277170068e-01 2.586521700837690063e-01 5.006302360918210015e-01 5.422380901455300384e-01 1.772084893256619942e-01 3.847215650690640198e-01 2.466685506228250002e-01 2.782340918270890251e-01 1.511055121499869924e-01 4.014612344690480228e-01 1.673528646827059929e-01 1.179787241254459940e-01 4.751029849969760216e-02 4.085501282584370064e-01 3.107739346504809763e-01 5.061250695575489900e-01 9.353172678348470326e-02 3.616978620209789774e-01 5.903284457514059724e-01 5.380364616855689563e-01 1.990518474476180022e-01 4.086355479098109922e-01 5.783612172136020080e-01 5.571336189849489529e-01 4.771381452350830221e-01 6.150851637837889685e-01 5.821604615418309869e-01 4.696598599453740142e-01 2.884504300450629888e-01 3.827613621168179936e-01 3.305874245706230119e-01 4.553406044171119937e-01 6.041440664238320046e-01 5.741726896999489460e-01 5.416875805005030298e-01 3.809272344269820088e-01 2.477972828781180026e-01 1.581134012662220034e-01 2.297370977243370083e-01 3.569086006259239996e-01 1.568444964051770099e-02 -2.946718346443180092e-01 4.450091007370389762e-01 3.563893720040969826e-01 -1.706081321282210128e-02 2.457182121293060087e-02 3.253907869114019968e-01 2.837875939410450243e-01 1.724077499712420025e-01 3.170772686231559945e-01 2.484559731259030069e-01 2.326865500323130054e-01 1.798510061573420082e-01 2.461008527026150028e-01 5.222083247454060162e-01 3.479892798017629740e-01 5.846212187039819819e-01 5.726715390676480055e-01 1.010362097135980020e-01 2.547144425738819828e-01 6.218113034447020349e-01
4.376035837447200261e-01 2.193377981168820046e-01 1.000000000000000000e+00 4.531726498905189748e-01 2.119486572339779884e-01 1.271547547436850112e-01 3.827972920294259729e-01 2.436435295424209946e-01 -7.595339151279970058e-02 7.103269233048950526e-02 2.135793947867559994e-01 -2.446545808123219978e-01 2.809391583162659800e-01 -1.413929433322239915e-01 2.444821077766509976e-01 2.945476122086109760e-01 1.518934782669620065e-01 1.270004615320780017e-01 4.591992477867690159e-01 3.612424762141719925e-01 2.403639237332209910e-01 4.059657471604459777e-01 3.758459718798849991e-01 1.184417263944009951e-01 2.845647267070799957e-01 1.097782821409099968e-01 4.993204238489020175e-01 4.525187933799970086e-01 2.908844386918740255e-01 -7.616824279318709645e-02 2.310292697221620062e-01 1.545993098356729933e-01 4.319832418759950166e-01 1.363824575602979872e-01 4.211979155904039818e-01 2.929312348346509998e-01 2.594460236106609918e-01 1.502826363307069868e-01 2.519637536253159782e-01 2.727793701905190105e-01 4.413163392755720116e-01 3.266873533379149874e-01 -8.255890709162230778e-03 1.335069715376379917e-01 6.003755239281479694e-01 5.099781521198220036e-01 2.911412537806200018e-01 3.684316410593170277e-01 5.104433667005160435e-01 2.912149753468920022e-01 3.055081585660299748e-01 1.336897701800809912e-01 4.222516085886129922e-01 3.051790082049279929e-01 2.287562103980090022e-01 1.542036159980610110e-01 4.858315736804359741e-02 -1.516328786262949868e-01 -2.097456403586739904e-01 1.514863924376740056e-01 3.740491168206960260e-01 2.881155329692420275e-01 1.912461917106060005e-01 1.026154382786440000e-01 1.128768931593429961e-02 3.207133404897650197e-01 1.577916737554120041e-01 3.367090193939880072e-01 2.653772875807650089e-01 1.648963578952900022e-02 1.401178597641160040e-01 2.700035962537790032e-02 3.939713864415510247e-02 1.508665128109830111e-01 2.964298754720949836e-01 2.250331791941979909e-01 4.933580334961170100e-01 2.968251727088310199e-01 5.053938596502449698e-01 2.828965276570850063e-01 2.598193005615619944e-01 2.671326401320849864e-01 2.595933711196399818e-01 4.765522167865000047e-01 2.169982383685049865e-01 2.964801453710749768e-01 3.885729394952259774e-01 4.735056800202229743e-01 1.454752545041450018e-01
4.980633598242790172e-01 4.073281823469769858e-01 4.531726498905189748e-01 1.000000000000000000e+00 1.786199382894529952e-01 1.308665539118049892e-01 3.671345342972799908e-01 3.531143702659940153e-01 8.824696446599950006e-02 5.801235639478920236e-02 4.064704311201710052e-01 -5.653941599114610354e-03 4.181548496523769809e-01 -6.718392486901229865e-02 3.889711163424209861e-01 2.825309646094710248e-01 3.033747963483319765e-01 1.761417178255390015e-01 2.284471242653250134e-01 3.805152342870239957e-01 1.734432834583629901e-01 1.321037320670599979e-01 4.023241207575710132e-01 3.118861677751469941e-01 1.378649332981390085e-01 -6.298004446458199679e-02 5.156702158297690186e-01 3.203638128710489807e-01 3.258457136757489936e-01 9.464302973522430162e-02 4.444882132892660209e-01 3.047700584549479785e-01 3.535227196962240082e-01 3.187905529496170010e-01 3.377761282996130099e-01 3.192106260722989974e-01 2.607936150350729787e-01 3.006130681242309977e-01 2.828968903016739755e-01 1.513955256874670030e-01 3.747430459302890093e-01 3.613565569890669904e-01 1.036274088399180004e-01 3.520013749153679816e-01 3.754354042491079846e-01 4.430346132671019732e-01 4.106280368091829724e-01 4.924920535047910275e-01 3.962722213592940190e-01 3.135240268846740119e-01 4.700562607926950243e-01 3.595251369000880270e-01 4.868307630923149887e-01 4.735341713022240273e-01 3.942255099863690160e-01 2.592789960517850045e-01 3.517477239255970001e-02 3.161293903365700042e-02 1.396679381651650016e-02 2.763455714128840168e-01 5.573457828775020273e-01 4.286646599709579841e-01 3.071744392358530251e-01 2.602120981430839919e-01 2.899474565466719778e-01 2.189803258315700107e-01 2.357543751047279923e-01 3.891987509805179823e-01 6.789741210960099915e-02 -1.714941814735329931e-02 2.545686011709730190e-01 1.162603731785870065e-01 1.274859858302160032e-01 2.530013288144580264e-01 3.422184033275360027e-01 1.962100797877399938e-01 3.745922508381610005e-01 2.405829433190319888e-01 4.846147123866980100e-01 3.521063135411889866e-01 3.406655049350740261e-01 3.139652348947720162e-01 3.683821038268870196e-01 4.389810761299129949e-01 2.984571761603639906e-01 2.615923699064179875e-01 3.011597005854079745e-01 2.824097224629649738e-01 2.339163178751950123e-01
7.644931035891319726e-02 3.351774376798280150e-04 2.119486572339779884e-01 1.786199382894529952e-01 1.000000000000000000e+00 1.852664439768179905e-01 2.514066031608340121e-02 1.494156048170680040e-01 2.890358997194930057e-01 -2.309713165548080149e-02 8.498873420223169994e-02 -4.386869244098860060e-02 9.154924792504920417e-02 -2.154024190394010149e-02 1.381476365210240059e-02 1.885521853150919913e-01 -1.066880564707410085e-02 -7.211617857118829411e-02 1.545992413381530040e-01 1.119604030962250002e-01 -1.165857179262850055e-02 1.225836804815240016e-01 1.719867436214800038e-01 7.138572821863449491e-02 1.413601524319580138e-01 1.632959992195170129e-01 4.351687101425250059e-03 2.146500405033570091e-01 2.248805154742289925e-01 8.823018011549349504e-02 2.207211547277939875e-02 1.877870021701550166e-02 1.351687106826290063e-01 -6.289930156627419888e-02 -9.927295469191200691e-03 2.688411302822089812e-03 2.999060490259860060e-02 -5.980093253255359953e-02 1.425366864860390104e-01 -1.393769221162239995e-02 1.200829964296469959e-01 1.151687431113520010e-01 9.951028489203289640e-02 4.257435684138639875e-02 1.663658872768130070e-01 1.813978191067829870e-01 1.174944246053000046e-01 6.182680940520710045e-02 2.213082019902860159e-02 -6.336527138713819729e-03 6.470787363811900117e-02 8.119806329817680357e-02 9.938664642289929407e-02 7.384285750658249603e-02 1.162367284944170048e-01 1.223198894352949956e-01 -2.529589030793509899e-02 8.555262200601169986e-02 3.096498924849369963e-02 1.181180116715259965e-01 8.850920677396299785e-02 4.167081017665669879e-02 1.317692719086250019e-01 1.504436504385679996e-01 -1.188753012171849949e-01 2.141831037489549949e-01 1.275280865930530083e-01 7.536312699856949349e-02 1.265593713609670101e-01 1.428320193114960071e-02 6.412684616476679866e-02 4.122061567782329614e-03 -5.898730325789480061e-02 1.228755307873480029e-01 -5.857035331878220064e-02 1.210775393220030055e-01 2.380576996912479870e-01 -5.182221508957129789e-03 2.903681659361529999e-01 3.299825837576979976e-02 1.852751717482039873e-01 1.363474149147239911e-01 1.499645529761740037e-01 1.691392655964339964e-01 2.594785118089359965e-02 5.748012346904859959e-02 6.985491904743819369e-02 9.782712874766380517e-02 4.967804743151479907e-02
-8.748008945158840255e-02 1.532378990743719915e-01 1.271547547436850112e-01 1.308665539118049892e-01 1.852664439768179905e-01 1.000000000000000000e+00 -2.225865072388870033e-02 4.220553290707840244e-02 4.785397488196520277e-02 1.331341534616539979e-01 -3.899848718183240165e-02 -6.028426811394099749e-02 7.111768649426679356e-02 -3.415893143915490343e-02 5.753627289861980298e-02 1.264158172731499885e-01 -3.870739024386989774e-02 5.504911998790729816e-02 1.265300893081000022e-01 8.036186920100829578e-02 4.368248779319990061e-02 1.991135510455669944e-01 1.004272447899210025e-01 2.962055571637289830e-01 1.965655376046699931e-01 1.284486899248810099e-01 1.134711395967279990e-01 2.886340333590850168e-02 2.544935095547570109e-02 4.377225311961079751e-02 -3.811331036925010018e-02 -1.069304936617609947e-01 1.467017950957079930e-01 1.799912522187450126e-01 1.843081309752019892e-01 9.024751951872149458e-02 2.830829818772289883e-02 2.082098820941269968e-01 -3.210141306802310329e-02 1.273094385555370023e-01 1.680972616087730021e-01 1.679499460116530007e-01 -4.526256944084160183e-02 7.277739584744259693e-02 1.446049587735409869e-01 1.718085345140079982e-03 2.005884675484730095e-01 5.437528443590339960e-02 2.048678167305560127e-01 1.041616162245340010e-01 1.188941904833940022e-01 -7.406809174986450119e-03 9.338947322297920517e-02 1.617712604536580001e-01 8.210243969630069694e-02 2.252441266934850084e-01 1.841701925314339836e-02 -8.308596354496839559e-03 -2.806677634075710123e-02 5.741507842408159756e-02 3.571051315856319658e-02 1.066045249140329942e-01 5.600770985622179760e-02 3.579968507855520177e-02 2.515155547197970090e-02 1.974911776956279896e-01 -4.958630748018290346e-02 -1.202066533161610072e-02 -1.177343419901679955e-01 -1.373010835526840001e-01 8.569683550560510191e-03 1.110673118857069958e-01 2.725757930224209993e-02 2.205896939773830112e-01 -1.530631885198109957e-02 1.104370927438809991e-01 3.032214727145329802e-01 4.562071767810509798e-02 2.156243985061440105e-02 1.369592379951170003e-01 5.152904645926160293e-02 7.672397672341460528e-02 6.466352427436029837e-02 1.539469574690580100e-01 2.173258470797030106e-01 1.942108603855099980e-01 1.459547778175840083e-01 4.651354133396939927e-02 2.339007480591299981e-02
4.295567410286740273e-01 4.554333270983549897e-01 3.827972920294259729e-01 3.671345342972799908e-01 2.514066031608340121e-02 -2.225865072388870033e-02 1.000000000000000000e+00 2.270262704800060094e-01 8.313954721930230662e-02 1.058684409476950000e-01 3.822660365720990105e-01 1.028853015966670059e-01 5.279121504273529553e-01 1.736318526557399933e-01 3.710427881467139866e-01 3.916846181891779910e-01 4.578186814940030103e-01 3.745217431907439942e-01 2.320928312903600133e-01 3.014768672815300032e-01 1.732120197591009991e-01 -2.362540058259929993e-02 3.088984293193829944e-01 1.819993342946250037e-01 5.089476631622819741e-02 -1.282950544035449947e-01 5.139157727839770429e-01 3.076276264298590246e-01 3.018619224743079865e-01 1.187344189103489989e-01 3.027008457420580223e-01 3.893469032782719830e-01 2.952374422221180073e-01 3.386743381047370161e-01 2.869271426752709742e-01 3.626079393500949988e-01 3.361717093177110094e-01 3.512035778828240251e-01 1.335284403499930050e-01 -7.046721990925129686e-02 1.565932150113200083e-01 4.105936508144180097e-01 2.419009592404109954e-01 5.237939482192349727e-01 1.652428963112529958e-01 2.576621464158280195e-01 5.326999526272390151e-01 5.170487085550089512e-01 1.007921099502829959e-01 5.280599709390240148e-01 5.149248761992739620e-01 4.610826351559860203e-01 5.976401819016630146e-01 4.550575651706980085e-01 5.513699689233420020e-01 3.897388162966010094e-01 2.575229058403289972e-01 2.122016673257229868e-01 2.780243380465939884e-01 4.910811299798980012e-01 6.405767245006660504e-01 5.726278344536569476e-01 4.690359583955059919e-01 2.635439171749329734e-01 1.469341839541309924e-01 1.501210019547359886e-01 2.929870456836640158e-01 4.050803172819629761e-01 8.373419387186420426e-02 -1.080585970066540030e-01 3.998824401238870174e-01 2.570491764873970020e-01 8.621638274688130099e-02 8.931292719690919757e-02 4.372632805684670276e-01 1.732891743797579931e-01 3.215872563581799737e-01 3.139609941619920241e-01 2.364512027485820012e-01 1.122950145788849940e-01 2.002206860682050060e-01 3.085977802253799807e-01 4.790422462925599811e-01 4.898639623627180084e-01 5.262349272316210191e-01 5.359157673233979624e-01 3.263068841801979869e-01 3.164519478154280141e-01 5.002901953904490551e-01
3.018303075814199876e-01 4.516243654264919805e-01 2.436435295424209946e-01 3.531143702659940153e-01 1.494156048170680040e-01 4.220553290707840244e-02 2.270262704800060094e-01 1.000000000000000000e+00 1.282749319662669918e-01 -1.260964496416279966e-02 2.191533100617940044e-01 2.061200405076729913e-01 4.567581675533750052e-01 1.720356398582469915e-01 7.829395690520700446e-02 8.567393659834290258e-04 1.708835884710140085e-01 7.196104585241190621e-02 2.127474113791980037e-01 2.480791425503570125e-01 -1.698645169615360107e-01 -3.491772843117780210e-03 3.390859192764730246e-01 4.196412627219390235e-01 1.564286934763030046e-01 -1.676732585072510107e-01 1.448018982340220084e-01 1.019693337751859941e-01 3.793990265793660277e-01 3.467749655259850239e-01 4.338994368669299995e-01 4.590702805532200226e-01 6.757658280452190358e-02 1.606070283087900064e-01 8.588953123577020010e-02 7.063676497783319408e-02 3.101234968037529932e-02 2.845964895869180222e-01 2.131437408713230119e-01 1.106003431756489991e-01 -1.478325779265129980e-01 4.748833092616029927e-01 3.445975283095270014e-01 5.027226411947659512e-01 1.290024549614329948e-02 2.730645962235009883e-01 4.162821640309189997e-01 4.399033858003160158e-01 8.427192908051230058e-02 3.420434688162899972e-01 4.012546215779799752e-01 5.121188370928340117e-01 4.069843146573409731e-01 4.745743416848149931e-01 4.820960138428059816e-01 3.717214802756840242e-01 3.316979731490189987e-01 3.743389354094289745e-01 3.512640980595739815e-01 3.598534016473289854e-01 4.474643868794540014e-01 3.861586786310050035e-01 3.712176896572599860e-01 2.438160506599300059e-01 1.484346127986589936e-01 2.815149615797120086e-01 2.665007291532670020e-01 2.990359082118819734e-01 -1.091426696183779993e-01 -2.546638908256779743e-01 4.282040259565559892e-01 3.198414576739149751e-01 1.605036440110409884e-02 -8.527621643860330489e-03 2.022139665237299988e-01 7.204242549972149356e-02 1.609554317623440034e-01 1.121772624470509933e-01 2.445607007811199940e-01 2.249344740516310004e-01 6.488909295790540321e-02 2.168849212526590131e-01 5.155473637444220047e-01 1.674930310208319895e-01 3.403143600373290112e-01 5.021977214748339913e-01 -5.516922828572159987e-02 2.532744099357139844e-01 4.707694395822730193e-01
5.452631348935350203e-02 1.138930659115660049e-01 -7.595339151279970058e-02 8.824696446599950006e-02 2.890358997194930057e-01 4.785397488196520277e-02 8.313954721930230662e-02 1.282749319662669918e-01 1.000000000000000000e+00 6.907105031235570569e-02 2.525692689122869816e-01 2.911495587810999930e-01 1.708524172802919905e-01 1.893421447390279955e-01 1.182086730888829984e-01 1.312272888715780017e-01 2.978355229281269834e-01 1.563988038767389899e-01 -8.422999811879580689e-02 1.773682308764840121e-01 -1.860800804784349949e-01 -2.634350603387389939e-02 2.506339478059170234e-01 1.224489256716059932e-01 2.611210704171570106e-03 -5.336858991510440298e-02 7.875794778110389860e-02 1.301615096888550094e-01 2.064529533525809868e-01 1.090101946653399961e-01 1.414653858538330033e-01 3.158146690032530013e-01 1.632104649369620075e-02 1.183367853725959956e-01 -7.846984085699139355e-02 7.867906132220510440e-02 -5.226371048133270081e-02 -6.584428411279230620e-02 1.499013903610350029e-01 -9.743916624951799721e-02 6.302956154361379765e-03 3.130093426854129723e-01 2.768507732376899733e-01 2.867351895201680212e-01 -1.264681585167090061e-01 7.449976037630190451e-02 2.771523170242650158e-01 1.662492832556549949e-01 -2.877593180178670065e-02 2.250780219059499987e-01 3.021682769071269981e-01 3.727771129994940091e-01 1.349100722053490076e-01 2.563358506523150115e-01 2.939681891339570030e-01 2.569022373873809939e-01 2.694304416108300182e-01 2.758324405660509959e-01 3.681769062218330224e-01 3.532705811171200083e-01 2.171105838528540055e-01 2.094444191003299871e-01 7.525888597100729993e-02 2.322725642789280065e-01 2.566844993143009915e-02 1.465074657425129989e-01 2.840399907624650000e-01 1.685133592305949890e-01 -6.989614234229769851e-02 -7.248161900183060224e-02 3.205997174074159961e-01 2.391242818635100076e-01 -1.038884794808690032e-02 1.430797282918220004e-01 1.055949121158469978e-01 5.535849008368450008e-02 2.311707582263680116e-01 4.198832548849960183e-02 1.306111124010169988e-01 -6.424590255005160205e-03 8.210666233805540004e-02 2.254990702265290137e-01 2.978357932123810170e-01 2.277796450181960031e-01 2.500975915038630149e-01 1.254149342769869946e-01 2.003418905655410015e-04 5.333834227654959959e-02 3.523303767950670129e-01
1.718010615440569988e-01 1.382611837408170008e-01 7.103269233048950526e-02 5.801235639478920236e-02 -2.309713165548080149e-02 1.331341534616539979e-01 1.058684409476950000e-01 -1.260964496416279966e-02 6.907105031235570569e-02 1.000000000000000000e+00 -2.790568403777389864e-02 1.452937547283959970e-02 3.731128972001569732e-02 -2.779097981928349906e-02 6.615958753262310421e-02 2.433660385832570050e-01 2.719293599858629840e-01 -1.791393631492660052e-02 1.534878033677050113e-01 2.523686364938350080e-01 1.725558821263160070e-01 3.434393889867889960e-02 1.538221756212810026e-03 1.077822879992040017e-01 2.246068863643559954e-01 -1.337736675437450062e-01 6.551773042423339466e-02 3.883351024226269765e-02 -4.909956467246069656e-02 -1.091859118329009948e-01 3.903467283441559854e-02 -8.014815174244879770e-02 7.865881563264119636e-02 2.184018649830639924e-01 1.200606494633909976e-01 5.768659807078679869e-02 7.103514263741900203e-02 3.706366857768970003e-03 7.003489179857179392e-02 -6.995950349176199845e-02 3.004908130871590255e-01 1.934915678339829970e-01 3.125344860012280179e-02 1.333663119083310089e-01 1.776178753362130103e-01 1.075692285230109985e-01 2.600053243246709944e-01 2.080437217243870096e-01 5.329254089918210313e-02 1.471787233768319936e-01 1.898015966054560077e-01 -2.985451565163629948e-03 1.845783968260850116e-01 1.805835872757100002e-01 1.731080380803609875e-01 1.021407850581169952e-01 -1.030178409875889996e-02 -3.205786675318549744e-02 -7.336743636662419743e-02 1.031130145614850002e-01 1.535765273011280019e-01 1.579032140803970086e-01 1.706528672647369960e-01 2.752568112085420071e-01 1.657624534512650016e-01 1.293964418397529903e-01 -1.915322838039200115e-01 -8.769093881199679918e-02 7.905305843505789146e-03 -8.774677032325979564e-02 9.538030240225460477e-02 -4.439949437332060128e-02 1.990582629581290064e-01 2.619887035828550106e-02 1.775475684076080127e-02 1.199602284097290028e-01 1.276782289147209981e-01 1.330896954788489961e-01 4.613605992923829752e-02 7.804974483423139653e-02 6.146316430734859865e-02 -3.734583512740639877e-02 3.144136923916630161e-02 2.230158172282800111e-01 1.401647067017079973e-01 1.123489683857329946e-01 1.618812412908119946e-01 1.363197279436310083e-01 1.368923806593549952e-01
3.467518849322540064e-01 1.893170959486669969e-01 2.135793947867559994e-01 4.064704311201710052e-01 8.498873420223169994e-02 -3.899848718183240165e-02 3.822660365720990105e-01 2.191533100617940044e-01 2.525692689122869816e-01 -2.790568403777389864e-02 1.000000000000000000e+00 1.239022792562260028e-01 3.837617122908599798e-01 1.855953814994640017e-01 3.131887060382779753e-01 1.797286014505440066e-01 4.530357520208420086e-01 1.015868843098060026e-01 3.217872869336640268e-02 1.981196780880369879e-01 -4.470466512526639902e-02 1.454387349876239965e-01 3.184204404203470062e-01 2.203588309662229960e-01 9.607288344302949978e-02 -5.201958838643799821e-02 4.508505532815439976e-01 3.582077221448859983e-01 2.803167835968269905e-01 1.640109730527269938e-01 1.485011658440419935e-01 3.653084366437019948e-01 2.711097812567819787e-01 1.847043745065939935e-01 2.056789579538519930e-01 2.784872045043170208e-01 2.227464249488350090e-01 1.969315733880249997e-01 2.603226829049750113e-01 1.490545231104060120e-01 1.484612925490839952e-02 3.531133077720040037e-01 2.798255585302529824e-01 3.860013904439980048e-01 8.262876220352050050e-02 3.773985633300440123e-01 3.635929745820670189e-01 4.592968905793369805e-01 1.073309245520380067e-01 3.846943946731359865e-01 5.015850377888270151e-01 3.405573676354459733e-01 4.220142258576469740e-01 3.873895525763729752e-01 3.740260983590409927e-01 2.893935544825739781e-01 2.284281008651010136e-01 3.299743912774919657e-02 2.770863230629819762e-01 4.322625657918829911e-01 4.881560806639559935e-01 4.560757331055130259e-01 2.005648094816729898e-01 1.915981787590849972e-01 1.968194326895819912e-01 1.122817705673369998e-01 4.390680172458920061e-01 5.352412810958290246e-01 1.255254424284980019e-01 -3.140763211194969734e-02 2.724535524102800199e-01 2.938979100651319953e-01 5.905743398047880177e-02 1.242489471842530002e-01 3.062274186423479816e-01 -3.275375170913830125e-02 3.304284415799539909e-01 2.625889838234389817e-01 2.721302526971420277e-01 1.784463000547960032e-01 1.390830015521589968e-01 3.779919137872250201e-01 2.625564914705180164e-01 3.920420063948830136e-01 4.398364706402220214e-01 2.498634684817239993e-01 1.959594739529089968e-01 2.395339637599699922e-01 3.692429331880949794e-01
-1.337996886489699888e-01 1.789782104810410113e-01 -2.446545808123219978e-01 -5.653941599114610354e-03 -4.386869244098860060e-02 -6.028426811394099749e-02 1.028853015966670059e-01 2.061200405076729913e-01 2.911495587810999930e-01 1.452937547283959970e-02 1.239022792562260028e-01 1.000000000000000000e+00 3.438250200721820055e-02 3.748005505880089849e-01 -8.696819632486289808e-02 6.099389421894860393e-03 1.414932702681379884e-01 1.047135864404590000e-01 -2.251410079141590026e-01 -9.534796253510179759e-03 -4.144063649390279935e-01 -1.692686763627540003e-01 8.339925882301650606e-02 4.886756086221279854e-02 -1.822322045333309992e-01 -1.943352647165700053e-01 -6.709956642708519992e-02 8.569046811631980676e-02 1.832079393716639915e-01 4.644041504560130207e-01 2.178018920527420021e-01 3.652601541912129934e-01 -2.752666792968250231e-01 -6.809750354526339367e-02 -3.902890693314550186e-01 -1.265930162637189937e-01 -1.667260774718380134e-01 1.062631518273410014e-01 -9.027974296685259414e-02 -4.925507402678890034e-02 -4.196810555448149960e-01 1.474503121426790075e-01 3.787140236376430047e-01 2.969886748366949991e-01 -4.552963797903449850e-01 -1.254029515018640073e-01 1.331052376328629994e-01 1.216368418456470063e-01 -3.481078088010919891e-01 9.433006889335629475e-02 1.396249562711940062e-01 3.065688516601379754e-01 2.842818250779589884e-02 9.357556231815120085e-02 2.178934893164519992e-01 2.436455842859069909e-01 4.614236591680589972e-01 5.031972093212330188e-01 4.759437547819539982e-01 2.914866711393280241e-01 1.416924190187590082e-01 1.724956889144239891e-01 8.108115244840929936e-02 1.634939277498279886e-01 7.194140247186059725e-03 1.593101619133459879e-01 2.993967245607629946e-01 1.842486388045189993e-01 -4.207958807237800053e-02 -1.785867101560880132e-01 2.170865744567880007e-01 2.789238193306189939e-01 3.369410879801069958e-02 6.159041896487420231e-02 -2.569576592805709880e-02 -1.063251753804480004e-01 -6.236874501245359692e-02 -8.277204599794790035e-03 -2.546318671409550025e-02 -4.515135914332300132e-02 -1.810708782409269912e-01 1.079626670105460068e-01 2.374870999731099885e-01 -5.015270551683100042e-02 1.686151301352140086e-01 1.579548784751839963e-01 -4.099004601384350077e-01 -2.699398995398230028e-01 3.147854301351309947e-01
5.114373805242780069e-01 5.281357728141929941e-01 2.809391583162659800e-01 4.181548496523769809e-01 9.154924792504920417e-02 7.111768649426679356e-02 5.279121504273529553e-01 4.567581675533750052e-01 1.708524172802919905e-01 3.731128972001569732e-02 3.837617122908599798e-01 3.438250200721820055e-02 1.000000000000000000e+00 8.844302501576159492e-02 3.514840426839159759e-01 3.341631060440869994e-01 4.612145927145809843e-01 2.558898617689420174e-01 1.949943376392170025e-01 3.167578540521859831e-01 6.423520155153830680e-02 -8.823497415210459355e-03 3.910310224738879903e-01 2.746365283968930093e-01 5.577600916371620171e-02 -8.495212775590510468e-02 4.877248734559759824e-01 3.427581410066050105e-01 3.339227122342909859e-01 7.916063055353980693e-02 4.369361604356600259e-01 5.051586922697679505e-01 3.767521674821789901e-01 3.151297278060660179e-01 3.521977000249270073e-01 3.427845050058009879e-01 3.231809661755840057e-01 4.039438075202099743e-01 3.172461754453220206e-01 2.682661907683539862e-02 1.745885490479550106e-01 5.091629121413939751e-01 2.461563854414410002e-01 5.839801027137000444e-01 2.607882953429370154e-01 4.461506277071949911e-01 5.510413002486680423e-01 5.672136785200340148e-01 2.741077849565820013e-01 5.588475984727350188e-01 6.614848259890570015e-01 4.581571115101499836e-01 6.326112829022829676e-01 6.874159300534949946e-01 5.758253022029949930e-01 4.610789987042089866e-01 2.189205067307170016e-01 1.476817037487339890e-01 2.418020632580940021e-01 4.857570033354570160e-01 5.995888009258509843e-01 5.905647897074119967e-01 4.794415781548310163e-01 3.226043133928079842e-01 1.865687267402990068e-01 3.426781965205559777e-01 2.815937905842920141e-01 3.366325796981810003e-01 6.023624976044530260e-02 -1.731191323916090041e-01 4.033642681592389811e-01 3.028138693505429968e-01 1.099958628033829988e-01 6.821706474310569590e-02 2.905621588532080191e-01 2.103500091850910025e-01 3.201838085270419798e-01 3.056997939258380148e-01 3.271738510007760059e-01 2.316638175245210041e-01 4.103041503270040136e-01 3.220544846580180032e-01 4.564586216788120154e-01 4.362326053359820155e-01 5.577282783352800477e-01 4.939259036856459839e-01 2.310630714177270006e-01 4.127342518951960249e-01 5.363417013553789525e-01
-1.261835280271960125e-01 8.875059713284359775e-02 -1.413929433322239915e-01 -6.718392486901229865e-02 -2.154024190394010149e-02 -3.415893143915490343e-02 1.736318526557399933e-01 1.720356398582469915e-01 1.893421447390279955e-01 -2.779097981928349906e-02 1.855953814994640017e-01 3.748005505880089849e-01 8.844302501576159492e-02 1.000000000000000000e+00 -1.415882664543970104e-01 1.773331676584420091e-01 1.575445656795939897e-01 1.147494289102130027e-01 -8.798075388445260325e-02 -7.606123942722270437e-02 -1.445774741052640033e-01 -1.638521454729580107e-01 3.910117823504650342e-02 1.036231676032099980e-01 -6.054060329940510327e-02 -3.329905944368390103e-02 -1.401311841416670034e-01 4.227807785834900023e-02 1.020608984669779951e-01 1.922245284370180107e-01 8.436942138513910117e-02 1.832011793322589899e-01 -8.742913843819830055e-02 -9.391828445456429364e-02 -2.169796469384140114e-01 -9.665413670380289994e-04 -1.829256984427889976e-01 1.364236772453160107e-01 -1.179169651294010024e-01 -2.160703121710929875e-01 -3.001986173467199870e-01 1.095394950158310038e-01 2.926679874605430109e-01 2.511011483255879972e-01 -2.960896940877509875e-01 -5.983245468584350024e-02 1.931432006321429917e-01 4.397034982127120267e-02 -3.131634369631989823e-01 3.803738238655929998e-02 2.203540353982260114e-01 1.560670339825739883e-01 6.416402864109950477e-02 7.317655744346519830e-02 2.154486573147030015e-01 6.227569383935260133e-02 3.151160275039299741e-01 3.368918674797939938e-01 3.662597634631860055e-01 2.350510929082360034e-01 2.064939281582310049e-01 1.547459184882450101e-01 1.693533585086669929e-02 5.503922617728110311e-02 3.161130954706729834e-02 1.533191185294729975e-01 2.703644369008509907e-01 1.368185975510020080e-01 -1.494849670332150035e-02 -6.539297795053609919e-02 3.400833493043129985e-01 2.150807075019950110e-01 -9.465292994152149642e-02 -1.020818916111189967e-01 -2.559163706191739870e-02 -2.236786340470290138e-02 -4.733865031531900303e-02 -7.318848929789879831e-02 -1.229301007783590027e-01 -4.877912364878109891e-02 -1.477740298438749988e-01 2.222844171041530106e-02 2.366418458000829894e-01 1.805624276094600078e-02 1.889671320333750071e-01 1.667647802524460099e-01 -1.494018257635700009e-01 -1.679855018924630017e-01 2.071038852956980092e-01
2.964316036540169952e-01 2.683003813414729932e-01 2.444821077766509976e-01 3.889711163424209861e-01 1.381476365210240059e-02 5.753627289861980298e-02 3.710427881467139866e-01 7.829395690520700446e-02 1.182086730888829984e-01 6.615958753262310421e-02 3.131887060382779753e-01 -8.696819632486289808e-02 3.514840426839159759e-01 -1.415882664543970104e-01 1.000000000000000000e+00 3.245794975186199749e-01 4.207447662110629927e-01 2.879836591815920221e-01 2.126495606427240004e-01 3.691642652087560039e-01 2.183585055357470106e-01 9.775293168915590025e-02 3.050502145980040214e-01 2.487322538212410061e-01 8.689776134908200680e-03 -7.638582981897089341e-02 5.163730427526880273e-01 3.022932825359599951e-01 3.148271768923729952e-01 8.425676853442490288e-02 2.780197172137719996e-01 2.727104401077489748e-01 3.969242637420850039e-01 4.237402964375630021e-01 2.878953588953049869e-01 3.010383932540010021e-01 3.059451627115969963e-01 1.748035174865379959e-01 2.367765639889410079e-01 6.045426468518880214e-02 2.741917965434729765e-01 3.647655511006049900e-01 9.560132667096249426e-02 3.688940722722079957e-01 2.357917820184869950e-01 2.640791556759770065e-01 3.605351980552189972e-01 4.418961027746829973e-01 3.122035428939050061e-01 4.303610783585570254e-01 4.485616530230279730e-01 3.374138610456299814e-01 4.088784067275250123e-01 3.508644299244360054e-01 3.621650826732559780e-01 3.819740314529789793e-01 1.320487188843469939e-01 1.166998372036500004e-01 1.619606681217879984e-01 4.073256436231579847e-01 4.516176598411419940e-01 3.322414984046009878e-01 3.035282098858559929e-01 1.807165784635000050e-01 1.748819156096889926e-01 1.312625440744950023e-01 2.778016103774890166e-01 4.169262200859820133e-01 -6.340587721270179826e-03 1.126902675004930014e-02 9.100862081662880465e-02 1.751644519141070111e-01 2.472255733384099985e-01 1.997197278808590104e-01 3.911734323689439741e-01 2.856952834365170113e-01 3.724255523279529911e-01 3.070513458335230039e-01 3.137946507499669857e-01 2.473916409482400103e-01 3.171430010758630180e-01 2.724260354065580203e-01 2.824064865972010230e-01 3.859756871175130111e-01 3.119543401188940024e-01 2.232149264493319962e-01 3.153761497717729734e-01 2.399659007092020124e-01 2.163534360891359865e-01
2.699924509375499770e-01 1.035276292359380013e-01 2.945476122086109760e-01 2.825309646094710248e-01 1.885521853150919913e-01 1.264158172731499885e-01 3.916846181891779910e-01 8.567393659834290258e-04 1.312272888715780017e-01 2.433660385832570050e-01 1.797286014505440066e-01 6.099389421894860393e-03 3.341631060440869994e-01 1.773331676584420091e-01 3.245794975186199749e-01 1.000000000000000000e+00 3.862821126942009853e-01 1.929231493300540001e-01 1.756514557336459892e-01 2.267605521015109982e-01 2.225144011734190019e-01 1.683528085002850005e-01 3.471935403733230063e-01 2.389621813776199866e-01 3.233369404984710177e-02 7.644493427830140186e-02 4.313765920250700048e-01 2.951618409712979951e-01 1.346466963856390031e-01 5.714409646734550097e-02 5.523615961685310327e-02 1.896941758514570087e-01 4.470758255879550003e-01 1.157919933851340039e-01 1.978856895056360088e-01 2.399745663212090041e-01 3.335674964822150090e-01 1.950428499490099998e-01 1.382644776804509978e-01 -9.575944147964310371e-02 2.955363639544659748e-01 1.761858795361740115e-01 5.950239264010870333e-02 2.860162719692169730e-01 3.028199006667249837e-01 2.506697005317899962e-01 3.622339825491709964e-01 3.300442538775970047e-01 2.651979564784580079e-01 3.455365825194759988e-01 3.688624071588750275e-01 2.016215300751580120e-01 3.691658663942140040e-01 2.621538930840859871e-01 2.998210721451389782e-01 1.811584983678520000e-01 1.487463067085950108e-01 2.971257303331099886e-02 1.161055981473980009e-01 3.210231640717550183e-01 3.874810768101339953e-01 3.264994863717810003e-01 3.267547156315699919e-01 1.116527532813050005e-01 2.563590188913929951e-02 2.993430483899829908e-01 9.156712125668270419e-02 1.359030350858800029e-01 1.237888629267770019e-01 -6.520992463744479384e-02 2.094547680627809882e-01 1.486785037786349933e-02 2.189745092273950033e-01 2.218764689164700044e-01 1.765399066320569865e-01 1.986814869015749996e-01 3.602853453648480198e-01 2.791653056091050189e-01 2.387671733219750014e-01 2.025885112779839958e-01 2.741167620318830100e-01 1.923924191032380104e-01 3.670198682421800251e-01 4.888407207564680057e-01 2.595397154389970096e-01 1.833972037072809924e-01 2.376788246968440099e-01 3.096953509418570172e-01 1.073928317338820049e-01
3.901869062213810246e-01 4.026945360193209811e-01 1.518934782669620065e-01 3.033747963483319765e-01 -1.066880564707410085e-02 -3.870739024386989774e-02 4.578186814940030103e-01 1.708835884710140085e-01 2.978355229281269834e-01 2.719293599858629840e-01 4.530357520208420086e-01 1.414932702681379884e-01 4.612145927145809843e-01 1.575445656795939897e-01 4.207447662110629927e-01 3.862821126942009853e-01 1.000000000000000000e+00 4.997151549507110047e-01 1.672197022811109934e-01 2.911581945997109844e-01 7.599727992114049813e-02 -1.384686856873469929e-01 3.488328891035720192e-01 2.735122152171000076e-01 4.306884587317900276e-02 -1.521178518087510090e-01 4.935836417829190248e-01 1.810090473987640003e-01 3.682172723389580127e-01 1.783423237383470125e-02 2.587948131830549725e-01 4.990735368732289734e-01 3.214917532683809753e-01 4.256025267078359930e-01 3.888051322672200216e-01 4.731864052759670036e-01 2.098625069031219981e-01 2.811293488299170251e-01 2.479197917553180031e-01 6.865322841662160197e-03 2.024221816266250085e-01 4.449639581379020159e-01 3.613573142467719768e-01 5.980511208887260288e-01 1.209513966703719967e-01 4.533177424736949956e-01 6.209354264268069912e-01 5.816008791268689748e-01 4.537066711625779847e-02 5.238751000870379704e-01 6.545614360977980439e-01 5.124085390876490509e-01 6.357583828449809848e-01 6.645105756723560519e-01 5.353215253875740487e-01 4.671568985768320137e-01 2.082359077238750134e-01 2.715179299843399896e-01 3.341539017063009931e-01 5.017202086996339627e-01 6.844200833537400497e-01 7.033745841453159509e-01 3.858881958813930035e-01 4.102405877385320032e-01 1.821902698813699928e-01 1.570256557077299997e-01 1.980186505693720123e-01 4.589602451737829769e-01 -1.271979759969280033e-01 -9.908858787916639821e-02 3.890282795137580130e-01 2.512020676539910014e-01 2.324716994235050127e-01 3.623334262067809917e-03 4.978651769164290086e-01 2.134476643290570130e-01 3.215836824601099875e-01 3.769251496168060100e-01 1.376397508015859972e-01 9.935916049294700458e-02 1.753105588295950090e-01 2.857582487670969895e-01 5.297052204580490198e-01 5.574102606389039760e-01 5.928027654328179574e-01 4.640434623854090002e-01 2.735601674090010205e-01 2.587864145836449858e-01 5.390079954049280531e-01
