1.000000000000000000e+00 6.194620030178520365e-01 5.180250172168400224e-01 4.266012177380900106e-01 3.168232366068989836e-01 9.698374351309649311e-02 5.576723465105379862e-01 4.093663659864780202e-01 2.695737918129250121e-01 3.516783915772679903e-01 5.080941287611769885e-01 4.857044824951179951e-01 4.055380934960399752e-01 4.009224953982269968e-01 1.765649673793860119e-01 1.566477156706659879e-01 5.828641725542309526e-01 5.848399534135430011e-01 6.406217645511770309e-01 4.864653578706260029e-01 8.629200453466590037e-02 -3.719609410486680173e-02 3.604114625493129997e-01 3.832653322862160095e-01 -3.369765019530719663e-02 1.148968799518649969e-01 4.074523470229700073e-01 2.827307198816800260e-01 2.118114439994359943e-01 1.699821720387159896e-01 2.657061459263300174e-01 3.066349053087629728e-01 1.708440847827920051e-01 1.653581525696529997e-01 1.804748258790379867e-01 6.240370267745379979e-02 2.934760939324099760e-01 2.995736326449270105e-03 1.456599521425600008e-01 1.248372430494090052e-01 3.284767951844759781e-01 3.114435097803979757e-01 2.388778987765450001e-01 3.379046385528909902e-01 4.109593120573389879e-01 3.801558382110630241e-01 2.554814649069759858e-01 3.350218716771929950e-01 1.250950434824079915e-01 4.899538101593319817e-01 7.981361017350020459e-01 5.246777615859059551e-01 4.596766272745709814e-01 4.624807360065100181e-01 5.521229127284950078e-01 2.396869934798850077e-01 5.303142104476430418e-01 1.844951750605509921e-01 1.215863732884780030e-01 1.866878951647809870e-01 3.748894805022049970e-01 3.825193311806299734e-01 4.965688001612070246e-01 3.653555449613379857e-01 2.272722010079800126e-01 5.324411572600430409e-01 3.844349772925280129e-01 4.342173827548089782e-01 -2.474281808182579936e-02 1.271568594128340002e-01 4.547483755339939981e-01 5.251892426175529538e-01 2.213346057490959973e-01 1.801870644257599907e-01 3.618461154896430165e-01 3.656983509893430018e-01 3.300459199454550130e-01 2.684970776476309773e-01 2.390660384833299956e-01 2.064212985458440119e-01 2.331883569220800090e-01 4.143587562086230025e-01 5.247057115152049533e-01 5.969674295829929811e-01 4.187655655279139966e-01 6.972394788389489895e-01 3.740898450383329799e-01 5.978667423143110282e-01 5.044717480199010229e-01
6.194620030178520365e-01 1.000000000000000000e+00 3.254559827433590180e-01 5.949916446187679675e-01 2.162611547177170079e-01 2.036697434663239936e-01 4.311778170638659868e-01 5.452458161468349829e-01 3.365021304766580013e-01 5.208261670855740544e-01 4.510606927034500058e-01 5.419627561555320217e-01 3.460253371734060002e-01 5.102402725872969835e-01 3.174633811720110055e-01 4.146485788025049968e-01 5.071280500837680449e-01 7.994510248500550365e-01 6.541148838020429679e-01 7.649363435898349772e-01 1.410753441620569981e-01 7.803512305507109836e-02 1.978934958456740056e-01 4.757528227100479845e-01 8.894355699337549992e-02 1.703192884622539982e-01 4.257963940521509727e-01 2.404609938414949966e-01 1.755180690314460112e-01 1.745090478678240076e-01 1.182275918354249999e-01 2.895700340924289851e-01 1.232859021560530066e-01 5.884204947206730235e-02 2.987347506434590017e-01 2.887931288038820266e-01 3.050988330726500108e-01 8.840104304165219418e-02 2.438821438819140097e-01 2.561317176457419964e-01 4.576369498301480210e-01 3.778348518441220216e-01 3.238658989519889730e-01 3.792444719327789926e-01 6.769187305675620214e-01 5.690107148086770428e-01 2.757899127599829914e-01 3.254250957633529895e-01 2.215976145505089978e-01 5.095291624126639940e-01 6.937551915174680062e-01 8.850142247640749860e-01 3.711141367593320251e-01 6.207996984208420388e-01 3.436869428712879815e-01 3.137680347724450258e-01 4.737870929512559837e-01 3.215562373888369851e-01 -9.034695719668009439e-02 1.814837176935729934e-01 2.514277593127959842e-01 3.781294015017709897e-01 5.120946656416239806e-01 6.692937033823059823e-01 2.801346552023949998e-01 5.908273704802099457e-01 3.620222151596619864e-01 4.904329014621889860e-01 5.150237070539250006e-02 2.356390493687330057e-01 4.709859492550230176e-01 5.397865974623470287e-01 4.406050656742410143e-01 2.141620695198560020e-01 5.401000827476190036e-01 4.507294371165300184e-01 4.976188863379569782e-01 3.477683354729130261e-01 2.113118501362440116e-01 2.823601047873839920e-01 1.663829472461059999e-01 4.272098865188849737e-01 5.016062092342780110e-01 3.655720200084480176e-01 5.236308942688939760e-01 6.360818457298600404e-01 5.137615739207189725e-01 5.713563004764989905e-01 7.069198025905769622e-01
5.180250172168400224e-01 3.254559827433590180e-01 1.000000000000000000e+00 2.561385271960289756e-01 4.784508560188829862e-01 2.776978269658200160e-01 9.021549935882690052e-01 2.490140773181830081e-01 6.064281707524069587e-01 2.642635254908889952e-01 3.782201328313190003e-01 2.749570055015420067e-01 6.472296471864550371e-01 3.320099570880569728e-01 6.776810836167399543e-01 1.988078078261759918e-01 2.382178941204489975e-01 4.140345475546249876e-01 5.057877272259460044e-01 2.033686381251829933e-01 2.166480992241509862e-01 -3.583995019245269742e-04 7.381266428700880011e-01 2.928282677504189802e-01 3.092197626156409918e-01 2.094596896387279916e-01 1.363845816115950016e-01 9.307222638850609631e-02 4.180022647209090114e-01 1.894454346732880046e-01 4.965496743531340185e-01 9.722929514936010098e-02 6.020034198866800468e-01 3.452794179377730033e-01 2.505891416624440038e-01 1.034287639569260037e-01 1.662165772355750082e-01 8.427767493346099981e-02 8.649333890864080443e-02 1.853854351908670040e-01 4.518426690191810202e-01 2.600018475847650223e-01 4.984977732229999847e-01 3.652415141271709853e-01 2.283144791238309879e-01 4.688351860997950205e-01 2.951899761460110017e-01 3.693966755484390241e-01 1.821988165897850120e-01 5.410444482055439819e-01 3.453532864966950000e-01 4.002358002601960063e-01 4.229980656217550150e-01 4.326479119137719986e-01 6.303149054405190466e-01 3.327623393813309849e-01 3.328483969255510155e-01 2.277532418547920101e-01 5.500167302339029618e-01 1.299678082299829951e-01 6.675110620636740544e-01 4.087627465430769824e-01 1.957154723288110076e-01 1.823819978410209930e-01 4.435927534723220211e-01 3.426515254723029869e-01 1.631660528848979941e-01 2.932540063165849920e-01 2.454843326936069839e-02 2.667070788894829875e-02 3.909662041197349835e-01 2.866442332662330061e-01 3.095175484935540067e-01 2.840572327062669822e-01 2.093013724814830057e-01 4.138942107305930151e-01 3.284790429874799855e-01 1.972817182800440106e-01 4.539599363302400103e-01 2.351022941989039938e-01 3.377069987361799863e-01 4.248640155343130220e-01 5.263965923373700173e-01 6.800048623086289989e-01 4.250638596441470018e-01 5.702604967536619718e-01 4.474444553914220246e-01 4.594409777014860086e-01 3.440899359469979935e-01
4.266012177380900106e-01 5.949916446187679675e-01 2.561385271960289756e-01 1.000000000000000000e+00 2.480876461368730079e-01 3.881728580921520178e-01 2.589389565085419842e-01 9.146967515887050038e-01 2.373391329718279874e-01 7.651788486381010390e-01 1.248706987091700027e-01 5.573686187084020416e-01 1.840520727759079878e-01 6.525634268912700042e-01 1.438600933431100071e-01 4.812665480807880036e-01 4.548640897653989934e-01 5.180692259428619773e-01 3.772462146801430216e-01 6.691539369365570034e-01 7.729694559026749345e-02 1.037954264964069950e-01 3.075464953774300070e-01 8.054404535482959648e-01 1.370856914002779869e-01 3.584248470753039761e-01 2.125407465815359886e-01 1.378447678598820059e-01 1.978042812278230089e-01 3.923529221865669769e-01 9.530059533858170617e-02 5.140965161609609702e-01 1.792406062750560025e-01 5.392078004471110297e-01 2.134012562806310020e-01 2.363563182821739883e-01 2.066922987812589985e-01 1.272386590660180006e-01 7.592417423133379639e-02 2.143805211802690125e-01 4.777249858467499943e-01 3.709031088261590114e-01 2.907592914947599860e-01 5.684296003807219888e-01 5.792200939389999803e-01 5.065086163728069746e-01 2.410594376940750072e-01 2.148008785866580006e-01 2.510201269653949963e-01 4.042462890665899922e-01 5.783972138588610035e-01 5.392002416772360140e-01 2.607925240483059959e-01 4.480124252170800125e-01 4.369273242867310197e-02 5.583442467134690501e-01 2.795281540406530096e-01 4.807507542089259900e-01 -4.133021322794359909e-02 6.917949073168350171e-01 2.566255118339629826e-01 5.933353142914029599e-01 4.309435967770650078e-01 5.362201950037379650e-01 2.032512178516550083e-01 5.012712387468329922e-01 2.363356450447970103e-01 4.112785172603319883e-01 8.319289511895899825e-02 2.204057971413579953e-01 3.177601285019540089e-01 4.860422657276139979e-01 4.340740806773830118e-01 1.500766031414740020e-01 3.781462025419800033e-01 4.432320934813759883e-01 2.737617498875590250e-01 3.951000409596299723e-01 1.355436003106819942e-01 6.123647289586280351e-01 9.078433993128759427e-02 6.016880806910800406e-01 5.104540020032419800e-01 3.651147175741910056e-01 4.997909949500050075e-01 4.649065385877910184e-01 3.079427155100369906e-01 4.147287996545649946e-01 5.429087996298199714e-01
3.168232366068989836e-01 2.162611547177170079e-01 4.784508560188829862e-01 2.480876461368730079e-01 1.000000000000000000e+00 4.495243024124039866e-01 4.480700453188459775e-01 1.944471680289490134e-01 5.687650686107440512e-01 2.575003471117149889e-01 4.308148427999169972e-01 1.873406136785200071e-01 5.434244421650680223e-01 2.181573443462790085e-01 5.684643681479599753e-01 2.453272039697839968e-01 2.613075664291780176e-01 2.279460114672419990e-01 2.807229979557859800e-01 1.717220449698380058e-01 3.398074165085759879e-01 1.177193831574670051e-02 4.612593941523849828e-01 2.712899942135720277e-01 4.846075085217920186e-01 4.513269398734650051e-01 2.608104425124280201e-01 4.667150522448450245e-02 5.312193603055560542e-01 2.339564124035120041e-01 2.728853076126350197e-01 5.910507608363219784e-03 2.334261838098410091e-01 4.308711343845419983e-02 1.201044378694850062e-01 1.577497768904440045e-01 1.456913741983530131e-01 1.542327251291020045e-02 1.562121162038740130e-01 1.846086108761459954e-01 1.354793872391999998e-01 2.368238150155050140e-02 2.379279972541140098e-01 1.494822952756690027e-01 1.548046849135089886e-01 2.937170743531040129e-01 -6.477171520935200155e-02 1.686507336120580125e-01 -8.751503688357449573e-02 2.479278868623789878e-01 1.795580666978540130e-01 2.785429638176969980e-01 -1.091161246043130008e-02 3.004387301980029901e-01 3.045352832253940267e-01 2.935568117557350032e-01 7.880332049753499546e-02 1.931574194419939938e-01 1.115932110022310048e-01 1.596068859051990030e-01 2.387646270139900107e-01 1.145977832162610038e-01 8.807176364891310116e-02 1.010026226537509980e-01 3.381485138007350177e-01 2.896593946323379742e-01 1.573486132382689862e-01 3.494500564193649961e-01 2.013644712227760040e-03 5.363087303385070254e-02 1.327155848177299924e-01 1.855672748444759934e-01 7.028924055994689724e-02 -5.593493995650480194e-02 5.236442244271929947e-02 2.027648815459479892e-01 2.299222907995130127e-01 1.294901809599730003e-02 4.331306328984430021e-02 2.279020683767160049e-01 -1.063765165373369986e-01 2.431340957380219991e-01 9.676984049884940209e-02 3.018570094739039811e-01 6.328154303753580345e-02 2.718471518998680225e-01 1.110398397061559961e-01 2.945424245644390204e-01 2.386279091114399953e-01
9.698374351309649311e-02 2.036697434663239936e-01 2.776978269658200160e-01 3.881728580921520178e-01 4.495243024124039866e-01 1.000000000000000000e+00 2.335938697356899907e-01 3.059768497510039764e-01 4.532323405279989892e-01 3.358970321959829919e-01 9.180772325480619778e-02 1.942062351834339951e-01 3.010402201169110059e-01 3.578807107944290133e-01 3.498431992911549826e-01 4.933900638865040267e-01 1.067219329232410030e-01 1.912887830124070099e-01 9.526740689198820444e-02 2.056550587061020119e-01 3.279846556308609884e-01 2.455512885667749945e-01 4.081750908868300165e-01 4.133731404827810096e-01 5.473143094218250182e-01 6.384742101235040268e-01 5.595544998068720244e-02 9.627959795536439325e-02 5.012527313666970130e-01 5.252407803380430007e-01 1.788188380307489944e-01 3.263434356358250188e-01 2.632192845177360185e-01 3.258936322872579838e-01 1.476828213344520135e-01 1.485925090603679999e-01 1.139807321211859931e-01 1.202677462301710021e-01 7.714092284109300146e-02 1.439601889813900137e-01 2.683899240257309748e-01 1.861656546026690118e-01 2.241787252487950077e-01 3.132513542060639811e-01 2.009172391839809946e-01 2.345380595137910029e-01 4.136324874860890233e-02 6.508069852594300375e-02 3.633097500692730047e-02 1.616379423715340047e-01 1.716011896698589889e-01 3.031758273832390049e-01 3.241017274181710178e-02 2.017536408960070027e-01 4.744128253642070081e-02 3.756794348549409857e-01 1.090604639087059957e-01 3.334319867130189907e-01 2.558275495267110095e-02 2.880700827115880158e-01 1.044280316747289994e-01 2.574257961915190074e-01 6.373166607743249723e-02 6.468097280500299806e-02 4.024189417695149817e-01 3.091248538047209893e-01 1.836503395147200124e-02 3.541459908337750151e-01 6.043331292325920118e-02 1.000726879712500045e-01 1.128650513566869934e-01 2.680648657102570054e-01 2.011656499938380138e-01 1.062439249648509942e-01 4.217448159617920300e-02 1.578438180846989947e-01 2.490650186196670113e-01 8.462259042279160481e-02 6.179685639472520114e-02 2.641188179576999806e-01 -3.474704047186250033e-02 2.384491647453700069e-01 8.246341619876340623e-02 1.820283238013210014e-01 1.343640309179119918e-01 1.409440052668499976e-01 1.781958494430269935e-01 1.531253879839629961e-01 1.627132318466479877e-01
5.576723465105379862e-01 4.311778170638659868e-01 9.021549935882690052e-01 2.589389565085419842e-01 4.480700453188459775e-01 2.335938697356899907e-01 1.000000000000000000e+00 2.421781464981100085e-01 5.725434793573319636e-01 2.658203284176339776e-01 5.215144856696880549e-01 3.129675035758829882e-01 7.121997503448710409e-01 3.493921714628879793e-01 6.424915407494190545e-01 2.142927458442789868e-01 2.462591268909639919e-01 4.569553783569820227e-01 5.330276843028249889e-01 2.660048472055440150e-01 1.792545188984399906e-01 -5.217244877366349759e-02 6.653079236358639958e-01 2.980015317383349904e-01 2.327612361817459896e-01 1.802513372365600053e-01 2.074589631676569956e-01 1.813991322784820059e-01 3.969475348033130180e-01 1.950594008091720011e-01 5.083955032658260542e-01 1.557090688562529912e-01 5.148872601321790032e-01 3.240202081343420137e-01 2.555134940631519913e-01 9.976073473131050195e-02 2.673353438498070056e-01 9.718102941252369786e-02 1.590589146243970020e-01 2.167343410098860057e-01 4.529333583841380073e-01 3.110127397498380075e-01 5.031159694629669943e-01 3.913792988786130023e-01 3.197430349737899746e-01 4.852516601244509786e-01 2.810061593756320031e-01 3.536511751283210048e-01 1.506333205604840075e-01 5.183498619097159921e-01 3.492254969207320148e-01 4.771952991274380218e-01 3.482734879928620075e-01 4.722958170161549729e-01 7.239606589800849923e-01 2.711835077896290191e-01 3.920217343591150261e-01 2.070188563472659948e-01 5.004224665262460015e-01 1.224663271507849954e-01 5.995028804798110400e-01 4.355168500498859951e-01 1.648586172763570057e-01 1.912216320112989920e-01 4.512581022900050143e-01 4.230069881804019993e-01 1.420771622457699945e-01 3.577193586610979970e-01 1.416906459085520015e-02 4.978804349928529771e-02 4.329655893279680257e-01 3.347157312555900099e-01 2.765478833590889751e-01 2.325398186751060081e-01 2.261894100922610118e-01 4.813796374033549874e-01 3.394337503092370034e-01 2.659265044306020065e-01 3.707130833484499899e-01 2.622133089206259982e-01 2.887474936044829854e-01 4.430504450569809904e-01 5.292636917739860225e-01 6.825728154409219650e-01 3.851897192324270081e-01 5.429964682432439904e-01 5.168460372373809841e-01 4.931945282023280086e-01 4.233118606156550112e-01
4.093663659864780202e-01 5.452458161468349829e-01 2.490140773181830081e-01 9.146967515887050038e-01 1.944471680289490134e-01 3.059768497510039764e-01 2.421781464981100085e-01 1.000000000000000000e+00 2.278548613431659875e-01 8.002602373166960437e-01 7.377835787795800071e-02 6.554377658895349512e-01 1.239076088131609993e-01 7.656293234548879889e-01 1.131035613771240039e-01 5.450971981053489568e-01 4.446072094944349962e-01 4.526001294524920060e-01 3.640277985293640106e-01 6.676778084876280328e-01 4.688155773527569875e-02 1.240343853017390058e-02 2.927995965511500098e-01 8.212175930715419625e-01 1.025355531115920010e-01 3.278188008591659819e-01 2.228926426092689983e-01 1.063593387605920038e-01 1.843681624360269944e-01 3.868049424753149945e-01 1.424825539973280097e-01 5.370116783272189664e-01 2.437437475243610097e-01 5.015220315234160120e-01 1.468857165223939887e-01 2.119192988215480022e-01 1.094570445205289982e-01 1.311297304388309992e-01 9.533788440878350479e-02 2.147915493363440065e-01 4.355599296778630003e-01 2.925597491223150270e-01 2.391931038140059917e-01 5.274679883101609512e-01 5.418361322556539683e-01 4.243854780566039819e-01 2.044248615029390093e-01 1.075200815837380058e-01 2.839163132714129789e-01 3.374360484973980001e-01 5.503824097708880370e-01 4.334918553941279895e-01 2.740843062586900136e-01 3.300707964324520183e-01 2.773443695611450127e-02 6.253454676120610012e-01 2.909386646258180220e-01 6.065952202661110126e-01 -2.306224828508589980e-02 7.714088758530860401e-01 2.778453909014769740e-01 5.851002219988450381e-01 4.565991779581909937e-01 5.176843969346239804e-01 1.866771187516819974e-01 4.140367633759610144e-01 1.675489090631999967e-01 3.202075953933640196e-01 6.527689299262459666e-02 2.412181225882540081e-01 2.727278478856440258e-01 4.087558444704900151e-01 4.301627543266769993e-01 1.509446806792049955e-01 3.696451141552720143e-01 5.324836457301429515e-01 2.126495205578460002e-01 4.620067390983200184e-01 1.653446862540650097e-01 6.638696513837839541e-01 1.258056485220019893e-01 5.905595675832689961e-01 5.214439935519600278e-01 3.357674323633990099e-01 4.842504584507609788e-01 4.082304120891749877e-01 3.507250420285030201e-01 4.379548265224260106e-01 5.033243864307940241e-01
2.695737918129250121e-01 3.365021304766580013e-01 6.064281707524069587e-01 2.373391329718279874e-01 5.687650686107440512e-01 4.532323405279989892e-01 5.725434793573319636e-01 2.278548613431659875e-01 1.000000000000000000e+00 3.675522256072810134e-01 3.704287748183689999e-01 1.075443477135220038e-01 5.614398580202419886e-01 2.899309925571990076e-01 7.128809832874970498e-01 3.249477345729079869e-01 1.864323447581240079e-01 3.163661075589310201e-01 3.981637855099690038e-01 2.114840708901130073e-01 4.440638025292250046e-01 2.330049638007629931e-01 5.686971406484789826e-01 2.984205318258379980e-01 5.430673555157360388e-01 5.171381077213630384e-01 2.258154756915549954e-01 -1.570197388504050023e-02 4.663824858303919907e-01 2.670189224166419906e-01 1.053667378134579974e-01 -8.917930017796919795e-02 4.244493364063319785e-01 1.540180493068090128e-01 3.478293098367910008e-01 2.395682360311079950e-01 1.515858586172370015e-01 5.775466494176360356e-03 1.493740971073080070e-01 1.452112180062609947e-01 2.510710028771209745e-01 8.546800590214799487e-02 2.167672516088590129e-01 9.591463761489120443e-02 1.852133223734760137e-01 3.099674486771930026e-01 1.003407949115410064e-01 8.231072017865770363e-02 2.884315548024350001e-02 2.572650698061810237e-01 2.255744134492100039e-01 4.410064283426670118e-01 1.708330951075409943e-01 2.785855987407350187e-01 2.841419098026070067e-01 2.903503114078559988e-01 2.537843125330029870e-01 3.211254001825399884e-01 3.811465314089810263e-01 1.672208757034329973e-01 2.755635119176549908e-01 1.270953886548109868e-01 1.540889872366509872e-01 1.692748830028349971e-01 5.153969909448710141e-01 2.967362723216859788e-01 1.264759068698009976e-02 2.302352155403709910e-01 -1.243785488970959932e-02 -4.610259287523609667e-02 1.507293970668310001e-01 5.380482966589850147e-02 2.648481055285650254e-01 1.138280771984010037e-01 2.334429385586689887e-01 3.590622763443879761e-01 3.208537920153369805e-01 1.462721917580790121e-01 3.903450272047960246e-01 3.345607267033329779e-01 9.120429258115850257e-02 2.984225297540900046e-01 2.357818568754390109e-01 3.736102152278290012e-01 2.062736035470340012e-01 2.882331887502679879e-01 3.169278919114230098e-01 2.803211107771230171e-01 3.269396953516010007e-01
3.516783915772679903e-01 5.208261670855740544e-01 2.642635254908889952e-01 7.651788486381010390e-01 2.575003471117149889e-01 3.358970321959829919e-01 2.658203284176339776e-01 8.002602373166960437e-01 3.675522256072810134e-01 1.000000000000000000e+00 1.824084329611699862e-01 5.138668913580739517e-01 1.966103949250639915e-01 7.441320234174839676e-01 1.982130841751459926e-01 5.878628669505090443e-01 3.807825082440760012e-01 4.182391288521730144e-01 3.101476419310459920e-01 5.595999789457519746e-01 1.868894171081549871e-01 5.996774631479360324e-02 1.909084806751900065e-01 7.150293295732500498e-01 1.800675915737660060e-01 4.098302293799250262e-01 3.118871328550479882e-01 -3.225425220189379744e-02 2.321708041040609904e-01 3.417367377654719762e-01 4.158693866156770030e-02 3.512834141008049915e-01 2.862730916183259811e-01 4.273279245439339791e-01 2.366528175670679912e-01 3.217037991095850202e-01 2.152054515700269899e-01 1.283588835324269983e-01 1.825535349592629919e-01 2.907608814279930010e-01 3.630874338675579849e-01 1.918336511721049908e-01 2.068448745525680033e-01 3.354883631316519788e-01 4.705028100851160189e-01 4.118919953893550034e-01 1.582605390355980024e-01 1.317018837821130016e-02 2.036333257669420138e-01 2.787742468513260130e-01 4.832873658053239985e-01 4.426369614991689794e-01 2.207678689498379920e-01 2.757153488681750031e-01 4.575952965680300105e-02 4.599183089145260084e-01 1.634281841592220008e-01 4.369343943466090230e-01 5.522018297344839788e-02 5.727217218987720182e-01 2.813037805379490219e-01 4.124171053969299949e-01 4.381832883404739865e-01 4.752842907306619735e-01 2.914703276404170262e-01 3.740286682427930165e-01 1.772232736105359974e-01 3.348462452706489900e-01 1.389949390603379964e-01 1.821807498763660105e-01 2.452694249576259922e-01 3.525911096619769869e-01 3.861244697544179982e-01 1.198258244543940060e-01 4.171858713621919845e-01 4.598839249453169908e-01 2.492359983997750050e-01 4.327847540225649992e-01 1.177871795000200034e-01 5.963469828835940012e-01 6.714245460602130677e-02 4.772915591288209858e-01 4.907721876596090049e-01 2.829583588526999871e-01 3.827650945458139775e-01 3.925286976931670058e-01 3.781490717392589906e-01 4.245645015813839795e-01 5.408236906354130236e-01
5.080941287611769885e-01 4.510606927034500058e-01 3.782201328313190003e-01 1.248706987091700027e-01 4.308148427999169972e-01 9.180772325480619778e-02 5.215144856696880549e-01 7.377835787795800071e-02 3.704287748183689999e-01 1.824084329611699862e-01 1.000000000000000000e+00 2.594008319586330047e-01 7.432387346621139868e-01 1.040737601803729956e-01 4.212230166912169782e-01 1.347849070017780038e-01 2.304933381927010139e-01 4.406945029562380212e-01 5.436755540622120186e-01 2.364516785119769871e-01 1.593457208186639940e-01 3.381556435513000114e-02 4.092800573681900089e-01 1.665127522524660064e-01 2.165870103285789938e-01 1.441846908771149960e-01 3.235777540139930242e-01 2.763240444812229968e-01 2.671568849370249965e-01 3.334571446635350295e-02 2.235171687870929902e-01 5.649464498958500260e-03 9.630294866124479436e-02 -7.359201356248909476e-02 1.452233628756740003e-01 1.052212169043229978e-01 3.525125692817520084e-01 1.164694166769209976e-01 3.018215712093110237e-01 2.963074682156430217e-01 1.991257541983479928e-01 8.231318522806360671e-02 1.122225460418330018e-01 8.758342018751180680e-02 2.858130617104019944e-01 2.309588738942709996e-01 -5.317658926551940141e-02 1.584878150877739866e-01 1.698712656121410119e-02 2.964844488162239888e-01 2.965055791950779729e-01 4.446416955950019956e-01 -1.104113118395280008e-02 3.733983946418780175e-01 4.720058937036269997e-01 9.590122719557619968e-02 4.249736730772740168e-01 8.670662207502190244e-02 1.074779180314790056e-01 -4.511850083760390179e-02 1.320484199912239920e-01 9.380377859558479414e-02 6.898710785320939787e-02 8.733988619710149337e-02 2.580233519514409934e-01 2.478657420197639960e-01 1.253478548303849915e-01 2.497767921235929944e-01 1.626318737293780126e-01 4.084707085144719668e-02 3.345805120041169811e-01 2.407853026899169913e-01 4.510172474014669669e-02 -7.272070806965369449e-02 1.264414235346880133e-01 1.768728844604970096e-01 2.872855958423469747e-01 -1.711324625847989930e-02 9.212772956966920612e-02 2.543963000587329965e-02 5.297642847839700159e-02 2.387285638429610113e-01 1.752999644821670033e-01 3.476053530783519974e-01 1.758448986041430129e-01 3.440769180204680255e-01 2.042616134832140051e-01 3.051729212233479926e-01 3.713593438540530034e-01
4.857044824951179951e-01 5.419627561555320217e-01 2.749570055015420067e-01 5.573686187084020416e-01 1.873406136785200071e-01 1.942062351834339951e-01 3.129675035758829882e-01 6.554377658895349512e-01 1.075443477135220038e-01 5.138668913580739517e-01 2.594008319586330047e-01 1.000000000000000000e+00 2.677511404357370006e-01 6.995996058268180162e-01 1.577561058418489870e-01 4.267496028273249919e-01 3.552937469089760270e-01 4.880048305120630037e-01 3.685180323132399849e-01 5.450859177921749676e-01 -6.948615394871300588e-02 -9.504628332308649730e-02 2.200460860152219922e-01 4.829517276219270072e-01 -3.564913442987990150e-02 1.326193556531519990e-01 2.195103338171119911e-01 2.796487640185170154e-01 1.562981841222459978e-01 1.962809072296829993e-01 2.808810990289090093e-01 5.051928279130190047e-01 2.397887274110679923e-01 3.416139802482179855e-01 -2.629790138182000123e-02 7.944751161680520257e-02 6.190960374926839788e-02 6.192936841401520259e-02 9.595746065088560373e-02 1.055697766787919989e-01 2.915040268623789732e-01 2.721905507362469834e-01 2.490602379284820034e-01 4.911571968456269754e-01 3.797090216252769768e-01 2.921955696307450001e-01 2.242578076844879975e-01 2.863471326148019913e-01 2.020535574855009953e-01 3.182627458522819808e-01 4.770149522071219783e-01 3.870963322785089811e-01 3.892092637123439891e-01 3.261411131793229834e-01 2.847629186494389786e-01 4.963492454632990047e-01 3.484760452564110156e-01 5.110147295959970304e-01 -3.194859525654340088e-02 5.419305576882440523e-01 2.758444547811009784e-01 5.308169050108439979e-01 3.297294110324169858e-01 3.120232707711970144e-01 1.888381406468609969e-01 3.930884616583840141e-01 2.069977157685470026e-01 2.595407631764509726e-01 7.614801607893240121e-02 1.911726908934479885e-01 4.182969412949810173e-01 4.355333579043609848e-01 3.512336096304560229e-01 3.588553006326010153e-01 2.662279494157980264e-01 4.676769940901709943e-01 1.547301105460180126e-01 3.909525152971949913e-01 9.507948110452220380e-02 4.629042301008309823e-01 1.393332979231549917e-01 5.275937393602649905e-01 5.048503966065950310e-01 4.231851856289470248e-01 4.028854033419819736e-01 3.738933138376620002e-01 2.654939726876430206e-01 4.559726905537350161e-01 3.632257433885829889e-01
4.055380934960399752e-01 3.460253371734060002e-01 6.472296471864550371e-01 1.840520727759079878e-01 5.434244421650680223e-01 3.010402201169110059e-01 7.121997503448710409e-01 1.239076088131609993e-01 5.614398580202419886e-01 1.966103949250639915e-01 7.432387346621139868e-01 2.677511404357370006e-01 1.000000000000000000e+00 1.603207117328389886e-01 6.899729618618170024e-01 1.415556812401790043e-01 1.240201991687250038e-01 4.081764025215500191e-01 4.531714477480259795e-01 1.519395667239610004e-01 1.550534353345180139e-01 5.474500218233160215e-02 6.414491850323089661e-01 2.395663859613159918e-01 3.120539174123049819e-01 2.132923878982100063e-01 1.346252601662349946e-01 1.835317558964640050e-01 3.613000520146359973e-01 1.994482539791949949e-01 3.669322393307760111e-01 5.481265570470440079e-02 3.121553526017940006e-01 1.619635432925480012e-01 1.548010359129209923e-01 1.104251305764659963e-01 2.676081434335830234e-01 6.501658536101939667e-02 9.412048609635249863e-02 2.475998856855479990e-01 3.297560529644220084e-01 1.853169648194429864e-01 3.208542376748990121e-01 2.815289491161189761e-01 1.920714170400500131e-01 3.214156895229010047e-01 -2.108780441658809901e-02 2.200504802491299872e-01 1.808651286950310050e-02 2.940621314906750050e-01 2.043112342024170081e-01 4.715947252376950227e-01 6.935998487383880640e-02 3.288076175892610253e-01 5.425769023067480434e-01 2.491538897799240038e-01 3.591565738182689871e-01 2.339605720150970125e-01 2.474880312389449999e-01 1.184526386764409994e-01 3.035046685638599917e-01 2.443928712252660118e-01 8.276660976962360583e-02 3.650248862025640140e-02 4.112593668887999931e-01 2.367444120693300014e-01 8.129366404432930571e-02 3.182756527182449835e-01 1.390837758992179984e-01 6.124006795990100203e-04 3.056467172499410245e-01 1.423538523593790017e-01 1.013805701101409967e-01 1.223337646957719932e-01 5.300888106613200340e-02 2.348817611065439903e-01 2.599428102367060123e-01 -4.567636579434260213e-02 2.462057587394730074e-01 1.084503849040590051e-01 1.169396909219429931e-01 2.927261047151740181e-01 2.964893114700259957e-01 4.837281173447650073e-01 1.654223752492350041e-01 3.614239074183959732e-01 2.633337781164710178e-01 2.410029327407620103e-01 2.922949253067009812e-01
4.009224953982269968e-01 5.102402725872969835e-01 3.320099570880569728e-01 6.525634268912700042e-01 2.181573443462790085e-01 3.578807107944290133e-01 3.493921714628879793e-01 7.656293234548879889e-01 2.899309925571990076e-01 7.441320234174839676e-01 1.040737601803729956e-01 6.995996058268180162e-01 1.603207117328389886e-01 1.000000000000000000e+00 1.901819782312330065e-01 6.445596862304630026e-01 3.487305805082420163e-01 3.545252284730209813e-01 3.269008269222269947e-01 5.700678350678619610e-01 1.685323888565979922e-01 2.415424095494140069e-02 2.575685796389309834e-01 7.019561309859529974e-01 1.748752421895720111e-01 4.025173485908929982e-01 2.628163930462499853e-01 -9.308945172322929474e-04 3.165614994051699771e-01 3.886898094399079961e-01 1.795714487240800128e-01 5.428960874681929560e-01 3.364754284520429795e-01 4.347890031263090260e-01 1.614601213896139920e-01 2.039064566257919875e-01 1.153074477747429993e-01 1.853891380525909960e-01 1.851110626530440006e-01 1.565822726942840137e-01 3.446110617242820195e-01 2.641795432592700110e-01 2.883768489122749967e-01 4.568785387602130044e-01 4.388091149992490170e-01 4.338991915357899853e-01 2.073253959803240121e-01 1.040679086358869965e-01 2.492745812137709960e-01 3.398451301848969819e-01 4.685462653141180267e-01 3.494184013937809974e-01 2.363286679918210065e-01 1.754496914947960007e-01 1.360857785049950086e-01 4.818609528605570236e-01 2.695774634690690230e-01 4.646596841718120263e-01 6.176140772103039939e-02 6.165829897088439537e-01 3.276604559983100073e-01 5.270096684773549756e-01 3.573981231994949881e-01 4.155002743305040158e-01 2.810080785527290237e-01 4.225977698900900137e-01 1.301334293840440137e-01 3.057938397328819891e-01 4.316529409598190287e-02 2.053609824334410028e-01 2.442310141211649910e-01 4.072187440287100002e-01 4.350196166937689846e-01 1.455930460149340022e-01 3.683212855075180259e-01 5.562053125314070368e-01 2.762773662036600020e-01 5.921022208227150196e-01 1.116895677565139938e-01 6.204919744327049846e-01 1.285333466944030001e-01 4.952782125088069920e-01 5.143813202984609534e-01 3.523351084522909904e-01 4.468805620928270050e-01 3.333279152065189987e-01 3.714110796897560074e-01 4.632285359446550177e-01 4.463918339472859875e-01
1.765649673793860119e-01 3.174633811720110055e-01 6.776810836167399543e-01 1.438600933431100071e-01 5.684643681479599753e-01 3.498431992911549826e-01 6.424915407494190545e-01 1.131035613771240039e-01 7.128809832874970498e-01 1.982130841751459926e-01 4.212230166912169782e-01 1.577561058418489870e-01 6.899729618618170024e-01 1.901819782312330065e-01 1.000000000000000000e+00 2.528225337262470229e-01 1.286576737810740112e-01 3.552091684919860270e-01 4.212551852408559783e-01 1.563883269423350098e-01 3.744098009400950167e-01 -7.652111622918079600e-03 6.229530692865360431e-01 1.735464889395230137e-01 5.296475728333589483e-01 2.888401870418390027e-01 2.219787949416829886e-01 7.285642648217689754e-02 3.890580540901880102e-01 1.128137026095519940e-01 2.533564942904619754e-01 -1.739499229195440033e-01 4.019128219278360059e-01 8.919358100093560671e-02 3.050484792131469836e-01 2.179055152251319905e-01 1.565063590213049971e-01 4.681340947834940203e-02 1.069418916233969979e-01 2.794775910956929788e-01 3.429695751982649865e-01 1.131513506316109974e-01 3.388928126722040024e-01 1.639365622652770027e-01 1.872531534249829988e-01 3.822232238450369857e-01 6.132745668369959935e-02 3.055444190015599859e-01 8.126220543937159868e-02 3.708800546293219980e-01 9.470704325554460401e-02 4.239900538974539779e-01 1.584473150846049949e-01 3.277147868713630174e-01 4.081995181712220200e-01 2.292687575438999981e-01 2.102885069751699865e-01 2.267598735301599999e-01 3.180721474917200253e-01 2.938292774031159987e-02 3.621828329149689996e-01 1.397228155352079892e-01 6.788114811282890126e-02 1.747999264520510021e-01 4.484133171328230083e-01 1.764838464513260041e-01 3.140362310419200081e-02 1.942552358438950078e-01 2.203118094646780087e-02 6.021735321612879839e-03 2.088166798396300095e-01 8.559046850517319782e-02 2.936793186172940162e-01 1.879657064116649900e-01 2.004687828976760011e-01 2.915374717726049725e-01 3.202154510473150251e-01 2.159329313133419997e-02 3.521031732807800019e-01 1.779659997283339901e-01 1.329798370182929956e-01 2.764002708387919838e-01 2.206276309409569980e-01 3.730704459469850187e-01 2.427190504190739895e-01 3.375779898942349866e-01 3.049043126008320059e-01 2.203923718203049942e-01 2.926272250900400218e-01
1.566477156706659879e-01 4.146485788025049968e-01 1.988078078261759918e-01 4.812665480807880036e-01 2.453272039697839968e-01 4.933900638865040267e-01 2.142927458442789868e-01 5.450971981053489568e-01 3.249477345729079869e-01 5.878628669505090443e-01 1.347849070017780038e-01 4.267496028273249919e-01 1.415556812401790043e-01 6.445596862304630026e-01 2.528225337262470229e-01 1.000000000000000000e+00 3.191495525769880159e-01 3.122362129994850077e-01 2.888978149105380089e-01 4.361153927860270119e-01 3.035310924934869758e-01 1.607230350094910054e-01 2.583475794351319799e-01 6.077599347136469765e-01 3.972622028576450193e-01 5.687480091055849840e-01 2.609604937982880069e-01 1.138040393473639944e-01 4.386186366589279739e-01 5.557512513985090052e-01 2.223732300603170065e-01 4.928018796542980029e-01 2.980276612632160038e-01 3.391558529138190003e-01 1.200822741887419970e-01 2.010293005011080103e-01 5.295311955993890068e-02 2.823520805365600239e-01 1.683371902463340064e-01 1.402923818633070030e-01 3.062021492903159725e-01 2.744365396340819885e-01 2.272022362026460129e-01 3.719535745207689925e-01 4.416562976214449820e-01 3.655816541766500061e-01 5.020365086402609617e-03 9.633573455570750010e-02 1.515257460817540092e-01 2.325897573807829966e-01 3.248495861165400234e-01 3.144076976031929815e-01 5.512768268740769750e-02 1.078482952036080023e-01 1.961301137293899877e-02 4.062520508349989901e-01 2.057217155683719878e-01 3.586061643951030109e-01 -3.686165255127799717e-02 4.073957400010240204e-01 2.464045101921170100e-01 4.488436709005130254e-01 1.935091896567379954e-01 2.526710926212349939e-01 1.947404444525729916e-01 1.505675430951090021e-01 8.016152637099230316e-02 2.946141124756380125e-01 1.597331224073839928e-01 2.607128506553669789e-01 9.580446109158730073e-02 1.254806250706629878e-01 2.825580477026159998e-01 1.229784856669099979e-01 1.444937126764460067e-01 2.831311753466290160e-01 1.887848005359950010e-01 3.253321832851859829e-01 3.201771940449889969e-02 3.134375947970530207e-01 -1.078632190067359969e-01 2.274337641129149934e-01 2.560237468568499763e-01 1.385678559536220045e-01 2.353481331480380134e-01 2.410553809156829874e-01 2.895779153175159770e-01 2.388068743601889921e-01 3.345854357113889899e-01
5.828641725542309526e-01 5.071280500837680449e-01 2.382178941204489975e-01 4.548640897653989934e-01 2.613075664291780176e-01 1.067219329232410030e-01 2.462591268909639919e-01 4.446072094944349962e-01 1.864323447581240079e-01 3.807825082440760012e-01 2.304933381927010139e-01 3.552937469089760270e-01 1.240201991687250038e-01 3.487305805082420163e-01 1.286576737810740112e-01 3.191495525769880159e-01 1.000000000000000000e+00 4.451849516531899975e-01 4.488394769773749737e-01 4.682103462567290264e-01 1.947625454618469865e-01 2.303170926823299922e-02 2.206230150392690104e-01 3.700913919450429801e-01 9.845636802834119988e-03 2.838473487980169851e-01 5.809146948751040540e-01 2.680380576536809945e-01 3.451798450156309817e-01 3.067347755285019795e-01 2.500518546903039985e-01 2.577135706455250252e-01 -5.330734044938729987e-02 9.481865161539709819e-02 7.028230759561500396e-02 1.015451755349419949e-01 4.361624241320429668e-02 1.261878181658470099e-01 1.107797192703779965e-01 7.252644783448390642e-02 2.934993276170739795e-01 3.384023921911100130e-01 1.960026599723800056e-01 3.027529497234620059e-01 4.739948458590330094e-01 4.118663258429159924e-01 5.786231019466619996e-02 1.992175522314980074e-01 6.900926399520959653e-02 3.097259044561370134e-01 7.469927258737030229e-01 3.983651490776660142e-01 2.340530960095089930e-01 2.920515775713600215e-01 1.028355992714569955e-01 1.912642483383449887e-01 3.991163975428109745e-01 1.409712173092129983e-01 -6.799083498414010274e-02 1.685864978468140096e-01 2.500707502680999950e-01 3.192194465089889799e-01 4.483689930147379821e-01 3.823975824383469835e-01 1.736200237093389886e-01 3.951907310137189877e-01 3.299802869090600055e-01 3.772749775160370023e-01 1.851536112671149995e-02 2.402602996253450085e-01 3.174943962435610167e-01 4.383592467002039861e-01 4.533308513671119866e-01 1.762231949899729921e-01 4.605817169347700135e-01 3.824588471218570151e-01 3.025289808164379757e-01 3.907073438167050217e-01 4.421799182669550188e-02 2.228970148116299899e-01 -8.334794304433619516e-02 2.305929301832050082e-01 2.667481100106909864e-01 2.121954868599099930e-01 3.639724103956190060e-01 5.072842639110850538e-01 2.589246923769950026e-01 3.582619148902049799e-01 4.264418604076170016e-01
