1.000000000000000000e+00 7.968924905823639993e-01 8.260631965774539731e-01 8.516504873213740501e-01 2.811836651324720049e-01 4.292874279111140168e-01 8.232674674109420332e-01 8.241690814620330485e-01 3.132615804836150208e-01 3.225225072683299832e-01 6.673305315980010421e-01 5.835771502718839487e-01 6.274853030285429956e-01 7.312669747681119770e-01 3.623458587668890174e-01 4.579075063810499890e-01 5.098799330536220031e-01 3.068844144257940054e-01 8.078752384251529639e-01 8.463199960307099534e-01 1.298297841200009989e-02 2.528144388914150276e-01 7.934594774983619869e-01 7.396307965724230327e-01 4.237004905887339912e-01 4.143085705683610120e-01 3.616595318734969894e-02 2.409814777119239915e-01 5.327623867533159974e-01 5.870028661772339618e-01 3.103364388438640264e-01 3.997983818847939963e-01 3.677684040042439872e-01 4.467110769432199868e-01 -1.457931629871090096e-01 3.356985953192099803e-01 1.578646524842829968e-01 1.559328255267120045e-01 1.162372105037740022e-01 2.409273117500840000e-01 5.753459766296009636e-01 5.599404427170590060e-01 8.199985913301459650e-01 6.972126364070280191e-01 5.647555049405520444e-01 4.959566668128829736e-01 7.695481400546749784e-01 8.164077597294570054e-01 5.039134832379830176e-01 6.288735401122740321e-01 8.469605114675670121e-01 8.507114810329280408e-01 8.725616463994549932e-01 8.732905689433589913e-01 6.650734165221220406e-01 7.062047199932279806e-01 5.954921479100170334e-01 6.938165865772359941e-01 4.999324898553140217e-01 5.530164438821769668e-01 8.552520133123110435e-01 7.693856642770720011e-01 8.623376462488230310e-01 6.268926352969389493e-01 4.782993165172200190e-01 5.578739815427620208e-01 1.376990822896159983e-01 2.471623236168540017e-01 -6.116794746149709777e-02 -5.948113348399679950e-02 2.480212452509369947e-01 2.210635507731329996e-01 1.699002185339630044e-01 -6.865544926854289833e-03 5.264332084205040063e-01 4.971601699700020083e-01 6.405203170697489901e-01 7.036756748313790499e-01 7.716507530227210143e-01 7.848401262750620555e-01 7.124726459488009978e-01 7.861019740965180524e-01 8.007050515593799878e-01 8.294894931650460546e-01 5.562346965645710295e-01 7.863176559643380026e-01 3.666481352989209852e-01 5.976832092136179497e-01 3.285533573640859739e-01
7.968924905823639993e-01 1.000000000000000000e+00 8.061330547561299520e-01 7.930559367795909642e-01 1.350848809174780008e-01 2.989772979365630245e-01 7.901593120545680193e-01 7.827268417236069586e-01 1.146342421068159978e-01 1.477234580962379917e-01 7.704338105266710368e-01 7.687793538999140308e-01 7.930647367913450374e-01 8.432127905569639648e-01 2.556672641582560246e-01 4.301619934213949947e-01 6.071530271990680516e-01 4.389122296953900104e-01 7.210521131692749774e-01 8.140853709281340445e-01 1.207031924719679933e-01 1.894294042860500127e-01 8.119036021352460386e-01 7.088968745626770263e-01 3.461253638668809751e-01 3.601961107046069976e-01 3.383121064961799873e-01 5.601024444919849854e-01 7.020650529154169872e-01 7.108448918866300259e-01 5.686239639098219500e-01 6.145438058543529758e-01 4.154694046007350039e-01 3.671426972828900070e-01 -1.615891520184619956e-01 2.188761914326430025e-01 -6.803859310577629882e-02 2.197801555623630013e-02 2.724832215158580137e-02 4.373159023264149708e-02 5.465196618729529776e-01 6.272004939754309838e-01 8.600038329407070359e-01 6.660880703206549791e-01 7.078228024934150042e-01 6.459993394954040014e-01 6.800900462202720265e-01 6.732934124519680541e-01 4.922483750912329814e-01 6.255358300174049813e-01 8.642112835931500259e-01 9.211595143702629995e-01 6.983468978768619939e-01 8.106274544135350091e-01 6.781509659720880157e-01 7.077781791520579846e-01 6.169899975384579571e-01 7.635017509191760476e-01 6.192421546266749788e-01 5.973673908927790155e-01 7.958881626161780076e-01 8.806360063654840031e-01 7.411317886672059707e-01 5.033468927915879521e-01 5.845211918774020354e-01 7.139820860077730202e-01 4.176310627792360064e-01 5.411434649257249596e-01 6.141608269720010005e-02 7.107648916490280633e-02 5.113157967369710288e-01 5.081854209874979711e-01 3.495183545518800172e-01 1.102204963035140067e-01 6.861003396578849722e-01 6.331194045335130083e-01 5.028011933222279461e-01 6.759086379684929868e-01 8.165066013096810016e-01 8.004338376142889899e-01 6.205211965646839634e-01 7.110063060383039479e-01 6.185973488332370263e-01 6.660342961991879696e-01 3.275952178795409897e-01 7.273425085604320328e-01 2.880692943028809738e-01 4.108798889147600164e-01 4.024480944369249746e-01
8.260631965774539731e-01 8.061330547561299520e-01 1.000000000000000000e+00 8.643412178453270256e-01 1.562927200852370080e-01 3.386291378450539957e-01 8.868300389203439549e-01 8.426057760255170059e-01 1.612594417026350091e-01 1.952991214272050136e-01 6.877469134591429611e-01 6.233313323126159489e-01 6.802310488500229457e-01 8.046957241488780221e-01 2.936789822348809809e-01 3.883187694997550232e-01 5.081042160118950379e-01 2.539695148580869977e-01 7.090664719732610033e-01 8.279533869672790480e-01 -3.377984808344679929e-02 2.460289623083840027e-01 9.159443349986680083e-01 7.947497952581840108e-01 3.506329548442880251e-01 3.731786493594759779e-01 8.758372217043709773e-02 2.847382004620819806e-01 5.970797731223359550e-01 5.844624604505459509e-01 3.286519408891619975e-01 4.001172185017840000e-01 3.320394354440640017e-01 4.602892234259070015e-01 -2.563305952574260194e-01 2.785219946318749917e-01 -7.541473417542809976e-02 1.620107524550359890e-02 -5.987878371024400043e-02 6.663277454286420376e-02 6.331763463108119883e-01 6.309607121533790108e-01 7.784740299425330079e-01 6.527803534177509803e-01 6.097534033668730036e-01 6.249698707701569766e-01 6.798058278883499783e-01 7.890436005140180065e-01 4.021736869431050132e-01 5.430563019115159928e-01 8.019517394328039561e-01 8.503189843166659712e-01 8.257481032921739628e-01 8.565376331322239745e-01 6.164608174269029517e-01 6.540134796887949742e-01 5.136526680313180382e-01 7.289641016907320026e-01 6.243682592132909770e-01 5.333452364593269657e-01 8.271614313519990436e-01 8.186105474432160412e-01 8.154585904251130390e-01 6.846781036395740427e-01 4.891147664329379974e-01 6.584265375437959866e-01 2.329434994297769901e-01 3.780003249071829940e-01 -3.498516901639919796e-02 -7.463107024169769732e-02 3.201851538021959764e-01 3.619839564242929852e-01 1.507726241521729904e-01 -1.068351297832819957e-01 5.513874995567620285e-01 4.485605665535690179e-01 5.941526592086030512e-01 6.890312751693280502e-01 8.658131241085620378e-01 7.639253961386249792e-01 7.021425678791209934e-01 8.108100891997790383e-01 7.326193177033349935e-01 8.381929765392329701e-01 3.432847938174680147e-01 6.070073312471619964e-01 2.491137324791569962e-01 4.179361840430430020e-01 1.901846407582659937e-01
8.516504873213740501e-01 7.930559367795909642e-01 8.643412178453270256e-01 1.000000000000000000e+00 4.110057356518569960e-01 5.642642239583289809e-01 9.043944713876950203e-01 9.474468158333080314e-01 4.560105592931290031e-01 4.811770078059829925e-01 5.985081414522079868e-01 5.487424003105010328e-01 5.586462628132380370e-01 7.950194628255260465e-01 4.951907767537159777e-01 6.027012134393789911e-01 4.682853278762290072e-01 3.911181177056780034e-01 8.130585615268780542e-01 8.822742548358809556e-01 1.221589063032530072e-02 2.264106538971659977e-01 8.569035204402689621e-01 8.966092358946849972e-01 5.210990481550189513e-01 5.391682657391460021e-01 -4.290543080914929752e-02 2.787223274911099780e-01 6.103798551257280103e-01 6.351430402567489475e-01 2.545254803664749876e-01 4.168639588075639946e-01 3.266552500132490211e-01 5.011789985631800448e-01 -2.819141008962279815e-01 2.780668701017119937e-01 1.435589145245869946e-01 2.924590110651760222e-01 9.784329601891149364e-02 2.315638608109769903e-01 4.663316848518270219e-01 5.059323461441590508e-01 8.003371145558370037e-01 7.913343212819210493e-01 5.275145407290150468e-01 4.290261143311629999e-01 8.254599918326509522e-01 8.962202001820980257e-01 5.793344351112289514e-01 6.627988758624290266e-01 7.991432108246120380e-01 8.444341132984349851e-01 8.204537146250130419e-01 9.249268194524750131e-01 6.579286624254190308e-01 8.039043766451220430e-01 5.675831097137410408e-01 7.354987155152610256e-01 5.615039158491620386e-01 6.798245692747559854e-01 8.308460326891270453e-01 8.079759222722699974e-01 7.607359729859920483e-01 5.867968196944840509e-01 5.232456987839180229e-01 6.061602142597269927e-01 1.739125876071359877e-01 2.665785099296359983e-01 -8.048189446175900430e-02 -1.214593002423040025e-01 2.218963165408230076e-01 2.379554593847399979e-01 1.156367607709759965e-01 -1.157431595209340025e-01 5.855909150279869912e-01 4.566223488347809778e-01 6.778764731872970462e-01 8.024265002547750214e-01 8.057442233450069491e-01 8.387210873215930063e-01 8.088122166572699889e-01 8.374563594142909739e-01 8.612129027394730407e-01 8.591524635874759896e-01 5.929111329980729650e-01 7.816213416419119930e-01 3.676890444961249949e-01 4.780447635451239852e-01 4.186965429341990008e-01
2.811836651324720049e-01 1.350848809174780008e-01 1.562927200852370080e-01 4.110057356518569960e-01 1.000000000000000000e+00 7.118319876782279731e-01 3.785258054514060166e-01 4.423821451868290011e-01 8.573194540179259748e-01 7.320343878173299901e-01 -9.018688311621260445e-02 -7.479277518561600058e-02 -1.304625473659830059e-01 6.206765412300890156e-02 7.278154277097299563e-01 6.800052149133419821e-01 -1.175793159000450006e-01 2.611698223738340152e-01 4.129022141003120261e-01 3.715893168687779968e-01 4.933259886338790118e-02 -8.113278691595950110e-02 2.090977926809330090e-01 3.345898540644600128e-01 4.079842901991809767e-01 4.762399553628430260e-01 -4.019026786910049887e-01 -9.536482434511089901e-02 3.257709051795430050e-02 1.547188292774920038e-01 -3.122717889380019832e-02 2.045964548777430003e-01 8.404180409448890055e-02 1.404098210910889877e-01 -1.384322580931789948e-01 -4.693356716875440177e-02 5.064706962811510449e-01 6.161179789404980234e-01 2.970073455902059734e-01 3.484761256053069967e-01 -2.740915358483609898e-01 -1.571581467090590045e-01 3.151531282654160271e-01 4.888790315738290038e-01 -1.439885295312539892e-01 -3.646890704484350154e-01 5.560080637440240059e-01 4.549327930191269798e-01 3.596594637849899745e-01 3.855647351175279791e-01 1.948931662519539920e-01 2.696940714282249907e-01 2.885356865026970086e-01 3.691752768232189896e-01 3.799651818043700002e-01 4.350754275089609990e-01 2.811515905751030275e-01 3.061596977987109947e-01 1.994022824469310062e-01 3.939812053361579913e-01 3.159172946006619798e-01 1.744333588659640055e-01 1.175882209825949987e-01 -5.181455154443249944e-02 1.742300979684910031e-02 2.092552424605819902e-02 -2.928403909149340234e-01 -2.948699535612450129e-01 -2.357303160634700023e-01 -2.418568395340139898e-01 -2.830677202774319889e-01 -3.124131547927689878e-01 -1.937860232053149889e-01 -1.644149275615010009e-01 1.816168169308410019e-01 2.810693211153200005e-02 4.148880162347720058e-01 3.653119447167910150e-01 2.109431603827379986e-01 3.779268154657339784e-01 4.556593353349400188e-01 2.708968395079719982e-01 4.034111464926860013e-01 3.449515358843019963e-01 5.925524398116549518e-01 4.947679117956579886e-01 5.228413607338600055e-01 3.111911330289720001e-01 4.656782979126899980e-01
4.292874279111140168e-01 2.989772979365630245e-01 3.386291378450539957e-01 5.642642239583289809e-01 7.118319876782279731e-01 1.000000000000000000e+00 4.990085643645639779e-01 6.024585102294629513e-01 7.540236721325890290e-01 7.468960854083219747e-01 -7.771119396318850077e-03 -1.717661779376900011e-02 -4.435367975574269761e-02 2.406815373367069966e-01 7.054072689158510379e-01 6.989198474586479914e-01 -4.829002842939950080e-02 2.087863638423390067e-01 4.779523998152709896e-01 4.936910671824170094e-01 4.019608718859479790e-02 1.460350901311630034e-01 3.915747460690779946e-01 5.766077770823210269e-01 6.144683534210529929e-01 6.554992598072389987e-01 -3.893554314841929931e-01 1.349033341413389923e-02 2.080181065233389914e-01 2.692364940588499733e-01 -3.770721354847959839e-02 2.668069112114809793e-01 1.871393904906940020e-01 3.022255419778049901e-01 -1.233426245434350033e-01 2.201120256717669921e-01 5.676212780890099729e-01 6.169398060710920006e-01 2.926771411668059875e-01 4.329641548351180202e-01 -7.412211369722260246e-02 5.962819579481629800e-02 3.947054052632050225e-01 5.380152849462700448e-01 8.314737121384720153e-02 -1.375239061073749991e-01 6.346912372844859540e-01 5.755222407969760035e-01 4.499008214076860024e-01 5.090729145422070445e-01 3.923920171457910278e-01 3.965134331368649900e-01 4.700276372727489882e-01 5.620946435066790370e-01 4.058501636649389788e-01 5.791105629275350442e-01 3.390681875804220091e-01 3.678550375848509968e-01 2.708532291249700075e-01 5.415452193965589744e-01 4.492959665090309751e-01 3.534974892217540021e-01 2.403254673595119906e-01 7.144143793810449339e-02 1.036855680066370022e-01 2.147875525951569997e-01 -1.292588875111130020e-01 -1.456044133988080025e-01 -2.207622939870129974e-01 -1.522458882830519944e-01 -2.654020102098240130e-01 -2.834470483381539840e-01 -2.791777010045899954e-01 -2.953149790942070085e-01 2.676820381167659968e-01 1.091644249228399949e-01 5.213349779810839690e-01 5.331726139486979710e-01 3.418156379957790203e-01 5.197884131192509471e-01 5.404403997354310096e-01 4.546525583841199980e-01 5.600967389244899675e-01 4.852744703881159971e-01 6.366561720226510124e-01 5.761735022180689558e-01 3.786892157009740245e-01 3.556517647673870242e-01 4.285413375108539924e-01
8.232674674109420332e-01 7.901593120545680193e-01 8.868300389203439549e-01 9.043944713876950203e-01 3.785258054514060166e-01 4.990085643645639779e-01 1.000000000000000000e+00 9.068056910580230001e-01 3.840374524896549846e-01 3.968278852831749748e-01 6.406213887623950498e-01 5.734584110769690435e-01 6.455709584716099458e-01 7.968431134869280452e-01 4.609523363190889955e-01 5.844094469344249809e-01 4.809440523049949845e-01 3.976145417598709875e-01 7.657406252071859987e-01 8.405076382498859466e-01 -7.263090611820159637e-02 1.356123300716599867e-01 8.816683432563769962e-01 8.356777115183200433e-01 4.193596290793110137e-01 4.694100702148999993e-01 4.801935438289249743e-03 2.783683326333529773e-01 6.310372397287139501e-01 6.504528048127770079e-01 3.695220804013379934e-01 4.639942812084200119e-01 3.747792519036770020e-01 4.296202364186160194e-01 -3.479600637027620014e-01 1.899351785646790081e-01 5.901593409006389984e-02 2.147885154850270040e-01 -8.555830377454739719e-03 1.289096159753859994e-01 4.418006140496300027e-01 4.914642038680069880e-01 8.158990645955950249e-01 7.889453379841260272e-01 5.042295937224979818e-01 4.433309071764309772e-01 8.275663237044890153e-01 8.368876358039839536e-01 4.967952499871770011e-01 6.214494348860849504e-01 7.667528464859689752e-01 8.346810517893460402e-01 8.008259562722800373e-01 8.734840329578049678e-01 7.175798911579870376e-01 7.464136300548539493e-01 6.024812984166839636e-01 7.649410515685930445e-01 6.827434058516640425e-01 6.399052534427319694e-01 8.462378045309020269e-01 8.184787609329819968e-01 7.642452317075409951e-01 5.163999252855210331e-01 5.243427901766339883e-01 6.010831958496900551e-01 2.024163941928210086e-01 3.013251470414040067e-01 -3.150768154663440013e-02 -1.531743585056969947e-01 2.969303387225369906e-01 3.227430228928500067e-01 1.476131250921770000e-01 -1.212203746234239987e-01 6.199333592359199674e-01 4.790819560116529874e-01 5.915052228445539795e-01 7.289634154772529628e-01 8.088635579154319633e-01 8.166977076004250380e-01 7.941351274457290055e-01 7.840531426546080151e-01 7.782284321727179766e-01 8.087776041844909614e-01 4.724097371307710014e-01 7.244663824113950490e-01 3.600282890369320143e-01 4.188709672290750197e-01 4.180979550327860172e-01
8.241690814620330485e-01 7.827268417236069586e-01 8.426057760255170059e-01 9.474468158333080314e-01 4.423821451868290011e-01 6.024585102294629513e-01 9.068056910580230001e-01 1.000000000000000000e+00 4.782042219473400246e-01 5.217573064213519851e-01 5.620244134578790129e-01 5.317381242266669972e-01 5.347514441337529734e-01 7.921657615246510131e-01 5.013964049599920481e-01 6.363052618485309786e-01 4.356936836435070237e-01 3.274400788320169786e-01 8.066392071382210149e-01 8.610365798105089619e-01 5.788401125496479838e-02 2.692894938166989771e-01 8.476323630072439830e-01 8.810217748071460520e-01 5.732931477724569902e-01 5.456867896464739909e-01 -5.148674075564779740e-02 2.542157092868240209e-01 5.680134849654769891e-01 6.312716353010100478e-01 2.423137867806970103e-01 4.532414638884380009e-01 3.237998151946159808e-01 4.943208939584329831e-01 -2.733355597173849905e-01 2.847646600301860231e-01 1.943784640607700009e-01 3.407086187411479949e-01 1.457910733228099942e-01 3.079709339056370121e-01 3.990524335974339754e-01 4.673448302289219813e-01 7.855307174823510374e-01 7.570916298076190154e-01 5.174252982320519667e-01 3.786590642620690228e-01 8.032175307600349923e-01 8.703009766906829592e-01 6.096929532525739992e-01 6.991644842494809664e-01 7.898328966608839652e-01 8.232411890943860389e-01 7.950407942883039869e-01 9.307114230603049654e-01 6.484415450226880262e-01 8.300404836897540273e-01 5.486199081059579541e-01 7.027856067399480544e-01 5.472604027067939914e-01 7.094384254871050066e-01 8.304505932511340172e-01 7.909938416975720310e-01 7.185958829546790216e-01 5.320302358525420550e-01 4.853230710954299920e-01 5.742742954715379655e-01 1.343168838466040071e-01 2.475139011614229945e-01 -4.279722632942210142e-02 -7.147819811964929715e-02 1.803090564152889930e-01 1.950987823943559907e-01 3.345562400366940137e-02 -1.725056951804679883e-01 5.797227970218720161e-01 3.763121878595149794e-01 6.862718452788809653e-01 8.101751124589979813e-01 8.171359168521079575e-01 8.454551197395360207e-01 8.181875346852539588e-01 8.309699330606149514e-01 8.444090407209979832e-01 8.236513575413479948e-01 5.767785231280669889e-01 7.805186053838619742e-01 3.077748896008570267e-01 4.681233773826369848e-01 4.097267411966190043e-01
3.132615804836150208e-01 1.146342421068159978e-01 1.612594417026350091e-01 4.560105592931290031e-01 8.573194540179259748e-01 7.540236721325890290e-01 3.840374524896549846e-01 4.782042219473400246e-01 1.000000000000000000e+00 8.698631164467750532e-01 -1.556926100367840016e-01 -1.681112776449540103e-01 -2.099926924935819894e-01 6.119842775956439718e-02 7.983985569995509790e-01 6.872698157245540340e-01 -1.930309931285980052e-01 2.164017673995599911e-01 4.457175849849600024e-01 3.741346889792950270e-01 -1.471359346850290017e-02 -4.468705978691560332e-02 2.277431852332059969e-01 4.063126440525710037e-01 4.500189566650180106e-01 5.028903892712970336e-01 -5.238822390025209552e-01 -1.679112987547609903e-01 -6.550545578763650352e-03 1.086633121537380064e-01 -1.304726953006019874e-01 1.243467825136019972e-01 3.650684296198229706e-02 1.589059487848779872e-01 -1.185690499044479984e-01 1.006631966969230019e-01 5.563617063274479690e-01 6.689195194769470554e-01 3.511742542293599945e-01 4.344295730979140235e-01 -3.143381397417969736e-01 -2.225904324470739937e-01 2.898795951598320264e-01 4.839638390304780158e-01 -1.496213197144780072e-01 -4.323417209921709969e-01 5.564884530543759977e-01 5.042552437672329635e-01 3.882668760034910238e-01 3.877524269197250018e-01 1.894518398952010074e-01 2.479758055039799902e-01 3.049010279610560037e-01 4.097485415659309904e-01 3.412979818487750228e-01 4.828363185567450255e-01 2.453658002026830043e-01 3.009031451349130082e-01 1.634729540491300093e-01 3.898101092842840010e-01 2.829942551490640112e-01 1.233906957926590026e-01 1.235529294124260019e-01 -1.090396706619090050e-02 -8.290185273874149316e-03 -6.211240415996460013e-02 -3.591365015938299821e-01 -3.881303989595120130e-01 -2.779486175049240004e-01 -2.609553759479459889e-01 -3.845366498264929933e-01 -4.062976046951580211e-01 -2.855644614682449900e-01 -2.581382434633709977e-01 1.525150063639610087e-01 -8.453070173881789551e-02 4.211757106556939800e-01 3.717086517536439816e-01 2.145208153476430013e-01 3.638892714707300247e-01 4.776830998805079997e-01 2.956922744083470000e-01 4.745717281884910266e-01 3.859916046827659986e-01 6.742296033497789942e-01 5.201320523736070456e-01 4.807057067268939998e-01 3.252080018948509954e-01 4.002159269591489821e-01
3.225225072683299832e-01 1.477234580962379917e-01 1.952991214272050136e-01 4.811770078059829925e-01 7.320343878173299901e-01 7.468960854083219747e-01 3.968278852831749748e-01 5.217573064213519851e-01 8.698631164467750532e-01 1.000000000000000000e+00 -9.874539685173849834e-02 -1.097170918949239987e-01 -1.512153948869719988e-01 1.401548922324190039e-01 7.335432408981530372e-01 6.814807103277149558e-01 -1.659912800601520133e-01 1.661422423154109984e-01 4.315634422854319752e-01 3.430679948489239739e-01 9.415627490260379540e-02 2.949141059670400133e-02 3.017384221361250063e-01 4.697048692053670260e-01 5.047302325971020354e-01 5.546597731405980003e-01 -4.882716636768270058e-01 -1.219282946419059932e-01 3.532225342263910217e-02 1.241799472854790004e-01 -1.294207467395860067e-01 1.615867141022560016e-01 8.129673419766099418e-02 2.915691387920399946e-01 -2.193123304792090125e-02 2.538332228413670011e-01 5.883072426786729592e-01 6.957260661235209476e-01 4.503051503734130101e-01 5.153800780804249637e-01 -2.341194278038259968e-01 -1.583520940585199932e-01 2.900574692335309845e-01 4.577120263287430268e-01 -3.043026483916719954e-02 -3.724255527669190213e-01 5.518367099137380105e-01 4.894301354072739807e-01 4.728506125580109742e-01 4.899234288406659754e-01 2.369618943691650104e-01 2.511062243181160225e-01 3.714577244349099860e-01 4.700848704015739843e-01 3.589640796193400152e-01 5.317157540932669901e-01 2.337428300945049997e-01 2.710747400941099783e-01 1.540026718426399932e-01 4.620429074717620210e-01 3.339604620651109856e-01 1.838153949310729895e-01 1.304438887773010092e-01 -9.239152696265240383e-03 -8.449568480809910298e-03 -3.283054966618090265e-02 -2.991260986360769758e-01 -3.165535064322890224e-01 -2.055263083227059917e-01 -1.963105601163969982e-01 -3.810274369758089863e-01 -4.132430955386540150e-01 -3.101209313865520012e-01 -3.351912079740350103e-01 1.859566620703279882e-01 -6.101314843570990187e-02 4.557297065880119846e-01 4.179941406607660115e-01 2.607674487770380023e-01 4.237662834978189741e-01 5.319776532087020504e-01 3.842259585388150267e-01 5.149954418534109513e-01 3.935779286585169845e-01 6.580007902020670318e-01 5.290939950367390399e-01 3.578736785697099743e-01 3.367680943071740263e-01 4.210852046658429826e-01
6.673305315980010421e-01 7.704338105266710368e-01 6.877469134591429611e-01 5.985081414522079868e-01 -9.018688311621260445e-02 -7.771119396318850077e-03 6.406213887623950498e-01 5.620244134578790129e-01 -1.556926100367840016e-01 -9.874539685173849834e-02 1.000000000000000000e+00 7.385224383393139691e-01 8.277697222267950128e-01 7.326369484855780323e-01 5.242521426175909827e-02 1.492219548672140128e-01 7.479622812609549865e-01 4.009936299593169773e-01 5.318817577774640482e-01 6.218441889999299921e-01 1.436282467252140071e-03 1.493461175665269924e-01 6.760319101700039690e-01 5.183497397379219773e-01 1.156212923595780068e-01 8.598931763444120357e-02 4.651069907142469928e-01 4.914667007133760035e-01 6.382816791286789471e-01 6.275816286208250050e-01 5.591001231958290241e-01 5.102379661547620238e-01 3.779962285880389961e-01 3.212528126567300024e-01 -1.526257449168710034e-01 6.589126714258319861e-02 -1.815703128487320128e-01 -1.634753167875939994e-01 -1.398622379446139985e-01 -1.007941838171689947e-01 5.897066315461390040e-01 5.611381281914860075e-01 7.083578847058999983e-01 5.183678784765389791e-01 5.917762144216279774e-01 6.285057683606070089e-01 5.135274219733040324e-01 4.654367188107729758e-01 3.305973766972349903e-01 4.478614897263589745e-01 6.913555346047890460e-01 7.064354355255070272e-01 5.566675072554260195e-01 5.920369341408140418e-01 5.897726094804000008e-01 4.816671049182609798e-01 5.690100160810519503e-01 6.139537514701589593e-01 5.379221101420950113e-01 4.143207001023869740e-01 6.414363339052260304e-01 7.439749861765759809e-01 6.471185517162439949e-01 4.263283123957080090e-01 5.353417617036969611e-01 6.132939174244229630e-01 4.893133020669209743e-01 5.489713526945140254e-01 1.052041275464720010e-01 -2.916709764188779933e-03 6.383998197254630025e-01 6.213546223787890233e-01 5.280071890576339966e-01 2.251528827338649952e-01 5.964736281028749643e-01 6.298166060938750199e-01 3.520702098314280049e-01 4.433292411788389842e-01 6.711452405906529473e-01 5.900750740476849998e-01 4.768978923428949801e-01 4.992403068753200057e-01 4.158794205479660056e-01 4.740447462293629899e-01 1.164872942246940046e-01 4.812616859110919743e-01 1.197068426265719965e-01 2.813377411815909945e-01 3.143362974226109885e-01
5.835771502718839487e-01 7.687793538999140308e-01 6.233313323126159489e-01 5.487424003105010328e-01 -7.479277518561600058e-02 -1.717661779376900011e-02 5.734584110769690435e-01 5.317381242266669972e-01 -1.681112776449540103e-01 -1.097170918949239987e-01 7.385224383393139691e-01 1.000000000000000000e+00 8.036705140737879782e-01 8.074348698602480390e-01 -3.328578985765950210e-02 2.736766449120969780e-01 6.698587358701879602e-01 4.063793660531779817e-01 4.917334535403820039e-01 6.010614225136390321e-01 1.707864946540630091e-01 1.155721345279070028e-01 6.253199994788879446e-01 4.466672498898739962e-01 8.994267837494020201e-02 9.635066775659030525e-02 5.655112413844559649e-01 5.871141922780890310e-01 6.655263201834059617e-01 6.163071838656529744e-01 6.201638373364399826e-01 5.608854571431950431e-01 3.487382592830909900e-01 2.702415059873369829e-01 -2.070370995635079925e-01 3.305258155151939714e-02 -2.304340893486870046e-01 -2.290487278602099941e-01 -1.071369991184760034e-01 -1.750035034785659971e-01 5.133020667398220382e-01 5.904852308263720539e-01 6.539179717050429552e-01 4.428355819890250067e-01 6.112987766206310347e-01 6.550813843784070167e-01 4.371382493228709865e-01 3.761670104368179945e-01 3.187399079979170158e-01 4.755765175755999885e-01 6.367233101418779961e-01 7.011586918802109603e-01 4.348260252477080257e-01 5.429938021784560531e-01 5.276422206930779790e-01 4.442684918726990118e-01 5.294446255091960207e-01 6.049243772403140040e-01 5.135236915532850333e-01 4.138580571517759821e-01 5.791983352414109554e-01 7.382598170120430181e-01 5.828043453446289934e-01 3.670213477824489923e-01 4.865418578936280269e-01 5.789369500597869589e-01 4.282379883344379912e-01 6.321203786057839613e-01 9.542175494140779646e-02 5.169854682955529745e-02 6.514314786051309536e-01 6.307454226446910228e-01 4.485175811392669853e-01 3.335504673318799851e-01 6.450815236363770522e-01 6.631993401745820416e-01 2.733707799572249741e-01 5.227972328859089579e-01 6.185903240106389589e-01 5.843450175121509549e-01 3.944634039320060181e-01 5.030751229281420489e-01 3.488655073612990098e-01 3.627671115050890016e-01 4.849000350791769776e-02 4.659970322272449783e-01 1.236828460807360003e-01 2.410072530675650138e-01 2.501952981121419728e-01
6.274853030285429956e-01 7.930647367913450374e-01 6.802310488500229457e-01 5.586462628132380370e-01 -1.304625473659830059e-01 -4.435367975574269761e-02 6.455709584716099458e-01 5.347514441337529734e-01 -2.099926924935819894e-01 -1.512153948869719988e-01 8.277697222267950128e-01 8.036705140737879782e-01 1.000000000000000000e+00 7.757399477655789743e-01 1.519898998160209951e-02 2.433841315983799880e-01 6.503670674114390149e-01 3.782580179811059762e-01 5.110333221125690217e-01 6.066101498595060093e-01 1.485610641634919904e-01 1.313476353316080092e-01 6.766098901160459977e-01 4.726303311579539979e-01 1.698942338018530063e-01 1.627776048431870126e-01 5.157841935817409906e-01 5.592521705183030045e-01 7.133839165463480292e-01 6.551575558806960187e-01 6.504841922760550288e-01 5.554805851060390376e-01 4.123056879224110127e-01 3.379549996457860139e-01 -6.470277702102590622e-02 1.429578833871449906e-01 -2.483011737315500012e-01 -2.411344798920279919e-01 -8.547529774136949920e-02 -1.259574577180720134e-01 5.549686355983509678e-01 6.048926304651549568e-01 6.867865991157919847e-01 4.401793265953030110e-01 6.648358065649719872e-01 6.998672295457439851e-01 4.563603105555359973e-01 4.214470969218480079e-01 3.112144826618730153e-01 4.680438761465299802e-01 6.997156093662979526e-01 7.316840646124890268e-01 5.590900856437509558e-01 5.799128831681400476e-01 6.049888573566970518e-01 4.800690350467780032e-01 5.019229520781689491e-01 6.164035818528319499e-01 5.913124914660079501e-01 4.168109072360149936e-01 6.621298418914169925e-01 7.910025714253939855e-01 6.427874696804609655e-01 4.321279396955700070e-01 5.888390821369250405e-01 6.845970543011059561e-01 4.965119043351929884e-01 6.560246156612490331e-01 1.879077938987629981e-01 1.683678024567270004e-01 6.950201643295740306e-01 7.030416944764910081e-01 5.086965030270239607e-01 2.626282718863059973e-01 5.756128775115340046e-01 6.695032928140219886e-01 3.241499430841739970e-01 4.722344586965619984e-01 7.244812944773459940e-01 5.997460304058509495e-01 4.367425442387820045e-01 5.257319983866129975e-01 3.800456131719450181e-01 4.727969949535180127e-01 4.734250578829830164e-02 5.179188019117380026e-01 1.520027371311070130e-01 2.974023506259049765e-01 2.864740003147370206e-01
7.312669747681119770e-01 8.432127905569639648e-01 8.046957241488780221e-01 7.950194628255260465e-01 6.206765412300890156e-02 2.406815373367069966e-01 7.968431134869280452e-01 7.921657615246510131e-01 6.119842775956439718e-02 1.401548922324190039e-01 7.326369484855780323e-01 8.074348698602480390e-01 7.757399477655789743e-01 1.000000000000000000e+00 1.499511194649320034e-01 4.133400692627050010e-01 6.663366620724380240e-01 3.999760811174249975e-01 6.861123757437089798e-01 7.561109205936310529e-01 5.471092223627239959e-02 1.998779420583650102e-01 8.166526953548259860e-01 7.317364839248730046e-01 3.060580205812190036e-01 3.280547239135570003e-01 3.096633396266009752e-01 4.927390625297740079e-01 6.944428336749299824e-01 6.473251872182239630e-01 4.162951533249519831e-01 4.687390492063340242e-01 3.035858476804230155e-01 4.201936230238980108e-01 -2.984275224888939815e-01 1.803929267587650043e-01 -1.679469249317560031e-01 -4.003806556328610294e-02 -1.127472302742620058e-01 2.248081144187440150e-02 5.475882707668610072e-01 6.565920662672519725e-01 7.248559646946990398e-01 6.041904049100580432e-01 6.214695589504329876e-01 6.367099490359350300e-01 6.207550060373889789e-01 6.468640008699020338e-01 4.357852428718649862e-01 6.094611038518870094e-01 7.604553863067480268e-01 8.039920163435629874e-01 6.732547736351099932e-01 7.789977232432779841e-01 6.083325765397650242e-01 6.472397702759149496e-01 5.166856476431369583e-01 6.698137373840149511e-01 5.903193579671549562e-01 6.078465833784739702e-01 7.455018911615359789e-01 8.506177932782199580e-01 7.224327737066830180e-01 5.367080166187739865e-01 6.161308403147459645e-01 6.607728822021440296e-01 3.984158814147999994e-01 5.373629027122930335e-01 3.305040195541299880e-02 6.733964472930760448e-02 5.077673357200359616e-01 5.173959134900899537e-01 3.146786892433199867e-01 2.103824303557039893e-02 6.828313072656859717e-01 5.492314485666519586e-01 4.804857917687920255e-01 7.029366920440509592e-01 7.891535462092129638e-01 7.475432023002970272e-01 6.249249298778769557e-01 7.110920306525739809e-01 6.197640762322550456e-01 6.441877872035749464e-01 2.093685752660920107e-01 6.043421136133999561e-01 1.152115081819300030e-01 3.530605287049959906e-01 3.280523406477030002e-01
3.623458587668890174e-01 2.556672641582560246e-01 2.936789822348809809e-01 4.951907767537159777e-01 7.278154277097299563e-01 7.054072689158510379e-01 4.609523363190889955e-01 5.013964049599920481e-01 7.983985569995509790e-01 7.335432408981530372e-01 5.242521426175909827e-02 -3.328578985765950210e-02 1.519898998160209951e-02 1.499511194649320034e-01 1.000000000000000000e+00 6.818522532411850356e-01 -1.086311141916199985e-01 2.841546202825450118e-01 4.621705881848099939e-01 4.439952680446889732e-01 1.033028881883199940e-01 3.453690516503350044e-02 3.669303105024759870e-01 4.424268908459659810e-01 4.641570306620509956e-01 5.841738889407980251e-01 -3.193467734797050261e-01 1.099720024207210059e-02 1.955948456611530106e-01 2.657695999683850063e-01 1.197849363957329966e-01 3.384981248626149908e-01 2.158759206142689957e-01 1.635395587136730111e-01 -8.041829532514199741e-02 1.268443568946500122e-01 4.909078701012210000e-01 6.643006660937720298e-01 3.551169543147040253e-01 3.782729013410329744e-01 -2.191386733201529935e-01 -1.865525380251510101e-01 3.941975375688139827e-01 5.429164888480969564e-01 3.134888760893739940e-02 -2.447850186751309998e-01 6.282967038298179485e-01 5.282352830126300081e-01 4.284908042584629762e-01 5.113755402400890215e-01 2.624425028368220225e-01 3.606869080204510025e-01 3.749318884397550011e-01 4.463886244126920033e-01 5.002586752638119583e-01 5.787414703100079993e-01 3.079676539669120028e-01 4.406694923891240068e-01 3.260923128472090204e-01 4.909166208199149950e-01 3.928686823292230068e-01 2.621261826547899854e-01 1.566998043743390023e-01 7.628030765718579742e-03 7.967016193590189393e-03 1.471458902789909984e-01 -1.620161124848940037e-01 -1.762632167568229935e-01 -2.498091153145770016e-01 -2.170543059330820035e-01 -2.011126581615849951e-01 -2.363672977469029879e-01 -9.770202468990339673e-02 -9.245288343411159349e-02 2.252547854274410122e-01 9.679256418275429541e-02 5.275890677466820167e-01 4.078303607005550058e-01 3.550457988581129931e-01 4.403803081966379818e-01 5.155253535665590414e-01 3.130376289461859751e-01 4.948730101051839747e-01 3.644487788464810252e-01 6.261718882940310316e-01 5.827647978166660137e-01 4.824879485271539870e-01 2.860107414648370150e-01 5.296491190861960519e-01
4.579075063810499890e-01 4.301619934213949947e-01 3.883187694997550232e-01 6.027012134393789911e-01 6.800052149133419821e-01 6.989198474586479914e-01 5.844094469344249809e-01 6.363052618485309786e-01 6.872698157245540340e-01 6.814807103277149558e-01 1.492219548672140128e-01 2.736766449120969780e-01 2.433841315983799880e-01 4.133400692627050010e-01 6.818522532411850356e-01 1.000000000000000000e+00 7.505631421235990641e-02 3.223201156045399918e-01 5.414801416403239864e-01 5.631801274740639851e-01 1.410197976002039999e-01 1.714730281674070045e-01 4.870329030003779924e-01 5.182893835212100120e-01 5.687845797172329521e-01 6.235369546106940275e-01 -1.630419894342440001e-01 1.916617304294979951e-01 3.254642519213479801e-01 3.977179442739849913e-01 2.236330749680990049e-01 4.289957023293600180e-01 2.937511376212589842e-01 2.916295176620560259e-01 -8.751136195015270236e-02 2.183991571295040013e-01 3.857614242287409900e-01 5.458230649715279936e-01 3.480441854165869930e-01 3.597974608654829765e-01 -7.277927005375260661e-02 6.299668699979620035e-02 4.950003318527519958e-01 5.850569528535090047e-01 2.769519931434790139e-01 -3.727813149411299959e-02 6.249853234324580509e-01 5.496023781405839914e-01 5.725099154723070072e-01 6.729842242343739844e-01 4.936827814083240007e-01 5.070863167816560546e-01 4.658747520886339921e-01 5.793608291414109601e-01 5.661742485891909649e-01 6.457050821772000182e-01 4.575301188468959834e-01 4.644134620481030207e-01 3.616196695503809955e-01 5.368280087283060498e-01 5.326171619859849660e-01 4.833178155083249772e-01 2.869445122091329736e-01 6.879897383688929335e-02 2.037448224741900127e-01 2.818514322044640141e-01 -2.443969713997630119e-02 9.538066598312690270e-02 -5.056183325275789842e-02 -5.728707053030290125e-02 -8.094820998966330283e-02 -7.157108760569129424e-02 -8.970304736284540059e-02 -1.159956243740500048e-01 4.611534034512460023e-01 2.980630805796180005e-01 4.595051186427259737e-01 5.830672211528019622e-01 5.067117963033409556e-01 6.342996488054930548e-01 5.542897829313030433e-01 5.411131431708310346e-01 5.594235751113080246e-01 4.480725501174609993e-01 5.701196780219619509e-01 6.783762449677469553e-01 4.016560231862940089e-01 4.242593613050549828e-01 5.448569905753629650e-01
5.098799330536220031e-01 6.071530271990680516e-01 5.081042160118950379e-01 4.682853278762290072e-01 -1.175793159000450006e-01 -4.829002842939950080e-02 4.809440523049949845e-01 4.356936836435070237e-01 -1.930309931285980052e-01 -1.659912800601520133e-01 7.479622812609549865e-01 6.698587358701879602e-01 6.503670674114390149e-01 6.663366620724380240e-01 -1.086311141916199985e-01 7.505631421235990641e-02 1.000000000000000000e+00 4.927100767791939839e-01 4.369063513625019990e-01 4.695936631893040114e-01 -4.126783416475140152e-03 1.546841130568019917e-01 5.090403485819380291e-01 4.279514248190400272e-01 -1.784129706506150034e-02 -6.370316496129430073e-02 5.806405986312570544e-01 5.128074656544320264e-01 6.318200271849230276e-01 5.771258844825819523e-01 5.165996602534419502e-01 4.266747684558919729e-01 2.614678708910839755e-01 1.379226928846110090e-01 -2.100732376465060114e-01 -4.398502478224589757e-02 -2.785857884450150257e-01 -2.803194936225629763e-01 -2.795489449396029724e-01 -2.027249054895010061e-01 5.460211624498370053e-01 5.067494951287210281e-01 5.320038037301959566e-01 4.115123137279220189e-01 4.879111219130319865e-01 5.907012449083830496e-01 4.122293840429139822e-01 3.913213133017969803e-01 1.322980759419170038e-01 3.095114951095759848e-01 5.642267058071730457e-01 5.251145564008820044e-01 3.731682021241239933e-01 4.026077128883620015e-01 4.127917695988609914e-01 3.331385412851620154e-01 5.534408881892239895e-01 5.323816219768560121e-01 5.035590777790259764e-01 2.933759257395450182e-01 4.339164853480519946e-01 6.308590399067740551e-01 5.548108641421319875e-01 3.031636412657219837e-01 5.434068350181919804e-01 5.566301098151089644e-01 5.258009278563909872e-01 5.041637895161360516e-01 3.886429692405259789e-02 -1.357718805175799903e-01 6.485997388968139932e-01 6.608548785240050405e-01 6.225029262779050443e-01 1.963035286874330043e-01 6.759591761070740112e-01 6.817540615197189569e-01 2.449613237432440027e-01 4.167410301114159998e-01 4.803849709380320077e-01 4.886785044666879796e-01 2.936833079105730104e-01 3.852771909446560117e-01 2.461583339006969962e-01 3.079678376834690257e-01 -1.414967762875029948e-02 3.687121665071089738e-01 1.168528299325039960e-01 7.654030256254029663e-02 2.853566802964739857e-01
