1.000000000000000000e+00 7.648198153147950373e-01 5.690120950379089493e-01 3.663539551396630123e-01 4.014810335943330144e-01 1.903823913709100091e-01 6.567125309364899577e-01 3.819898346482630269e-01 4.552623319366509991e-01 5.769234270569419815e-02 6.764015394811500048e-01 4.925675926781930003e-01 6.215463788083610552e-01 2.888419115089549960e-01 4.620069843241059737e-01 2.994322643215759916e-01 7.106669127694730248e-01 6.140817051288669504e-01 6.984447357696149661e-01 6.543444698884279820e-01 4.015348962580629899e-01 1.584970979857439899e-01 6.086714585990520288e-01 3.961661739762630252e-01 2.403723617355250086e-01 1.912707142875610111e-01 4.717670345466959958e-01 5.794377410824820274e-01 4.724874996812489791e-01 4.598995716647339971e-01 5.827954252046889660e-01 4.398356798335030238e-01 1.947095408376280090e-01 -1.087155051805329953e-01 3.869804257617829868e-01 2.312675762346390052e-01 4.253813275289919926e-01 4.684007630140680223e-01 2.357513581319120033e-01 2.282038873618550123e-01 5.805317685443810438e-01 5.753598210007520031e-01 5.617254171632549697e-01 5.000043250759429458e-01 6.359261612250880491e-01 6.221173875913790230e-01 5.032394207801209607e-01 6.120450981622279629e-01 4.146017884823610111e-01 4.934609707828540026e-01 8.439781711719229751e-01 6.911044145057090304e-01 5.094030069523309834e-01 2.727346230102519753e-01 4.777616157204520042e-01 1.353386581136760136e-01 6.073975053893320153e-01 4.060620265672150175e-01 2.927465533138470244e-01 4.097882529282519809e-02 3.932802100609369966e-01 2.594347140601970247e-01 5.783037538895839935e-01 1.846183216743919886e-01 4.319601632332010221e-01 2.988531345880640067e-01 5.359215672033079692e-01 4.592079364933959740e-01 3.482545232887129805e-01 2.721382958855919978e-02 3.429524508780320002e-01 2.642324979521110118e-01 5.280230146168940486e-01 4.436938318455669883e-01 7.224068359059350186e-01 6.240663952888390043e-01 2.169787004227810012e-01 4.433341925064169797e-01 7.529592094586049500e-01 4.669280296390400098e-01 5.420573419049139474e-01 3.613083166133480018e-01 4.464126199664690264e-01 5.182397762184970391e-01 7.064071991032030429e-01 6.849279960818269730e-01 4.560240765199540247e-01 5.423986340903139691e-01 3.327853558038739723e-01
7.648198153147950373e-01 1.000000000000000000e+00 4.792518965817029741e-01 4.165097002715920094e-01 3.172165582862649935e-01 2.423753273094829963e-01 5.565472747203570325e-01 4.444838500957309924e-01 3.716015165023570099e-01 9.841147456993419584e-02 5.245388903967229677e-01 5.044838610380270039e-01 4.743951964991269810e-01 3.108363804264799857e-01 3.436716636841459782e-01 4.015526846582699871e-01 5.933211015720609716e-01 7.642089528685720445e-01 6.266272785593040018e-01 7.523187060408540461e-01 3.453160402254190076e-01 1.630239750290949918e-01 5.001016641513349459e-01 3.120983890661139792e-01 2.537274458782819986e-01 1.151863753167479965e-01 3.772364888611460243e-01 6.864117582054489741e-01 4.900773784979520209e-01 4.596673374916950272e-01 4.979806136556719776e-01 4.961566170761130268e-01 2.255154095639460010e-01 5.608456560296989912e-02 1.267236601279700114e-01 1.575910085700009955e-01 2.293297295493640087e-01 2.538151389524250234e-01 1.465691176566530085e-01 1.149309181739869984e-01 6.193454957552080309e-01 5.954272048543649554e-01 5.673636465068500057e-01 5.774072799926700528e-01 5.512750638556810356e-01 5.675127282137090168e-01 3.888877016274149834e-01 5.253672026819560248e-01 4.008808651822630131e-01 4.629043764337399947e-01 7.209016508321850480e-01 8.593805655352609874e-01 4.008001358135639958e-01 3.880365994971670118e-01 3.145071121947000115e-01 2.072960365989920117e-01 5.191331036800870269e-01 5.385997789307519490e-01 1.842820835312259931e-01 1.569349626425239896e-01 4.383326124279759983e-01 4.025326716317340070e-01 4.699741211559430032e-01 2.390923566695120073e-01 4.083771631702909910e-01 2.655402209859309970e-01 4.817797746799080127e-01 5.336168024238699958e-01 3.105885537194469914e-01 1.009852106951820011e-01 2.205925006178119929e-01 2.739357593774010002e-01 4.981958332228529907e-01 3.685737647421160057e-01 6.236868226715619468e-01 4.950117780743349960e-01 2.021767483627819884e-01 2.843234363074800264e-01 6.067066900134300278e-01 4.408239760761720194e-01 4.525406062660830009e-01 4.190302132313969974e-01 4.433005825437750236e-01 4.576374061672309757e-01 6.153449329867599626e-01 5.661925645367820170e-01 3.900938643498250147e-01 4.776306577476600035e-01 2.952152831685549983e-01
5.690120950379089493e-01 4.792518965817029741e-01 1.000000000000000000e+00 5.281242113949300432e-01 3.174387846916449929e-01 2.351880308133479924e-01 8.481373956605230413e-01 3.907987611041179865e-01 4.393029250417639919e-01 5.989623226115049770e-02 4.532671762352329936e-01 2.428957931471500131e-01 5.905487611999069575e-01 1.561679602003329947e-01 3.955568379654649802e-01 4.068462727155279790e-01 3.495795349856289924e-01 3.298570775053369930e-01 5.494943874359660141e-01 4.997681804191539956e-01 3.886738955288350228e-01 1.265038473117039985e-01 7.797998899585819599e-01 5.594125944302219544e-01 2.465991841749650137e-01 2.038019652481319888e-01 1.854580624186110138e-01 2.872891622227820019e-01 3.907916874809260199e-01 3.966043573283630219e-01 6.861886402316660361e-01 5.459145639534199734e-01 5.330391857499819919e-01 1.871568051087409978e-01 1.762042244354790066e-01 2.791732722642900066e-01 3.790631211419570046e-01 3.441220351831150159e-01 1.476235894302239948e-01 9.989110582818340467e-02 6.462011149305529889e-01 5.220925155086939551e-01 7.108497589112380277e-01 6.216093851427320072e-01 6.361943664641770413e-01 6.076453898803929610e-01 6.101718599818199973e-01 6.339942143472989677e-01 5.290401015311749777e-01 5.857183395747149746e-01 5.574680641428969574e-01 4.330032181340410236e-01 7.734408527474999628e-01 2.408857584419840103e-01 7.204765135814099608e-01 1.501171263505070019e-01 3.449080785060190113e-01 3.494066395918909995e-01 7.128440219299190250e-01 3.009200283989300062e-01 7.020330807082330038e-01 4.740868342281869818e-01 5.926966524282879512e-01 3.836730661619129901e-01 5.262255777531089640e-01 3.738058422144510118e-01 3.825924979265469816e-01 3.082671203942770055e-01 1.930843553411649982e-01 3.097843362514169849e-02 2.342999615666009894e-01 1.562575400170639894e-01 1.593362745930720081e-01 2.245693535988680101e-01 4.234349818526019771e-01 4.445522922233079988e-01 1.083049075686380036e-01 4.772706445675040099e-01 7.168980110647189541e-01 4.841129880019510168e-01 6.470951810007330440e-01 4.671469732824319876e-01 3.817381748850650069e-01 4.728401041238030067e-01 4.666822587630510277e-01 6.254643151953720448e-01 2.222563510874830117e-01 4.317098821326110225e-01 1.905178825115300123e-01
3.663539551396630123e-01 4.165097002715920094e-01 5.281242113949300432e-01 1.000000000000000000e+00 2.391235550317530045e-01 2.408700204688259960e-01 4.875536483557709744e-01 8.650006499399469639e-01 1.753861350875360048e-01 5.727394249658399605e-01 2.124703720779710092e-01 5.447386698697850305e-01 4.007958092478259848e-01 6.033259949878290174e-01 2.727921193743950146e-01 6.781822019581730254e-01 1.958782197615639986e-01 1.146335231585870057e-01 3.678263658109690026e-01 5.251002521312310156e-01 2.529213206084029997e-01 2.756831642190989973e-01 4.459592433693330138e-01 7.585657028647969646e-01 1.137990946630079991e-01 2.125885808407879940e-01 1.920064372901620145e-02 1.916922702347320095e-01 3.481942748801720167e-01 5.329004517931019702e-01 4.586693532462799983e-01 6.938283823377020543e-01 2.717417554282239855e-01 4.017559467567949905e-01 9.786755682546730006e-02 2.212802683414419880e-01 2.370705261425219978e-01 2.217734624989169956e-01 1.630581181785610012e-01 1.122342192892740037e-01 4.959721860116360070e-01 4.395893311684849758e-01 5.680166019452309589e-01 6.039700528135689694e-01 5.067735564199710163e-01 4.006962611510789807e-01 4.102081397422380205e-01 5.938456179396229828e-01 3.659526746736579961e-01 3.519052081256869857e-01 4.522772769878949939e-01 3.298011150091070265e-01 5.082688879223029588e-01 7.351778747245260037e-01 3.777847077939390230e-01 6.980107525627130549e-01 2.654705801734290049e-01 5.051102601481850529e-01 2.690445259242629783e-01 7.856637509110929729e-01 6.283621080045590501e-01 7.481658018501210483e-01 5.777480916319930326e-01 5.881719467144299607e-01 4.094848473302519776e-01 3.836569200863539919e-01 3.068898655699229816e-01 2.489138148924839866e-01 3.275301202059829886e-02 1.456412327851989985e-01 2.234989609945949862e-01 1.813774842957709965e-01 3.030062930484489839e-02 9.270811386367060203e-02 3.810328420893839829e-01 2.429234746330999895e-01 1.943642205238000145e-02 4.166373959271090222e-01 4.590429470019889990e-01 7.890519510992229923e-01 4.533053924301769788e-01 6.786195392541150007e-01 5.595991259096539938e-01 3.742939791055019949e-01 4.379522189598760162e-01 3.699221120087030079e-01 2.872584151768849958e-01 3.310215493524710229e-01 -6.426137469006340530e-02
4.014810335943330144e-01 3.172165582862649935e-01 3.174387846916449929e-01 2.391235550317530045e-01 1.000000000000000000e+00 2.556025483908540008e-01 3.662055064059290266e-01 1.467559314282330107e-01 4.712351121853409763e-01 1.761447787781209862e-01 4.865460491577560109e-01 2.081864781635340000e-01 4.114905246247689830e-01 1.182366759409810009e-01 3.523435016527939889e-01 2.164440790282489979e-01 2.648891854251629874e-01 2.640218150939789843e-01 3.235768996772490080e-01 3.646782085372179960e-01 3.571275400024129798e-01 3.424774071705800060e-01 4.624137528457269997e-01 4.031850879674869770e-01 4.235078547871120036e-01 4.069766569507080045e-01 1.639029948967589967e-01 2.484168249073419876e-01 3.646423045754639825e-01 2.907313473386490266e-01 4.333543900994140108e-01 3.052565565220730082e-01 1.297862580996310133e-01 8.387360939593120276e-03 3.578627905077270133e-01 2.819224917241769934e-01 3.227932260293749911e-01 2.311219143155439915e-01 1.866636381005050138e-01 4.426325561914679768e-02 3.857310657274299892e-01 3.350044989531850148e-01 3.009765275369210014e-01 2.742991499276840051e-01 3.891805326820400035e-01 4.691762670295169801e-01 2.522942451973089750e-01 3.077865313929499802e-01 2.130281282272550036e-01 1.872557801959019996e-01 4.273863462040110028e-01 4.109123579625810208e-01 2.587689333567230188e-01 5.504015375567140184e-02 3.123886426469960065e-01 5.853822834073970326e-03 4.707684100436029806e-01 3.126142746639830050e-01 2.678096284183290043e-01 -7.475154556721400056e-02 2.761028867084159844e-01 2.028074959359690010e-01 3.287887959366320167e-01 2.015646509218219917e-01 4.125702721741599799e-01 1.732786621329099885e-01 1.960088129770380105e-01 8.156430625550230296e-02 3.766292656941840067e-02 -1.544769213217579984e-01 1.301703753118780005e-01 4.974283375100559818e-02 1.403440503992499921e-01 1.250513055851819877e-01 3.490430599502840070e-01 3.361679468464029985e-01 2.691523824229469786e-01 1.327051842413780047e-01 4.817645912975300204e-01 2.701123994446469889e-01 3.493676143373899978e-01 1.487355993181150027e-01 3.061932786095030168e-01 2.977299670288769962e-01 3.823918703732440139e-01 4.326297892115200106e-01 3.793008852888040128e-01 5.600001084763920334e-01 1.406377678368780082e-01
1.903823913709100091e-01 2.423753273094829963e-01 2.351880308133479924e-01 2.408700204688259960e-01 2.556025483908540008e-01 1.000000000000000000e+00 1.932294002967079871e-01 2.048994047216859959e-01 3.130930480652749925e-01 1.026383595776129976e-01 5.032525894076349954e-02 1.226298759531480043e-01 1.250543867907830120e-01 2.646784748057839920e-02 3.535605608609550168e-03 3.839745556477350275e-01 1.542180158902869969e-01 3.325632059215279934e-01 -5.429057605188670338e-02 2.916719828870280029e-01 3.012212798213679821e-01 2.292384952692660127e-01 1.515393449094820100e-01 2.977890170423280192e-01 3.645235071684480022e-01 4.467946364214229749e-01 -6.957191350934610607e-02 9.248689591895359330e-02 2.137549921765520000e-01 2.146637409900810090e-01 1.154227843958890026e-01 4.309125253648030118e-01 1.678104201446080079e-01 2.437817539837570102e-01 4.270508098463989682e-02 -1.540900368330629933e-01 2.108325941206160015e-01 6.291543467937890655e-02 -7.145452362582269817e-04 -2.098621440319650006e-02 2.485466574251639915e-01 2.026527315733440138e-01 2.743456675072959983e-01 3.088497817209939766e-01 1.793340915211880104e-01 1.334426863350199888e-01 1.359834140489110110e-01 2.378693928387209944e-01 1.260340088927330016e-01 5.076298856985139718e-02 2.696997206011519932e-01 2.782317591017999803e-01 2.933349307565399910e-01 2.943498689204129826e-01 1.268193311981410110e-01 2.521791735263779755e-01 8.492429937645169791e-02 1.122007813903009993e-01 7.658254933906230577e-02 2.840370731121499848e-01 2.994743001360670176e-01 3.394529772625030084e-01 1.572244455611729874e-01 2.557172403627009927e-01 2.525823666314629956e-01 1.533676018197099866e-01 1.206261576937699975e-01 1.544659572961729899e-01 2.171717044278909936e-01 -1.136670079419239976e-02 -1.107505360523989985e-01 6.981307146232169913e-02 3.544432172554570076e-02 -1.332166654417830109e-01 1.650384502151239913e-02 7.572479396496349657e-02 -5.197907827373179912e-02 -3.660651323350949671e-02 1.030781506077950022e-01 2.080773532410420124e-01 4.433142988910099974e-02 1.407592857303829881e-01 2.833665002461540072e-01 2.461384646926740027e-01 1.342690115494480085e-01 8.511960875357679757e-02 2.754963175102509987e-01 3.013683122783419877e-01 -8.773345541276859894e-02
6.567125309364899577e-01 5.565472747203570325e-01 8.481373956605230413e-01 4.875536483557709744e-01 3.662055064059290266e-01 1.932294002967079871e-01 1.000000000000000000e+00 3.732275860192120209e-01 5.895973631524079606e-01 8.454183055148380144e-02 6.324223515596389955e-01 3.707469717373699791e-01 6.984069328507940266e-01 1.761563029545299974e-01 5.207341580745260545e-01 3.722122106357579896e-01 4.416443376685320055e-01 4.697871775222730029e-01 5.206164835853209771e-01 5.687571487124960523e-01 3.982934779040699924e-01 9.079918089116900681e-02 7.253125811048249938e-01 5.475121699811179576e-01 2.973577190571740081e-01 2.262240094933659906e-01 3.232526296245630260e-01 3.477947839821959874e-01 3.913669085917270141e-01 3.652588571093119962e-01 6.975009369455420494e-01 4.940660637613090156e-01 4.093346575492949890e-01 1.049592074584240059e-01 2.537214298176880267e-01 1.964096525171609986e-01 5.208133795730109927e-01 4.616804266653550259e-01 2.115858485682529933e-01 1.146699334189369979e-01 6.752683366268079634e-01 5.549324174686129929e-01 6.612109689676529678e-01 5.485011573647650129e-01 5.841006239690329505e-01 6.108061520323090354e-01 6.242765403700629712e-01 7.135696391825360196e-01 5.330091174381249575e-01 5.572069897171250119e-01 6.399140417952889903e-01 5.264647803437779716e-01 7.632289760240980048e-01 2.966600187372420150e-01 7.774274027284070465e-01 2.118006917318590032e-01 5.052783377044459678e-01 4.406750939727639982e-01 6.513064153445770055e-01 2.419148206549590063e-01 5.863572523871789510e-01 4.040472691357340218e-01 5.887318194596320442e-01 3.089646032660259833e-01 4.796266119959080032e-01 2.336761965551620024e-01 4.259484303371959824e-01 3.181490529376759802e-01 2.603494487785429912e-01 -1.332162882580540109e-01 2.531326314863370230e-01 1.019087308346599968e-01 2.362942148796990105e-01 2.609872599675229776e-01 4.777402168028039853e-01 5.077960098350550178e-01 2.468687364500130044e-01 5.166836655442830217e-01 7.835808876139479517e-01 5.019876803810100485e-01 6.325784932063169830e-01 4.232505257047439740e-01 4.261740086657300197e-01 4.756452705336730036e-01 5.145673261595139492e-01 6.413183442897709696e-01 2.885794122876729761e-01 3.801396240961910089e-01 1.587050264691310109e-01
3.819898346482630269e-01 4.444838500957309924e-01 3.907987611041179865e-01 8.650006499399469639e-01 1.467559314282330107e-01 2.048994047216859959e-01 3.732275860192120209e-01 1.000000000000000000e+00 6.944276695293639945e-02 5.825926168009579742e-01 1.417390308871180060e-01 6.801817786622780249e-01 3.004995676318389930e-01 7.369314581999120151e-01 1.321349838555359868e-01 6.646504614328240246e-01 2.618848025675489799e-01 1.165550593403929941e-01 3.559742446861730025e-01 4.659159745040880041e-01 1.200685288692060065e-01 2.128173335663000043e-01 2.676492036270929908e-01 5.548075956910080153e-01 -8.639059176166989651e-02 2.702514875908569938e-02 4.681152604846149784e-02 2.951132001454599973e-01 2.852940846689119847e-01 5.233253519684289978e-01 3.087947524270659994e-01 6.119617969150630277e-01 2.097794073457210084e-01 3.770616942849340236e-01 9.685603820691529586e-02 2.375520862626570029e-01 1.844137462841239916e-01 2.593676891501739967e-01 1.228712416998670037e-01 1.125271303123459993e-01 3.521960545119209862e-01 3.166031671087319865e-01 4.649338011978400020e-01 5.112806710140059829e-01 3.865280751570139839e-01 2.834764335837159921e-01 3.339374207464270161e-01 5.160511679987299649e-01 2.012182665180569929e-01 2.687557529004450108e-01 3.999854360918350116e-01 3.353973403358159744e-01 3.233242354087360049e-01 7.776087025370199690e-01 2.880254497724780149e-01 7.359455782760200293e-01 2.601107411865620223e-01 5.349575716053900365e-01 7.714406592872739832e-02 7.111030117005779916e-01 5.368726140922980283e-01 6.924698246953340242e-01 4.924618717230280218e-01 4.958835609823389889e-01 3.006546211561850201e-01 3.846826695599109835e-01 2.164603295719879916e-01 3.090259316695260217e-01 2.725205022159910007e-02 1.907024078446669935e-01 2.389636963011070037e-01 1.814128605427310081e-01 1.274867832762079933e-01 7.398076184414920098e-02 3.887838598093710241e-01 1.119703491113169941e-01 -5.541949879697920245e-02 3.840710188057799845e-01 3.278339796729090039e-01 6.901627832216109537e-01 3.614001420541069765e-01 6.058124000245930230e-01 5.957645743916309966e-01 3.385776673981479856e-01 4.033601401417870047e-01 2.656752234014789771e-01 2.194007080311440039e-01 3.132911005558799977e-01 -1.533275617696600035e-01
4.552623319366509991e-01 3.716015165023570099e-01 4.393029250417639919e-01 1.753861350875360048e-01 4.712351121853409763e-01 3.130930480652749925e-01 5.895973631524079606e-01 6.944276695293639945e-02 1.000000000000000000e+00 2.856271128588129884e-02 4.895817611992029916e-01 2.066089110091209879e-01 5.396583676299210319e-01 -6.768299549626939637e-03 5.649297090357210394e-01 2.545028418071250131e-01 2.839905180688159780e-01 4.351665610357219882e-01 2.890408508499749951e-01 3.826997780947469785e-01 4.162013020447030143e-01 2.778419218637420141e-01 5.824113714194569802e-01 3.557691617622110170e-01 5.297319707236169961e-01 3.955970118442890260e-01 3.137659111924019917e-01 3.105337787162930074e-01 4.282435401242249973e-01 4.244973633065959873e-01 4.428036185730530039e-01 3.520057978012979816e-01 2.249760809924180038e-01 3.638933905790459750e-02 3.717197684552629999e-01 9.061579973508010477e-03 3.819139272541999808e-01 2.140906614816180109e-01 2.799247436347300222e-01 -1.225768472426859990e-01 4.396685017495010062e-01 4.361907194137240040e-01 2.888253812565260148e-01 3.123565547307000090e-01 3.238469482957410106e-01 3.662649833300820057e-01 2.547761899503340199e-01 3.492316347365860274e-01 3.057453628558419734e-01 2.391905755176599868e-01 3.735475603646770115e-01 3.931033186767439735e-01 3.551831910727260011e-01 4.853934877281700089e-02 3.506093163704179783e-01 5.647940019766859755e-03 3.311181811998150093e-01 1.798444746858779975e-01 3.245824439536080241e-01 -2.383046311658299984e-02 1.898755818270269902e-01 9.996843503819689836e-02 2.808855002024669978e-01 -2.615560131784819969e-02 3.782681374202420121e-01 1.075662803332770034e-01 3.304755899772620076e-01 8.808365574448620561e-02 2.817745960222409751e-01 -1.978635250210029894e-01 7.364641699495740046e-02 7.948082546807480608e-02 2.744732183565449790e-01 1.927290106495380129e-01 3.920527903011600257e-01 3.640506385481570018e-01 3.038690788742309801e-01 1.141288944611980050e-01 5.483567691605659711e-01 2.763580149765689775e-01 3.400826496829990053e-01 1.244759510015709947e-01 1.692899541213049863e-01 1.632642109772939887e-01 3.077565340347179768e-01 3.655482688455329865e-01 3.284882015530959931e-01 2.937373188648649824e-01 1.349236259953940087e-01
5.769234270569419815e-02 9.841147456993419584e-02 5.989623226115049770e-02 5.727394249658399605e-01 1.761447787781209862e-01 1.026383595776129976e-01 8.454183055148380144e-02 5.825926168009579742e-01 2.856271128588129884e-02 1.000000000000000000e+00 1.145037578604140016e-01 3.353397981273730233e-01 1.783279358074419951e-01 3.944083902112450191e-01 1.791085127327819992e-01 5.221110749764530379e-01 3.456954139874830051e-02 -1.969163818660530085e-01 2.021073273571840148e-02 2.478037933941759918e-01 3.062712540578079942e-02 3.464049372921840231e-01 6.364638345723590274e-02 3.353476154107919993e-01 1.400620448920009975e-01 1.205846066623809942e-01 -1.209039584114989935e-01 1.074780183061620036e-02 1.209626406483979982e-01 2.952138196216250177e-01 9.906854750838580206e-03 3.616780655088480123e-01 2.058385465033190156e-02 1.856688270915269889e-01 9.955268491236890505e-02 9.693625815893730513e-02 1.758327974355509971e-01 3.563680286220229781e-02 2.107985155129779922e-02 2.706939744752580139e-03 1.753514006734429864e-01 1.578661051982860053e-01 1.772470265153860136e-01 2.563071389547090240e-01 2.255666646243640050e-01 9.528563329477529598e-02 1.354370002006919926e-01 2.525532679034099837e-01 1.409955799191699999e-01 9.108104528825410051e-02 2.469970347699829982e-01 5.399087282220259992e-02 1.094145872967119959e-01 4.877610463607019997e-01 7.944819262354180234e-02 4.924526520777660066e-01 3.644587521652029732e-02 1.760171793909099947e-01 -3.898642234714749799e-02 4.525132192383810037e-01 1.811508864173370092e-01 3.278760792453560002e-01 3.423378067592329765e-01 3.399087785945519857e-01 1.288507413448579941e-01 1.832710087634140117e-01 -2.230887120190440040e-02 1.075677736735709961e-01 -1.657337732147800072e-02 6.186230150957709728e-02 1.333127347713830013e-01 5.095777246893089946e-02 1.228860477340929999e-02 -2.924765406010279914e-02 4.700671563731329688e-02 2.531855851686539913e-02 1.751612340673610116e-02 1.392323093714180060e-01 1.076202174229750064e-01 5.067995594836559592e-01 2.262626124199479949e-01 5.285388024841140009e-01 4.795373871206550231e-01 2.843348163011210072e-01 2.896533881696239932e-01 3.511113335242199707e-02 2.866373662307249992e-01 2.347479815973609885e-01 -7.087020802311430612e-02
6.764015394811500048e-01 5.245388903967229677e-01 4.532671762352329936e-01 2.124703720779710092e-01 4.865460491577560109e-01 5.032525894076349954e-02 6.324223515596389955e-01 1.417390308871180060e-01 4.895817611992029916e-01 1.145037578604140016e-01 1.000000000000000000e+00 3.227918027586330063e-01 7.314653407006369568e-01 1.239754978687690051e-01 5.936850135395369543e-01 1.255445992600330019e-01 6.278871314706040430e-01 4.556596826594809801e-01 5.686600903603490353e-01 5.600407550723589534e-01 3.949980936259169795e-01 1.428822721429290066e-01 5.811865415456189954e-01 3.562618474380940259e-01 4.734101608310919973e-01 2.893544855789220160e-01 4.686114485256079876e-01 3.676298921579649881e-01 3.825861780197790107e-01 3.511640662052020190e-01 5.860050586810929829e-01 3.332185133696929924e-01 1.054632168143480042e-01 -1.929142127355089886e-01 3.614870255856350023e-01 1.736851447685170136e-01 4.492368397147640247e-01 3.301696446298890142e-01 2.623217019069840061e-01 1.803169517973499947e-01 5.003805609335050253e-01 4.524239053255280085e-01 4.007956842501930184e-01 3.640971481515349883e-01 4.842152481602289837e-01 5.089164210180500136e-01 3.923472961882509824e-01 4.493473280665840064e-01 4.309230817812400027e-01 4.489879379014170002e-01 7.423312843828050456e-01 5.059419904351249997e-01 4.536531224255350159e-01 1.072996094498350067e-01 5.085740680881689624e-01 8.464101524133200299e-03 6.778903304512899908e-01 3.065685665083580091e-01 3.790834000240529966e-01 -9.293604238356259484e-02 2.434106087598839896e-01 1.074475152761600050e-01 5.560630415179760311e-01 1.404402167053240003e-01 4.134618260766479980e-01 1.472554624690889935e-01 4.634145610471679944e-01 2.859066876553409964e-01 3.376289700124600057e-01 -9.742406203727820013e-02 2.680174860254320168e-01 2.385078966674580025e-01 4.518014671198770094e-01 4.414217651660840014e-01 5.825016495594570465e-01 5.729698070845139490e-01 3.643092529564589954e-01 3.165556979663239900e-01 7.391369054247619585e-01 3.645958926615530116e-01 5.089775888907119850e-01 3.106165862751240070e-01 4.589319988220770252e-01 5.484011894689549971e-01 5.693770985810300278e-01 6.095303470726399775e-01 5.003804165515099989e-01 4.803622021605900017e-01 3.886077349902550271e-01
4.925675926781930003e-01 5.044838610380270039e-01 2.428957931471500131e-01 5.447386698697850305e-01 2.081864781635340000e-01 1.226298759531480043e-01 3.707469717373699791e-01 6.801817786622780249e-01 2.066089110091209879e-01 3.353397981273730233e-01 3.227918027586330063e-01 1.000000000000000000e+00 3.206147210207500042e-01 8.006750238223400151e-01 2.385634410869320043e-01 5.880573225666649861e-01 3.130567969683830110e-01 3.241867412660859871e-01 3.417049287213370090e-01 5.120921058107510415e-01 1.419881171479240034e-01 1.882502199551490119e-01 2.831659738104970181e-01 4.014430352257319923e-01 -4.738458824976259781e-02 -6.607027744474039399e-02 2.913800623668300060e-01 5.110442361166970260e-01 4.185625780521329831e-01 4.733940107435229971e-01 4.362063840344980181e-01 4.259310264220059761e-01 1.678767688671420066e-01 1.252447033965619905e-01 1.838100409182109873e-01 1.242071088568219989e-01 2.510519623134420120e-01 3.135325761338039752e-01 2.543608167420299826e-01 5.330044261959260288e-02 3.246790942880110054e-01 3.507167686636469828e-01 3.206607810295529770e-01 3.296752460562960008e-01 2.873105428384860049e-01 3.028750855695189759e-01 2.812984458333260274e-01 3.737106336299649834e-01 1.251499144034529942e-01 1.782933359016080077e-01 4.176875475142169947e-01 3.955011300892959936e-01 1.974778659282070137e-01 5.044843138737280519e-01 2.553143634917979798e-01 5.214397272789560445e-01 4.184545736812689820e-01 5.429938142107919585e-01 2.580693829272530035e-02 3.406559704759630214e-01 3.752323715531880044e-01 3.764437260940670105e-01 3.333104859628659988e-01 2.284014832659169991e-01 3.561573832090180192e-01 3.607616535995730178e-01 2.796747420569249964e-01 4.221141499648199957e-01 8.293324862457540636e-02 7.815382213548910384e-03 2.855818125327649892e-01 1.432324107115580114e-01 3.536137470098930091e-01 2.655663734076039728e-01 5.123969826300519559e-01 1.726741963372860067e-01 -2.366968794700100021e-02 3.269825196695140268e-01 3.931978370988780114e-01 5.703501397254020500e-01 2.577358728259039888e-01 3.176643918789099907e-01 3.716516532656369831e-01 2.167021528052769930e-01 4.243513648241930003e-01 2.991885958199470008e-01 2.667529259730559987e-01 3.395205806640759771e-01 2.526353836895180172e-02
6.215463788083610552e-01 4.743951964991269810e-01 5.905487611999069575e-01 4.007958092478259848e-01 4.114905246247689830e-01 1.250543867907830120e-01 6.984069328507940266e-01 3.004995676318389930e-01 5.396583676299210319e-01 1.783279358074419951e-01 7.314653407006369568e-01 3.206147210207500042e-01 1.000000000000000000e+00 2.691107450904859921e-01 5.736143507159869870e-01 2.334864519501820002e-01 5.398798528926770368e-01 3.800837613261189851e-01 4.293160020308909863e-01 4.678987708163229731e-01 3.741110173697709818e-01 1.108281735430230036e-01 6.380094320726199530e-01 5.228530966119749879e-01 4.184869892687779758e-01 3.601105695415049990e-01 3.834422299091980180e-01 2.301865052554729896e-01 2.936332267381829841e-01 2.863746467331130252e-01 5.684729970896420514e-01 4.100470668509200167e-01 2.768331894457279896e-01 -4.102275243829280049e-02 2.682250000441139814e-01 2.445512176123489922e-01 4.760061283811989896e-01 2.621026131331199993e-01 1.749842669206279899e-01 2.004021141920389881e-01 5.391372016058469940e-01 4.512057993739260198e-01 5.287834032174270060e-01 4.382141325292659984e-01 4.891782394854229943e-01 4.821505995821530055e-01 5.630381618791270304e-01 5.168480823617730424e-01 5.147600035886049641e-01 5.552210810352999903e-01 6.388099385238430461e-01 4.082608512215599728e-01 5.712750597694460364e-01 1.923118447640120021e-01 6.136734366321560108e-01 1.335185547026949970e-01 4.727294787474999871e-01 2.917648998258169923e-01 5.018910365376849647e-01 1.565958256005300087e-01 4.190169107263679860e-01 2.446220585327860131e-01 5.576132027001550195e-01 2.246952599532439920e-01 4.451531487527169983e-01 1.751889481597529996e-01 4.350999865797480215e-01 3.282509099251519902e-01 4.287673349775170117e-01 5.995480099639630134e-02 2.923191834994969818e-01 2.840951201795879899e-01 3.408428310279910112e-01 4.297483070068490174e-01 5.732766627191789865e-01 6.341815247989279758e-01 3.445966675263459900e-01 5.208381750759329964e-01 7.148538845132229591e-01 5.411439105005579897e-01 5.480039927420170542e-01 4.689484552125069983e-01 4.227018114598640186e-01 4.855561679222050175e-01 4.806069391466650242e-01 5.208348511591639474e-01 3.088566630463819851e-01 3.136882808159339731e-01 2.176383969728619971e-01
2.888419115089549960e-01 3.108363804264799857e-01 1.561679602003329947e-01 6.033259949878290174e-01 1.182366759409810009e-01 2.646784748057839920e-02 1.761563029545299974e-01 7.369314581999120151e-01 -6.768299549626939637e-03 3.944083902112450191e-01 1.239754978687690051e-01 8.006750238223400151e-01 2.691107450904859921e-01 1.000000000000000000e+00 1.003593838976959973e-01 5.258225831365129777e-01 1.769189464000170131e-01 9.226402299273239738e-02 2.203671985713989978e-01 3.377908479098810091e-01 1.218657517210730012e-01 2.146913281290349917e-01 1.238021646691180033e-01 4.564051890646430021e-01 -1.128284032456530056e-01 5.815558926643480016e-03 1.540867221559930056e-01 3.024022560007750271e-01 2.236070090044209868e-01 3.348470012110130178e-01 3.072187270685389771e-01 3.508095684089230226e-01 1.041332597424030060e-01 2.110985849989649998e-01 6.101011895399759827e-02 2.699327380383370056e-01 4.820476690370020106e-02 2.123786988740070103e-01 2.088430864005320076e-01 1.464950447280199963e-01 2.376871371052509951e-01 2.198389938792210119e-01 3.101394599739130120e-01 3.016692560921410138e-01 2.568261906444280207e-01 2.447359328377619880e-01 2.837936787615579770e-01 3.134422908049229739e-01 1.252815819686909915e-01 2.356244310106140050e-01 2.480925235300099896e-01 2.178260214588990107e-01 1.341016357738049891e-01 5.167684470039599631e-01 1.411339403794769909e-01 5.534574523133819479e-01 2.627125418505419918e-01 4.865607576012430102e-01 -8.508929861116069915e-02 4.509660046470500006e-01 3.669483173035459900e-01 4.383727978504520228e-01 3.182817036392279753e-01 3.030694838450940232e-01 2.912554854252880077e-01 3.945862393101219889e-01 1.190172095435550054e-01 2.956669234961820103e-01 -2.336283992524130007e-02 2.228119988266039908e-01 2.511417786522089912e-01 2.203812503850020033e-01 1.758716789808000003e-01 2.464526865398440070e-01 3.905001110297889877e-01 1.612846487354570035e-01 2.850832766969940008e-03 3.848651567252350247e-01 2.289696233110790069e-01 6.107658825212689546e-01 2.318338618140020069e-01 3.848354392470910157e-01 3.404401752313039875e-01 2.259249727715370026e-01 2.803258003773420048e-01 1.748593425288549885e-01 1.088451213580629989e-01 2.148679085081620088e-01 -8.688363119908150412e-02
4.620069843241059737e-01 3.436716636841459782e-01 3.955568379654649802e-01 2.727921193743950146e-01 3.523435016527939889e-01 3.535605608609550168e-03 5.207341580745260545e-01 1.321349838555359868e-01 5.649297090357210394e-01 1.791085127327819992e-01 5.936850135395369543e-01 2.385634410869320043e-01 5.736143507159869870e-01 1.003593838976959973e-01 1.000000000000000000e+00 1.993785806446140008e-01 3.838774619596890258e-01 2.659704037976279856e-01 3.919119545827309814e-01 4.565395762303799954e-01 2.354025054703419995e-01 2.523171797011879991e-01 6.101279994797389472e-01 3.580574001852149801e-01 4.335500421751279920e-01 2.103928898601049868e-01 4.039200349977959958e-01 2.576369667001670027e-01 4.476920784523080177e-01 3.875795522788330061e-01 4.968940765822030259e-01 2.549676564013810265e-01 1.757658045956609905e-01 -1.664778264414590037e-01 4.339429165923749943e-01 1.182191283417839966e-01 3.859611348950099941e-01 2.989863998704689885e-01 3.434610172290770147e-01 -7.094327457530830161e-03 5.288579763852819804e-01 5.082626162487210442e-01 3.044602460468570082e-01 2.910291712958770205e-01 5.016592375467330278e-01 5.518617816124400388e-01 3.813247832510709978e-01 4.153390207549970126e-01 3.818505258079650244e-01 4.134688063168209804e-01 4.455018491589810004e-01 2.843910785695710208e-01 2.602754573293429852e-01 4.121053628029790195e-02 4.409317298382909867e-01 -4.057468805960769836e-02 4.621269975215729908e-01 1.680742781513759887e-01 3.918006753486870108e-01 2.547891196126079831e-03 2.072230027627290083e-01 1.089108376098739950e-01 4.685277658784249843e-01 6.614390972094770504e-02 4.603812797262830103e-01 9.898524496369190406e-02 4.691701870856970213e-01 1.478873427939129959e-01 2.623166915909420083e-01 -1.965027568273869929e-01 3.261994627932729984e-01 1.142125327108479971e-01 2.940276566848680218e-01 3.351312284709879741e-01 5.753318499569809452e-01 4.750665784413969916e-01 3.252808411514980236e-01 2.345968514713069886e-01 6.864573288665990480e-01 3.336749257179409955e-01 4.210511745873199985e-01 2.375544901699599976e-01 2.149055126277719940e-01 2.659719181294979973e-01 5.309649688326509853e-01 4.978335299439179962e-01 3.705694486907180063e-01 2.220475069412790048e-01 3.502881660408240228e-01
2.994322643215759916e-01 4.015526846582699871e-01 4.068462727155279790e-01 6.781822019581730254e-01 2.164440790282489979e-01 3.839745556477350275e-01 3.722122106357579896e-01 6.646504614328240246e-01 2.545028418071250131e-01 5.221110749764530379e-01 1.255445992600330019e-01 5.880573225666649861e-01 2.334864519501820002e-01 5.258225831365129777e-01 1.993785806446140008e-01 1.000000000000000000e+00 1.627599510005069972e-01 2.019977170861899929e-01 2.888418303192150094e-01 4.992561379116470244e-01 1.992115171580720046e-01 1.781634454929680034e-01 3.506334906330120238e-01 4.851322280699439937e-01 2.245094721426749845e-02 -1.629219821414160108e-02 3.304990370824219953e-02 3.343966403360419948e-01 4.830206371855469971e-01 5.512894064408709882e-01 3.407607624593599893e-01 5.227850756366529961e-01 3.182311936675180086e-01 2.913559025335200059e-01 1.428792865576050120e-01 8.329347883563920085e-02 1.822508238959159865e-01 1.194264381396639985e-01 1.539652727898669915e-01 -3.715389441355099881e-02 4.328677974411990204e-01 4.086417753993760171e-01 4.524435360359669867e-01 4.851094360585599952e-01 3.325475536402009991e-01 3.098828167178300230e-01 2.749457857229309909e-01 3.962932433403180132e-01 2.161908379997949936e-01 1.173505859391039963e-01 3.243412685819109798e-01 3.506609330064480168e-01 3.932721165667529828e-01 5.082792610834080405e-01 2.205208389004310043e-01 5.342213731143490296e-01 1.988641842129910131e-01 4.023452433953130236e-01 1.602764853241039900e-01 5.319108806239789544e-01 5.116956946850970134e-01 5.313222310053810071e-01 4.196636817178159840e-01 3.534749850032870011e-01 3.825585413972220072e-01 3.357372173664289750e-01 1.788824521854339988e-01 2.580601979727619733e-01 8.393539176300400528e-02 -5.406872970540269746e-02 1.462378240983679967e-01 7.883537933996929981e-02 8.608740117281879489e-02 -6.243007938602680024e-02 2.906127706965149771e-01 -8.844694131893829359e-03 -9.779522871229150149e-02 2.213785117569239957e-01 2.938226213912750184e-01 5.589783337360669790e-01 2.905934866323229837e-01 3.857026179836339774e-01 3.778459272176010186e-01 1.999996012098519960e-01 3.380092734891679829e-01 2.665716896927829982e-01 2.552881117942299993e-01 3.741837236594440230e-01 5.444645813322600281e-02
7.106669127694730248e-01 5.933211015720609716e-01 3.495795349856289924e-01 1.958782197615639986e-01 2.648891854251629874e-01 1.542180158902869969e-01 4.416443376685320055e-01 2.618848025675489799e-01 2.839905180688159780e-01 3.456954139874830051e-02 6.278871314706040430e-01 3.130567969683830110e-01 5.398798528926770368e-01 1.769189464000170131e-01 3.838774619596890258e-01 1.627599510005069972e-01 1.000000000000000000e+00 6.294657391330310547e-01 4.988730446055389955e-01 5.458696068044890382e-01 3.062390957481930243e-01 -1.300462305744719965e-02 3.634426770842629772e-01 2.318591245819180136e-01 1.859818536748319984e-01 4.332022535005569663e-02 5.620639233017049596e-01 4.226043665795329862e-01 2.357369886839670026e-01 2.674784803612950124e-01 4.539896569567239970e-01 4.142186751893059959e-01 2.152141757834100111e-01 -1.219282626188070012e-01 2.492572480143470104e-01 9.755348762742420410e-02 4.776322730956170104e-01 4.205960981513879871e-01 2.458276065664289911e-01 3.196351361898269738e-01 5.289091152949270125e-01 4.860187241538870273e-01 5.413824749105200507e-01 5.115113517427080092e-01 5.112408885240570244e-01 4.795488784510920088e-01 4.775513043323519891e-01 4.988226371500710243e-01 4.595705107015469748e-01 4.866829819424259851e-01 7.579233986599269723e-01 5.837936078120460337e-01 3.795986548754289869e-01 2.147244912545729911e-01 3.690443037409040228e-01 9.760994987488129382e-02 6.261724269786640429e-01 4.376336798154250030e-01 2.367420873548740090e-01 4.914645389483020266e-02 3.018509062278659782e-01 2.644411678023609880e-01 5.107290012032820181e-01 3.074141667437569891e-01 3.340304976950330129e-01 9.715398684300849408e-02 4.264392617869540159e-01 4.177007694846249786e-01 3.036204449715330100e-01 1.000184897939469936e-01 4.566935145581429989e-01 3.300802431368540235e-01 5.441897814775740194e-01 4.963600570717500160e-01 6.815120998414190279e-01 5.597111881807510514e-01 2.873972925106669796e-01 3.867250277115970025e-01 5.738023299566049618e-01 2.904655920377909872e-01 4.747789146465439813e-01 3.054435708711260022e-01 5.308555992537360435e-01 5.306923551605929879e-01 6.337207432019420494e-01 5.513596093575540147e-01 3.539507702492910024e-01 3.389514987594460238e-01 4.066802149121159782e-01
