1.000000000000000000e+00 5.912412955580490515e-01 7.845988930698100106e-01 5.502427178858100287e-01 3.344264034650110129e-01 3.657299821303819920e-01 7.355320062009129689e-01 4.360880283544489866e-01 4.928794348087690014e-01 4.334859096489310226e-01 6.722236270084960275e-01 4.231610701388689999e-01 6.133085021712729734e-01 2.616138962799430256e-01 4.798662910403380111e-01 2.046967205262620049e-01 4.394893908721380082e-01 3.355897979494429917e-01 8.199432000248989549e-01 4.064209922781870099e-01 2.473139421576039942e-01 3.286205860523240263e-01 6.870119717268099446e-01 3.929119699524890041e-01 4.395304408910050142e-01 4.203083139532550194e-01 3.498843775974310177e-01 3.778513174953689879e-01 3.745972079766540230e-01 2.768651721305809832e-01 7.672215716795020013e-01 3.301347649226680225e-01 4.843274637035659969e-01 1.386783387673339862e-01 2.139739596634279983e-01 9.238998034347410682e-02 4.610149192698599907e-01 1.724290315688800090e-01 -6.371677601548170200e-02 4.407059212561330319e-02 6.568080598938940140e-01 3.558515778379119920e-01 7.210494775792130051e-01 4.053988425361830239e-01 6.858780384186650148e-01 3.400384837596909793e-01 7.511534422449359649e-01 3.644277094699380215e-01 6.632725672191449595e-01 4.034357907581240243e-01 7.571660858140210060e-01 4.799232242280420113e-01 7.802192432532889521e-01 4.055435615103260005e-01 7.284211631179380309e-01 2.175453847758269943e-01 2.339049140936370064e-01 3.253468242882879835e-01 5.404064995886990186e-01 2.188588224326530052e-01 7.657441355580809628e-01 4.845349818453230095e-01 7.622468660043609789e-01 -1.744225686459079938e-01 2.094884050540780085e-01 2.533399229663350072e-01 3.237886352622409980e-01 2.363338879638569867e-01 8.601310991137420259e-02 -4.809050434398730312e-02 4.699180883356099958e-01 3.038549890704069778e-01 3.332478311727620213e-01 3.642424374052309899e-01 3.168962906520340073e-01 4.320618142908890236e-01 5.672590835840080059e-01 4.657769045926050122e-01 6.217600379148020551e-01 4.583644891658840148e-01 6.113244948773729481e-01 4.822831026345359984e-01 5.775542784774470029e-01 4.250787175972550180e-01 5.680514731052509481e-01 5.316850965470939494e-01 4.088273382298999725e-01 5.436020835125070505e-01 5.740061503572569945e-01
5.912412955580490515e-01 1.000000000000000000e+00 4.486662390318880145e-01 7.138052453984999879e-01 2.470193316042919862e-01 2.339890249145890055e-01 4.365662340574160138e-01 6.163885975098419845e-01 3.041423513441839921e-01 2.960072343915799986e-01 3.370298997351670045e-01 5.658832524655520446e-01 3.491336533250010143e-01 4.289047979304280167e-01 3.344627112609360187e-01 3.089094756508590223e-01 4.345474040037720087e-01 4.566955440593150062e-01 3.955678062746150192e-01 3.355414731282940211e-01 2.094032226595400059e-01 3.419630297247480133e-01 3.113775695473799954e-01 4.318453406156130270e-01 2.771330145939450151e-01 4.324310063994020181e-01 3.634961998008199857e-01 5.725602838737530176e-01 3.359178431757410266e-01 2.723379915141689867e-01 5.410674278388699632e-01 5.822239541195639578e-01 2.372394358165320072e-01 1.260711461846840131e-01 2.033176744821240112e-01 2.135878502158000125e-01 3.059093881391680148e-01 3.962608189062100106e-01 1.380758783579300042e-01 -1.059990692092620083e-02 5.546869314615989754e-01 5.200350220575720162e-01 4.598127259724000271e-01 6.357382419540660301e-01 6.469031282963789709e-01 5.859971757544050197e-01 7.109301867240750417e-01 5.684605154650029801e-01 6.506519053246979656e-01 5.395683949974120486e-01 7.237147839851300057e-01 8.039839857421100522e-01 3.947750426538769730e-01 6.404432504426950112e-01 4.594810387011200037e-01 4.466875486481349800e-01 -6.342435087486320271e-04 4.748270340392090061e-01 2.682489029749680065e-01 2.738860499093360157e-01 4.989541136596060134e-01 5.643886267894070441e-01 4.915969478738639875e-01 -3.323715430506349877e-01 2.227240523977929987e-01 2.604382178096160128e-01 2.572056129525620016e-01 3.367975867588010042e-01 -2.146600130076019991e-02 -1.338023411827229947e-01 4.133109781908900215e-01 3.709883576019269991e-01 5.091310883744090132e-01 4.536155478516459838e-01 3.875936551666980256e-01 4.737495483610649760e-01 5.150419708759429449e-01 5.614016289179709629e-01 4.881694199143349899e-01 5.289261986634169466e-01 5.094099775141990305e-01 4.913120096080019761e-01 6.247017390258590153e-01 2.293960480222480003e-01 7.408065640226879633e-01 6.935764019592669527e-01 5.709302270568680227e-01 5.933731767201340102e-01 7.196576448360479938e-01
7.845988930698100106e-01 4.486662390318880145e-01 1.000000000000000000e+00 4.411247953696980084e-01 3.071279015384760225e-01 2.164929261981519970e-01 9.140815382766189767e-01 4.020335627644329723e-01 5.270281211229900231e-01 2.437829400668589941e-01 8.040348648224340256e-01 4.216694920725739815e-01 7.951876090372079764e-01 3.512242461885379807e-01 5.153703615120479586e-01 8.132462332847320563e-02 4.278729096416030164e-01 3.530852815564979874e-01 7.532673080142470168e-01 2.252393807719730023e-01 1.316289821662459947e-01 2.416623966767720011e-01 8.985283813508589956e-01 4.625631404457130058e-01 3.845439794112109899e-01 3.168262790179229849e-01 2.499342797685409900e-01 2.449210745714650028e-01 5.313534677975280118e-01 3.506080825200519890e-01 7.282207055666150008e-01 3.587484997022850064e-01 4.973785886120890010e-01 1.216123977711140031e-01 1.726892022845800123e-01 3.686103054463789851e-03 4.836597675413010222e-01 1.810461961219939908e-01 -2.071455033996439932e-01 -4.113763590851429730e-03 3.907705281337969794e-01 2.954000181460649799e-01 5.796011030464010005e-01 3.717641313767209854e-01 4.121556956604849886e-01 2.623685487828930074e-01 6.028776342898169993e-01 2.919256091320580060e-01 6.366652440450250028e-01 3.771922822078340176e-01 5.126887664308450443e-01 3.495388310497740125e-01 4.531093251541379874e-01 3.497860422574839978e-01 8.180313792875729684e-01 2.188268955041449970e-01 2.666331659303750046e-01 2.966607123995499973e-01 7.214453052187990156e-01 1.658790912856230038e-01 6.426491451553929535e-01 3.978714767616209902e-01 5.207010550023190021e-01 -3.351583311011129829e-01 3.379750012869789932e-01 2.000346620079820059e-01 4.019345247875649729e-01 1.861324769053319950e-01 7.777326145580970573e-02 -3.638787643174359876e-02 3.864577657247559861e-01 2.519897945462920008e-01 2.239928068265739924e-01 3.228938307353920178e-01 3.644308916817909916e-01 3.190553243854620247e-01 4.789533475850970001e-01 3.010662254332809873e-01 7.302553083327000261e-01 3.309983707841809841e-01 6.176887009835859699e-01 2.821612234799270036e-01 3.474013824328139877e-01 1.369342067848730027e-01 4.230481807669599914e-01 4.228429338518640002e-01 2.818443108042559819e-01 4.236585965567700174e-01 3.468893208701390174e-01
5.502427178858100287e-01 7.138052453984999879e-01 4.411247953696980084e-01 1.000000000000000000e+00 3.081790378369380079e-01 3.365410140984619880e-01 4.667929518459260074e-01 7.276019257054010536e-01 3.490798591252020078e-01 3.861500574660799989e-01 3.440017444272239766e-01 6.121982331870059468e-01 4.232771685672719886e-01 5.957644860850499491e-01 3.921959270846199774e-01 4.421055449313650021e-01 2.819256186107840234e-01 2.878235287996119829e-01 3.218488723713049948e-01 2.422544590177080071e-01 2.546892823744960066e-01 4.537933190904809844e-01 3.665072159441239985e-01 6.125800527722560229e-01 4.001660012574870251e-01 3.743943476473199916e-01 3.786675320097550035e-01 5.652257775137039530e-01 2.687615098081280185e-01 3.999510491936080214e-01 4.663768888037619909e-01 5.183667252898760403e-01 3.054224380283460105e-01 2.176929760384490042e-01 2.422993062565509947e-01 1.471108910926149926e-01 2.630430992422629899e-01 4.234848921279860123e-01 1.898515411172780054e-01 1.202083846861219940e-01 4.518065787835809921e-01 5.368167305103519471e-01 4.098451716864450201e-01 5.842737633117319751e-01 6.496130098729629987e-01 6.422731805167759545e-01 6.434992408745809911e-01 5.605055465684110061e-01 6.577784956002390437e-01 6.028949429797200166e-01 6.240524235029599742e-01 7.017065573927180333e-01 4.380305734003580032e-01 7.029313257212489452e-01 4.965295035754290209e-01 6.008012136785120250e-01 -1.214474649645850002e-01 6.042418583058930537e-01 3.176470764087129806e-01 4.747602439630390081e-01 5.420478460422279987e-01 7.148699191528450347e-01 4.438122417555839805e-01 -3.421552122170539723e-01 3.260948184810770201e-01 2.607900578232770217e-01 1.350595056644109948e-01 3.057555155474320219e-01 -1.020492573841259992e-01 -7.521181037751499543e-02 3.757410701068660264e-01 3.055145488268710130e-01 4.078502631222509778e-01 4.239515111784600276e-01 3.264446027483079993e-01 5.584804186336209675e-01 5.200931707173369611e-01 6.018572740060880166e-01 4.717156336089060042e-01 6.564541839881840035e-01 5.344592903192370015e-01 5.277741362695079763e-01 5.981306426587009728e-01 3.110354335934970016e-01 6.464992419855120076e-01 6.128894918215149756e-01 4.621536190407830036e-01 5.863223920708019454e-01 5.818935347901650346e-01
3.344264034650110129e-01 2.470193316042919862e-01 3.071279015384760225e-01 3.081790378369380079e-01 1.000000000000000000e+00 2.238869623878090021e-01 3.407567613878140222e-01 2.227533312621750028e-01 2.867105015893919862e-01 1.565989714728510118e-01 4.321102814723180030e-01 1.559780982573840125e-01 3.925673417158099809e-01 1.611428597099099913e-01 3.867149602935839869e-01 2.946985456728419828e-01 1.473556152816919984e-01 -5.812580332448930021e-02 3.297294642991490110e-01 2.189986736204569892e-02 2.529420968997370123e-01 2.847544076860770157e-01 3.327632125204320057e-01 3.507901138702539945e-01 4.126286312347169916e-01 3.358454871388830143e-01 1.828566592677700053e-01 2.110940776172360034e-01 2.882459963336749809e-01 2.062266861604309942e-01 1.931445969970760068e-01 1.024573203289980000e-01 1.382266201667110006e-01 -2.124674711316169862e-02 2.241876211648649864e-01 1.396207557148899936e-01 3.082037319705239753e-01 2.238568241658610014e-01 1.596087112836269972e-01 3.976619230858999959e-02 2.437330671285339867e-01 2.251719402845659967e-01 2.458848192121670106e-01 1.511551841344110081e-01 3.141278368461820070e-01 3.168956633401430190e-01 3.078141906853170129e-01 1.808581844288290053e-01 3.839882074726870265e-01 3.437502092096220152e-01 2.629045744482539915e-01 1.374761494455110089e-01 2.810801851563869969e-01 1.574877722605290131e-01 2.517860330240619948e-01 8.184403826924480096e-02 -4.551747147380370145e-02 -2.841628963067389935e-02 2.465623834964600081e-01 -3.910532164709590308e-02 3.218903277786869799e-01 2.150673645144940138e-01 2.824566352683640091e-01 -2.358479990783619862e-01 1.150561582130480015e-01 6.102104300881060206e-02 1.610656929595959963e-01 -1.329298999598470081e-02 4.021964613376519809e-02 -1.615872713988300013e-01 1.748959443998369945e-01 6.358664598626960485e-02 3.309712368117149750e-01 -4.703808568941310157e-03 1.065739400907620010e-01 1.644340349172019877e-01 2.545506742637729802e-01 1.757492949123319881e-01 2.721501593437249955e-01 9.988250609033040572e-02 3.435104395472959871e-01 2.291911350234669964e-01 2.477231395310429962e-01 2.674470666924180229e-01 2.510743989896540018e-01 2.822589383772590166e-01 1.971467520290149933e-01 2.707172970411820256e-01 1.860718698033660135e-01
3.657299821303819920e-01 2.339890249145890055e-01 2.164929261981519970e-01 3.365410140984619880e-01 2.238869623878090021e-01 1.000000000000000000e+00 2.591520660638489959e-01 3.288615588361499809e-01 1.669115494351250117e-01 3.105934656216169931e-01 1.930782046275789920e-01 3.571516371767219922e-01 2.161646466750390128e-01 3.585808258203340149e-01 3.076495869173199726e-01 3.450613561252299788e-01 -6.520244724540349979e-02 -9.808697957578239868e-02 2.268211825145119986e-01 1.657334846617879998e-01 2.279231143254840108e-01 1.354422583414230108e-01 2.950106951661489729e-01 3.343118970239170040e-01 1.762355358372759973e-01 1.590977597005980015e-01 1.386525191892589992e-01 3.968628211352039914e-01 -9.082049178154480776e-03 1.261135344982330098e-01 1.320633573759900092e-01 1.356218812368940041e-01 1.306573722931820003e-01 9.458516819016510313e-02 2.616085295019510149e-01 2.792605031412260241e-01 2.210407913230399979e-01 3.405297943760050017e-01 1.947155139053809991e-01 1.316292031241459992e-01 2.540529197914069837e-01 1.726746525251700026e-01 1.686867614364009893e-01 2.554649460364559754e-01 3.970714652283630075e-01 3.911759712089890040e-01 2.692661239277879814e-01 3.219469933246499882e-01 2.981403343793940230e-01 3.314476635835070240e-01 3.056602964266140199e-01 2.737458810919070062e-01 4.601942185710670152e-01 3.759121458172010044e-01 3.105038838302769943e-01 2.501260268260839803e-01 -2.864669986543009750e-01 2.675528686050839822e-01 2.170003239553290053e-01 1.956390850221330080e-01 3.378820470627340034e-01 3.489544544673530146e-01 2.603321134090090250e-01 -1.514569546685879953e-01 1.817293558833580069e-01 1.224300181851149943e-01 2.710641983168519953e-02 7.911356248653869661e-02 1.379880220269980029e-01 -5.174929117908479842e-02 9.758554376818730225e-02 3.560749914732760230e-02 1.591931438004360044e-01 -5.589045569110549783e-02 -1.946457266115160165e-02 4.049115101470139866e-01 3.731832144882260005e-01 3.392817182113819774e-01 2.107921840230939925e-01 3.954479698229360074e-01 2.841635891771630007e-01 2.403816136687939864e-01 1.715764651215080094e-01 2.247790551510739920e-01 2.244315643616990041e-01 2.052358522556219922e-01 1.598825419925170022e-01 2.938402687237430255e-01 2.198093406802980043e-01
7.355320062009129689e-01 4.365662340574160138e-01 9.140815382766189767e-01 4.667929518459260074e-01 3.407567613878140222e-01 2.591520660638489959e-01 1.000000000000000000e+00 4.997178262088259881e-01 4.859461287651209993e-01 2.808935701298310161e-01 7.402026928514799931e-01 4.749005761341050236e-01 7.754455991255020386e-01 4.194808611404660104e-01 4.928902082125150019e-01 1.172597162011549954e-01 3.295770336556719804e-01 2.753010236151640089e-01 6.808816145160809796e-01 2.021879452397070120e-01 2.096986091345610093e-01 2.414583695789900009e-01 8.977317388363600381e-01 5.220555111074800525e-01 4.344025645460090068e-01 3.211046988634529975e-01 1.680021860057180072e-01 2.643777407863819873e-01 4.602629798446760123e-01 3.525243661158299902e-01 6.205496475325109618e-01 3.034254333659199832e-01 4.707181025434379884e-01 1.664769700300930133e-01 1.780437533155370122e-01 6.574990677994979778e-03 4.815437279582460151e-01 2.152569012031489981e-01 -1.693400806319280139e-01 -2.077397430981550025e-02 3.616455641725889736e-01 3.376056502796930259e-01 5.497758801705879828e-01 3.829492675699829873e-01 4.416449903471689753e-01 2.766939545349410001e-01 6.333495639848939485e-01 3.141731367086459947e-01 6.665774761431969564e-01 3.569814391741780168e-01 4.149718471546189891e-01 3.478634306352350047e-01 4.486722779958129959e-01 3.913908113666070276e-01 8.573854245771199700e-01 3.063045056789259757e-01 1.751965256044580033e-01 3.534836468770969908e-01 8.376066950555679513e-01 2.137556626345850086e-01 6.152298721466079590e-01 4.084256146803220133e-01 4.283258284584400277e-01 -3.504286115487250108e-01 2.717583630522499849e-01 1.924852261241579987e-01 3.130331775761849844e-01 1.579109843213580000e-01 4.771380879285699872e-02 4.065564752728369896e-02 2.964278966608799859e-01 1.696803750852710069e-01 2.417942526599420050e-01 2.707525058952710006e-01 2.602092810999430128e-01 3.773542316816709818e-01 4.329015010410349751e-01 2.885467203858280150e-01 7.482445173354019818e-01 3.430049920433840271e-01 6.596791901850059814e-01 2.491649213775949945e-01 2.718254483602189908e-01 3.380387028641349684e-02 3.775922452985350231e-01 3.605739467185840041e-01 2.597287248477510024e-01 3.988578570461919770e-01 3.071789161541689794e-01
4.360880283544489866e-01 6.163885975098419845e-01 4.020335627644329723e-01 7.276019257054010536e-01 2.227533312621750028e-01 3.288615588361499809e-01 4.997178262088259881e-01 1.000000000000000000e+00 3.318594579939689870e-01 3.491597619835770105e-01 2.807538782241359998e-01 7.407002702656989568e-01 4.302121378756850190e-01 7.824511538143640310e-01 3.344251921779660131e-01 4.638958893431739949e-01 2.602287545999870111e-01 3.481361907258769817e-01 1.972862883150039992e-01 2.881033520467570219e-01 2.055966942149110022e-01 4.560802765537260162e-01 3.919288142729350222e-01 7.330385284415990022e-01 2.153058206505079897e-01 3.161516243187519892e-01 2.988457102828879774e-01 6.329660685420349653e-01 2.516687851034269952e-01 4.291903130179040016e-01 3.129687197390699782e-01 5.495748815911000174e-01 1.621611546569790008e-01 2.027273241256959957e-01 2.942156037814029901e-01 1.493298415640089971e-01 2.518576424070509967e-01 4.496347276349439981e-01 1.440785879091719957e-01 1.253611242423519935e-02 3.771822484962030209e-01 6.364497921421170545e-01 2.721102858692709958e-01 6.585479591816040257e-01 5.457462741868529532e-01 6.240806481022900254e-01 6.474592331773320053e-01 5.626228872435059536e-01 6.101328202919920063e-01 5.736948456214769898e-01 4.249561572935929843e-01 6.781484628521069480e-01 3.516255637676469759e-01 7.495893510950309979e-01 5.246972983022499815e-01 7.529980088228089841e-01 -5.361609621200359721e-02 7.709897880559739569e-01 3.528906915759950080e-01 5.763006211564679626e-01 3.556438233637839730e-01 6.739987514049800010e-01 1.956409646106490041e-01 -3.649093916588460051e-01 3.068710286159480050e-01 2.213496755626649937e-01 2.518697045513360044e-01 3.535327490494549751e-01 -1.038026779357430034e-02 1.174187085788309937e-01 3.242233979355589879e-01 2.792052090437520118e-01 3.950321344358609932e-01 4.187442314984600178e-01 3.061114548513320099e-01 6.303930347204049767e-01 3.859558344768980187e-01 4.308883719301879744e-01 4.990834264965959832e-01 6.674415126247840169e-01 4.798495594848590229e-01 4.574642353122799765e-01 3.777816252804099828e-01 -5.849670633353040022e-02 5.311883598749720381e-01 4.693863343177809844e-01 4.522526700832599778e-01 5.772921982399540353e-01 4.967904703073919848e-01
4.928794348087690014e-01 3.041423513441839921e-01 5.270281211229900231e-01 3.490798591252020078e-01 2.867105015893919862e-01 1.669115494351250117e-01 4.859461287651209993e-01 3.318594579939689870e-01 1.000000000000000000e+00 2.037753300634939924e-01 5.229683305574259755e-01 3.136348411580299755e-01 4.841974099450980229e-01 3.465626230125489760e-01 5.787507011940919988e-01 2.906158350722329864e-01 2.814456218921509989e-01 1.412797339412550091e-01 3.460341863549820096e-01 5.759194773267629908e-02 1.093821079985359962e-01 3.801677424480269796e-01 5.507415826589510122e-01 4.259870777452750001e-01 2.477767067922199973e-01 1.828754033140979895e-01 2.394705144752669879e-01 3.132063453319000046e-01 1.489235353917970073e-01 2.283205257199170113e-01 3.797349174774939939e-01 2.190294266263430045e-01 1.938789674264909946e-01 -3.796428492867830184e-02 2.536087716519739854e-01 1.690287032900910091e-01 3.553769284051849775e-01 1.826194539846839882e-01 6.919737169339340577e-02 2.086455164914579885e-01 3.946950741614160263e-01 3.610689640823199764e-01 3.665305839109649910e-01 3.079834981915319791e-01 3.705796900285520112e-01 4.059411679968240039e-01 3.924676666612029741e-01 2.427511108643720106e-01 5.148076250617079630e-01 3.819424326594770269e-01 3.702246086597740238e-01 1.526283057340070137e-01 4.124719912586030102e-01 2.307906336098989875e-01 4.154154190848979855e-01 1.672492654538459966e-01 -1.052901397212659997e-02 2.373634402999529880e-01 3.934255714701679896e-01 6.010997093510229983e-02 4.368960587369499771e-01 3.357222803815360090e-01 3.578395638954690039e-01 -3.518325896492819904e-01 3.167664964002570027e-01 9.280057507974240338e-02 1.923228095085479927e-01 1.997615729929639872e-01 -1.180453953084389940e-02 4.255092109165819862e-03 2.268051573891380068e-01 1.602936521935749981e-01 2.588625336357899820e-01 1.907727726456240058e-01 3.193552456682899887e-01 3.163412585158419943e-01 4.109816938559610056e-01 3.094760551934659931e-01 5.761517542530759650e-01 3.225993369506620079e-01 4.633633832400330110e-01 2.794549819816720126e-01 2.540291267030940214e-01 1.981849675355850104e-01 3.902802038931940110e-01 4.095629560076369802e-01 2.371671288605489980e-01 4.138967230388699847e-01 2.998692644055929724e-01
4.334859096489310226e-01 2.960072343915799986e-01 2.437829400668589941e-01 3.861500574660799989e-01 1.565989714728510118e-01 3.105934656216169931e-01 2.808935701298310161e-01 3.491597619835770105e-01 2.037753300634939924e-01 1.000000000000000000e+00 2.566551708711209967e-01 3.427947935677699842e-01 2.168421431251749965e-01 2.986713255488939733e-01 2.638444520934630222e-01 3.612812055222610064e-01 1.985859672767009976e-01 9.016450908557760435e-02 2.875532017526999939e-01 3.619706950213870122e-01 -6.809185493488090213e-02 1.275856823989980071e-01 2.495976446298689977e-01 3.052309195425210175e-01 2.554286670942210180e-01 2.368259888399129875e-01 2.707967326492090043e-01 4.146660041493420157e-01 1.285641625914260011e-01 1.922501066509859913e-01 3.101954160293510232e-01 1.666449411903679900e-01 8.760951788836280479e-03 1.951036136608000071e-01 2.904945820547100155e-01 -1.222643152784159970e-01 1.738176369868829896e-01 1.888814303960079932e-01 1.928969889105330016e-01 1.081972188649640010e-01 2.984803798808379760e-01 1.750658414956300091e-01 3.686562559679710249e-01 3.314589772562970271e-01 4.308784923806600053e-01 1.959492929094580060e-01 3.855261219852479937e-01 2.088476675433439955e-01 3.309715360219510072e-01 1.273472403742899883e-01 3.595922916813469872e-01 3.616299396999410054e-01 3.870637967575850102e-01 2.922992465757360270e-01 2.215774084644560049e-01 2.570765498308970054e-01 -7.884216762934409539e-02 3.646973857091569959e-01 1.702543285971979958e-01 2.847922692948169909e-01 3.971298737966350023e-01 3.192125804197279981e-01 4.054010606049590071e-01 -6.194416120547949905e-02 7.739600129621640456e-02 1.028936020274759944e-01 1.308122762020030028e-01 1.432507135022569877e-01 -5.902630165291970071e-02 4.880477601698639950e-02 1.991557375075889980e-01 2.150830826066379986e-01 2.430822820486180091e-01 1.661312247606570036e-01 2.239641596824739900e-01 3.824852287387129901e-01 3.567339082533850236e-01 2.382612864297490030e-01 2.817741378882799852e-01 4.199228574037329742e-01 3.653859617680649818e-01 2.483367664079819959e-01 2.953810558555969856e-01 2.614440403064789975e-01 3.354978523930829959e-01 2.325036961116229983e-01 1.886465567762199980e-01 3.797741311737750092e-01 2.954287525971340256e-01
6.722236270084960275e-01 3.370298997351670045e-01 8.040348648224340256e-01 3.440017444272239766e-01 4.321102814723180030e-01 1.930782046275789920e-01 7.402026928514799931e-01 2.807538782241359998e-01 5.229683305574259755e-01 2.566551708711209967e-01 1.000000000000000000e+00 2.419709721880020092e-01 7.902558441108770149e-01 2.232087062637100050e-01 5.590584518673969994e-01 1.731945877799170030e-01 4.018639678869729837e-01 1.772210778501319972e-01 6.705829746149130077e-01 1.706197610968150091e-01 7.770500526613000059e-02 1.947698900194839988e-01 7.957813618425609858e-01 4.424548631844970048e-01 3.875560065516540087e-01 3.078390374493770176e-01 3.463794143785169921e-01 2.067680894740289987e-01 5.746778039252440351e-01 3.129307654621900081e-01 5.602654744870649850e-01 1.952511439542659877e-01 4.020255478104129976e-01 6.389037726678539753e-02 2.008456797843659880e-01 -5.492233072622140083e-02 4.437227227967410204e-01 1.657430005728889877e-01 -9.667921049166350311e-02 6.233245536832090344e-02 2.839783605405770128e-01 2.037948893460730104e-01 4.456923616606440208e-01 2.261377895203590116e-01 3.218414557189679948e-01 2.219031869615629982e-01 4.346229227399829864e-01 2.016687561166659870e-01 5.135811799969559610e-01 3.489052062445099911e-01 4.462258973507139959e-01 2.044543846074050042e-01 3.957809811362439922e-01 1.920496482083169920e-01 5.994467573005950456e-01 7.726232831405570323e-02 1.709201705183480136e-01 1.162073987830229971e-01 5.493320144356059753e-01 -1.546759149106119967e-02 5.220779998917599585e-01 2.452253108915470048e-01 5.459049052521439682e-01 -2.516596458679140058e-01 2.989611708035029847e-01 1.380203528498580023e-01 3.343091060750419952e-01 1.998101612445200015e-01 1.163480766200570005e-01 2.296518361620089946e-02 2.893053115728539959e-01 1.907125606566200116e-01 3.193229567997740159e-01 1.374414670501669933e-01 3.311167782665340176e-01 1.861581259015950007e-01 4.343897734589239890e-01 2.439753933546560116e-01 6.140563199099769998e-01 1.744277399372120008e-01 5.288298891509609634e-01 2.576720697955450223e-01 2.505494850959519848e-01 1.862045815703080032e-01 3.377482202086170004e-01 3.362321173265609975e-01 1.236830737504570066e-01 2.518197847001090173e-01 2.889078616586139847e-01
4.231610701388689999e-01 5.658832524655520446e-01 4.216694920725739815e-01 6.121982331870059468e-01 1.559780982573840125e-01 3.571516371767219922e-01 4.749005761341050236e-01 7.407002702656989568e-01 3.136348411580299755e-01 3.427947935677699842e-01 2.419709721880020092e-01 1.000000000000000000e+00 4.617979693478749814e-01 7.123949257591259965e-01 3.916977202080549891e-01 4.217435285221869945e-01 2.551830914445610277e-01 4.042239635024330036e-01 2.569901916017490184e-01 3.411686335842760154e-01 1.237672873530750034e-01 3.337593377979299891e-01 4.093230536935340003e-01 5.812467764822990546e-01 2.674815337676370031e-01 2.746211809499349843e-01 2.790412613566959910e-01 6.393932111962939979e-01 1.739722251185039925e-01 3.729584346652780047e-01 3.714050164795529851e-01 4.744096805186759913e-01 1.464032248094860045e-01 1.273395707582820058e-01 2.827814269354529952e-01 1.525093668218719944e-01 3.091030344490999782e-01 3.514390249684339884e-01 1.808583708468710083e-01 4.662262761213199769e-02 3.838256167371960070e-01 5.956149426385120016e-01 2.840764203575130153e-01 5.908767769189420260e-01 4.854088023318889888e-01 6.226163709936779478e-01 5.968655152588749901e-01 6.165319867890459715e-01 5.798926593918349859e-01 5.637774889314880467e-01 4.373653357592480195e-01 6.622618184780989514e-01 3.049583091969709780e-01 6.917992555310530367e-01 5.121072469446900088e-01 5.875597444173139561e-01 3.613492210799700011e-02 6.699352890974079600e-01 3.575484859926970072e-01 4.412585708516750249e-01 3.404274648797570024e-01 5.866816408063150190e-01 1.866682398066900062e-01 -3.609061717767759747e-01 3.455416881814830088e-01 2.344118695631270122e-01 2.251392373879579911e-01 2.721075793950399890e-01 -3.045727492733900019e-02 1.044189234130870059e-01 4.030204257302270054e-01 3.213759175173440119e-01 2.927608194839890210e-01 4.618881341064640100e-01 2.868972387088710163e-01 5.774852202193440087e-01 4.408417676538909924e-01 4.412879450637789969e-01 4.922720715952160209e-01 6.497447569861629635e-01 4.739487660102320032e-01 3.882918913371770087e-01 3.670247879467550267e-01 -3.711515195203130002e-02 4.925598241476399908e-01 4.679327846127709911e-01 4.563376948551949863e-01 5.271700397854579556e-01 4.178940841632480252e-01
6.133085021712729734e-01 3.491336533250010143e-01 7.951876090372079764e-01 4.232771685672719886e-01 3.925673417158099809e-01 2.161646466750390128e-01 7.754455991255020386e-01 4.302121378756850190e-01 4.841974099450980229e-01 2.168421431251749965e-01 7.902558441108770149e-01 4.617979693478749814e-01 1.000000000000000000e+00 3.886433866175870167e-01 6.219739521047460418e-01 1.323625232279179997e-01 3.349265562152429765e-01 2.510517680037119836e-01 6.188016461817249514e-01 2.319244059384799883e-01 1.547688408112530001e-01 2.330894719986749963e-01 8.266331822672720042e-01 5.464119549153270139e-01 4.456453414509959909e-01 3.253327506190070162e-01 2.183530631065810079e-01 2.954727268528919981e-01 4.999202848436110069e-01 4.105778067345760007e-01 5.715568769503409641e-01 2.936711828993330275e-01 3.982672876277469909e-01 1.362912840111059898e-01 2.064593637133050053e-01 -6.546025327621229906e-02 4.771725116167430114e-01 2.060393740199069901e-01 -1.412651598967500088e-01 6.079184927529680121e-02 2.929019158348329932e-01 2.935162182045700230e-01 4.405558092886809884e-01 3.243683513485989822e-01 3.298722456504319944e-01 2.610005385219240082e-01 5.113738492086179477e-01 3.171276486979600073e-01 5.714465780822880481e-01 3.954654193741399815e-01 3.387536829395140225e-01 2.524316718866480014e-01 3.975592719818359932e-01 2.885684616592810170e-01 6.641671395148549539e-01 1.803229667853100127e-01 2.368442839197270056e-01 2.208271727058470080e-01 5.999764444997259805e-01 1.771525424586060105e-01 5.422762168233520308e-01 3.413575706750209826e-01 4.359752367282719865e-01 -2.648654096666239743e-01 4.144118981927710221e-01 8.048255286229259731e-02 2.490889604076970132e-01 1.683471814656440080e-01 -4.904349929946139747e-02 1.022750226592979983e-01 3.128111195375429809e-01 2.117796810398759888e-01 3.300878595624480161e-01 2.349644084036039970e-01 2.726958735666459854e-01 2.978510311969139734e-01 3.940687864656309825e-01 2.390580058891670079e-01 6.296843377037070200e-01 3.178722278123959910e-01 5.852436871953969888e-01 2.989189623823669817e-01 2.324333217378219962e-01 1.107851443800079994e-01 2.827116868344750067e-01 3.073179657927500030e-01 1.848362505888969942e-01 3.492011711779329786e-01 2.117592209002640002e-01
2.616138962799430256e-01 4.289047979304280167e-01 3.512242461885379807e-01 5.957644860850499491e-01 1.611428597099099913e-01 3.585808258203340149e-01 4.194808611404660104e-01 7.824511538143640310e-01 3.465626230125489760e-01 2.986713255488939733e-01 2.232087062637100050e-01 7.123949257591259965e-01 3.886433866175870167e-01 1.000000000000000000e+00 3.226614912877269759e-01 4.964249862144189951e-01 2.299325634401510055e-01 3.147777676979289785e-01 3.855950349487659995e-02 1.338190325997929975e-01 1.318477215421789972e-01 3.489073316634029864e-01 3.807741391439060097e-01 6.768755606709220274e-01 9.302543364684140448e-02 9.272273042630570228e-02 2.249161764580260015e-01 5.782723776888439859e-01 1.546944402894530057e-01 4.001808447235580268e-01 1.778276780947879998e-01 4.227314868487520028e-01 1.194033358283039942e-01 1.938911804640729986e-01 2.772082980101739924e-01 1.245113323379229975e-01 1.504149854737150127e-01 3.572382237023120077e-01 1.288407226106760006e-01 4.989447247782609687e-03 2.674852504581590185e-01 5.543471805920120454e-01 1.272701614280810078e-01 5.743447050009710120e-01 3.815227911868550037e-01 5.337634311128890419e-01 5.043402550340629897e-01 4.664247149450519991e-01 5.409798719397349576e-01 4.433625176688060221e-01 2.773841701853380082e-01 5.130261002360030353e-01 1.921253150836010060e-01 5.842390678873580212e-01 4.559485341151440219e-01 6.107668455594630341e-01 -6.188869970879269655e-02 6.782542283100130298e-01 3.457521095768810171e-01 4.129820811475630182e-01 2.415144085562219989e-01 4.809954409393409902e-01 2.128994651687140041e-02 -3.296488431065259794e-01 4.036510852010359862e-01 1.142904937413929956e-01 2.732573252930199925e-01 2.868886117417540071e-01 2.685894288917119871e-02 9.473929413491970208e-02 3.536060959707810203e-01 2.814816125700200233e-01 3.256460493503640086e-01 3.035883759076880017e-01 3.534494837479250084e-01 5.781346636181790011e-01 2.836716249036310145e-01 3.212816810436919801e-01 4.822323837142459824e-01 5.622229170999339942e-01 4.287926350199909864e-01 2.594367450973320000e-01 2.572779228861579726e-01 -1.606765491215980113e-01 4.209175220116530003e-01 3.936338334564730146e-01 4.051137711859940094e-01 4.405274555273360204e-01 3.636147881555740202e-01
4.798662910403380111e-01 3.344627112609360187e-01 5.153703615120479586e-01 3.921959270846199774e-01 3.867149602935839869e-01 3.076495869173199726e-01 4.928902082125150019e-01 3.344251921779660131e-01 5.787507011940919988e-01 2.638444520934630222e-01 5.590584518673969994e-01 3.916977202080549891e-01 6.219739521047460418e-01 3.226614912877269759e-01 1.000000000000000000e+00 3.409062359783169849e-01 2.030355719899230027e-01 1.128975543112890022e-02 4.230873640640560041e-01 2.164033190555569863e-01 1.991176074179339950e-01 2.986901553859240277e-01 6.229947501678959609e-01 5.149126993526710327e-01 3.544230154685050205e-01 3.772551397078289792e-01 3.275142608959389912e-01 4.814627669731739723e-01 3.185216825716439826e-01 2.670039720712180098e-01 4.162933862492290138e-01 2.178790462089519875e-01 2.401994535742910108e-01 9.154899445198799723e-02 3.036851738774239973e-01 1.235630640150650050e-01 4.040571956694239963e-01 1.881744192816539873e-01 1.918235052874819879e-01 1.950511521769159873e-01 2.984817655199299979e-01 2.980675313334000265e-01 2.938471121321910018e-01 3.113571129441889962e-01 3.225768781891970027e-01 3.945877032292480213e-01 3.472000752747059771e-01 1.954063237825020005e-01 4.586400446260689989e-01 3.115567374186939964e-01 3.392755864188590209e-01 1.936427863326700138e-01 3.784127523247770020e-01 2.179474332481360077e-01 4.514132165656610240e-01 1.109848528206899970e-01 -5.258042765036689825e-02 1.696941104117249965e-01 3.852671262163570032e-01 9.536772418027550727e-03 4.643022811009929751e-01 2.709533385672979744e-01 3.909396497152010097e-01 -2.828806133700519920e-01 3.537206146204570079e-01 -4.943384760848480025e-02 2.467110953145109919e-01 2.139075294871669863e-01 -1.206061919849770042e-01 5.532861674870950125e-02 2.340935780257679955e-01 1.528333274223830085e-01 2.429348553781029985e-01 1.050615418779480004e-01 2.665453933042269963e-01 2.837708963859379985e-01 3.759605801049230034e-01 2.476158865703629863e-01 5.427825567495180303e-01 2.979945706912299763e-01 5.289566977344889454e-01 1.543094806841339983e-01 1.272642791827570119e-01 1.702954395490330064e-01 2.728394364752860235e-01 2.850406530185760068e-01 2.037750872739300112e-01 3.290504230130110175e-01 2.206526359747179866e-01
2.046967205262620049e-01 3.089094756508590223e-01 8.132462332847320563e-02 4.421055449313650021e-01 2.946985456728419828e-01 3.450613561252299788e-01 1.172597162011549954e-01 4.638958893431739949e-01 2.906158350722329864e-01 3.612812055222610064e-01 1.731945877799170030e-01 4.217435285221869945e-01 1.323625232279179997e-01 4.964249862144189951e-01 3.409062359783169849e-01 1.000000000000000000e+00 6.109637483774529865e-02 -3.356562246475369715e-02 1.236013250649120078e-02 7.696396384086230669e-02 1.125340526692130000e-01 4.335908488545879846e-01 1.566884274114450082e-01 4.042777486385529806e-01 2.197079601332440069e-01 1.538056072187659884e-01 3.407298733759360210e-01 4.934091660019039871e-01 1.811236026379989955e-02 1.014542530925370001e-01 3.976466101383360069e-02 1.092988337873840032e-01 4.428794325331750215e-02 4.577686915729470285e-02 4.493350162807759896e-01 1.223162615291600031e-01 1.617801712789949942e-01 2.683780678282000065e-01 3.141674622448640264e-01 1.260855443312600133e-01 2.244287535376010001e-01 4.169494167284940045e-01 6.293220361162660259e-02 4.281587898625029975e-01 3.756867630923499957e-01 4.745772215624219914e-01 2.865649461693030031e-01 2.466393552660300081e-01 3.686819261143219895e-01 3.496092708358700119e-01 2.983500280771400059e-01 2.814329204887380254e-01 3.067271540920359918e-01 2.857951846880190105e-01 1.559008961877789978e-01 2.866705577612549960e-01 -3.260112410387300264e-01 2.897254556737550168e-01 1.045523407610220029e-01 1.190318269837129933e-01 2.330274380204729878e-01 3.118978526718039768e-01 2.050106775583729890e-01 -2.526053268669000151e-01 2.433309910096279893e-01 2.412025032226549903e-01 1.211168415991090014e-01 2.258978290041850079e-01 6.122999768778369933e-02 6.960115244690210159e-03 2.575283131713150264e-01 1.671465982507820136e-01 2.310617259341629925e-01 3.627996058442359978e-02 1.553601551123610092e-01 5.495405397568570161e-01 3.689821214740460209e-01 4.210049771479720260e-01 2.838812097023930003e-01 4.560557244776299868e-01 2.551153229124690225e-01 1.914707472973619928e-01 2.573336996151719958e-01 1.643307855964800113e-01 3.789113468079319813e-01 3.687887489976789945e-01 2.069194812309440024e-01 4.638505232993210270e-01 4.013760204810369880e-01
4.394893908721380082e-01 4.345474040037720087e-01 4.278729096416030164e-01 2.819256186107840234e-01 1.473556152816919984e-01 -6.520244724540349979e-02 3.295770336556719804e-01 2.602287545999870111e-01 2.814456218921509989e-01 1.985859672767009976e-01 4.018639678869729837e-01 2.551830914445610277e-01 3.349265562152429765e-01 2.299325634401510055e-01 2.030355719899230027e-01 6.109637483774529865e-02 1.000000000000000000e+00 5.568368939533120399e-01 3.959346998619719948e-01 3.506709763704429772e-01 -9.020093239785159644e-02 1.694596946350609978e-02 2.747023702060539807e-01 2.014992633254319987e-01 7.739998656035550206e-02 8.508884352586980337e-02 4.638880095522299740e-01 2.122590499909750017e-01 4.319403723353459901e-01 3.792953759210290210e-01 5.358257360497959976e-01 2.933937199562470233e-01 2.185053061769650085e-01 2.120780505129349902e-01 1.902542855113190101e-01 7.858862650001090244e-02 1.784359731055309983e-01 -2.592498736177559823e-03 2.437013152687519946e-02 -1.239325970318800041e-01 5.680267671738670199e-01 3.602455225058849853e-01 5.116518106881390304e-01 4.114626347751280111e-01 3.029664752094780034e-01 8.309164285468449707e-02 5.287735077568339603e-01 2.422457113829269981e-01 4.104571634728019780e-01 2.169518285652629885e-01 6.229977378758659867e-01 3.562807785236959957e-01 3.231532415362269872e-01 2.066906651109119974e-01 2.341263871771800120e-01 1.093011195722060069e-01 4.038863161411629932e-01 2.942750659002840163e-01 2.054198299112940107e-01 6.921636408326770074e-02 4.386689424682380101e-01 1.480350296859269943e-01 4.654957752070449928e-01 1.594548983048699881e-02 4.498905781859420250e-01 2.133350945854670111e-01 4.778280788169689819e-01 2.888455852693589954e-01 6.456881344433739595e-03 3.870710275087450164e-02 5.328213558380290316e-01 4.051534460250679759e-01 4.570048766536500273e-01 3.572627884828020184e-01 7.184712483685800066e-01 1.477211014409050005e-01 8.856622340072059507e-02 1.238365539570790014e-01 4.672452777602579821e-01 2.129561209763579932e-01 2.637980327327750230e-01 2.734042099929859804e-01 4.440523627070009915e-01 6.836592510106939691e-02 4.653253565099679800e-01 4.371319674452530113e-01 5.437108280306920394e-01 4.325630251843979868e-01 4.794163967507609758e-01
