1.000000000000000000e+00 5.945190381878230346e-01 3.477203804338819815e-01 4.644715401294169932e-01 2.229015624873459944e-01 2.911472587397470058e-01 6.535865945198250371e-01 4.443534819781659873e-01 -7.020821063058419603e-03 -2.475882819725960110e-02 1.698634925385240080e-01 3.414523454015209736e-01 4.129177641564619750e-01 1.801427616216320082e-01 8.928928398162989943e-02 1.934677282199259996e-01 1.397435843015950030e-01 9.598737039913139701e-02 3.868156382510969937e-01 4.541464818333599829e-01 3.320927475578440147e-01 2.487054636052919987e-01 4.242709598676219773e-01 2.622207505368259750e-01 2.609088515459220270e-01 4.818125862272870097e-01 1.275638811791090024e-02 3.295847096671970095e-02 3.623614563164540003e-01 4.421000330995960015e-01 6.017611658575700018e-01 5.500265356861110400e-01 2.265208588836049863e-01 2.557170941575149792e-01 3.969235555189580267e-01 2.753915768028389888e-01 4.617996729831839731e-01 3.366947505717349798e-01 3.361889149874309757e-01 1.268224603979669907e-01 3.950540625521890004e-01 3.073733656809720105e-01 5.631805160684509870e-01 4.822794398494180124e-01 4.613368159846639727e-01 5.562737590576629643e-01 5.038166497628789875e-01 5.567081027606619603e-01 4.842702147282890168e-01 4.098604834747640036e-01 5.760249636244260119e-01 6.418835140254950389e-01 3.349556519747129979e-01 4.266096188549530210e-01 5.399545848632230083e-01 4.057919233717319774e-01 4.523343288247830274e-01 4.282132244926289966e-01 4.113339866112850074e-01 2.284105941429200037e-01 4.961387654856230234e-01 6.348625513790220332e-01 2.452351870503449993e-01 3.695035755173030068e-01 1.779313023759440116e-01 1.517809589099000100e-01 1.097381724209949977e-01 1.040484379269780019e-01 6.285837269515059944e-02 8.709824903620809466e-02 -1.465857693201430001e-01 8.132503038928699801e-03 -1.366080211358859930e-01 -1.683457710922970085e-01 9.962390883871770353e-02 1.686000394843610029e-01 4.086036016118089753e-01 4.304861490829259840e-01 1.344124292007110033e-01 4.918055542118419943e-02 4.430801294769030063e-01 2.901698858305000184e-01 6.629378784196200414e-01 5.027678214927859823e-01 6.376355402606459499e-01 5.669521780637050146e-01 -6.811427035316949818e-02 -9.559301566626419999e-02 2.755985365365249962e-01
5.945190381878230346e-01 1.000000000000000000e+00 2.923146421389840044e-01 3.239330232695060152e-01 1.634117833550159937e-01 2.199434597776860068e-01 6.469428200099399673e-01 3.440132456081619883e-01 -2.229119050986810152e-02 1.082970261984889937e-01 -2.094349690946910036e-01 2.348638539638980005e-01 2.372929501111399886e-01 1.822559062910850125e-01 7.375939388017230258e-02 3.162302453654660117e-01 -1.618743732616179931e-01 -2.022967150748130050e-01 3.371600336067310244e-01 2.917939365281290165e-01 3.029963393899209878e-01 3.734408688650480146e-01 3.518992676771430239e-01 1.856840435080270024e-01 3.694705245929599813e-01 3.142821124542060085e-01 -3.089554404535399881e-02 -1.097056758580139922e-02 3.166756096899889794e-01 3.444021329976240109e-01 6.270811141567159686e-01 6.233372649722539460e-01 -3.620875446466240155e-02 3.809981282724179963e-02 4.412834422696860215e-01 2.775755677460319815e-01 3.099496367145920250e-01 1.776776318710510116e-01 2.000699321387620078e-01 3.970697509800139718e-02 1.758989563978489989e-01 2.572882730970609821e-01 3.668410589889929962e-01 3.640034596864449856e-01 5.810800836783930334e-01 5.363819392291599986e-01 3.814553432032449787e-01 4.302868890497750232e-01 3.109216605665799937e-01 2.765706203179840172e-01 3.832844719460090088e-01 5.826220102069109563e-01 3.675166747304409731e-01 3.593564724670039734e-01 5.887832892881900149e-01 4.890901397680950113e-01 4.979783524008170037e-01 4.149786436169730086e-01 4.397105594975059817e-01 3.872574439542009750e-01 5.796839394126790390e-01 5.192155935294040514e-01 1.735100816591939954e-03 1.812889382428470031e-01 5.739712341646609900e-02 1.755152128522690091e-01 1.930186919216680119e-01 2.585980305140960223e-01 1.905313481430440103e-01 3.018190352352340122e-01 -3.795452693962580309e-02 6.969909461816889418e-02 -2.328767945641279924e-01 -2.656279751080840024e-01 -1.875268112868959947e-01 1.048184261019699942e-01 1.906253923226469971e-01 2.962260432343830074e-01 -7.507403166182030629e-02 -5.831303882795300236e-02 3.981403570187260210e-01 3.079039664784190000e-01 6.677626771689479934e-01 5.322018836364029726e-01 5.389157160240289901e-01 4.786121041190899983e-01 3.846500118582219657e-02 -8.458251532968119601e-02 2.056195414580770098e-01
3.477203804338819815e-01 2.923146421389840044e-01 1.000000000000000000e+00 3.518618650909199896e-01 3.452879227220099767e-01 2.019714554034849896e-01 2.734979203670450110e-01 -1.779716771187540023e-03 2.091885730000410115e-01 2.271386854309939973e-01 1.653404410023650087e-02 1.531575784362919912e-01 1.732497047302969939e-01 2.477084808631329904e-01 4.161478879756270177e-01 3.871062615876009749e-01 -2.641160882317460101e-02 4.995032712154760107e-02 4.926607147925070040e-01 2.551374614142469799e-01 2.116669334467269903e-01 1.013574315602410042e-01 2.278075352882479865e-01 2.017678431666790062e-01 3.054313839407519771e-01 3.524060629750159768e-01 3.849519082764230049e-01 4.339821142954939925e-01 4.806720020000159743e-01 4.167827825874970138e-02 6.768742045883720249e-02 8.460879815755829869e-02 3.019036782636089766e-01 -1.468195784393589928e-02 -1.445584063381400060e-02 3.835754512995420001e-02 -3.940590460883709734e-02 -1.962526263033990137e-01 -1.188988671742959996e-01 -3.042722215252550155e-01 1.981402758107239925e-01 3.787622297666849991e-01 4.527617330931100331e-02 3.347946287720030001e-01 3.489250862632520267e-01 4.142920856691090226e-01 4.340556383470720037e-01 3.843139484372889991e-01 -1.310015761321760008e-01 -1.159119933161559951e-01 2.071768675356890077e-01 2.478623288387080126e-01 -1.536053855046969896e-01 2.258626438013590088e-01 4.851305644871110184e-02 -3.349476477741249875e-02 1.510990259413390047e-01 -6.006014644298179883e-02 1.368691624094079962e-01 3.678892588526320173e-01 4.096593761402739925e-02 1.119260601516059994e-01 2.961894498858200220e-01 8.119013383869880252e-02 2.813006012538720180e-01 3.724295494568259923e-01 4.209439013281219832e-01 4.234717489350700026e-01 1.691027381766309901e-01 -4.130800022736690058e-02 2.554027809320180142e-01 2.674552357868589803e-01 2.230490358519369998e-01 1.802036993869050030e-01 3.379897251830070171e-01 4.872137390612300001e-01 -7.164441020631599766e-02 -2.110194834305849920e-01 5.492441629169599882e-01 5.726147904565539459e-01 3.324240521460269937e-01 -9.993258474865779339e-02 1.414064888930519903e-01 1.737752115979890044e-01 -5.586606205313560027e-04 -5.350740923197409675e-03 4.809333634491789744e-01 4.346596874878539962e-01 4.682588938232850051e-01
4.644715401294169932e-01 3.239330232695060152e-01 3.518618650909199896e-01 1.000000000000000000e+00 1.413447953454519956e-01 3.445972235498939718e-02 3.296291428990940076e-01 2.991359154844679957e-01 4.188660092879629981e-02 2.937024710968370173e-02 -1.375588867569219886e-01 3.816852956750559911e-01 1.653241335525879874e-01 1.586930755560899964e-01 5.519424733090250168e-02 5.616908327393620171e-02 -1.798220698543629981e-01 -1.483491931384740004e-01 3.774594213024209943e-01 3.648277388231109808e-01 1.539033976751159882e-01 1.519424439266340021e-01 3.454631065073630047e-01 3.077804461538540259e-01 3.219842346273120159e-01 2.950654097012230248e-01 1.354002554694380134e-01 6.391641985979369667e-02 2.166594425999270046e-01 2.158235849551509988e-01 3.149470321287000107e-01 4.381599267823860222e-01 2.667720579011659959e-02 -2.145068719130120011e-02 6.999072507528189546e-02 -2.390531273134920143e-02 1.694763517559889909e-01 -5.520855756894439692e-02 4.256368743290810108e-02 -2.066094640897910006e-01 3.104981787254760053e-02 1.878661708243420103e-01 1.342822838395139884e-01 2.274232247887600089e-01 3.233770553420209914e-01 4.524450488637720147e-01 6.128696406717339812e-02 2.029344946889909962e-01 2.233948040611100083e-01 4.419009188672749777e-02 1.476207511671210060e-01 3.064806402255049744e-01 2.601473375909270080e-01 1.682922527328949841e-02 2.529712105306660130e-01 2.308666501612270106e-01 1.695955471644799983e-01 1.003182130841580033e-01 2.022418756379250060e-01 2.111215738270300069e-01 2.924723147871640117e-01 2.111330407516019969e-01 3.252470788558629866e-02 -9.103705725765280643e-02 2.823807143571480105e-02 1.527975586513420081e-01 2.731813561481319930e-01 1.887963883557219891e-01 1.692218214157389933e-01 4.657672291667010189e-02 1.571273848957489838e-02 1.280136887407279933e-01 -4.158419061446479853e-02 -1.203258539383289943e-01 3.650974117544859843e-02 4.578269803169839752e-02 6.157975903764729975e-02 5.992703889655520005e-02 1.490657008837990016e-01 7.144902608734829408e-02 1.992526576668720018e-01 9.793383092478499807e-02 3.879921014822669822e-01 3.596075797884710212e-01 2.936583539087490036e-01 2.785640543984210238e-01 1.595476286624800122e-01 1.322851421650829973e-01 1.920912989913499958e-01
2.229015624873459944e-01 1.634117833550159937e-01 3.452879227220099767e-01 1.413447953454519956e-01 1.000000000000000000e+00 1.821394178900229976e-01 1.303923296277590127e-01 1.978854178366240002e-01 -1.319952378516729974e-01 7.384107421488779466e-02 -8.487153000566120820e-03 1.319102049260509890e-01 7.756508311639799536e-02 2.531139544292890231e-01 1.882945359748660064e-01 1.415372365388480047e-01 1.987551297139379947e-01 1.578612159955969929e-01 2.892443747839469892e-01 2.808665394933250181e-01 1.126583229108519928e-02 8.448870525703490453e-02 1.764244638174259916e-01 8.515773833240759816e-02 1.876484130748639900e-01 2.687279026313419972e-01 1.794235871636989943e-01 1.096154055522129966e-01 2.106920843290560064e-01 2.388066836882359878e-01 1.078826475443779992e-01 8.116407739424870427e-02 1.599972590674459960e-01 9.098866804740450565e-02 1.767684177183649896e-01 1.207968048979320003e-01 2.909233832523980268e-01 1.079718417295850025e-01 7.253578060239659897e-02 -9.229755613767920419e-02 2.521483268250390153e-01 2.704326434605219820e-01 1.168587841462789961e-01 2.814837538387370275e-01 2.306199496486620037e-01 2.708967260699730040e-01 2.885275066616890260e-01 2.602361629193020165e-01 1.549679563676809868e-01 1.168917895165180049e-01 2.337318387954840093e-01 2.486770293252280051e-01 -7.155368389361439763e-02 8.154611820038980274e-02 6.615563538503220486e-02 6.575570175266209905e-02 2.278029370196779924e-01 7.562331549398890185e-02 1.611041187556659926e-01 -7.683694251183130312e-03 -4.403305908187470086e-02 2.110139590981890134e-01 1.985918465824290102e-01 1.638837666859019881e-01 1.618121910374150096e-01 1.178742037449830027e-01 1.701230626306350080e-01 7.602568554640459775e-02 -6.860549742985400101e-02 -1.315261464603529884e-01 4.553215354827049727e-02 9.660262991355779774e-03 9.515026079830860017e-02 5.225731457589480322e-02 2.603075601695489794e-01 1.907106678325480031e-01 1.175088765346290059e-01 8.284787246542990591e-02 2.387866481859859946e-01 2.051212495857639984e-01 1.959213403773409912e-01 -6.226243488908649731e-02 1.722401912870699936e-01 3.566042025062599735e-02 1.529741286490179930e-01 1.787333603080689948e-01 5.706419359971599825e-02 2.912345560394150046e-02 2.170831171600710041e-01
2.911472587397470058e-01 2.199434597776860068e-01 2.019714554034849896e-01 3.445972235498939718e-02 1.821394178900229976e-01 1.000000000000000000e+00 1.298082184530119920e-01 -1.742221756478479905e-02 1.726166063676999873e-01 1.789770044581809882e-01 1.718800594361500067e-01 1.032081407265809936e-01 1.991381658995589887e-01 2.859235408792579758e-01 3.055576614482919950e-01 3.514277565247149737e-01 2.112750846977820007e-01 2.655013135662659951e-01 2.587238449094559911e-01 2.699822571874779809e-01 2.690095086976609928e-02 6.353263488992129393e-02 4.461705822247080265e-04 -6.805876386912089460e-02 2.864127062660010159e-01 2.961583009744869766e-01 2.208217518034160110e-01 3.083409061237989968e-01 1.009664152285120048e-01 9.190058256376609780e-02 2.620050219982870132e-01 1.296027510209009914e-01 3.778501131310190164e-01 1.647069022603599997e-01 1.757490123457849940e-01 9.647002374955560011e-02 5.432667639248359853e-02 1.017326931140320051e-01 -1.459106702692639958e-02 1.035985072233400021e-02 2.718465403795540247e-01 2.493974068150310031e-01 1.465025323030300086e-01 3.236708204206740214e-01 1.392734708907960028e-01 2.334612308978619988e-01 3.411922419532720241e-01 3.275293088883090009e-01 4.527986810510129662e-02 2.671596885677350076e-03 3.417095048877399899e-01 2.167118444360049967e-01 -1.249755176071850049e-01 2.287017232001740119e-01 1.354647154900270045e-01 1.168328140341310002e-02 4.803265360922640004e-02 1.325660583597960129e-01 1.805945289334869863e-01 1.599836135031330042e-01 -1.311303191206899914e-02 2.084452729654210079e-01 2.673055426247650246e-01 1.977564096564569940e-01 1.103136680567980005e-01 2.597025008083390096e-01 2.620268814351960074e-02 1.235996928887320018e-01 7.872863834901950436e-03 -1.986782886157769934e-01 1.681785191912439914e-01 1.379439120308690037e-01 6.737910079832980237e-02 2.310270243342300023e-01 3.332625271806070044e-01 3.353727395222789731e-01 1.227166546297250027e-01 5.215850842418239680e-02 2.300415826405889930e-01 3.118442746920809805e-01 3.234903164384719809e-01 -2.133380216407820135e-02 1.872004508018410007e-01 1.476045763788980114e-01 7.108761686359810206e-02 1.445241324246399894e-01 1.252996259594930106e-01 6.178665096638460280e-02 2.018585534266230039e-02
6.535865945198250371e-01 6.469428200099399673e-01 2.734979203670450110e-01 3.296291428990940076e-01 1.303923296277590127e-01 1.298082184530119920e-01 1.000000000000000000e+00 4.996019911569969940e-01 -8.021298065431489710e-02 -3.979075366568499833e-02 -6.976050664247260280e-02 3.051820906381950138e-01 3.555925584627639968e-01 2.012587779050629966e-01 -1.341410951728390089e-01 8.667640946798209345e-02 -4.003457035277829812e-02 -8.504891006201900638e-02 2.468256048152510096e-01 3.676921933885979876e-01 4.381206856342619860e-01 3.880973388204029817e-01 4.759328234439519911e-01 3.103311350713889860e-01 2.829768922952939914e-01 3.777279306208349841e-01 -1.245111526235889998e-01 -1.056708225149199931e-01 4.154110312471899769e-01 4.033647126602240007e-01 5.691859217965740125e-01 6.222025550956800100e-01 4.225953800877030320e-02 1.598149227899270108e-01 5.393475115866589453e-01 3.938639931616780276e-01 4.107225058756330260e-01 3.618719863367180212e-01 4.007100531427529866e-01 1.357648279367829891e-01 2.384598038513739970e-01 2.021081559008399975e-01 4.475616201056449861e-01 4.068500367976429777e-01 5.754782925679670091e-01 4.891707340114310187e-01 4.646812826660379758e-01 5.445300580087349962e-01 4.903975734340390025e-01 4.158588510775280134e-01 4.702353320730510156e-01 6.421745469866759759e-01 5.353431924793180530e-01 4.165642299573980023e-01 6.329010691157539448e-01 5.773786707678949526e-01 6.024380392533780215e-01 5.311818024287050521e-01 4.781792092238040248e-01 3.977537660724840274e-01 6.719770613855200470e-01 6.643991226641009495e-01 1.382844172197550126e-01 1.682806145011039867e-01 -4.611198998406709770e-02 1.049753515918590008e-01 2.773238415148189875e-02 8.650525779524119441e-02 7.605842227915869669e-02 1.735013795805520065e-01 -2.486255406587569994e-01 -1.140497757775860016e-01 -2.716914738311210220e-01 -3.882074186540320215e-01 -1.912641858017420093e-01 1.696280047214749828e-02 3.575126173549689756e-01 4.354405681782860249e-01 -1.245498476804370036e-01 -1.812675420382560132e-01 4.529096403498180101e-01 5.122305672660919518e-01 6.848489299820900156e-01 5.651909489543299747e-01 6.315433293638860190e-01 6.161402529043560339e-01 -1.206908296283709936e-01 -2.494270067857330131e-01 1.379433316521589958e-01
4.443534819781659873e-01 3.440132456081619883e-01 -1.779716771187540023e-03 2.991359154844679957e-01 1.978854178366240002e-01 -1.742221756478479905e-02 4.996019911569969940e-01 1.000000000000000000e+00 -3.256844516624750052e-01 -3.647399738264079927e-01 1.223250685415540051e-01 4.241573265783610269e-01 1.747110869032580116e-01 2.674591408809530169e-01 -3.846993266064709927e-01 -3.126094609357299992e-01 2.051427688267249971e-01 1.126473266844480042e-01 9.158802974788769410e-03 4.194264315985640201e-01 4.180536439961540229e-01 3.798266087009060099e-01 3.713133207284620152e-01 3.166284530857290114e-01 1.163937021396340005e-01 2.979184592488490213e-01 -2.797195757137619920e-01 -4.840322469693669749e-01 1.047713413198549937e-01 4.075401820460730073e-01 5.510595886007949584e-01 5.067399465362569799e-01 6.985665528817600056e-02 2.571481626026280165e-01 5.250535501355410029e-01 4.555991432780239769e-01 5.784702772279559646e-01 5.578256997029430453e-01 6.210843947299690138e-01 3.490490108377640177e-01 1.621723441455739934e-01 -6.256562112719859722e-03 4.810163738822160195e-01 3.202733001678459979e-01 2.843410690181589762e-01 2.739266656681380030e-01 1.361143679546079899e-01 1.346900645815969910e-01 8.224573642523279604e-01 6.626371560025140495e-01 5.688044410789050431e-01 6.900660921820339633e-01 6.040796984228320454e-01 2.860328422951490257e-01 5.040988633360580229e-01 5.709070549437830211e-01 3.917049474790499919e-01 3.005865710794269896e-01 3.009940482524520178e-01 -2.648178482332809724e-01 5.509027376251539598e-01 6.207437715998019856e-01 1.234458748974810033e-01 3.177469452823349916e-01 -2.291257234443629977e-03 -9.622160598227849637e-02 -2.340361121219809992e-01 -2.607633637234509916e-01 -1.447674272905729864e-01 1.798458265449650109e-02 -4.911267415950359982e-01 -3.461906529638730246e-01 -2.709996987239859934e-01 -4.254791174213620186e-01 -1.972677421106819873e-01 -3.524426781335699976e-01 4.855435057327630033e-01 5.990277853274339481e-01 -3.209552999863309886e-01 -4.267338094000289739e-01 1.231882303459029965e-01 4.011161151338619724e-01 5.886020577020529831e-01 2.734725562715020208e-01 6.903914686101839671e-01 7.223866470698040443e-01 -5.607289516969530263e-01 -6.110362530782880164e-01 -3.915302759340120314e-02
-7.020821063058419603e-03 -2.229119050986810152e-02 2.091885730000410115e-01 4.188660092879629981e-02 -1.319952378516729974e-01 1.726166063676999873e-01 -8.021298065431489710e-02 -3.256844516624750052e-01 1.000000000000000000e+00 3.398515637340279727e-01 4.080961510719369884e-02 -1.269786714069920039e-02 1.193808445064330065e-01 -3.651541667278670154e-03 2.441405971137849962e-01 3.581669724493640183e-01 -8.210655053449869567e-02 1.127573985667549988e-01 2.352092678275209958e-01 -1.498553496161559966e-02 -1.922824170903469909e-01 -1.424200975189459928e-01 -3.652052590456959791e-02 -1.013811093640349936e-01 -2.047976093578059847e-02 -9.512648245845059525e-02 2.547869688670280075e-01 4.406896399597399760e-01 -2.577481889258290138e-02 -1.501129193938569861e-01 -1.223064331629200030e-01 -1.686870584320329935e-01 -1.183102797575489923e-03 -5.713549802812560412e-03 -8.680379601441229331e-02 -9.654768820628190085e-02 -2.909752713722419948e-01 -3.013847750857540086e-01 -3.499093610853750147e-01 -2.268678077520739911e-01 1.307359516864199933e-01 2.566958080786310159e-01 -1.074806662606779956e-01 7.378462059588039579e-02 -4.189390862058309933e-02 2.348437879640270093e-02 1.524304998829379976e-01 1.896365577040519945e-01 -3.707278701265480092e-01 -3.653326357326470153e-01 -2.052382816823229983e-01 -1.315948628483950000e-01 -2.912297883263930132e-01 -6.066956203304089967e-02 -9.619499990926939914e-02 -2.962865752850640244e-01 -4.867617293598589662e-02 -5.317718855204719985e-02 -4.348829729253399917e-02 2.109741834849689912e-01 -1.563771617126399893e-01 -1.583098275646240005e-01 2.281062728046419907e-01 -8.881938186371539368e-02 1.488978277568480113e-01 1.292485492643349887e-01 1.546117345249189978e-01 2.536402386607780057e-01 1.329372665391979902e-01 9.284364631937949914e-04 3.741796930392969900e-01 2.170885449185689930e-01 3.004953277689370039e-01 4.367021319833729875e-01 2.132116350039879871e-01 3.542014791570600174e-01 -2.936595412005689743e-01 -3.862494486308299946e-01 3.487596234457189803e-01 4.310642428372100099e-01 2.325565170105819979e-01 -1.791415275646509875e-01 -1.351972396139569932e-01 5.943939653608099755e-02 -3.303886369832599867e-01 -2.545867260836600088e-01 3.845558201591630088e-01 3.788669202037999728e-01 9.411817829106930433e-02
-2.475882819725960110e-02 1.082970261984889937e-01 2.271386854309939973e-01 2.937024710968370173e-02 7.384107421488779466e-02 1.789770044581809882e-01 -3.979075366568499833e-02 -3.647399738264079927e-01 3.398515637340279727e-01 1.000000000000000000e+00 -5.884782105541559727e-02 -4.837719093425110403e-03 4.373382403659539786e-02 7.619838184777970314e-02 4.265118692856290084e-01 3.875139759066110190e-01 -1.389760950080559943e-01 2.510185810731729861e-02 2.811291514236700095e-01 3.240796220919599929e-02 -1.052478033948179986e-01 -2.236034433851339862e-02 4.620162366797669895e-02 -1.199842198813159955e-01 1.723700609221650026e-01 5.954865618619979706e-02 3.851884523000940197e-01 4.244160311282100251e-01 1.604586902327219955e-01 -2.194637356976900100e-02 -4.552351724319390197e-02 -6.224137654803949676e-02 -3.548905212259090280e-02 -2.100328406832109862e-01 -1.165471672289020016e-01 -1.186511613045110047e-01 -1.792513080197770114e-01 -2.904934269932130109e-01 -3.915643858593790272e-01 -3.403781342862389758e-01 2.237395507227570024e-01 3.545039559281260022e-01 -1.722049692727090076e-01 1.101850397530009934e-01 2.222208070554020087e-01 1.864754856489860002e-01 1.224698982312810019e-01 2.617561152564449878e-01 -3.452653008467519991e-01 -2.519417763783899922e-01 -9.521286370265240329e-02 -1.469500743100010109e-01 -2.279300662424079971e-01 3.713348961988120062e-02 1.909372499367169903e-03 -1.179136132824240013e-01 -5.457439385657850139e-02 5.153058269993730095e-02 2.320310082452359951e-02 2.887388085485280143e-01 -1.302524391771389956e-01 -1.676262221649809925e-01 -4.394190615990460104e-03 1.625417909249359926e-03 2.184471170432630005e-01 1.933446131825100056e-01 2.602051206619490076e-01 3.381616234832660051e-01 -2.335493164405769845e-02 -5.957346392010979749e-03 4.260484192809659842e-01 3.249037895403449894e-01 1.937415423680159954e-01 4.001033979464579948e-01 2.718314778008659727e-01 3.863280228595559751e-01 -2.489992409765270087e-01 -3.407977908402590184e-01 3.457844692208080217e-01 4.184150270802570182e-01 2.383957304097900076e-01 -1.445725716139570072e-01 1.700077334926540160e-02 8.764467327021190080e-02 -1.753368115720400078e-01 -2.376587615928009989e-01 4.817448690433739911e-01 4.032712213519160094e-01 2.815999981657110185e-01
1.698634925385240080e-01 -2.094349690946910036e-01 1.653404410023650087e-02 -1.375588867569219886e-01 -8.487153000566120820e-03 1.718800594361500067e-01 -6.976050664247260280e-02 1.223250685415540051e-01 4.080961510719369884e-02 -5.884782105541559727e-02 1.000000000000000000e+00 -9.463083326077129445e-03 3.402148901710039808e-01 3.268157845123159655e-02 1.040725061656549988e-02 -1.420581588557620067e-01 6.741067042111089647e-01 5.862438895397920069e-01 -1.670064206382040062e-01 1.216836617841079993e-01 -1.563178756526209870e-02 3.153664951913850295e-02 -4.563859266063179793e-02 4.659537861656769947e-02 1.679251874614760050e-03 5.847384644915960134e-02 -5.506568779578679962e-02 -2.398953561907920043e-02 -5.925674473071559922e-03 2.310454502026400014e-01 -1.316331989367069966e-01 -1.768455109109640100e-01 2.796212242742420195e-01 2.658876776779390272e-01 1.656612248895039941e-01 2.648949251086740175e-01 2.695101912735080041e-01 3.786909616574600235e-01 2.697226687053589922e-01 4.490978583726030204e-01 2.627029942556339814e-01 4.972393511447500275e-02 2.475728498512750064e-01 3.578425031237070231e-01 -2.552824881091059761e-01 -2.442947502269849844e-02 3.523707763276139882e-01 1.928604520316969939e-01 2.696468117444359991e-01 3.330670834432000182e-01 3.312274357228019994e-01 9.238091287651109540e-02 -6.434589078151599362e-02 3.047371507975000227e-01 6.379315353727119629e-03 -7.710151538105269875e-02 -6.009133475509800121e-02 2.394306000529790035e-01 5.239470261462490092e-02 -1.688577812791449972e-01 -1.071497788423479980e-01 2.536995360296079860e-01 3.824678751480850014e-01 2.874234171866419940e-01 2.004819380553120034e-01 -1.030081600589339980e-01 -3.216231650358239991e-01 -1.890306681866419924e-01 -3.128465917020419873e-01 -2.122417289768450122e-01 -2.065264581437250002e-01 -2.577526072456319817e-01 1.418174249423030109e-01 2.804076890527609778e-01 3.794619107019490123e-01 6.671241643294259505e-02 3.639568429115859760e-01 1.663935532095680014e-01 5.101384368864460284e-02 4.887087587248779841e-02 2.018725435816610125e-01 -1.895002156809130062e-02 1.368847114798430083e-02 -8.227627098646130011e-02 6.484297769635480324e-02 5.298238133264879940e-02 -2.269026006283899888e-01 -2.065085474593519876e-01 -2.106725488971330010e-02
3.414523454015209736e-01 2.348638539638980005e-01 1.531575784362919912e-01 3.816852956750559911e-01 1.319102049260509890e-01 1.032081407265809936e-01 3.051820906381950138e-01 4.241573265783610269e-01 -1.269786714069920039e-02 -4.837719093425110403e-03 -9.463083326077129445e-03 1.000000000000000000e+00 2.503916679097999975e-01 4.105372759495830026e-01 -1.385032049757549955e-01 -4.527363655048190216e-02 1.298004310089800051e-01 1.476431216766659893e-01 2.827531081911039967e-01 3.615993716684769987e-01 2.774117500360390176e-01 1.258364257228460070e-01 4.187676000376009955e-01 3.098022205916349803e-01 1.853548156822809878e-01 3.459279224093990135e-01 1.959438471727009967e-01 -1.316076771190199945e-02 2.291508253400670048e-01 3.737079538338949902e-01 3.354557689097860118e-01 4.043742846137590163e-01 1.120963155747349976e-01 -1.288198356635890038e-02 5.922851183943109860e-02 3.921458526948640166e-02 1.344249912135219993e-01 1.051604384619610026e-02 -2.181910961311460135e-03 -1.509417224687089887e-01 1.919944211155530100e-01 2.990363476154649924e-01 3.123386606389429998e-01 2.305693514915820030e-01 1.075619466874660063e-01 2.354755612855589930e-01 7.706853669536860296e-02 1.490435452427079921e-01 3.221246212019360233e-01 3.784113982720520297e-02 1.735398632530540108e-01 2.435508061082519993e-01 1.686819139131069956e-01 -2.869578327219210120e-02 1.893846006833939943e-01 2.250382138983419988e-01 2.034194855921190037e-01 7.100278119359970663e-02 1.255595338394840110e-01 -3.522897174887779786e-02 1.308422414775670117e-01 1.914528634264859863e-01 1.481452829291370066e-01 4.242792859225460317e-02 1.833342831860770017e-01 1.324991713619070033e-01 1.747456055070900072e-01 1.945732353955250127e-01 5.389947069031079951e-02 -2.617517528507070160e-02 -1.005324043010870014e-02 7.609056274311179480e-02 3.827954337904299759e-02 -1.122332616454609945e-02 1.939933179189010093e-01 4.496195533745839940e-02 -1.331612604977240079e-02 9.174924850663079834e-02 1.394550750132939887e-01 -2.042440221285980045e-02 1.767236848250799963e-01 1.907488951816530042e-03 3.565364196866560031e-01 1.801199866435400088e-01 3.676671078116510172e-01 3.615072698797719974e-01 -6.968423755577220213e-02 -1.407603029239899994e-01 9.509309102578569761e-02
4.129177641564619750e-01 2.372929501111399886e-01 1.732497047302969939e-01 1.653241335525879874e-01 7.756508311639799536e-02 1.991381658995589887e-01 3.555925584627639968e-01 1.747110869032580116e-01 1.193808445064330065e-01 4.373382403659539786e-02 3.402148901710039808e-01 2.503916679097999975e-01 1.000000000000000000e+00 1.186917871415320014e-01 1.055833892597260043e-01 1.295375390923479975e-01 4.032332606326879954e-01 4.146912804260999841e-01 9.091946394170319357e-02 2.195804509342980104e-01 7.425483688419569350e-02 3.275932360537880256e-02 1.606265447386719947e-01 2.082984756839479923e-01 1.525675846296120075e-01 1.823782679457950084e-01 2.115685117052540087e-01 1.414468532397540057e-01 2.776753666930710240e-01 2.772729712305340155e-01 1.519023027255030078e-01 2.226668508833420101e-01 1.486895782598069982e-01 2.545352920206109815e-01 2.200359801566710016e-01 1.206774375950989964e-01 3.657615582864530146e-01 2.557806232469519991e-01 1.707168333552130102e-01 1.106605322769339955e-01 2.920426626688260030e-01 3.009262529803889974e-01 4.478368215474949898e-01 4.122080436555289884e-01 6.127492261018319814e-02 3.356823805553439954e-01 5.267648849523539623e-01 5.281370629552549767e-01 1.949968892231299933e-01 1.985052618166039951e-01 2.710077714159350171e-01 2.074404195304200005e-01 5.331097594002049724e-03 2.156781746775190134e-01 1.996490367305739921e-01 1.068146259225929984e-01 2.331723216076850014e-01 3.801003736122129939e-01 3.146938708442040267e-01 1.905977629743670076e-01 7.067206853072849349e-02 3.092295639609010105e-01 1.887817090960779987e-01 3.166286770225230224e-02 1.747804082820899885e-01 9.775016514324399997e-03 -1.528869873903869990e-02 1.054997177114719992e-01 -1.569040976239929885e-01 -1.366054330164889925e-02 2.350985912431359862e-02 -1.011980067843490025e-02 5.132520081639929677e-02 1.251517064894739906e-01 2.763034600639560079e-01 2.647733794766919946e-01 2.200516628914749862e-01 1.586714693781410002e-01 1.340910139596580009e-01 7.252112707244129375e-02 4.894599317275700190e-01 1.213710383010190019e-01 3.699899521548000170e-01 2.427742405945799986e-01 3.085497865568809783e-01 2.833279937202710097e-01 -6.523467458248290163e-02 -5.361172073154699819e-02 3.488345144000529890e-02
1.801427616216320082e-01 1.822559062910850125e-01 2.477084808631329904e-01 1.586930755560899964e-01 2.531139544292890231e-01 2.859235408792579758e-01 2.012587779050629966e-01 2.674591408809530169e-01 -3.651541667278670154e-03 7.619838184777970314e-02 3.268157845123159655e-02 4.105372759495830026e-01 1.186917871415320014e-01 1.000000000000000000e+00 7.812962317672189627e-02 1.913516117143020112e-01 1.189902045330449992e-01 1.684163172361529959e-01 3.456968648706020275e-01 3.273366455078989823e-01 1.964084132408910055e-01 1.333579147005629906e-01 3.088417449697110073e-01 7.427773727917010016e-02 2.155689590066879879e-01 2.858834470052740162e-01 3.406192586661270227e-01 2.031882098415800086e-01 3.652095457675009760e-01 2.320032587997230000e-01 2.136074976129130054e-01 1.286460909693210031e-01 3.092870296045490131e-01 1.246962477802660008e-01 3.947657197988520251e-04 7.692533535552420476e-02 1.500778435393229915e-01 4.746361297449469725e-03 -6.340449310682960693e-02 -1.859399166862180097e-01 2.584003363894409877e-01 4.646048044976869851e-01 1.978124481132620127e-01 2.840096513895949970e-01 1.942623013850389990e-01 3.773780179945819824e-01 2.241574101208889946e-01 2.905053329824630048e-01 1.515854749614490016e-01 -2.490882203382690022e-02 2.843496856470770218e-01 2.724453693742879823e-01 -8.234824690481980236e-02 7.985148722040190383e-02 1.042916041628560025e-01 6.122404129632069703e-02 4.304898950499830290e-02 -6.095774038512020293e-02 8.960640648684220499e-02 1.210472255823950016e-01 2.132299362703030110e-02 1.942032060976580099e-01 3.679154871724840126e-01 2.018490279946729971e-01 3.901105513450000006e-01 3.895680114070069755e-01 2.026565482790199935e-01 2.773176505564480254e-01 5.945283938441200261e-02 -1.466828246148760007e-01 2.000809077062170038e-01 2.602448107270050048e-01 1.585626606071300071e-01 1.058473631418700017e-01 3.075441711076810081e-01 3.134831631265589946e-01 -1.299439197536589874e-01 5.852704787902290179e-02 3.276133122211210003e-01 2.490330239755700059e-01 2.149791408658890124e-01 -3.725371078776359979e-02 2.361812355825529952e-01 1.738472962831000002e-01 1.403422368984980073e-01 2.270966982786190025e-01 1.922230656607359922e-01 1.075883514634280030e-01 2.752511279694039859e-01
8.928928398162989943e-02 7.375939388017230258e-02 4.161478879756270177e-01 5.519424733090250168e-02 1.882945359748660064e-01 3.055576614482919950e-01 -1.341410951728390089e-01 -3.846993266064709927e-01 2.441405971137849962e-01 4.265118692856290084e-01 1.040725061656549988e-02 -1.385032049757549955e-01 1.055833892597260043e-01 7.812962317672189627e-02 1.000000000000000000e+00 5.003726185254020464e-01 4.100160151359669852e-03 7.367510400634670609e-02 4.393401276990679949e-01 1.815337169893460056e-01 -3.938771766750220199e-02 -3.275599713656870277e-02 -2.182228393690230014e-02 -1.333226003751349920e-01 1.080756276583449971e-01 1.688537964098680011e-01 4.971380233331419984e-01 5.320361060508650430e-01 1.490002788872540063e-01 -3.050725741237080013e-02 -7.409881654135259954e-02 -1.163540827186199944e-01 2.038963864129909875e-01 -4.774370578574040069e-02 -2.026944681121599923e-01 -1.003579667675820047e-01 -1.898171333865200094e-01 -2.406668777346379906e-01 -2.739452049498259933e-01 -2.647011943649340004e-01 2.624638331310629735e-01 3.720613569370350149e-01 -1.517303325854389984e-01 1.534141193841830064e-01 1.640131032732309868e-01 2.977626047944930132e-01 2.735565945987000203e-01 1.815183485087170090e-01 -3.396940769443240193e-01 -2.691703776712019991e-01 3.918943676766339923e-02 -7.830246464080489743e-02 -3.102146971748940274e-01 1.717624447007720101e-01 -7.968805786372369637e-02 -2.066597922248200048e-01 -2.090394429641219964e-01 -2.343042946971160001e-01 2.504958290081810146e-02 2.057420078642950012e-01 -1.751403414702960015e-01 -1.465672772450730132e-01 2.011108227317000008e-01 2.104901080708310168e-02 3.100154593230309841e-01 2.639123176259219883e-01 3.361559273861359776e-01 3.192846733266739845e-01 2.189348376807480068e-01 -1.047355722929430022e-01 4.610648918783469830e-01 4.001066825049680031e-01 2.682408771536899939e-01 4.369125345819390160e-01 3.674443752971929822e-01 5.363407227291260293e-01 -1.291660668509780063e-01 -3.293141017980429908e-01 5.615406452404539950e-01 6.128940452016770069e-01 2.488617585994150061e-01 -2.120881593479599925e-01 -5.783215383899979745e-02 7.919365561172210521e-02 -2.224069856439049864e-01 -1.733188806209260135e-01 4.530585875951260166e-01 4.718576184145280017e-01 4.038262693183770069e-01
1.934677282199259996e-01 3.162302453654660117e-01 3.871062615876009749e-01 5.616908327393620171e-02 1.415372365388480047e-01 3.514277565247149737e-01 8.667640946798209345e-02 -3.126094609357299992e-01 3.581669724493640183e-01 3.875139759066110190e-01 -1.420581588557620067e-01 -4.527363655048190216e-02 1.295375390923479975e-01 1.913516117143020112e-01 5.003726185254020464e-01 1.000000000000000000e+00 -1.688670294363339985e-01 -3.049558742713200099e-02 4.009478324617269940e-01 1.356494993192960130e-01 9.402420557464019613e-02 3.177385190631809835e-03 4.015534045294830157e-02 2.015918410186999868e-02 2.370278730040480120e-01 1.573473608144050073e-01 4.713157832248869861e-01 5.887448181840310157e-01 2.852949098515519810e-01 -5.284675997011169940e-02 1.209274776602739937e-01 2.235803310129410096e-02 1.250602820111899882e-01 -1.251827713052489910e-01 -8.523603188719260093e-03 -2.899856951616610126e-02 -8.806147777862140258e-02 -2.555305406138109747e-01 -3.541661427355459746e-01 -3.112604590447540232e-01 1.753571312471149946e-01 4.448006699358930116e-01 -8.711917082941380772e-03 1.718223292896509935e-01 2.606952028875870186e-01 2.873404714863510012e-01 2.745801876452009793e-01 3.366996354474209863e-01 -3.085182748924489848e-01 -3.140264525052979816e-01 1.055087890113070026e-01 1.048965863546769961e-01 -2.817301639166370220e-01 1.812190445464559874e-01 1.261788376052540017e-01 -1.491239294206199995e-01 1.777021785615439872e-02 -3.764319404525560270e-02 1.235011037206039941e-01 3.806071505732019911e-01 -1.203901974672370000e-02 4.177037361606149996e-02 6.972756551936719338e-02 -6.328454472280979626e-02 2.989183220943020247e-01 3.622938524837580054e-01 3.962141568643460232e-01 5.503782169336539631e-01 2.712099706160610024e-01 2.359139224494239961e-01 5.225068032718810374e-01 4.743215605468980023e-01 2.494767944952759886e-01 3.175402056125620209e-01 2.557592606950930270e-01 6.006339840214139913e-01 -2.455319719512870091e-01 -1.483337491063979885e-01 4.901928127352940257e-01 6.091617748581370506e-01 2.748101519940939763e-01 -1.209840400490399953e-01 1.075979906695059968e-01 2.558628637841739994e-01 -8.373836329001660417e-02 -6.156680707504869760e-02 4.773445813828440243e-01 4.526582605748359911e-01 3.524214960403799779e-01
1.397435843015950030e-01 -1.618743732616179931e-01 -2.641160882317460101e-02 -1.798220698543629981e-01 1.987551297139379947e-01 2.112750846977820007e-01 -4.003457035277829812e-02 2.051427688267249971e-01 -8.210655053449869567e-02 -1.389760950080559943e-01 6.741067042111089647e-01 1.298004310089800051e-01 4.032332606326879954e-01 1.189902045330449992e-01 4.100160151359669852e-03 -1.688670294363339985e-01 1.000000000000000000e+00 7.668376276695330063e-01 -1.489444128899410080e-01 2.088875409201420008e-01 -1.041436634535330003e-01 -1.050684107501319992e-01 9.789720827559210414e-02 2.003987576870980003e-01 -1.545665234219149864e-01 1.483544715848879869e-01 5.277168127910809858e-02 2.231271655184270068e-03 9.150487349185490449e-02 2.539461800569339789e-01 -1.188735545623819945e-01 -1.033047023529100050e-01 2.614699584142259892e-01 3.131132396439790244e-01 1.155444915458449934e-01 1.011054720514930061e-01 3.232848899215720051e-01 3.836536544276409888e-01 2.442072110887699987e-01 3.096776172363390200e-01 3.306610936209389839e-01 1.266157503112539939e-01 3.094100166455650003e-01 3.904128491462030004e-01 -3.626014620025170276e-01 -1.095501515663459963e-01 3.894252737778799989e-01 2.167187120368480047e-01 3.167921474172030183e-01 2.742207614019970263e-01 3.163854811710750115e-01 9.205797814750879549e-02 -1.463361020970090076e-01 1.547652595374419959e-01 -3.024520219348660055e-02 -6.829027855170340111e-02 9.373031559574520818e-03 2.141420233360820102e-01 3.543045215675959952e-02 -2.847116377871509729e-01 -2.420740195413640106e-01 2.500166381002290050e-01 3.871589779432589862e-01 3.841588613579269840e-01 2.346551466477120040e-01 1.306740505123499957e-02 -3.179598999786300006e-01 -1.620421134287750031e-01 -3.677167336331180203e-01 -2.970120435262190162e-01 -1.110167413965569977e-01 -2.567404023548179870e-01 2.116841954973819884e-01 2.136458364476659932e-01 4.910408693411320025e-01 9.309655841216959993e-02 2.587789094018759783e-01 1.862345624484300077e-01 1.054394409619399953e-01 6.218367240003779689e-02 2.377959526406150104e-01 -7.870331941371480275e-03 5.942274331768999940e-02 -2.602157483987380115e-02 1.365928227823929864e-01 1.532757384899139930e-01 -2.975641442309899798e-01 -3.286801891715939727e-01 -1.225447068654900024e-01
