1.000000000000000000e+00 4.532449493462930024e-01 8.452647715444160104e-02 1.053813217371040029e-01 3.054995401387849974e-02 7.162089871147470088e-02 1.817549912394350042e-01 1.764911897704830035e-01 2.381605449111049988e-01 2.151227381703700037e-01 1.149703952833839998e-01 1.481897422342179915e-01 1.542233652790379883e-01 1.695943700357709916e-01 2.105173114930480038e-01 2.269132669226220089e-01 3.481896037954049783e-01 2.655733091721559913e-01 3.781905754541060038e-01 2.683208088476760067e-01 -1.186847676295059995e-01 8.089687174333849706e-02 8.901090368634030636e-02 1.428797332119489949e-01 1.817805525753350138e-01 1.738731459577479987e-01 9.835188236158680375e-02 2.158667039457340120e-01 -7.068305261888099822e-02 3.514081773497920030e-02 3.875309880499259729e-01 1.969882645531879917e-01 2.465202648075670022e-01 5.466388346058879966e-02 -1.723009340761899877e-01 -5.105752067074019809e-03 6.164805894763169571e-03 -4.710037818499279716e-02 -1.777972300278679862e-01 -2.181337221220320047e-02 8.778798960007110075e-02 2.968752708749760119e-02 4.218212879675249660e-02 1.811949154384940100e-02 2.657274562093170020e-02 6.380743133699779898e-03 1.773368412116639870e-01 1.166338613248650014e-01 6.749166988300399350e-02 5.676433596379899804e-02 6.076911538103070276e-01 3.449826230461700005e-01 2.354976323100040070e-01 2.137447871197800109e-01 2.492291277909789993e-01 1.601834844354770027e-01 1.563261048230180084e-01 2.735419995021209916e-01 2.824442269058290156e-02 1.495772657796050065e-01 8.516206496180189767e-02 1.228877039350580042e-01 1.534708244672410016e-01 -1.901611125279470058e-02 -1.586146733889479965e-01 -1.186343467236209981e-01 1.862359451412510082e-03 9.494202327094709848e-02 1.016839028866669964e-01 2.849861795736590153e-01 1.338239773723270132e-01 2.855493083694600129e-02 3.087011438340430125e-01 2.784592866666800171e-01 2.748315421249750146e-01 2.876342258595280255e-01 -1.873558733214129857e-02 7.457948646800059700e-02 2.580425585955629930e-02 1.283162946127129889e-01 2.292067059688369934e-02 3.712139387371490157e-02 2.010056652459379922e-01 2.367121166463189985e-01 2.458227390037759919e-01 9.590388114484810211e-02 -2.550130603726090059e-02 -6.163182153568180430e-03 6.296220106035860242e-02
4.532449493462930024e-01 1.000000000000000000e+00 4.731175470668699812e-02 8.228429398755479629e-02 -4.661646201598999839e-02 1.116556601148119970e-01 1.559855858961839981e-01 2.911619426400149924e-01 1.292943977892190011e-01 2.362745168885030111e-01 4.223192488457550020e-02 1.606983138528439992e-01 -1.832155720803629873e-02 1.232246882022220019e-01 9.857600313617059795e-02 1.202323136067700027e-01 3.265743907740180085e-01 3.362001843199030060e-01 1.950758150549969927e-01 3.906098159432619954e-01 8.470786136503660052e-04 2.153606770759360078e-02 -1.108590469096450010e-01 5.864367393606249867e-02 -3.788131722119249950e-02 1.627898352342189991e-02 1.442909238593199917e-01 2.997428456987359935e-01 -8.318115841836830338e-02 -4.484463841121499872e-03 3.994090491606410165e-01 3.677472758498430139e-01 1.610283697804900105e-01 1.632129823488260023e-01 -2.661479905430719772e-01 -2.248056026278479891e-01 -7.944002107639329402e-02 -1.113572103626540022e-01 -9.627682278132780602e-02 -1.077468215626359999e-02 1.233135340292070004e-01 5.212374974565699842e-02 1.199515510873150059e-01 1.826280981453619889e-01 5.178057505397980209e-02 7.749579378158419352e-02 2.191070052600480045e-01 2.150214879635490087e-02 9.332721908805620414e-02 2.409307149855680064e-01 4.507795126834719945e-01 7.142527012953220344e-01 4.133035890774299781e-01 4.486154497904369931e-01 1.874755665870080079e-01 2.603009070201039998e-01 2.994458839484019919e-01 4.700760306322049886e-01 -1.864047086820179999e-01 4.864408370659160236e-03 1.564811229123649894e-01 1.532152823212379888e-01 3.119195937644360095e-01 2.348978232338130023e-01 -2.155735317796030059e-02 -1.338799080156120036e-01 1.997801310030629940e-01 3.346903409524280004e-01 3.155883807102140004e-01 4.598721306740179982e-01 8.010364124196310553e-02 -4.716437980424210280e-02 3.019485886060350177e-01 4.959097865766819990e-01 2.454026833091499937e-01 3.294764295253159725e-01 -3.538856382180279730e-02 1.525492709361979948e-01 -4.826863484960790263e-02 1.220128929138089985e-01 -2.782492234792280014e-02 1.910216550356599874e-01 1.800060165890199904e-01 1.455833319662939995e-01 1.713311030298269866e-01 1.588101844314659949e-01 9.395006000628310094e-02 -7.506510716975299535e-02 -2.907869050551990103e-02
8.452647715444160104e-02 4.731175470668699812e-02 1.000000000000000000e+00 6.758467870638610320e-01 4.860041724523659901e-01 4.765376956353760129e-01 6.636890722024919587e-01 4.802674710126350055e-01 4.273010450357049850e-01 4.035780199388460110e-01 1.463108129027110016e-01 1.006144938915359971e-01 5.033489547637649830e-02 8.923752156955820636e-02 1.722665939900009935e-01 2.805358511357660123e-01 -1.237662409588489998e-01 -1.779674769188250016e-01 1.792882770851849938e-01 5.492084844469780069e-02 7.668083519543869575e-02 -2.358378461515669988e-02 5.913535919617579628e-01 4.651016880287309752e-01 5.062155564212589970e-02 1.280613221150860015e-01 2.258299075484630075e-02 -3.620495299551450274e-02 1.261009744527950005e-01 1.456312347561070086e-01 -1.548782478281489905e-01 1.055271778921679920e-02 -1.851341159809390124e-02 8.008085829370560627e-02 -7.562028300048960483e-02 1.284198808752810006e-01 -4.823601989145769736e-02 1.246469962356600014e-01 -3.727583241612639903e-02 -4.025742090489480007e-02 5.244480091026679919e-02 9.946214211205520184e-02 5.760198214083260028e-03 2.702232869442530022e-02 1.486127588534079946e-01 1.132101199739440067e-01 2.109911648010729945e-01 1.692887269728290123e-01 1.863709521513380041e-01 1.409065286712849960e-02 -2.198213766290879889e-01 -2.001312230342010001e-01 -8.097202938417119578e-02 9.644404826268780651e-02 2.801829908919579726e-01 3.231956013884679790e-01 -8.267160606168090509e-02 -1.120727308906829950e-01 6.575670914038719839e-02 3.443112583639599822e-01 6.110964684321269769e-02 1.401672855719640065e-01 -2.502527358659850099e-01 -3.097295357511909986e-01 2.592887010784289958e-01 1.943495409885230008e-01 -1.372367666699740030e-01 -2.159162978759139873e-01 2.216816980128219830e-02 5.127757681922970323e-02 -1.496311781707579912e-03 2.563094242011679791e-01 -2.335688351987940115e-01 -3.269549527811240197e-01 -1.308611663381679946e-01 -1.382738668557280115e-01 7.074908227457479826e-02 2.215055315055219909e-02 6.478379717278119621e-02 5.070410878849739705e-02 1.512421774049330092e-01 1.931807429657000086e-01 3.160771392623459852e-01 1.945097511088350051e-01 2.594870144750859864e-01 8.913957416144480117e-02 -3.533609266278769923e-03 -1.562819050511870048e-02 1.079093071570690066e-01
1.053813217371040029e-01 8.228429398755479629e-02 6.758467870638610320e-01 1.000000000000000000e+00 4.289036793689259830e-01 5.067219477229240043e-01 5.464538267341090272e-01 6.036405455263540443e-01 4.435308787017320231e-01 4.946815722802310189e-01 -5.882937407016280290e-02 2.535491992616219908e-02 -6.203850262635780127e-02 1.567001369835679947e-02 2.035751569891590118e-01 2.612581856194859942e-01 -1.119732962084819955e-01 -2.161613311958990036e-01 4.434126867843839886e-02 8.781072509789510094e-02 1.025765885449400061e-01 -6.160230160949620171e-02 3.653649173786590043e-01 5.348495725095649966e-01 1.101907887512360018e-01 1.597950553812740038e-01 6.373859127098959940e-05 -3.416483394242249977e-02 6.413365627812020464e-02 1.538862510084330060e-01 3.781502186906390145e-02 2.132991191066070102e-01 -4.514535046012679853e-02 9.429727662381640063e-02 4.381304497537229919e-02 4.284859764350049637e-03 6.430816908196460013e-02 1.314064396077349872e-01 2.743497130471559894e-02 -1.008223458585990051e-01 1.594038001739609967e-01 1.169554918517950043e-01 1.022630858571590001e-01 1.417358522898999884e-01 2.381029795093649870e-01 1.181220789720670017e-01 3.059433100759840207e-01 1.179662212142379984e-01 3.050415587866540101e-01 1.796929964340329977e-01 -9.941989966130819478e-02 -6.875743230813810558e-02 1.947541581375649977e-01 3.560173493400060063e-01 1.850416641820749886e-01 3.859536829665449753e-01 -1.674947657264430068e-01 -1.677369903285899910e-01 1.623711962459219865e-02 5.049267263184850085e-01 1.420691626708329991e-01 2.479135887124619964e-01 9.931772930556319670e-03 -3.885783339609409897e-03 2.786113694734210222e-01 3.156318330729849797e-01 -1.125254217040149995e-01 -2.180375867621839880e-01 6.177479619811639816e-02 -6.612955316335120126e-02 -5.180216011041229723e-02 1.830199304702120056e-01 -1.822543539869810048e-01 -3.475236479174930171e-01 -9.851528787535200615e-02 -1.465006243338820013e-01 5.693656536560350034e-02 -2.370476764537629913e-02 -5.238614045895319607e-03 5.065958796535879882e-02 1.881663928253509976e-01 3.180686406578179803e-01 4.275371218167849929e-01 1.005476820203980021e-01 3.156260881255860129e-01 1.264720964733719866e-01 2.639167887683689998e-02 -1.193014554216690060e-01 8.019076245251910429e-02
3.054995401387849974e-02 -4.661646201598999839e-02 4.860041724523659901e-01 4.289036793689259830e-01 1.000000000000000000e+00 5.696895422710740453e-01 3.544914623014550070e-01 3.280178356920360194e-01 4.175428263567230180e-01 3.132321660177250222e-01 2.094315615194289881e-01 2.577170502949340247e-01 2.665671921707790104e-01 1.943091512799380027e-01 4.774799205300009897e-01 4.949699972189490205e-01 -1.198235079083389970e-01 -1.253852784849890101e-01 -2.402755216108750161e-02 -1.230977423573259982e-01 2.112423425175490033e-01 2.032201055009590085e-01 5.714335552269790286e-01 4.869035789895990174e-01 4.458879229900880037e-01 4.566617274968540197e-01 1.179148531557829976e-01 6.218229035876479682e-02 1.872428541165890026e-01 1.980960603673919962e-01 -9.358363926555940404e-02 -3.749046516623579656e-02 2.561037112330559751e-01 2.065919469612060022e-01 -6.570713720182179418e-02 1.376295573413240103e-01 3.373675672186000202e-02 -7.748011215741769375e-02 6.182135645746490195e-03 1.195061976029650024e-02 -2.546567792090579860e-02 1.600354876951199934e-01 6.773538911101910365e-02 8.619783210185009981e-02 3.271200043050640025e-03 1.474460757100629904e-01 7.141241101815959391e-02 2.392812272365739956e-01 -3.202556074880519819e-03 5.737665183200479913e-02 -8.487621965294199489e-02 -2.065521585905089885e-01 5.885821741559739678e-04 -6.048322026117230327e-02 2.052063211894520067e-01 2.022824299051569907e-01 -1.126264473615409961e-01 -1.560814526975919936e-01 2.521052572996609897e-01 5.226534116218729542e-01 2.806935336002039927e-01 3.341980906035449950e-01 -2.147618136204579864e-01 -1.561947318224100045e-01 1.717867567629909886e-01 1.697824621017229862e-01 -1.147984593446669914e-02 -5.097956926905949926e-02 1.809372281456599896e-01 3.306810451742790008e-02 -2.128046662831449901e-02 1.079333025910449995e-01 -1.448956754481799947e-01 -2.265155159182070110e-01 -5.546976436029799756e-02 -6.688041467342090152e-02 9.856027559154130480e-02 2.993250393160649947e-02 1.994327699213450100e-01 1.481639781392699862e-01 -3.479743387370400065e-03 1.366326365009319921e-01 1.768106545094330073e-01 2.860452788135879887e-01 6.436032700863360267e-02 1.383249666003590062e-01 1.105892118507900007e-01 5.964022735371390244e-02 1.509017529213420028e-01
7.162089871147470088e-02 1.116556601148119970e-01 4.765376956353760129e-01 5.067219477229240043e-01 5.696895422710740453e-01 1.000000000000000000e+00 5.638827554213640125e-01 6.351751017784850184e-01 4.273816642368710172e-01 6.995497996312309841e-01 9.916740763858650221e-02 1.237544485821770041e-01 4.005820220433749940e-02 2.270659091812609887e-01 3.391830132733730241e-01 6.002474707369850337e-01 1.494399065057969989e-01 1.308315111820070042e-02 5.878884536609259998e-02 4.753115438208049826e-02 3.432559690332019908e-01 3.116292342360200140e-01 3.584302857987710089e-01 5.072154119587279908e-01 2.381088171869689962e-01 4.390721958761670263e-01 1.416246835118860070e-01 1.282637423488469930e-01 2.632068311897869939e-01 3.142855207991799849e-01 1.144177966843070021e-01 1.504340522591310070e-01 1.064251135978789981e-01 2.090832814085289981e-01 -1.561475417732140041e-02 1.700756527869440038e-01 -8.214011009699570542e-02 -1.714648789797020012e-01 3.890164287389809988e-02 3.430338832439590313e-02 1.089805918347520053e-01 2.138696175516799913e-01 1.910408140488699946e-01 1.851654337374200043e-01 -9.491235315192209782e-03 1.919995020774289962e-01 2.061017941612089954e-01 2.121198319537569987e-01 -7.602365857797049875e-02 1.397087290561339901e-01 1.735713479038719920e-01 -3.584794810164849965e-02 1.245929356755180045e-01 1.782010427905129923e-01 3.671967435005140112e-01 4.512379388824330206e-01 1.185899862197069971e-01 -1.764626098651900059e-03 1.153795382735959968e-01 5.099043166904959623e-01 3.161983113879500151e-01 3.489090720160690218e-01 -1.882675484494210072e-01 -1.032800277714600035e-01 3.628675635476170114e-01 2.533095366337410059e-01 2.189724166356339929e-01 9.690379750191549513e-02 2.209252904772479875e-01 2.779777835394169894e-01 1.570103915174360099e-01 2.834370252082529795e-01 -1.004464510027490085e-02 -2.025222780498560082e-01 2.493141291912770105e-02 -1.088213086595959944e-01 2.083443352030719953e-01 8.597579198330890238e-02 8.041246864184929677e-02 6.007313917110110313e-02 2.311948129285049947e-01 3.487068467250429848e-01 2.921570675990050048e-01 3.420246513529089927e-01 2.871783172260570227e-01 2.448000916082050116e-01 2.574860391580199859e-01 2.640532346218920079e-01 2.549632018254779919e-01
1.817549912394350042e-01 1.559855858961839981e-01 6.636890722024919587e-01 5.464538267341090272e-01 3.544914623014550070e-01 5.638827554213640125e-01 1.000000000000000000e+00 6.948928489673660280e-01 5.233921356920400170e-01 5.056507473189759683e-01 -4.159914486500879832e-02 -5.710870632599689828e-02 -8.331671792127870457e-02 7.785078729023810207e-02 1.962195369788700128e-01 2.483243879818740063e-01 2.169411738631270015e-01 2.358673544202909977e-01 4.850276439530880335e-02 1.821508331902060018e-01 2.714498299650859939e-02 -2.904741590059090051e-02 2.400522551654659942e-01 3.015191392908109780e-01 -1.242171820794930048e-01 6.803733335899740664e-02 3.372659132136739957e-01 2.420003357359770124e-01 5.856202152365620056e-02 1.250200243455200019e-02 2.563860993894570006e-01 3.585180726932359896e-01 -9.403750891879239515e-03 1.587055881292289972e-01 -2.123178963263959995e-01 -7.400395634324929972e-02 -4.817530039988639906e-02 -4.502360670663269754e-02 -1.111087415599590067e-01 -8.996360398946219583e-02 2.287543095395969950e-01 2.766463704366379783e-01 1.958142804886320032e-01 2.489972411755030091e-01 1.074010453411359950e-01 2.473399527459670122e-01 4.449364644296209814e-01 2.539759563322119829e-01 1.284970487614190138e-01 1.357987523954969911e-01 2.005933214884690063e-01 4.723527414539419739e-02 2.597745996752319764e-01 2.924699865580159819e-01 4.751352242743370202e-01 3.343249003249449958e-01 1.697689724497959962e-01 1.368559645228160093e-01 -2.737319401859489854e-01 2.011333323881620005e-01 2.437200776732789953e-01 2.979466318714980022e-01 -8.224207391443469350e-02 -4.570575037838670029e-02 1.374981091920129961e-01 -5.239290279134019984e-02 -4.003412997085149805e-02 -1.008585504106649933e-01 3.581211566780900107e-02 5.824109027952240059e-02 -2.870744321453499830e-03 1.461538682247990051e-01 1.287702653669950126e-01 -6.304119135548040542e-02 1.351260528013789874e-01 -4.629291610037299803e-02 -4.636005458066259910e-02 -7.483941570672419941e-02 -2.693383938374599995e-01 -7.281675957088619422e-02 2.258866666807740065e-01 3.106132480471109902e-01 3.729929633412150114e-01 2.214346094663829922e-01 3.827642687093339990e-01 2.270304109177199992e-01 5.865139444262040119e-02 -3.921867523189229848e-02 2.311847230042889945e-01
1.764911897704830035e-01 2.911619426400149924e-01 4.802674710126350055e-01 6.036405455263540443e-01 3.280178356920360194e-01 6.351751017784850184e-01 6.948928489673660280e-01 1.000000000000000000e+00 3.502179102708189995e-01 7.001706402089600267e-01 -2.750564968324310106e-03 1.737688546190329919e-01 -8.442640963239329832e-02 2.024877448211269970e-01 1.465278707525979884e-01 4.074803203404839813e-01 3.090043432193059769e-01 1.753223650274050027e-01 1.440047805411119874e-01 3.823567689959149751e-01 1.392576341418469976e-01 6.375267620452219897e-02 1.328666863419749877e-01 3.532014229357819945e-01 -7.583110670720190349e-02 9.956925699534510676e-02 3.702105566219969779e-01 4.091861686339430260e-01 1.319446980037929928e-01 1.688504739484019967e-01 3.869153981069120007e-01 5.354729967333230478e-01 -1.316131205746760013e-01 1.265246643676279925e-01 -2.074541184452370068e-01 -6.922352801660139332e-02 -9.518699384159060028e-02 1.847983368969690135e-02 -6.893999691643550032e-02 -2.918242200668870120e-02 2.696872873037670093e-01 2.527784188137939814e-01 3.292955181164600176e-01 3.664383201784799926e-01 1.845460040025350135e-01 2.635058871018349791e-01 5.093070752148709524e-01 3.127023271789050041e-01 2.738432756760830200e-01 3.500678153240109891e-01 2.905469558704619759e-01 1.309613780570109964e-01 3.302865089411959887e-01 4.822009689241050223e-01 4.202618044451280066e-01 5.784916623942629732e-01 3.412322983322400027e-01 2.586155249077610185e-01 -2.676727186029870253e-01 2.817111733248799932e-01 2.416628462947779943e-01 3.841714271727950103e-01 1.177521314209330067e-01 2.283493617001509934e-01 2.491857464435900116e-01 4.437841736952940347e-02 1.177778835793440032e-01 1.506412774726760030e-02 1.945698324444659899e-01 1.606519940996380125e-01 1.096912651794040017e-01 2.419588205698920136e-01 2.346297672575859972e-01 -1.012941879543289986e-01 2.198724992277850121e-01 -9.849693123437060216e-02 -1.676125000608860022e-02 -1.727500684891429897e-02 -9.466759056208680356e-02 3.603503703268030184e-02 2.119519722490330049e-01 5.043582117079860039e-01 4.665461367822140160e-01 3.061068798030580074e-01 4.641703430268899755e-01 3.753792493740830127e-01 6.496187662565509890e-02 8.482825274426950002e-02 2.327550286189969952e-01
2.381605449111049988e-01 1.292943977892190011e-01 4.273010450357049850e-01 4.435308787017320231e-01 4.175428263567230180e-01 4.273816642368710172e-01 5.233921356920400170e-01 3.502179102708189995e-01 1.000000000000000000e+00 3.928534354811810125e-01 -2.274582406040459928e-02 8.242136107218180074e-02 2.170505323198899938e-01 2.813929855783999789e-01 5.334470695207840230e-01 5.381128454630780267e-01 -2.073252804831140009e-02 -4.287135110295330065e-02 2.168244774365570005e-02 -2.514867147884590134e-02 5.238625212387980346e-02 -7.859295686965290725e-03 3.517234959181489984e-01 1.919732209147949897e-01 2.147767990568180130e-01 3.388446840907090030e-01 -1.641492894102860093e-04 2.831819956571579935e-02 -7.565910067870340594e-02 -7.837009439424200141e-02 1.411031042128690072e-01 5.332341472863830201e-02 2.421654376467350100e-01 2.764499345864939728e-01 8.317641914161380545e-02 -1.989466079795410014e-02 9.208014851000580203e-02 3.104531961921110084e-02 1.839159870046939982e-02 -2.615859974021870205e-01 1.155429603266800026e-01 2.230935931116189985e-01 1.165761475558299981e-01 1.381730681201779887e-01 5.498049381511439793e-02 2.269575441727539888e-01 1.571397683845129900e-01 2.335514195068210119e-01 8.569351411278369746e-02 1.405035414783289971e-01 8.544931119258150631e-02 -4.911911135260890043e-02 2.641166227793669830e-01 1.625234422123369993e-01 5.144280325380750085e-01 2.389771616371260121e-01 -1.811919069216260114e-01 -1.009367177781050062e-01 1.142795007975779958e-01 3.352387863731949857e-01 1.404387349283710007e-01 1.682783123520099899e-01 -7.444737430048789517e-02 -1.582027638804590075e-01 1.009567959422520006e-01 -1.025632045481849990e-02 -9.827227785760070389e-02 -1.326331713040289906e-01 4.100570040284749751e-02 8.042679165884610015e-02 8.966687769107329134e-03 1.579644494065439997e-01 -9.057090716027099697e-02 -1.277372748764440125e-01 -2.008496174438680060e-01 -4.849875831416339961e-02 -8.678126021805840362e-02 -6.591561978760850267e-03 -2.730870131477809992e-01 -4.012419892963089985e-02 4.941290183622810278e-02 1.332277854429090025e-01 1.972604214580599979e-01 2.154365092354340039e-01 1.624109582361590032e-01 1.876643428294240135e-01 1.864230888396120056e-01 1.263815103145980029e-02 1.768325425918650107e-01
2.151227381703700037e-01 2.362745168885030111e-01 4.035780199388460110e-01 4.946815722802310189e-01 3.132321660177250222e-01 6.995497996312309841e-01 5.056507473189759683e-01 7.001706402089600267e-01 3.928534354811810125e-01 1.000000000000000000e+00 -6.395085858197190054e-02 1.179414900626589956e-02 -6.630104923817090046e-02 1.126242221269729976e-01 1.133127264770130010e-01 5.038802135593100084e-01 8.831397416421020441e-02 -3.070352886804679840e-02 1.398782564419130126e-01 2.351371728469950073e-01 1.361973860454850083e-01 1.498139916918299896e-01 9.586259547484410337e-02 2.680850544915480138e-01 -6.231676122886090421e-03 1.523171516863250086e-01 1.647091247708810102e-01 2.136681545103649993e-01 2.202759193609590133e-02 9.158794576577559965e-02 1.336148092305060042e-01 1.380975585113529969e-01 -1.165342321160200006e-01 -2.225066153098440025e-02 3.129508002145790085e-03 7.619350443253110339e-02 -6.923005041876040266e-02 -1.324754907206590060e-01 -3.236552814551359875e-02 -9.375066376876340507e-03 1.543219615826189883e-01 8.474679850374479406e-02 1.740522141401900091e-01 1.065498795417979955e-01 7.752877952881680190e-02 1.058000916431490052e-01 3.863023237464089932e-01 1.909281881115600099e-01 2.008942108767040047e-01 1.573090541266219944e-01 2.012708512467379918e-01 4.764640605897659670e-02 2.002692063284020052e-01 3.156225082744950061e-01 4.530852129165229836e-01 5.647932936863629960e-01 1.435544821057420095e-01 -1.641436622515210150e-02 -1.137865497175880036e-01 2.562197102335549981e-01 1.035541127825509999e-01 1.245648170280889977e-01 -3.380993557947969963e-02 -4.541421557999170133e-02 2.712886669064989986e-01 1.725539894747500080e-01 1.674429420235749866e-01 4.956168375093630146e-02 1.839439129266980111e-01 2.729396350387460202e-01 1.899733034784769903e-01 3.243723579892049957e-01 6.053579657357389954e-02 -2.138425612780630036e-01 8.407222293219220044e-02 -2.140877433940769903e-01 -1.827182418519089982e-02 1.496145836011150004e-02 -1.974897764441469958e-02 -6.284371591888450459e-02 3.382120708385950025e-01 4.768547512711219794e-01 4.316682349293780030e-01 2.727184796007199874e-01 4.485373371522869967e-01 2.006852446979700000e-01 2.081784682965779898e-01 2.046343247048109937e-01 2.055949639646159899e-01
1.149703952833839998e-01 4.223192488457550020e-02 1.463108129027110016e-01 -5.882937407016280290e-02 2.094315615194289881e-01 9.916740763858650221e-02 -4.159914486500879832e-02 -2.750564968324310106e-03 -2.274582406040459928e-02 -6.395085858197190054e-02 1.000000000000000000e+00 5.825287581099549694e-01 6.379956812901770302e-01 3.986590767282019998e-01 4.531352734837449936e-01 3.307357873654550029e-01 3.128907245177000029e-01 6.306794398696280446e-02 5.100713783814000424e-01 2.693618015376850194e-01 2.092160415629850112e-01 2.773873113197120044e-01 4.664826756271239772e-01 5.260655700135189461e-01 3.583579745568339914e-01 3.360873238728209755e-01 3.147690555550060054e-01 2.245747790932819954e-01 3.958611942507210268e-01 4.797627171679549885e-01 -8.174883536690159824e-02 7.481045457335540327e-02 2.377629176776900055e-01 1.097398049737479953e-01 1.868393636080729892e-02 3.955311760573809732e-01 -3.813734123043319851e-02 5.222961181456699936e-02 1.057026522882749953e-01 3.369679778775940271e-01 -3.770714464743539773e-01 -1.080591746848000023e-01 -2.946175930643999963e-01 -2.027208886777749908e-01 -3.328338647795119898e-01 -1.698048653849640044e-01 -3.522067380545930160e-01 2.755255669316700184e-01 -1.624450112583729899e-01 2.036554268338200120e-04 -3.857067417249269992e-02 -2.088335691645319958e-01 -4.171207346876170119e-01 -2.640834004934369816e-01 2.617044093094119880e-02 -4.375597098011609759e-02 2.822398439867540021e-01 1.476344711046820024e-01 3.447627458757819841e-01 2.472786917429529996e-01 -3.900049246179389945e-02 1.348418544757589987e-01 -2.921833349907380084e-01 -1.239591608661889943e-01 4.043708469367229830e-02 1.128785496473630051e-01 8.660750858680120456e-02 7.643878726291029879e-02 8.349505469139119340e-02 8.806743409339740092e-02 3.879592986256800158e-01 2.139103990140550082e-01 6.039347344285710129e-02 1.695715107194570026e-01 2.769665366950649910e-01 3.696661785797950017e-01 4.585773124755340158e-01 5.177073543253970511e-01 6.831397827043730331e-01 5.108589739711519861e-01 1.191306099607229996e-01 9.147529099012989551e-02 -1.860349459588540033e-01 4.922014597081360021e-01 -5.253823479985889749e-02 9.441245599088099461e-02 3.291751030547929724e-01 2.913037837842720190e-01 5.920951643222280292e-02
1.481897422342179915e-01 1.606983138528439992e-01 1.006144938915359971e-01 2.535491992616219908e-02 2.577170502949340247e-01 1.237544485821770041e-01 -5.710870632599689828e-02 1.737688546190329919e-01 8.242136107218180074e-02 1.179414900626589956e-02 5.825287581099549694e-01 1.000000000000000000e+00 6.754273078895479676e-01 7.447831107949629548e-01 4.448331138664219919e-01 5.234552650759920489e-01 1.023077733719170018e-01 -2.422584066557980156e-02 2.840695965501670028e-01 2.612105948391760246e-01 1.872008612188149901e-01 2.622570954845320212e-01 3.111825903896540124e-01 5.468813336468250075e-01 3.616891656548659739e-01 4.374948795781509747e-01 1.314490385591330079e-01 2.722197454676940076e-01 2.246339724571199958e-01 3.940587387101179839e-01 -6.505256727772920633e-02 1.226812173952530061e-01 2.343452092273100029e-01 1.896858338064930094e-01 4.703798723014630291e-03 2.758402116955530059e-01 3.372485232887659917e-02 2.096413644443569924e-01 9.872775091770470690e-02 3.115709537909859828e-01 -2.416175136829009917e-01 -9.224155076273519993e-02 -1.440626848321200082e-01 -6.379363619565550647e-02 -1.417864783262139938e-01 -6.232414768939899957e-02 -2.301000378472380092e-01 1.747762117362769985e-01 6.677132634753360496e-02 1.929293382855619965e-01 -8.488188520866710163e-02 -2.599854542301899829e-01 -2.106705501427270089e-01 -1.807671311110720103e-01 1.017928705898760028e-01 1.143314764924580063e-01 1.953153637548500077e-01 1.333058655236590007e-01 2.601190223062330165e-01 3.531895149029999903e-01 -1.656468727237800018e-02 2.353019062634270075e-01 -2.726938397097919964e-01 -7.901881898026109907e-02 6.626978876449189648e-02 1.452626252283490127e-01 7.551221893361390047e-02 3.151678821063579744e-02 2.446625617354739879e-01 1.448113042104219872e-01 1.548722641501850128e-01 1.024387612674869941e-01 3.912293049737679967e-02 4.645665531221439964e-02 1.915153086565719864e-01 3.856717403521480181e-01 3.539888884351509724e-01 5.260336689208520156e-01 5.267697834318969541e-01 6.164987955409759746e-01 6.627578067068669310e-02 1.326192543024689863e-01 -1.127864885381330007e-01 2.426608287949779952e-01 -8.745611628149910222e-02 9.485973101438589794e-02 1.556750067204079879e-01 1.496075238717050060e-01 2.054484341278179846e-02
1.542233652790379883e-01 -1.832155720803629873e-02 5.033489547637649830e-02 -6.203850262635780127e-02 2.665671921707790104e-01 4.005820220433749940e-02 -8.331671792127870457e-02 -8.442640963239329832e-02 2.170505323198899938e-01 -6.630104923817090046e-02 6.379956812901770302e-01 6.754273078895479676e-01 1.000000000000000000e+00 6.966873606413720443e-01 7.288253136788179765e-01 5.604259683461050301e-01 -3.834665826512539955e-02 -1.546722734696429902e-01 2.723500557569160097e-01 9.530429489336740556e-02 1.409702734480970110e-01 2.095345077578679993e-01 4.380615441760010165e-01 4.135216950698429872e-01 5.108016492239749740e-01 4.888833285592599776e-01 1.851682035817779973e-02 1.305892631670369994e-02 1.510872676410159876e-01 2.376218307909289951e-01 -1.544849262565420045e-01 -1.292220844650699973e-01 3.004979243980719916e-01 1.282850035212030060e-01 6.768468644810990420e-02 3.355598838478049961e-01 8.087149200785059833e-02 1.695307887641540057e-01 1.306928064408109935e-01 1.707248607726979950e-01 -3.271221126886370012e-01 -6.619765656581119706e-02 -2.611280820473890207e-01 -1.917152608141949877e-01 -2.608167956670969789e-01 -5.421574510109260225e-02 -3.007601991849589984e-01 1.769995833940740115e-01 -4.668579784308320157e-02 4.485288817230709962e-02 -1.693180600643370004e-01 -3.215257351400009900e-01 -2.656265295852680008e-01 -3.360691409181529865e-01 1.924390001284259910e-01 -6.191581719620600083e-02 -7.583052381351010340e-02 -1.121874817018229942e-01 4.303670486034850140e-01 3.577993257795379911e-01 -7.811536870632529439e-02 1.224604268232020038e-01 -3.227351498656230167e-01 -1.860148733025460133e-01 1.335263319303059935e-02 6.548484622019740131e-02 -3.718701645593080335e-02 -9.568534323550910436e-02 -4.977184937890079958e-02 -1.588698058198209986e-02 1.506634471012510135e-01 1.759024596330709955e-01 -1.612345847765719875e-01 -8.655570231850770804e-03 -3.677627336319899687e-02 2.655490388074649988e-01 4.202592224724649994e-01 4.096351966001050005e-01 4.555915062875789956e-01 4.802894968364910255e-01 6.501787308144689470e-02 -2.371738436454959992e-02 -2.236593681710699888e-01 2.909020982272430000e-01 -1.552532040877279973e-01 5.883498883787500328e-02 1.596007257629389886e-01 1.524923709060790056e-01 -4.318925000553559823e-02
1.695943700357709916e-01 1.232246882022220019e-01 8.923752156955820636e-02 1.567001369835679947e-02 1.943091512799380027e-01 2.270659091812609887e-01 7.785078729023810207e-02 2.024877448211269970e-01 2.813929855783999789e-01 1.126242221269729976e-01 3.986590767282019998e-01 7.447831107949629548e-01 6.966873606413720443e-01 1.000000000000000000e+00 5.675456846227939778e-01 6.506813360913900057e-01 3.266434790960359713e-02 -1.157087910978549933e-01 2.076046961784659972e-01 1.038888562976530011e-01 1.813411712874219983e-01 2.210112658875759972e-01 2.851948086331519971e-01 3.624015780084580141e-01 4.005425129376120053e-01 5.047914224139089523e-01 9.523993580733620609e-03 1.415686657291329864e-01 1.144932713120870027e-01 1.638047416093320052e-01 2.349358447164739960e-02 2.115086989583970026e-02 2.558686706224589935e-01 1.929965099654900040e-01 1.471039422854179997e-03 2.067580710620390005e-01 2.610375354052929878e-02 1.811062432968600089e-01 6.192969760902480164e-02 9.291503018937710690e-02 -8.796835220119489374e-02 1.701456932971250058e-02 1.041236709221760037e-02 4.947930036933569781e-02 -8.383370640840509536e-02 5.760103873748859821e-02 -9.336818481332530284e-02 1.420002880211869989e-01 5.799434179128030303e-02 2.916890884720440003e-01 -4.239453454280579792e-02 -2.172164092441890015e-01 2.719747645769249930e-03 -6.982799736803180224e-02 2.182998683742539969e-01 1.100440550670069989e-01 1.027262573120859938e-02 -7.031092392786750245e-02 2.594807578698600237e-01 2.971997936106839933e-01 6.242250962110029722e-02 2.511376591349619991e-01 -1.891893119810479917e-01 -2.419567897310440086e-02 8.869194938548310633e-03 2.519123429073229919e-02 -6.389792944916939874e-03 -4.400614510373949961e-02 1.772717815614159934e-02 9.051923025277659740e-02 5.328257939379960062e-02 2.456570646967180110e-02 -2.096099717339880084e-02 1.073881514240260064e-02 -3.741137405829220164e-02 2.279980183770780044e-01 3.115435608191560179e-01 3.511335652083369951e-01 2.939984898843059913e-01 3.740821183558389884e-01 1.150326131136760084e-02 1.734837872304410000e-01 -8.799392193144020546e-02 2.138740525001560089e-01 -4.731804772859450094e-03 1.595233259175170004e-01 1.147418855778059993e-01 1.789069553063440121e-01 8.710797917540260074e-03
2.105173114930480038e-01 9.857600313617059795e-02 1.722665939900009935e-01 2.035751569891590118e-01 4.774799205300009897e-01 3.391830132733730241e-01 1.962195369788700128e-01 1.465278707525979884e-01 5.334470695207840230e-01 1.133127264770130010e-01 4.531352734837449936e-01 4.448331138664219919e-01 7.288253136788179765e-01 5.675456846227939778e-01 1.000000000000000000e+00 6.822075048412700182e-01 5.472251927020550105e-02 -1.129344983618089937e-01 1.623461840526150002e-01 -1.208256480458090067e-02 3.216403117705050052e-01 2.693231837123539751e-01 5.116193905401159592e-01 4.280421947867310006e-01 6.611291207184309959e-01 6.494387185228529535e-01 4.828744372615029895e-02 -4.011235084479970042e-02 1.884089111383019932e-01 1.905945942585730024e-01 5.425398248250720007e-02 8.514200656029960804e-03 3.305152809771170208e-01 3.953778417784590271e-01 1.305941888545089913e-01 2.288944893499569866e-01 1.581981599191399912e-01 4.189212784166330278e-02 1.488003406662520012e-01 4.824986147362399919e-02 -1.171751277978590050e-01 1.368357645501430131e-01 1.822110352292009849e-02 7.111975000590269567e-03 -1.009686216798030001e-01 1.210053625116680048e-01 -1.271320038069309877e-01 2.137887482149269935e-01 -2.266384583397949848e-02 1.457234695024340054e-01 5.075937271108069831e-02 -1.662212511033039908e-01 -2.062296915535540009e-02 -1.414171542743579979e-01 2.641218187048480215e-01 9.988329132280369602e-03 -5.141965694733990205e-02 -6.653976617718070086e-02 3.777813025604709884e-01 5.555200309146529625e-01 1.947407416516100109e-01 3.750931822926680259e-01 -2.264518397117419868e-01 -1.156703626386629963e-01 1.062663214733050032e-01 1.676590618130550103e-01 5.152787444997439931e-02 1.313960288731090033e-02 6.954472281514240128e-02 4.703140829770109665e-02 8.967436971263190171e-02 9.859622569695260241e-02 -9.981224190968139565e-02 -4.699980077776069742e-02 -4.220492907241180092e-02 1.963610945313279954e-01 3.941506948057679760e-01 2.138033246621660055e-01 2.447813971410459921e-01 3.376356903510179808e-01 2.181934085633930112e-02 7.549201912468060660e-02 1.192211755544730044e-02 3.255096999185079776e-01 5.870139093507859950e-05 1.739038371881879985e-01 2.096170334129530133e-01 1.018259897175349954e-01 6.790104865885229768e-02
2.269132669226220089e-01 1.202323136067700027e-01 2.805358511357660123e-01 2.612581856194859942e-01 4.949699972189490205e-01 6.002474707369850337e-01 2.483243879818740063e-01 4.074803203404839813e-01 5.381128454630780267e-01 5.038802135593100084e-01 3.307357873654550029e-01 5.234552650759920489e-01 5.604259683461050301e-01 6.506813360913900057e-01 6.822075048412700182e-01 1.000000000000000000e+00 6.424782594016299753e-02 -7.804405617692400376e-02 2.177763952889530119e-01 1.067148280685179945e-01 2.303632741415249929e-01 3.568538824758409889e-01 4.305474176210479786e-01 4.687684427602999970e-01 4.705577643053789894e-01 6.080841440529619613e-01 6.037140454568670073e-02 2.061884192133759952e-01 1.371740761399999897e-01 2.683410200573250193e-01 2.331144856310650090e-02 4.039513015718550204e-02 1.717237841725839931e-01 2.439347224961130045e-01 1.136466435402419956e-01 2.576406545996259845e-01 8.124836012515889230e-03 -1.239098390751450056e-02 5.260364082522189788e-02 8.681793321042899358e-02 -7.594372771236129749e-02 1.213969194236190069e-01 1.717222643408209889e-02 3.768866533648120021e-02 -4.697042242303810233e-02 1.410642080886810035e-01 -9.809984003232220806e-03 2.365252512794379924e-01 6.779599377455260145e-02 1.921687569178630040e-01 7.988039049116030244e-02 -1.935011840771080072e-01 -1.707145401091990020e-02 -3.690227907206700131e-02 3.580878721937110210e-01 2.957360668280020199e-01 1.604470575132569896e-02 -9.359135115146380302e-02 2.977669210389740084e-01 5.612734652082399522e-01 6.416817957244300152e-02 2.349814567419689915e-01 -2.347024051722280125e-01 -1.753824702871669972e-01 1.912883485672809969e-01 1.945658008631699909e-01 9.692577890850789801e-02 -2.171852751361449951e-02 1.739566558959509956e-01 2.190274360120320063e-01 6.244004977706490295e-02 1.947460171954510100e-01 -1.334608031431790132e-01 -1.808816699487020008e-01 -5.075303982818649834e-02 -4.872410803247079897e-02 2.600668775850439873e-01 2.349801857043530007e-01 2.368264025640189896e-01 2.355013604623500123e-01 1.280560487980519913e-01 2.117391415305500124e-01 8.299333710582659784e-02 3.759906725216169976e-01 1.047584982224730038e-01 2.169956425346289963e-01 2.198180866886179918e-01 2.633618518509959761e-01 1.139197646172050021e-01
3.481896037954049783e-01 3.265743907740180085e-01 -1.237662409588489998e-01 -1.119732962084819955e-01 -1.198235079083389970e-01 1.494399065057969989e-01 2.169411738631270015e-01 3.090043432193059769e-01 -2.073252804831140009e-02 8.831397416421020441e-02 3.128907245177000029e-01 1.023077733719170018e-01 -3.834665826512539955e-02 3.266434790960359713e-02 5.472251927020550105e-02 6.424782594016299753e-02 1.000000000000000000e+00 6.775186623927169638e-01 3.085306653599489968e-01 4.362408803580329897e-01 1.255084275396030069e-01 1.554921370027199934e-01 -1.318995505093950027e-01 9.833705058626289464e-02 -2.932657889035160045e-02 5.871268062043649705e-02 6.297011813093980059e-01 5.568858793932870421e-01 1.306869391682020098e-01 1.903691807935609936e-01 4.768236612339670222e-01 4.702175834958789991e-01 3.838413580029229749e-02 1.278490918883569971e-01 -2.126860130851669917e-01 -2.348222941884749865e-02 -1.317027627463950024e-01 -1.377381828914029938e-01 -1.007249963138349969e-01 8.160878922372709343e-02 1.047165940502289977e-01 1.500016934303589899e-01 1.326818968801999898e-01 1.351395124563840033e-01 -1.023133509926330009e-01 4.054468155262869883e-02 1.282659310857439949e-01 1.951350401028139891e-01 -1.614312091597419896e-01 3.491148988113500218e-02 6.923544109251079659e-01 3.581349749775399882e-01 8.474662883392350410e-02 1.621328250457350073e-01 8.125319100046249354e-02 7.040735914115879568e-02 5.989396247734980472e-01 5.393262018242459543e-01 -1.377646277867619895e-01 -7.193029197552329446e-02 1.663315731285749943e-01 2.122824082758489883e-01 1.612748774568660004e-01 2.514803383620409782e-01 -5.203836310236570339e-02 -1.162192682335869975e-01 1.343649097216960131e-01 2.032478313770000045e-01 2.700024601473630104e-01 2.278536352723520009e-01 2.865317890646469912e-01 3.721223161293919779e-02 6.711032461376670311e-01 4.771621105713980127e-01 4.858116176335580128e-01 2.515253163407010217e-01 -1.711102605822630062e-03 1.007942794362459982e-01 -2.647311512768079841e-02 8.752970510668469858e-03 7.306311088322819947e-02 1.443666569131729915e-01 1.057554546649590033e-01 3.620408076161780175e-01 2.578189298581289868e-01 2.142653464361100046e-01 1.514594025488099904e-01 1.646252912011899883e-01 2.500178809055890183e-01
