1.000000000000000000e+00 1.449289669565460015e-01 3.562712509207219824e-01 9.097625542975469604e-02 1.823605952012940026e-02 -1.225572309953500000e-01 4.184635645665140125e-01 -1.869588634642639913e-01 2.110428791379490021e-01 -2.159089511173860054e-01 5.764643089039680479e-01 -2.006946433214850112e-01 4.258327274757560121e-01 -2.147866133440549941e-01 1.809675649659510110e-01 -1.825205825259960113e-01 4.216363827534159725e-01 1.064715722964449940e-01 4.141955211944179926e-01 1.442384449688970116e-01 5.828284643749660071e-02 -1.940846371467280090e-02 9.971694913262239834e-02 1.349673362781680097e-01 -7.831002844190980416e-02 7.392887692365020247e-02 -9.031775652751559968e-03 3.547470888093000319e-02 2.119977547133919948e-01 8.598071202000069635e-02 3.251400489506710012e-01 -1.436935001374269882e-01 9.916288484000189418e-02 -1.028368623362919954e-01 -4.253451349683499971e-02 6.535745543892050591e-02 2.123896837892270129e-01 -7.810502268014030006e-04 3.114769317404270099e-01 -2.830651401754720117e-02 3.413652977061990001e-01 3.072137975559949968e-02 3.306663128161609899e-01 -5.603058191684769790e-02 3.677703911817419846e-01 -1.089224520212890013e-01 3.553764638090490258e-01 -1.562511433581749987e-01 2.674490017881829829e-01 -4.219216772991950248e-02 7.188191441873850174e-01 1.356638555024690107e-01 5.669261126300400022e-01 -2.351321847856349956e-01 4.853366701208710055e-01 -3.022983530817699993e-01 5.641435739626360357e-01 -8.896053512174530165e-02 6.303974711342830162e-02 -3.773144964772829901e-01 2.340139853623409982e-01 -2.497511573192029988e-01 2.979815332370739922e-01 -1.055567518909930058e-01 -9.131465877528049946e-02 2.066109085728589922e-01 2.933823425058160184e-01 -1.618646379477160042e-03 2.014089367609709913e-01 5.756104059662779660e-02 2.846632874916950051e-01 1.723250942125960014e-02 1.299828931054320125e-01 5.674579374788450183e-03 1.035687310326200011e-01 2.773951744923629920e-02 6.305614380926899409e-02 1.012672122438040001e-01 1.632142483248739950e-01 -1.036948330303239935e-01 3.329165469256180065e-01 -1.703944953173689991e-01 7.423573982540479510e-02 9.481251311417909777e-02 2.162391548285350074e-01 2.767698852266070042e-01 9.085568805465130127e-02 -1.629132650152110007e-01 1.976221231326389868e-02
1.449289669565460015e-01 1.000000000000000000e+00 4.875879758068479841e-02 5.436098776076719874e-01 -8.644416306043820053e-02 1.803785808112020120e-02 -8.061328299752980320e-02 3.862215107826360017e-01 -1.069012909177139981e-01 1.362317702429040045e-01 2.010855367773679847e-02 5.019727304796429701e-01 -3.378052622135650079e-02 2.346523361068670044e-01 -7.622212083826900020e-02 1.326082905548340019e-01 3.203003377605880275e-01 4.478191900407589854e-01 2.464202098618679948e-01 5.547772000104189694e-01 -8.537583875237129971e-02 -9.042158039399500469e-02 9.827399345116029361e-02 4.103188369969910099e-01 -1.529101699956859906e-01 -3.064274079536040071e-02 5.708295883646259672e-02 1.930879805408919903e-01 1.709704171337030065e-01 2.422611601731269881e-01 -3.303818870231579885e-02 3.386862208162549903e-01 -1.363618453663359986e-01 1.743813163662069898e-01 -6.481171217334499857e-02 2.625042907338149822e-01 -1.687554385993420003e-01 -2.498621492730300139e-02 -1.200971451386560057e-01 1.023208915244200046e-01 1.608278543687219897e-01 1.067871998622999946e-01 1.152921566070179982e-01 2.347804243151800085e-01 5.349451533450499952e-02 2.007622409232920069e-01 -4.852760011690700204e-02 2.072015131785789888e-01 -9.165129684439859981e-03 4.152914102779959871e-01 2.714578336670179781e-01 6.101245721510379916e-01 2.223398126722169951e-02 3.155940030424160270e-01 -1.252006525884770127e-01 2.249800953738360088e-01 -2.130407378228450083e-02 3.378932238726259918e-01 -2.270742807382110096e-01 7.992336033625089750e-03 -2.415866845461870152e-02 2.915251307355130050e-01 1.380738592439519907e-01 3.757896618713240100e-01 -7.292564326173460454e-02 5.956528778546749808e-02 5.911401496309069692e-02 2.481397356701370016e-01 -2.542123348036820149e-03 -8.698565242980729750e-02 -1.394544424779179947e-01 1.414014199793300064e-01 2.319341935027990076e-01 1.923817918484370115e-01 8.111771576239730497e-02 3.295986321028600008e-01 -5.217512306833940045e-02 3.964936443011810030e-01 -1.206585954831159990e-01 2.955049312941970263e-01 8.881986636065700158e-02 3.563786570659809860e-01 1.359607313773439907e-01 -3.072976179807259886e-02 1.906234037272379889e-01 1.500225480851559989e-01 -1.451845080002159977e-02 -1.480433040688269863e-01 4.773639408925040017e-02
3.562712509207219824e-01 4.875879758068479841e-02 1.000000000000000000e+00 -8.915385077317100615e-02 2.422305783620999908e-01 -2.311779094308450133e-01 7.905074780922359823e-01 -3.144122575903959826e-01 5.716829964112469797e-01 -3.037754355961320152e-01 3.522564698781279757e-01 -2.247882185587420090e-01 5.027587695595859829e-01 -3.503858144735669811e-01 5.090020850115140050e-01 -2.776765261820199893e-01 8.195634302113359582e-02 7.764502490368490120e-03 4.174322847235539813e-01 -5.486593265613019799e-02 -6.004400618200660122e-02 -1.013980816956869951e-01 7.327819519644640511e-01 -1.443943298715750015e-02 3.640369856030399864e-01 6.065306294262209907e-02 1.203727276071339947e-01 4.015222815978729959e-02 4.736749103016459905e-01 6.477488893101200629e-02 4.496923926353489920e-01 -1.818321948301599988e-01 3.935593546090220274e-01 -1.292087252547780007e-01 1.422357713259219947e-01 -2.727603026916219919e-02 3.860811413109390133e-01 -4.150661826628099932e-02 3.236260218778880260e-01 -9.055447736377900125e-02 3.387956405034400209e-01 1.484418861679439872e-01 3.621382466090750096e-01 1.027879110690210068e-01 2.197362039513900134e-01 4.460810891849759791e-02 1.966637925324919989e-01 -2.092197335911650038e-02 2.486968873906220123e-01 7.645865769012889779e-02 9.388840370883959341e-02 3.220150035868239724e-02 2.927273058606930101e-01 -2.331295635028829971e-01 3.630906849049300167e-01 -3.934461827059049788e-01 1.563489227879709953e-01 -2.469529439974209872e-01 3.650040042402620255e-01 -3.544839555906399986e-01 4.106745699027329888e-01 -1.801242887713589980e-01 2.266564005894080025e-01 -1.017612702858410045e-02 -8.107481992802199888e-02 2.367919870263210103e-01 7.391663816012569721e-02 -2.125440146333859928e-02 2.054986169377600036e-01 4.249756899309960201e-02 1.584259348552529978e-01 7.738378135997120433e-02 -2.876180171825359899e-02 -3.203102654715919706e-02 2.534344226494910160e-02 -7.349482013161939831e-02 2.364591631049879905e-01 -9.173681326132309896e-03 1.779144527085720073e-01 -1.344743280518519990e-01 2.575826498541849974e-01 -1.389012070698709966e-01 9.298839904382759369e-02 7.087939448066940540e-02 1.579455703235899955e-01 3.033433819737980097e-01 -6.810238245374179711e-02 -4.270112466846440365e-03 1.209067784429010001e-01
9.097625542975469604e-02 5.436098776076719874e-01 -8.915385077317100615e-02 1.000000000000000000e+00 -6.227165628483170151e-02 3.154790691713290074e-01 -1.537420278023970133e-01 7.784260820821290450e-01 -1.089642300735690038e-02 5.185872794932420149e-01 -1.125423717011420077e-02 6.436910787147249735e-01 -6.685604343439280339e-02 6.050806721309730518e-01 -6.801947273738249977e-03 4.596844032190369744e-01 9.936825829304550550e-02 3.086435360635840230e-01 1.914293426287470012e-01 4.966109796581220093e-01 -8.369851248035120594e-02 1.105652165466920051e-01 -2.306185399863529967e-02 7.845381778992509547e-01 -3.227896446001059932e-02 3.236804072009050182e-01 -9.310460163721820392e-02 2.530742262133660048e-01 1.311335208041050082e-01 5.175486284819750260e-01 -1.446622888360570014e-01 4.980491066765029839e-01 -5.120015430748309920e-02 4.690358146388760030e-01 3.430519058378270203e-02 1.670565317078590017e-01 -9.799080060759519928e-02 2.179021046481520105e-02 -9.711869140791999644e-02 1.747049484557680055e-01 1.181231650041170006e-01 1.218894133066240025e-02 8.592949525259470367e-02 1.588492963787669909e-01 2.395190812109410095e-02 1.708183311385010061e-01 -8.099248376607469380e-02 1.002751772852930046e-01 -2.318952752147609986e-02 1.926887270415240105e-01 1.569103256437250071e-01 3.402261317525480111e-01 -6.187446114472169856e-02 4.121389022113889911e-01 -1.060125123837710043e-01 5.536854915092930263e-01 7.215144611044450006e-03 4.327109988013069786e-01 -1.682184304530280061e-01 3.699560731948600134e-01 -5.451458996001690149e-02 5.427820173513070445e-01 6.763486818085140406e-02 3.138542307085219751e-01 1.175342856110649960e-02 6.601418464514379608e-03 3.421440258629090264e-02 3.474674812280469927e-01 8.292526583735830570e-02 -3.423067744543879798e-02 -1.180248821581939972e-01 1.343031377832429873e-01 1.209168736248100035e-01 6.842553217598940085e-02 1.388180907550110033e-01 2.815872937526089914e-01 1.389149859986809898e-01 4.120376200361799968e-01 1.541661626620420035e-02 3.886958207410660115e-01 8.500147774508400034e-02 3.915017309485869790e-01 1.531989738573310000e-01 -1.947197800702960002e-03 1.156234122787660051e-01 6.032553279894450199e-02 6.193731040662880244e-02 -9.735003135657220585e-02 4.886979705924159728e-02
1.823605952012940026e-02 -8.644416306043820053e-02 2.422305783620999908e-01 -6.227165628483170151e-02 1.000000000000000000e+00 2.735572770746920179e-01 2.095710694749549907e-01 -1.161902561705189935e-01 3.139713002581460133e-01 2.640418003898289956e-01 4.938003140884340142e-02 -1.151409709990419972e-01 1.820657124391880100e-01 6.620057405289719865e-02 5.000326924537019657e-01 3.437348695369240037e-01 -3.182604386991470108e-02 -1.753425444296179969e-01 1.370812351694090103e-01 4.705958801553149912e-02 -1.616008466609929889e-02 2.054844545303839976e-01 1.316538653477589971e-01 4.733799807794650261e-02 4.021176834956640134e-01 3.213032103164840114e-01 1.927451959208120041e-02 2.236434520725739949e-01 1.239387203488829942e-01 1.735573842386239907e-01 2.054703308829050057e-01 -1.888495687184260086e-01 2.710852222668589939e-01 -2.210384894998149996e-01 6.138846506929669655e-02 -1.718001484675679980e-01 3.710583503778129844e-01 -1.514240006890149870e-01 -4.570448810352700092e-02 -2.043936308352509862e-03 2.333248868655569963e-01 -7.292579254293030111e-02 1.961413177641289918e-01 -9.407310160860189729e-02 2.012453044022829984e-01 -1.191408441065399948e-01 2.114995341645430071e-01 -2.361634194113690008e-02 8.949138993368739581e-02 -1.701437805066569886e-01 -6.451537071037860560e-02 -9.180795073095310288e-02 2.267081432555080045e-01 -6.127969864298370151e-02 2.067218082934859924e-01 -7.345596637198040235e-02 4.015535558280589751e-02 -6.340930246103920059e-03 1.601522548235529975e-01 -5.190787264451350233e-04 2.934726738053839989e-01 -9.662561364862830293e-02 1.927234020722450036e-01 -1.360844454171299955e-01 -9.661437581370299274e-03 2.140042868493889916e-01 1.147523712742559987e-01 6.626174764266939965e-02 1.579920372060479930e-02 -5.756163414173270237e-02 -3.855626576836909680e-02 1.026035373655630051e-01 -1.706256059174189876e-01 2.639928499179090143e-02 7.740977262632159350e-02 2.165955487905159987e-02 2.124342568057629999e-01 -6.430695572733889642e-02 1.555680177535790076e-01 1.515221508665109962e-02 1.169123442030269994e-01 -7.674190801880979851e-02 6.682159186465889966e-02 7.317134397199839824e-02 1.090115818440530043e-01 -6.373055426774509868e-02 4.136664210026250177e-02 -1.922433243519069967e-02 -3.518565636681499770e-02
-1.225572309953500000e-01 1.803785808112020120e-02 -2.311779094308450133e-01 3.154790691713290074e-01 2.735572770746920179e-01 1.000000000000000000e+00 -2.320638199934640100e-01 3.501038269539419878e-01 1.047580576424659952e-02 7.315086745416380376e-01 -9.513902287707659555e-02 1.947533816164400133e-01 -1.386988177091389995e-01 4.417731855300229826e-01 1.944053034459710116e-01 6.406172898567430440e-01 -6.364769495385390330e-02 -4.382462720114230215e-02 4.200435961945329921e-02 2.465564042615709939e-01 1.255642025026590114e-01 2.377131490962529903e-01 -1.764411182839789871e-01 2.082401902391909920e-01 3.420901884216320243e-01 4.779066511206779833e-01 -7.337188074977819829e-02 1.927777286423240088e-01 4.912484380279850266e-02 2.728619988515900152e-01 -7.193192672709930457e-02 9.484261257934149814e-02 4.891578745931649680e-02 2.898721197902209834e-01 3.691119904566750320e-02 -1.506836029306850011e-01 1.722301775556679959e-01 -1.036654599816650008e-01 -1.417912965547080129e-01 2.080706942301520090e-01 -2.949464046082969984e-02 -4.594081625338530123e-02 -5.530703265830280019e-02 1.051965310223429984e-01 2.754887319910009902e-02 4.362018786742209719e-02 -3.702100652329239766e-02 1.705266905578390058e-01 1.420028633293870081e-03 1.838904185475909864e-02 -4.582062772225960201e-02 1.378262049603490025e-01 -6.976808474243530005e-03 3.252974685532240007e-01 7.059447673845050232e-04 4.160263578200730228e-01 -2.776223837235439890e-02 2.615046659570779974e-01 -1.054841620072080079e-02 4.008352601160289908e-01 2.454567768938760094e-02 2.549258164235799762e-01 6.410183164048860460e-02 8.656860674626619401e-02 1.213827545454759932e-01 -1.086543906040520063e-01 -5.124018260206800179e-02 2.145252716045399910e-01 -2.819059143241199952e-02 9.782715478453969660e-02 -1.669932737686659896e-01 2.762039460708620026e-02 9.800027051255230312e-03 -4.461372833254469844e-02 1.277025319267610093e-01 5.023835598255019935e-02 1.335874317624959895e-01 2.232493689448149937e-02 1.207813878141960062e-01 2.218959965361060049e-01 3.980514721661099903e-03 2.724587995495300063e-01 2.479252647365199902e-01 2.388654124364089915e-01 1.466530706488410052e-01 6.820509399038959808e-02 2.359427227439369890e-01 -1.061321583808979979e-01 8.187764881630049674e-02
4.184635645665140125e-01 -8.061328299752980320e-02 7.905074780922359823e-01 -1.537420278023970133e-01 2.095710694749549907e-01 -2.320638199934640100e-01 1.000000000000000000e+00 -3.060027479122769956e-01 6.434102727685260259e-01 -3.057690045992599859e-01 4.493921995263480129e-01 -2.439679044425610011e-01 6.101567071826350386e-01 -3.329375536996769802e-01 5.971644745866889759e-01 -3.314103753325169932e-01 4.922329768285760299e-02 -2.007530869498280052e-02 2.680165034314220263e-01 -1.706347584796759909e-01 8.597680504203310259e-02 -8.891442494473189573e-02 4.769383877514419834e-01 -1.049073933537130049e-01 2.219724395670210071e-01 5.107916159843989973e-02 7.760968913336939445e-02 4.504052139636179758e-02 3.953373068519059896e-01 1.182567379953709981e-02 4.930192443894840237e-01 -1.486052926750270065e-01 4.688701013369940274e-01 -1.300187207947020029e-01 1.790496814953120019e-01 -4.422214492341550174e-02 3.434954532448369902e-01 -4.499944268447869655e-02 2.710919934370020212e-01 -1.884077559209459962e-01 2.070651837354509917e-01 1.899353990715600127e-01 2.717527022411350135e-01 1.091265366176009943e-01 1.841429783437990020e-01 1.287800897823379864e-01 1.314297119597840069e-01 2.869798564356789913e-02 2.472165082563259897e-01 1.392351930883659883e-01 5.772536784167710266e-02 -7.231369239840980401e-02 3.526059095142600186e-01 -3.262459492776220160e-01 5.297635719365859641e-01 -4.277366403411639872e-01 1.871771759388859979e-01 -2.515071420491579723e-01 4.582410214898430256e-01 -4.077011206417219813e-01 4.433697114664940098e-01 -2.234221245173159953e-01 1.826630483862100029e-01 -1.189914784983390067e-01 -1.147723844971669932e-01 2.726890941430339943e-01 1.690918343124920009e-01 -8.311555494017669465e-02 2.960256380053379877e-01 1.187711598896520060e-01 2.165699170257009976e-01 3.152841367566019959e-02 -9.666091092823669850e-02 -9.745144036797980316e-03 -3.649156211939039857e-02 -6.577613999511329468e-02 1.886791897484990099e-01 -4.678498624817289953e-02 2.101901416664349875e-01 -6.151506401690760156e-02 3.252828757633899892e-01 -1.494898646140090104e-01 8.577748815463330512e-02 6.094939683207790254e-02 6.010382882027300033e-02 2.969418907028680277e-01 -2.573596209948579919e-02 -2.416623794108370069e-02 3.397012109857509843e-02
-1.869588634642639913e-01 3.862215107826360017e-01 -3.144122575903959826e-01 7.784260820821290450e-01 -1.161902561705189935e-01 3.501038269539419878e-01 -3.060027479122769956e-01 1.000000000000000000e+00 -1.169323748701420057e-01 5.858774661871789524e-01 -1.731447737160529965e-01 7.561145838074290193e-01 -2.654527854696969724e-01 7.400734249904430406e-01 -1.171892397738149988e-01 5.658534007044609959e-01 -6.201841494263080068e-02 2.367738666750109910e-01 -6.365902459299170590e-02 3.639812675093920258e-01 -5.997228267984090061e-02 1.575479237266139976e-01 -1.989284859134829997e-01 7.084804367625839872e-01 -1.045450328771379972e-01 3.081330700829970071e-01 -4.752446876760550026e-02 1.418592258971340114e-01 2.956234221044960059e-02 4.409347115717219823e-01 -2.417743953985299898e-01 5.895490439774290214e-01 -1.720957679894629944e-01 4.621332919383520088e-01 4.906560334300950205e-02 1.695553518650139979e-01 -1.884935664230059926e-01 8.110292428940139853e-02 -1.110964376717639979e-01 2.539932914032360101e-01 -1.468504606687270064e-01 -1.243458030973119965e-01 -1.369059762019919912e-01 9.880712133184789414e-02 -1.677062135774660123e-01 9.053310928748710407e-02 -2.013951340771640008e-01 5.328683405307679810e-02 -9.698056842920449450e-02 1.292343921095490122e-01 -6.382069819768379504e-02 2.316827589200460003e-01 -1.904652363495759892e-01 5.777714875015690366e-01 -2.550769887562590044e-01 7.634186673891869557e-01 -1.746247611235400010e-01 5.534215510190999554e-01 -2.837700037051439916e-01 6.233726979638499754e-01 -1.579936121997999876e-01 6.153855948321319547e-01 -1.626969362359680094e-01 3.554013390205409961e-01 3.906824504334870107e-02 -1.837220285149669952e-01 -1.286456965831309918e-01 4.230691729988800276e-01 -1.219604919368219992e-01 -2.345987931499169885e-02 -2.140771391851239991e-01 8.853964272858849682e-02 7.927568371341420228e-02 1.275514966833810049e-01 -1.027309360892710022e-02 2.462653476322650137e-01 3.088770330036549883e-02 4.132930805561270127e-01 -1.831568870806989935e-01 4.729228969383150183e-01 -2.527423478978490026e-02 4.651578832644620021e-01 1.867384886242849928e-01 6.820254086319769982e-02 5.085145424177459766e-02 -2.196455815732669889e-02 8.364459059403860086e-02 -3.546369491426180215e-02 -3.281675534376589810e-03
2.110428791379490021e-01 -1.069012909177139981e-01 5.716829964112469797e-01 -1.089642300735690038e-02 3.139713002581460133e-01 1.047580576424659952e-02 6.434102727685260259e-01 -1.169323748701420057e-01 1.000000000000000000e+00 8.363273401862099388e-02 3.201932251878419899e-01 -8.782384197591289752e-04 5.026437773417690158e-01 -5.258340270510499653e-02 7.768990292343299631e-01 -1.367376057618389928e-02 4.487024059773660201e-02 4.475478057510839935e-02 1.750871888783810115e-01 3.673769399919930151e-02 -8.647372599549679392e-03 -2.621659315486269889e-02 3.547905574510160087e-01 4.640626347742289950e-03 4.149573509583269759e-01 2.040765794323619875e-01 1.684967340355489895e-01 4.328610238763779677e-02 2.512568630531389902e-01 5.606978508222439789e-02 4.524584580763880148e-01 6.238760959101170150e-02 5.348196388601650364e-01 7.184772987502810460e-02 3.018154583377680167e-01 -1.283335777753170093e-01 3.778220856297699881e-01 -5.549163516397390139e-02 2.432186124574579889e-01 -9.646947659435430034e-02 2.815297114952530211e-01 1.630176654771270106e-01 3.087382833321249964e-01 1.352970470628339916e-01 2.122259120533369903e-01 1.330419776128929921e-01 1.153126938265619933e-01 1.533334656297500043e-01 1.955286010478879954e-01 6.362912351317720483e-02 7.019451761674209977e-02 1.371499708041629996e-02 2.806154861440889881e-01 -5.629757090767120026e-02 4.198117226275290270e-01 -8.442231588104480433e-02 1.496669272346340118e-01 -6.855505204151710053e-02 4.070295754123570142e-01 -5.425206963906339941e-02 4.735249985058480049e-01 8.583318286017670162e-02 1.632192879297630073e-01 2.355151723569420125e-02 -1.250215983600590046e-02 2.690691602858250042e-01 1.106731779004439947e-01 9.100406982720649768e-03 4.141254372595509770e-01 1.842706404810419973e-01 1.090516379603300029e-01 8.678441367159520081e-02 -9.179614522573599500e-02 -7.612707484930400503e-02 1.119988123492870052e-01 -2.881525160849439902e-03 3.333769262952789858e-01 -3.080779976826989938e-02 2.808668930967669897e-01 -2.773009989584599919e-03 4.144228078237119917e-01 1.559048137419770039e-02 2.499216616031600113e-01 3.264657651212740097e-01 6.045675888316710128e-02 2.030884495094290032e-01 -1.195291961641250025e-02 9.923193616763739330e-03 1.307953390482380074e-01
-2.159089511173860054e-01 1.362317702429040045e-01 -3.037754355961320152e-01 5.185872794932420149e-01 2.640418003898289956e-01 7.315086745416380376e-01 -3.057690045992599859e-01 5.858774661871789524e-01 8.363273401862099388e-02 1.000000000000000000e+00 -1.930915149083120008e-01 4.065108728579919783e-01 -2.118789240837480048e-01 6.303212484034329544e-01 1.940077520387689936e-01 7.572511641623540513e-01 -1.094572817797180020e-01 2.725878774170870100e-02 -1.078607304281120061e-01 3.473161021823349959e-01 -4.100907154339070160e-02 2.535124005665480018e-01 -2.537621981546719918e-01 3.812227355984750266e-01 2.635250711283130265e-01 4.031223667286780166e-01 -1.450666593200649890e-01 1.909712629180130017e-01 -6.824941782589080685e-02 3.552219760699800166e-01 -1.058600455146700009e-01 3.664528556564090045e-01 5.362264164367169794e-02 4.145968507854220220e-01 1.730665697088800137e-01 4.848596838298289968e-02 5.512993398999419675e-02 -1.411247257578439884e-01 -1.556260053121620024e-01 1.663675121904530096e-01 6.032322552623479647e-03 -9.246717253138579673e-02 -2.307735864654670080e-02 1.087482820431460023e-01 9.198608768778189157e-03 7.347495652755289819e-02 -3.127292350149629696e-02 1.946551525140569894e-01 -2.132329098666129949e-02 -4.571471698876479819e-03 -1.271529238673189954e-01 1.207483859174350027e-01 -2.504434433171449925e-02 4.825924724892219908e-01 -9.068767277188019560e-02 6.356556679452749492e-01 -1.789345519663899930e-01 3.826663916037360003e-01 -8.884059956463749574e-02 5.905578279466630054e-01 4.975638063373920283e-02 5.238284060482309989e-01 1.202700209433519990e-01 2.554363827875359982e-01 1.298023249839360127e-01 -1.706463080909249863e-01 -7.284444610975600309e-02 3.564683327610860264e-01 -3.032601840951880054e-02 -8.907925992486840456e-04 -2.522293594339309886e-01 1.790612604104880046e-01 2.251319186512519901e-02 7.390923936816569395e-02 8.371276176155870163e-02 1.400361869778080082e-01 1.817778618249240030e-01 6.486802491897179779e-02 4.203683969235119666e-02 3.060299521934680134e-01 1.940217069356259955e-02 3.604964876158809894e-01 2.091500231103949892e-01 2.649523139380379755e-01 7.468529683786269413e-02 -4.901724919963550142e-02 1.820495915843000079e-01 -5.294987435073449621e-03 7.875675136116379316e-02
5.764643089039680479e-01 2.010855367773679847e-02 3.522564698781279757e-01 -1.125423717011420077e-02 4.938003140884340142e-02 -9.513902287707659555e-02 4.493921995263480129e-01 -1.731447737160529965e-01 3.201932251878419899e-01 -1.930915149083120008e-01 1.000000000000000000e+00 -9.630466491245219529e-02 6.751890434021640131e-01 -1.036978305300390035e-01 2.975085180520560257e-01 -8.931077901339500025e-02 3.290481502430819827e-01 1.856426963906029903e-01 1.729161153285919961e-01 3.220434458104910053e-02 -7.073768785822190375e-02 -2.129308396356230093e-01 1.520269488998300111e-01 6.875062793142260043e-02 -1.163156790018560066e-01 9.207373197857950109e-02 2.267772179023689882e-01 7.776975666077999561e-02 2.820082322656780049e-01 5.028915263486039705e-02 2.717302577287289966e-01 -2.243535009191039986e-01 2.736564206632919882e-01 -1.793356278998899933e-01 6.443397039978220053e-02 1.815038745860579963e-02 1.705386788056109937e-01 9.400174492499470402e-02 2.319395385363829942e-01 -1.712500507337519906e-01 2.059668527780739999e-01 4.993175755193939719e-02 2.374131098769010073e-01 -2.373070736523480093e-02 2.665811923404879935e-01 -3.124136371227190061e-03 2.162115624675650105e-01 -9.401562003120560174e-02 3.485595827525440060e-01 -8.480373372749049760e-03 3.368744363399560071e-01 9.986977409713840292e-02 4.863470397016940172e-01 -2.455464235448950039e-01 5.832981852428710257e-01 -2.867484916151050167e-01 5.017530253854499689e-01 -8.784090507800000613e-02 1.995974610408899896e-01 -3.429219733119009961e-01 2.808381487786519859e-01 -2.806026263503559881e-01 -5.865749876413250095e-03 -1.148244502072530010e-01 -2.796858391273170097e-02 2.369275129479510023e-01 1.909377242170479938e-01 -2.645110515370059992e-02 3.111243991809830023e-01 2.211120815787600002e-01 2.686653313184260150e-01 1.013794451417290021e-01 1.167213427283250032e-01 5.683032932342010207e-03 1.810749112733499866e-01 5.702909796712590101e-02 3.287653139185079953e-01 1.147247626926160002e-01 1.709955483515220032e-01 -9.755429084972719322e-02 4.048466626311350014e-01 -1.816632722196709904e-01 9.077561743805570571e-02 1.160818775552359960e-01 1.105117300530450014e-01 1.970785038174449888e-01 -7.821615942207410521e-02 -1.080671310733759966e-01 -1.398287791827310111e-01
-2.006946433214850112e-01 5.019727304796429701e-01 -2.247882185587420090e-01 6.436910787147249735e-01 -1.151409709990419972e-01 1.947533816164400133e-01 -2.439679044425610011e-01 7.561145838074290193e-01 -8.782384197591289752e-04 4.065108728579919783e-01 -9.630466491245219529e-02 1.000000000000000000e+00 -1.257875485269250027e-01 7.008644142895520401e-01 -1.876646304269529927e-02 3.868670674845389734e-01 2.279824183751830158e-02 4.254909881864810117e-01 -5.410111812493029887e-02 4.052644800557679838e-01 -8.209662335072200057e-02 -2.248316986565549944e-02 -1.544422017963860139e-01 4.903264962580399788e-01 -1.180299096350150012e-01 1.226254240654470057e-01 1.961319631479140069e-02 2.203408684200630074e-01 -4.865173449283909796e-02 2.493161554407919978e-01 -2.090018791751540039e-01 5.550471104020839874e-01 -1.123782358953550053e-01 4.273132501693510110e-01 6.887391725724689717e-02 1.289926694802580043e-01 -1.769458726750690047e-01 7.357070710298689586e-02 -1.169455139069270067e-01 1.433408123685379898e-01 2.582405818754989965e-02 4.444797031989599669e-03 1.492667716503959935e-02 2.146681069005109965e-01 -1.443881029646689948e-02 1.929032679076800039e-01 -4.536661334501999876e-02 2.025085541007350109e-01 -1.631370501142090021e-02 2.328536104166520071e-01 -1.190855180739150074e-02 4.919562508627349784e-01 -8.222906356311709963e-02 6.411327424494810412e-01 -2.146261363486799967e-01 7.445562754816360540e-01 -1.512864964020090019e-01 6.577495339091700144e-01 -2.572960417951269951e-01 5.586086499518799764e-01 -4.221125755667799739e-02 6.200785089929740090e-01 -4.754264185917279895e-02 3.231940162346190193e-01 -1.052201852247289932e-02 -1.129410124095260037e-01 -2.214670857411409899e-01 3.299275550981600191e-01 3.336410545167050115e-03 -9.766451087026030431e-02 -2.057838009739610119e-01 7.437256842830500259e-02 4.716957071267079832e-02 1.218498801036839996e-01 -5.793154092920770049e-02 3.202479395025130127e-01 1.009521832999809993e-01 4.069849569468779737e-01 -2.101121833299680053e-01 5.036944550049879954e-01 5.216163507686850248e-02 6.012682228315040511e-01 1.434820860186599989e-01 3.437384062434110238e-02 2.754678681044420152e-02 1.247597125646780075e-02 3.481757298501329811e-02 -6.476150010041409333e-02 9.508930983931800085e-02
4.258327274757560121e-01 -3.378052622135650079e-02 5.027587695595859829e-01 -6.685604343439280339e-02 1.820657124391880100e-01 -1.386988177091389995e-01 6.101567071826350386e-01 -2.654527854696969724e-01 5.026437773417690158e-01 -2.118789240837480048e-01 6.751890434021640131e-01 -1.257875485269250027e-01 1.000000000000000000e+00 -1.671432493719219869e-01 4.944726446974589962e-01 -1.113051186346319943e-01 1.192409428696489943e-01 1.721978144147489898e-01 2.437742713361160107e-01 4.367236228709189816e-02 -8.198718798417059528e-02 -2.063487039256219902e-01 3.184189439595799809e-01 2.718312725033740149e-02 1.475785886007890124e-01 3.591018940858480002e-02 1.092880597859720027e-01 -3.322624825273289700e-02 1.679932928624620070e-01 -1.384822467655380009e-02 3.740603220220070080e-01 -1.827040433045399870e-01 4.977927957079860133e-01 -5.918922758522340150e-02 1.704659352565789932e-01 -1.018429303820960058e-01 2.384413836989009994e-01 1.432053118147199981e-02 2.461830817919679892e-01 -2.144892655342980070e-01 2.924219347369459987e-01 1.327038726405189994e-01 3.321010977308679890e-01 9.545509905803449546e-02 2.898186942611870043e-01 4.576880112211199891e-02 1.987180867945279872e-01 -2.283420257366820111e-02 3.110369173174399871e-01 4.764614862576779797e-02 9.606754420519479643e-02 5.083827217244900332e-02 4.112342551349469910e-01 -2.242725894657650043e-01 6.438143513397900364e-01 -3.204767185927939743e-01 4.765398505077659830e-01 -1.058628664503000055e-01 4.818465303563149726e-01 -3.159157092125139954e-01 4.242937888499340171e-01 -1.894148919139569953e-01 1.646206627014120127e-01 -1.202700636000979956e-01 -1.450172228019029896e-01 2.794556996530869752e-01 9.671476212303729836e-02 -1.402170983696560125e-01 3.895742032455180026e-01 3.336145209845890053e-02 8.970893614167520236e-02 3.582407737279749704e-02 -1.174686890416520024e-01 -1.087461257601640002e-01 2.375422977773629929e-01 -1.966227944718250062e-02 2.987162477619120238e-01 -2.991823395281259859e-02 4.634996903406760071e-01 -6.849240328957159618e-02 4.470691730409490083e-01 -1.308771372740870076e-01 1.086041171551409973e-01 2.059396503660489985e-01 1.257437690979900102e-01 2.279747703405879955e-01 -1.021513315773620034e-01 -1.420437141808039982e-01 5.523161230356229967e-02
-2.147866133440549941e-01 2.346523361068670044e-01 -3.503858144735669811e-01 6.050806721309730518e-01 6.620057405289719865e-02 4.417731855300229826e-01 -3.329375536996769802e-01 7.400734249904430406e-01 -5.258340270510499653e-02 6.303212484034329544e-01 -1.036978305300390035e-01 7.008644142895520401e-01 -1.671432493719219869e-01 1.000000000000000000e+00 3.471645627664129985e-02 6.979374203656000253e-01 -9.358015262311060456e-02 2.137997572086829945e-01 -9.247989561509149803e-02 3.109445579631440193e-01 -3.314089005741240046e-02 1.590384426129440032e-01 -2.487865707299160012e-01 4.834536697177539977e-01 8.536963269701060286e-02 3.363906417128509907e-01 -5.913008949658320190e-02 2.927810711808390143e-01 -1.245079180513159953e-02 3.981017253289679814e-01 -1.753052229299499887e-01 4.759329719694029848e-01 -6.842236168932359919e-02 4.735526760321550066e-01 1.064364575024930037e-01 5.584117293251530251e-02 -2.570833513718090088e-02 1.071393372094460034e-01 2.130429735242099845e-02 1.553723584144839909e-01 4.014870096864169707e-02 2.227525550300400031e-03 -8.257360361065259335e-03 1.793863478966120084e-01 1.939318334367740038e-02 1.759547552611110122e-01 7.805220976039180247e-02 1.595286857580320017e-01 6.104691511022670297e-02 1.054833503032290010e-01 -7.175506493193120616e-02 1.610868732977039919e-01 -2.345001057740499911e-02 5.436426459789099885e-01 -1.050421812494739954e-01 7.402490537953689831e-01 -8.939674055007559850e-02 6.213435874064020537e-01 -1.560578501456189870e-01 6.844253944457490135e-01 2.588323382475659837e-02 5.849976491126319678e-01 1.030310871961889925e-02 3.172685320931469821e-01 1.539376098098340084e-01 -2.839169220610939792e-01 -1.260660626110129967e-01 3.030988518710450164e-01 -4.186172924651519744e-02 1.089294134367660011e-01 -1.363104488433370121e-01 1.842082505513490120e-01 5.626447106124669861e-02 1.034204399233529942e-01 5.167604774942249901e-02 3.917208443526289940e-01 2.641449492171439872e-01 3.753811460223909768e-01 -6.333675135909350162e-02 6.042687217039529601e-01 1.417843770163420003e-01 5.465278558393309449e-01 2.880248300608599932e-01 2.614853484327350208e-01 1.284200198295550044e-01 6.378449077165179726e-02 1.225169899547269986e-01 -4.382436137852899899e-02 8.330216194228549920e-02
1.809675649659510110e-01 -7.622212083826900020e-02 5.090020850115140050e-01 -6.801947273738249977e-03 5.000326924537019657e-01 1.944053034459710116e-01 5.971644745866889759e-01 -1.171892397738149988e-01 7.768990292343299631e-01 1.940077520387689936e-01 2.975085180520560257e-01 -1.876646304269529927e-02 4.944726446974589962e-01 3.471645627664129985e-02 1.000000000000000000e+00 2.010862819211599872e-01 2.691179449707289950e-02 -1.285923301760160120e-01 2.036079757655440137e-01 1.556665223963189966e-02 2.222520437148890055e-02 1.010663112813870064e-02 2.754581294211340126e-01 -3.215190553794430167e-02 4.250832038923300082e-01 2.554911002052089875e-01 7.272950831970899366e-02 1.099074200974349963e-01 2.814772496345320230e-01 8.560711823050319580e-02 4.317071104652590030e-01 -3.380146519342629857e-02 5.131301309246409925e-01 1.566471515957360006e-02 2.399071345460289939e-01 -1.205614891903299957e-01 4.189423964521299948e-01 -1.143468434982950060e-01 1.854904287090209936e-01 -1.298288193223439968e-01 3.409550253504690098e-01 1.588649918672140060e-01 3.629857983758810192e-01 1.557740209190910108e-01 2.889860258358559753e-01 1.306088886163520035e-01 1.686852700961410101e-01 1.842860187734290112e-01 2.377803180637070024e-01 5.779211865794629810e-02 -2.982028872922349813e-04 3.540033959819569725e-02 3.277969288469749776e-01 2.145321908905789901e-02 4.093025742727129934e-01 -5.566911196361670061e-02 1.277783049629810097e-01 -1.567767781659670095e-02 4.203964128998650129e-01 -2.154020030621929885e-02 5.260949243743370252e-01 6.598003456279880052e-02 2.797750981230919809e-01 7.177727572332319450e-02 -3.593477684220380136e-02 1.971430240989029969e-01 1.366276343904190005e-01 -1.709838027698199966e-02 2.315260594298660102e-01 1.195505593622259999e-01 5.706570421988060166e-02 1.573294728290010047e-01 -2.001935155846530090e-01 -1.364238339419630019e-01 1.113227554122129953e-01 -6.539644128005610291e-03 3.695365169881429934e-01 -8.764981917738040584e-02 3.386883758190509797e-01 5.545639409704389983e-02 4.070311771727250227e-01 4.855994437590210183e-02 2.620010452439360260e-01 3.335471838194299932e-01 1.069309179718739983e-01 2.378698123640959894e-01 1.660479687728070100e-02 -7.404912904684200423e-03 7.158539662408690274e-02
-1.825205825259960113e-01 1.326082905548340019e-01 -2.776765261820199893e-01 4.596844032190369744e-01 3.437348695369240037e-01 6.406172898567430440e-01 -3.314103753325169932e-01 5.658534007044609959e-01 -1.367376057618389928e-02 7.572511641623540513e-01 -8.931077901339500025e-02 3.868670674845389734e-01 -1.113051186346319943e-01 6.979374203656000253e-01 2.010862819211599872e-01 1.000000000000000000e+00 -1.039541650341589962e-01 1.567787937262379860e-02 -4.001611798777950091e-02 3.433186205449639816e-01 -3.236461623950270122e-02 3.287024408450329727e-01 -1.285234083896530100e-01 4.690131018095730076e-01 2.738751852700729850e-01 5.317456510676029646e-01 2.868335747899700139e-02 3.386908371536629936e-01 5.831733527872839939e-02 3.801442759160750251e-01 -1.017749045412810055e-01 3.231683029921489925e-01 -2.183453917893580024e-02 3.835132484021619992e-01 3.408947596947470293e-02 -5.702043338663010351e-03 2.190389343392500077e-02 6.676316199656509576e-02 4.062261702071100211e-02 1.024235604686340034e-01 -5.221777500571860367e-03 -1.118677926837809977e-01 -4.436128052856439657e-02 5.143065496853239937e-02 -2.247443879029140112e-02 -1.373377477461639948e-02 3.839904428857950081e-02 9.846458148921849451e-03 8.943694517492930748e-03 -9.245534561567729515e-02 -9.201041010315569313e-02 7.031093586143559448e-02 -3.307995186402930277e-02 4.136384604265819775e-01 -1.208484514370710000e-01 5.583528271118749498e-01 -9.795450811372340139e-02 4.160852632320349853e-01 -1.341045785056080020e-01 5.833229847846690408e-01 2.270640083042500118e-02 4.594704137084529849e-01 5.069517434871659983e-02 2.822721034943739826e-01 1.333753165818239994e-01 -1.831557553148289996e-01 -8.796820289186149666e-02 3.535537870056419951e-01 -1.259318823185089919e-01 4.748320121584720041e-03 -1.854317891875479907e-01 2.138195862442039963e-01 -3.940708576455229789e-02 3.680299441328650084e-02 8.979713298918649833e-02 2.077425153944089942e-01 1.686343838110090088e-01 1.829268124637410120e-01 1.220050429318049988e-02 3.708061858404809730e-01 9.517750191461049614e-02 3.185908408332219777e-01 3.257597445314989737e-01 2.840584221768330253e-01 9.609984005991560607e-02 -4.818083865966629915e-03 7.556769198460709658e-02 -8.885307016263370439e-02 -3.506608041166610346e-02
4.216363827534159725e-01 3.203003377605880275e-01 8.195634302113359582e-02 9.936825829304550550e-02 -3.182604386991470108e-02 -6.364769495385390330e-02 4.922329768285760299e-02 -6.201841494263080068e-02 4.487024059773660201e-02 -1.094572817797180020e-01 3.290481502430819827e-01 2.279824183751830158e-02 1.192409428696489943e-01 -9.358015262311060456e-02 2.691179449707289950e-02 -1.039541650341589962e-01 1.000000000000000000e+00 2.303225191071160138e-01 3.368832815617430199e-01 2.594135423581029887e-01 3.832536350863970098e-02 -1.640075142114889861e-01 6.842758078423009926e-02 1.761714652170630058e-01 -1.226737737324160027e-01 -5.693017483949019963e-02 3.510361429724340177e-01 1.302394218325889919e-01 1.276433595794599918e-01 2.907653741796870084e-02 -2.591859897681030034e-02 1.613176641296870011e-03 -1.432606372675969963e-01 -7.317548196432399621e-02 -1.153848350848050014e-01 1.319926612357449902e-01 -7.887883474654540372e-02 2.999985999571039980e-02 6.921157683307249675e-02 -7.889373060333150500e-02 1.058872221087450022e-01 3.996650679392749900e-02 1.814503343464989871e-01 -4.656981134753859775e-02 1.049001301350319937e-01 -4.883010625510939701e-02 3.190626337193330081e-02 6.348331589148720503e-04 -6.248279803579469965e-02 5.377321211295320313e-02 7.275627958636560200e-01 2.308676160010779965e-01 2.429237723073029986e-01 -5.784442608713639966e-02 1.584652413528560011e-01 -2.069539782638759873e-01 5.013570835915910351e-01 -5.264403684310699910e-02 -1.351790872806289956e-01 -3.211818812056699834e-01 4.338072828773759798e-02 -1.870355809371289924e-01 1.256891218687030132e-01 1.489156063136519992e-01 -2.188135600421350080e-01 3.654157337142039941e-01 3.704044261604310107e-01 7.429239941295090466e-02 1.733842942376249974e-01 1.234927727671519954e-01 1.464604902263940134e-01 -4.855376953725230177e-02 4.850216534939280066e-01 2.116665076879599983e-01 4.720906508457889950e-01 1.427837160266219874e-01 1.054296668651950042e-01 1.537040186681860043e-01 7.536754935629380592e-02 -1.560362183945289971e-01 1.629647748286220110e-01 -1.031723777755439997e-01 1.350784399594689988e-02 8.650852082735399629e-02 1.543072999882809937e-01 1.187609396014499968e-01 -4.418491200741680308e-02 -1.686546640052200008e-01 -1.806231991233419876e-01
