1.000000000000000000e+00 8.166655080719610327e-01 5.755784309159149847e-01 5.625011794177450231e-01 3.163473811578519923e-01 3.496693659417700051e-01 5.659765458978820440e-01 6.907054819365630038e-01 2.815219232056490051e-01 2.638660129490780215e-01 6.263493613331799770e-01 5.071651075474760129e-01 3.935549204039530125e-01 4.464453443558040191e-01 2.399768861590539926e-01 3.371573791859709956e-01 7.309640568818579487e-01 6.603553868065790144e-01 7.109185170034040269e-01 8.031379241620210108e-01 1.997168789327040117e-01 9.289254017174579381e-02 4.216941672213300185e-01 5.340419317292609547e-01 4.615831054855060178e-01 5.092227255978309941e-01 4.991799277686029823e-01 5.658810936862049834e-01 4.175494206955959742e-01 4.511500301794870160e-01 4.732370873857539850e-01 5.267388755205210105e-01 1.173281147571759997e-01 2.519434348080539787e-01 3.250135895663069929e-01 3.003796759821439899e-01 5.010222406765529879e-01 4.465948337626299836e-01 3.221327756639499884e-01 4.209479996403310276e-01 2.143612598339930120e-01 3.074604918821620125e-01 3.503013116018149908e-01 3.887967194552700012e-01 1.977875882994039880e-01 1.706044328006189881e-01 4.553000296566119820e-01 3.673239161303190059e-01 5.001051229063729897e-01 4.270953602039559982e-01 7.108611741154949870e-01 5.815863652581829690e-01 3.120897964688780224e-01 2.445755582792639993e-01 3.770943708034060204e-01 4.210302064512420062e-01 4.296422386650090020e-01 5.104455399678670124e-01 4.965288933677319827e-02 1.893608421013719956e-01 3.227076143341370273e-01 2.637391565977439956e-01 7.523678078671179881e-01 5.557728792565910236e-01 3.864902459498379961e-01 4.030913426824420109e-01 3.983665441891530157e-01 4.740936728633010078e-01 3.107432654342889844e-01 1.411254491296559943e-01 4.391124598554240199e-01 2.522215529158329805e-01 4.240783351840810012e-01 3.929918153512810264e-01 4.923679026016630211e-01 5.247887408638399753e-01 4.332841149310350248e-01 6.288332194269079523e-01 4.064252909741489783e-01 5.319561735286649773e-01 6.064555312854740254e-01 4.860342867039679771e-01 5.082933136842759936e-01 4.072314518725699828e-01 5.571117063383500545e-01 5.196444399545120385e-01 3.445413827969859843e-01 3.486926592297999727e-01 5.137347117523229922e-01
8.166655080719610327e-01 1.000000000000000000e+00 6.697164087277539535e-01 6.673417279475489794e-01 2.981100105069390271e-01 3.968532322818539848e-01 6.402908476480170252e-01 7.154633125555379669e-01 3.753036736611989888e-01 2.773247019673230063e-01 6.095807019857399922e-01 4.933045184029100083e-01 4.113969641688099976e-01 4.255980241842889922e-01 3.265565346113090128e-01 2.906458070984039854e-01 7.297091956679909730e-01 7.885848670280130035e-01 6.946576754292139722e-01 8.476356574331830318e-01 1.923426713060960025e-01 1.956833722443120094e-01 4.254119762804369764e-01 5.796948813590989680e-01 4.863116788423519909e-01 5.702262280019649854e-01 4.435287878650919779e-01 6.162042034947089464e-01 4.536804969985119840e-01 4.521226104782219979e-01 5.030243243068479586e-01 5.812261614736889959e-01 2.467583731634589994e-01 2.711968943061410231e-01 2.949904013048709750e-01 1.709064082676539920e-01 4.772863132921369989e-01 4.459523470154589941e-01 2.203077420111569928e-01 4.128546170223910128e-01 3.263255387938089891e-01 4.204743417884360124e-01 4.035683011021239941e-01 4.565108972792359943e-01 2.918448254112629980e-01 3.290587799903689770e-01 4.172557231240610065e-01 4.773735900674470067e-01 4.728194432861350105e-01 5.120555118745939716e-01 7.366010188374919609e-01 7.269575456466460528e-01 3.407420814859090097e-01 3.654791596474240012e-01 5.178417707262920056e-01 4.518250680010589826e-01 5.402146909336329461e-01 5.847853752473619604e-01 1.959982786572400104e-01 3.187868582719460275e-01 4.526654364255249807e-01 4.282110435147060135e-01 6.984853674806690282e-01 6.389759057476269710e-01 3.096441211919460090e-01 3.072572211588189828e-01 2.820232513807600094e-01 3.604013486924039777e-01 2.623813830143780224e-01 1.228662703135030010e-01 4.641960350504539812e-01 3.022890981842619729e-01 4.411198930682649899e-01 5.279129815983669705e-01 5.746419444063399773e-01 6.350105265130120413e-01 4.774069521652080095e-01 6.399938864082049816e-01 5.285374236795900016e-01 6.594570388914300363e-01 6.671208943306069505e-01 6.058348545985600131e-01 5.773543348366200201e-01 4.931484702334539838e-01 6.000403399599120169e-01 6.118940407162669626e-01 3.091692889452949955e-01 3.482396531346629853e-01 5.602509611315400484e-01
5.755784309159149847e-01 6.697164087277539535e-01 1.000000000000000000e+00 8.003711931979919925e-01 5.655745202292800089e-01 6.317345688661339942e-01 8.411830548533240082e-01 7.200742406735399781e-01 6.473994704599199679e-01 5.870704277014600070e-01 6.395897429749619612e-01 4.668990278984149755e-01 6.787504203755370114e-01 5.345004681134239988e-01 6.658695513758019491e-01 6.062938281209170333e-01 5.301097122248209503e-01 5.492597377535080039e-01 7.752074496546960125e-01 7.610957329703430529e-01 9.380231534074859323e-02 2.434892504330249952e-01 7.729805845942719911e-01 7.694960048331369595e-01 6.075997628961240515e-01 6.198913001026800096e-01 3.789748619502130156e-01 4.077022486137980017e-01 4.102054728160420272e-01 4.886552817836580243e-01 5.906340176802830078e-01 5.882598718039639962e-01 3.442432025606450008e-01 1.926087422108239966e-01 1.705312016441249967e-01 -3.799309728053969909e-02 4.332271343822119980e-01 2.876515969275770246e-01 2.403040257247640032e-01 2.428380882663029872e-01 4.468791484167199957e-01 4.278274323779779897e-01 5.408623632338029896e-01 4.761938227973779858e-01 2.896796897468519871e-01 3.954488976236800180e-01 4.407399976927769969e-01 5.006407446176109888e-01 4.392648233079299858e-01 4.616382980246849788e-01 6.711057652419269992e-01 5.994083070397310253e-01 5.160749367134990218e-01 4.354136992765990088e-01 6.546016695340779457e-01 5.706404984017410253e-01 6.645180045468920271e-01 6.436838709250459756e-01 4.794544760094829883e-01 5.033498974533220371e-01 6.292440604222120371e-01 5.146841804990950342e-01 6.441962945144470432e-01 5.913862723261780197e-01 2.124678624753640055e-01 1.134187686851339943e-01 1.327350479010850071e-01 1.604743097372829941e-01 1.280028440848069993e-01 6.729959257805609441e-02 4.054399284817969962e-01 1.759528772963190046e-01 3.648818965533019987e-01 4.194624502475770012e-01 5.027188134147360099e-01 6.582391872133650512e-01 5.019933392156740171e-01 5.720555305562800008e-01 6.776120168416880363e-01 7.394679267952010138e-01 7.596553258787880347e-01 6.470983641400890329e-01 6.923979180464899796e-01 6.543341744329600473e-01 6.296443037312180468e-01 6.337358265228979493e-01 4.110574260834710114e-01 4.789212742364580278e-01 5.614462638468360467e-01
5.625011794177450231e-01 6.673417279475489794e-01 8.003711931979919925e-01 1.000000000000000000e+00 4.250390938370819938e-01 6.356558421013359661e-01 6.504179037395230178e-01 8.400752952001859786e-01 4.814329898606840019e-01 5.860489689672370162e-01 4.972012412302980189e-01 5.721554613972340553e-01 5.076609489280430321e-01 6.209540818747100177e-01 5.201421108021510031e-01 5.732990371524719908e-01 5.699162649799700553e-01 6.032654005016719889e-01 6.755316083557559859e-01 7.577568611554139633e-01 1.328852683029839998e-01 2.295156329344849866e-01 6.183139801476039699e-01 7.704583884651520220e-01 5.655326823506839906e-01 6.137840642682730330e-01 3.762005017351979785e-01 4.580938252889890094e-01 3.302228818101229924e-01 4.526752367351379869e-01 4.333943422755500152e-01 5.432898864935939987e-01 2.657667302356320205e-01 1.823278068552990072e-01 2.290348948396460083e-01 -4.948764430712029871e-02 4.322869347117960226e-01 3.373373117444090075e-01 2.722191889606490056e-01 2.231851915942349995e-01 4.118568524328590219e-01 4.628393535286440263e-01 4.470596701667670092e-01 4.859921574873000139e-01 3.096571646671220090e-01 3.886358689507409814e-01 4.711329098243730029e-01 5.524046488424999568e-01 4.559921267545329893e-01 4.966831931556360269e-01 6.494645791139429525e-01 6.812675092687510148e-01 4.224758648231269897e-01 5.309686553875310189e-01 4.920522398012139864e-01 6.799503156791220082e-01 6.197361891667809708e-01 7.094306517559330061e-01 2.910788239581619807e-01 5.840531328884599471e-01 4.889975523691140191e-01 4.922622389772740026e-01 6.046635176197630024e-01 5.877790329665849578e-01 2.582688504388310213e-01 2.108484404842589921e-01 1.499614411005389947e-01 2.004447438923170066e-01 1.421537458658529984e-01 3.268831577358170121e-02 3.466798054581139987e-01 2.895130532261550038e-01 3.828014201534359895e-01 3.958507972753569915e-01 5.421026430142450447e-01 6.014376083138099904e-01 5.179469858925830339e-01 5.906894049000960267e-01 5.845132393064179643e-01 7.847324129851830365e-01 6.543820633970279799e-01 6.882137846957170346e-01 6.154997621993020251e-01 5.666791274125370093e-01 5.695493741822119649e-01 5.094647621278910465e-01 3.159270563603229776e-01 3.957875221274820277e-01 4.783431716999280159e-01
3.163473811578519923e-01 2.981100105069390271e-01 5.655745202292800089e-01 4.250390938370819938e-01 1.000000000000000000e+00 4.592701220946899809e-01 6.013191110564070074e-01 3.901227413087620111e-01 5.998465862942300442e-01 4.753763143871649888e-01 4.289822441440199752e-01 2.744040971800609796e-01 4.204520367240999756e-01 2.622557922833190225e-01 5.672226369732640272e-01 4.770132169043619919e-01 2.865346617898609782e-01 2.912981947241730096e-01 4.040015984539029881e-01 4.111771946876570105e-01 1.002738818544400001e-01 2.174041465402969942e-01 4.368153884332879877e-01 4.108450797633079743e-01 5.544209278549300235e-01 4.362019188853319962e-01 1.523332401129340041e-01 1.747901470528399892e-01 2.728620390061750056e-01 3.316444438617079937e-01 4.347431097402379985e-01 4.317706266502600032e-01 4.226406001006779989e-01 1.880320505427290068e-01 1.904233020775850105e-01 5.113918709415699732e-02 1.474619117921029954e-01 1.784537890199079935e-01 3.074963950188450146e-01 1.297256950023840116e-01 2.517810825011860265e-01 2.220601240967789991e-01 3.417370293350450172e-01 2.293493445136149944e-01 3.789967019240560175e-02 3.047440886805439786e-01 1.773865504350020106e-01 3.201357558391300095e-01 8.885337591690420367e-02 2.856163454935020107e-01 4.752304398680670117e-01 3.288589007182299850e-01 5.163352778631220552e-01 3.140154099561690004e-01 5.958805838844709601e-01 3.466255873899499740e-01 2.895237565058619844e-01 3.329585502991829760e-01 4.380180506712039734e-01 4.102104911315099800e-01 4.784751216174190080e-01 4.003751345183180210e-01 3.911009418647889979e-01 4.355194702823649844e-01 1.577754986364580114e-01 1.304092983668020123e-01 2.569790805209890006e-01 1.819330125876789939e-01 1.027466363186560067e-01 1.375948803192769965e-01 5.040018222226250177e-01 2.144649424923180114e-01 2.566705688122040141e-01 4.209776607308299834e-01 2.986398727163649958e-01 4.120645489216929747e-01 2.718046059096029810e-01 3.313948638582430162e-01 4.030570708141569813e-01 4.249801588472399971e-01 4.767822617667539786e-01 3.414025650777440246e-01 4.460252745018979947e-01 4.601513276954299902e-01 3.525908764902330184e-01 4.137103128344429837e-01 1.773544885355219924e-01 1.901213941997459966e-01 3.603796878416180016e-01
3.496693659417700051e-01 3.968532322818539848e-01 6.317345688661339942e-01 6.356558421013359661e-01 4.592701220946899809e-01 1.000000000000000000e+00 5.849675997171329689e-01 6.018783604632429451e-01 5.163197007644979575e-01 6.670610225633769597e-01 4.104448131082379936e-01 4.639409177614040036e-01 4.510656704427299935e-01 5.472882236395959499e-01 5.869836816208700014e-01 6.995031014932759916e-01 3.700889311235059931e-01 4.097603932901089929e-01 4.640463660760200115e-01 5.435376507387640332e-01 1.767230616053500070e-02 1.675949044323890025e-01 4.069627126180679899e-01 4.944867604015579787e-01 6.122294700717959559e-01 4.785001155342299972e-01 1.210738282222609957e-01 2.772818732952930243e-01 2.386945710778219931e-01 2.803460190089139825e-01 3.688829627704809933e-01 4.559983397020470064e-01 3.896673220701969975e-01 2.833420319383159747e-01 1.386311749006970129e-01 -8.635616309215420061e-02 3.156461773618010058e-01 2.397036686246279968e-01 2.163265640222530040e-01 1.366593211639929861e-01 3.981702479497750136e-01 3.410080529042500141e-01 3.655090528525660187e-01 2.708049472390219869e-01 2.229152413436880087e-01 3.879182642916920165e-01 3.481731081686760265e-01 4.424341280093510020e-01 3.910316239315970166e-01 4.033748761311499731e-01 4.284377592682960256e-01 5.070472105751590020e-01 4.823661821480559886e-01 5.049494810019510282e-01 4.933090887539119951e-01 5.083153012474650456e-01 3.860123109986530188e-01 5.124363585109129593e-01 4.725124217686479944e-01 5.751528924575699531e-01 4.827628554202270106e-01 4.830328120363839850e-01 4.442647449811290006e-01 5.459858378114420541e-01 1.358256851198879900e-01 4.805066540315770102e-02 1.235473202772860019e-01 6.908689923386540643e-02 1.300490574576420033e-01 -6.964163345117770510e-04 3.258409561645049801e-01 2.453890112775810040e-01 3.524021435974979966e-01 4.022743204082410151e-01 4.154047370268800221e-01 4.650082804236009837e-01 3.426602547471550020e-01 4.142305031833969919e-01 4.602077538052770089e-01 5.621318866246709511e-01 5.258621236519049891e-01 5.292392742538649664e-01 6.064347134737130274e-01 6.297437690454299464e-01 4.632415480555139853e-01 4.572636003987419762e-01 2.483051240150649930e-01 3.631538409712120052e-01 3.773702061045500211e-01
5.659765458978820440e-01 6.402908476480170252e-01 8.411830548533240082e-01 6.504179037395230178e-01 6.013191110564070074e-01 5.849675997171329689e-01 1.000000000000000000e+00 7.336917348217699697e-01 6.567412874073690343e-01 5.424759612139880005e-01 7.430816478314300477e-01 5.872285039729739919e-01 7.222362934548069990e-01 5.005333699860500252e-01 5.272985036469159947e-01 5.496556936372699598e-01 4.728296191888979871e-01 5.002352415796460505e-01 7.061989760303120089e-01 6.723869053055390177e-01 7.829197807309730417e-02 1.223146220947879947e-01 6.794912900245759779e-01 6.423136636496400431e-01 5.615969285505909570e-01 5.084589934547240064e-01 3.307959608222730274e-01 4.248545509820160215e-01 3.922435970617479950e-01 4.146326834431030006e-01 6.698373590369219865e-01 5.630154873303430119e-01 2.874339649419009879e-01 1.168434506807379952e-01 1.782976928232540004e-01 8.993430325788490109e-02 3.499159179394060182e-01 2.828533601721809898e-01 2.244941109881569974e-01 2.747913487585699754e-01 2.227143934275029880e-01 2.779871388687389921e-01 4.242179059067430202e-01 3.352572092855740093e-01 7.823599631689009959e-02 1.971952921872320019e-01 2.939321154423369942e-01 3.365472333626959855e-01 3.154944545538139744e-01 3.294463415524099825e-01 5.984509532812160026e-01 5.287902691380590436e-01 5.117731997540959643e-01 3.608801738930679792e-01 8.067594585046949929e-01 6.237737195971849724e-01 5.551910740628660523e-01 5.824043359846450274e-01 5.721565286247930482e-01 4.150043143465599882e-01 5.594923144209219545e-01 3.582000366450859841e-01 5.208683429173579515e-01 4.689268131344889734e-01 3.315361957262840109e-01 2.288709495683790007e-01 2.904620175629959999e-01 2.586701620033129978e-01 1.813914664070170046e-01 1.568211155356180053e-01 4.810384090215120145e-01 1.330570821748469912e-01 2.463773442207929931e-01 4.212105492425989861e-01 4.429793790258410024e-01 6.435071089715910242e-01 3.024259910119729833e-01 5.123171223711570077e-01 5.851900716890700016e-01 6.556562823616199909e-01 6.862216946096200143e-01 5.222356946337459727e-01 5.562206608238330352e-01 4.798847597629239958e-01 5.261685500080119926e-01 5.073121120238930359e-01 4.047493981747180003e-01 3.835303420765199811e-01 5.009210261639009953e-01
6.907054819365630038e-01 7.154633125555379669e-01 7.200742406735399781e-01 8.400752952001859786e-01 3.901227413087620111e-01 6.018783604632429451e-01 7.336917348217699697e-01 1.000000000000000000e+00 4.841591707413619994e-01 5.863696240650729807e-01 6.003852856164839658e-01 7.359347433166639751e-01 4.791085731038670081e-01 7.403314645753259482e-01 3.967937713812850209e-01 5.982127600332789452e-01 5.764679629268130157e-01 6.113280979768179746e-01 7.480399608639900499e-01 8.170582291324950397e-01 1.629808694668249958e-01 1.114211825354750052e-01 5.477235913961640001e-01 6.592819365854950542e-01 4.989373159192280194e-01 5.500877410999770456e-01 4.861384601504810110e-01 6.202916095422840170e-01 3.428305758777729917e-01 4.317488928494199740e-01 5.595928911706029574e-01 5.769491778603169641e-01 2.167025574751189898e-01 1.610011632640770129e-01 1.838296732286860136e-01 3.022050161642579960e-02 4.167030203692019819e-01 3.409744754046509785e-01 2.991270848697559770e-01 2.688983614605079953e-01 2.434383187369920098e-01 3.379707130325599884e-01 4.202773659758329838e-01 3.587542111772339948e-01 1.643647573777629878e-01 2.155084017802610108e-01 3.653855823016660120e-01 4.251510080265299973e-01 4.192518276901390228e-01 4.127325269263780183e-01 6.444977097160770052e-01 6.716445094399660087e-01 3.800893579024550162e-01 4.940192258922390112e-01 5.444602123699300300e-01 7.351716353121180436e-01 5.827295705418300553e-01 7.405416543436970089e-01 2.914779684754220113e-01 5.045354562155599520e-01 4.384410785483879858e-01 3.868988588126309747e-01 5.984892860445180096e-01 5.510946687947689826e-01 2.834067846885289788e-01 3.039417631660579766e-01 2.663910148941829870e-01 3.591685211937070132e-01 2.031304509059549956e-01 1.057967850486140060e-01 3.787578908249349952e-01 2.752327251102180128e-01 3.497406004028810189e-01 4.158338832320199741e-01 4.549789519358080070e-01 6.106042324921570064e-01 3.932542649215819974e-01 6.276887489080199556e-01 4.855673388435879922e-01 7.152929659106690430e-01 6.188570750105150120e-01 6.242076338668719471e-01 5.532893341419260480e-01 4.626296322146840057e-01 4.901598802276200262e-01 4.773523707644120040e-01 3.105815332771429960e-01 3.141725955023509931e-01 4.899792390186720192e-01
2.815219232056490051e-01 3.753036736611989888e-01 6.473994704599199679e-01 4.814329898606840019e-01 5.998465862942300442e-01 5.163197007644979575e-01 6.567412874073690343e-01 4.841591707413619994e-01 1.000000000000000000e+00 6.671418574109250210e-01 5.014774482169790382e-01 3.149888464325040216e-01 5.211758696406050273e-01 3.915277425190409888e-01 7.375280693958959910e-01 5.217879039043470391e-01 2.465020565979740008e-01 3.508919451339880258e-01 4.588488892666010011e-01 4.589264308460839770e-01 6.232048296894549672e-02 1.774435582393029953e-01 4.510817189251369874e-01 3.733139815323169852e-01 5.822438296325560536e-01 5.505100773766580247e-01 4.367543180575719775e-02 1.223776544733120031e-01 2.444940781547950137e-01 2.147963614010600097e-01 5.081556485413409874e-01 4.691210433279939807e-01 5.135335364847359862e-01 1.736847965444819897e-01 -6.208196587968060204e-02 -1.502764764778239948e-01 1.906245440190370011e-01 1.665479993667079994e-01 1.394512026694310070e-01 5.525139410388479888e-02 2.516150525495829959e-01 3.288757293418890226e-01 3.708045283541759884e-01 2.928561685018289951e-01 7.938071028080399827e-02 4.229015491873669985e-01 2.042236498782599996e-01 4.653532357060249924e-01 2.020424959549040056e-01 4.124383685855569914e-01 4.575919642031420209e-01 4.917550153757569986e-01 4.979055211297440109e-01 4.879845912970889876e-01 6.518859227678930335e-01 5.008885237061350137e-01 2.826802779789969744e-01 4.686597359455380030e-01 5.865843687230889447e-01 5.534217925897340074e-01 4.851485039298439883e-01 5.027554984306550345e-01 4.232557122443579845e-01 4.658470415277369825e-01 7.049380451147280180e-02 -7.735404379124689866e-02 1.746573100667219922e-02 -2.231874421281419829e-02 -1.759121455417040139e-02 -6.201839692542440025e-02 3.888001259273080046e-01 8.741614128754510160e-02 3.367450524805780110e-01 5.095838733009949717e-01 2.704284096012020133e-01 3.731804638166990040e-01 2.245643864417549984e-01 2.330396031827690062e-01 4.266582072308339746e-01 5.246814802581659665e-01 5.230713732493129653e-01 5.460154051000729591e-01 5.550279093450299905e-01 5.871251805523339806e-01 4.079643165613099920e-01 4.986055669895310127e-01 2.651818499844870169e-01 2.932880288619439946e-01 5.596787985168010238e-01
2.638660129490780215e-01 2.773247019673230063e-01 5.870704277014600070e-01 5.860489689672370162e-01 4.753763143871649888e-01 6.670610225633769597e-01 5.424759612139880005e-01 5.863696240650729807e-01 6.671418574109250210e-01 1.000000000000000000e+00 4.030711706296459806e-01 4.633586148846319808e-01 5.219590018786699481e-01 5.385039749704969569e-01 6.142008979558589710e-01 6.604492024443280318e-01 2.530732229629800156e-01 2.926900348300779942e-01 4.478569746646520189e-01 4.590503999144570080e-01 -1.105286025235189956e-01 9.206974997665459681e-02 4.335026226451489939e-01 3.862819471675160155e-01 5.135349507696429505e-01 4.723916685095180257e-01 5.257522040266730118e-02 1.515051395611259899e-01 9.882258648420920444e-02 1.417736189072699993e-01 4.452510806507830043e-01 4.822107864753880091e-01 4.002787886624959990e-01 1.389184253454839868e-01 2.952530188159430136e-02 -1.168715572867229935e-01 3.129694623961299937e-01 2.281182847283189929e-01 1.474605691886149983e-01 9.384815987124499326e-02 1.839940806645699867e-01 2.680579609092439974e-01 2.072125611494680109e-01 1.962816925127829903e-01 9.148403325736749470e-02 3.342001968170780213e-01 2.333679511441670018e-01 3.991126317008750202e-01 2.988526207400740153e-01 3.611543987106130005e-01 3.350199958597099847e-01 4.508714312220010179e-01 3.763784509150739921e-01 5.696150327231840338e-01 4.703530627867030245e-01 6.534855169930819940e-01 2.638307149544140140e-01 4.556989900904169777e-01 4.495168634510520178e-01 5.939052738047529978e-01 3.417566355593880112e-01 3.666235551087539957e-01 3.760931132268380273e-01 4.734403387005650110e-01 6.611071171739109353e-02 1.412308444042570041e-02 -1.393632802336939973e-02 4.753172753045450255e-02 3.489182602017980306e-02 -2.814211756351439955e-02 2.436380139174920134e-01 1.435915280469229893e-01 3.134398350172120096e-01 3.735705107889589760e-01 2.121788912739089872e-01 2.724328418359129866e-01 1.717479479812649978e-01 2.233882146041719918e-01 3.233139251131270098e-01 5.206988791966129515e-01 5.000959489184230167e-01 5.664186449705540527e-01 5.384832341070030504e-01 5.398904739007780451e-01 3.884196819179719928e-01 4.300716557000550111e-01 2.923988067127260004e-01 3.167981402183229767e-01 3.750245048786379765e-01
6.263493613331799770e-01 6.095807019857399922e-01 6.395897429749619612e-01 4.972012412302980189e-01 4.289822441440199752e-01 4.104448131082379936e-01 7.430816478314300477e-01 6.003852856164839658e-01 5.014774482169790382e-01 4.030711706296459806e-01 1.000000000000000000e+00 5.743998186270210526e-01 7.627366588110590095e-01 5.309772364222380414e-01 4.720628185759179751e-01 4.488578505761279813e-01 5.108303041471009553e-01 4.741744589311590041e-01 6.378480486633969493e-01 6.070739908242279714e-01 1.283933872056589875e-01 1.283493183538789995e-01 5.366389225989740552e-01 5.395464717526979870e-01 5.071120007924829753e-01 4.908886477769420220e-01 3.587413474078030018e-01 3.642448376229979745e-01 3.826506456526280187e-01 3.590464005900059763e-01 5.958086005931270135e-01 4.576110172630890038e-01 3.093567198057720069e-01 1.486728598191680017e-01 1.175619111968660008e-01 1.251937949682959961e-01 2.690653015415739868e-01 2.210223625460459862e-01 2.122338538520520124e-01 3.252069389823569745e-01 1.726460006630909927e-01 1.689346473380249902e-01 3.210505708753190190e-01 2.667553918327870144e-01 3.926499471584189715e-02 1.553864179438990134e-01 2.732501182143680096e-01 2.790227376621630118e-01 2.673551421508040260e-01 3.189395676451480255e-01 5.883963392608939635e-01 4.712908901953999918e-01 4.149550208224260239e-01 2.238167004166299878e-01 6.150209365713390497e-01 4.788179444997169854e-01 4.702573463514749808e-01 4.846286968715500243e-01 3.688038614589629893e-01 2.986602618910940143e-01 3.818408060577980212e-01 2.498480450668300046e-01 5.462837941825090526e-01 3.997894842559450157e-01 2.683293991547450186e-01 2.518285151882210249e-01 2.651224153908209868e-01 2.354293942995520084e-01 1.268354386807520051e-01 9.806275572270360674e-02 4.185593423044349781e-01 1.085444091699829944e-01 2.494829570564529864e-01 4.290627944012250228e-01 4.287252530005590256e-01 5.551014860013340213e-01 2.901954006679480225e-01 4.807812386140730143e-01 5.138349350327700016e-01 5.868205211391369636e-01 6.219091468111459520e-01 4.689530742517230011e-01 4.578172943436579767e-01 4.111382851386000126e-01 5.014527838393060266e-01 4.820440675138680242e-01 2.951295505637269723e-01 2.560543267860990180e-01 4.248313724503410271e-01
5.071651075474760129e-01 4.933045184029100083e-01 4.668990278984149755e-01 5.721554613972340553e-01 2.744040971800609796e-01 4.639409177614040036e-01 5.872285039729739919e-01 7.359347433166639751e-01 3.149888464325040216e-01 4.633586148846319808e-01 5.743998186270210526e-01 1.000000000000000000e+00 5.153372555074350325e-01 7.706094686446980369e-01 2.954350626061880147e-01 5.200160573406520381e-01 4.354644580500119933e-01 4.719985575141900092e-01 5.345284822869119656e-01 5.866581382463710304e-01 6.241552772707859714e-02 -1.728267644261000102e-02 4.227827145914380136e-01 4.720111660450870272e-01 4.086413985981570129e-01 3.821091690022749843e-01 3.567756096174329872e-01 4.899420192537810026e-01 2.366153214592540133e-01 1.857897753825779874e-01 4.222894348332429937e-01 3.835189914933809785e-01 2.632394772159240004e-01 1.281188245641060042e-01 8.318069898713849331e-02 2.784117927835539838e-02 2.450011195290620059e-01 1.118746111799980014e-01 2.867766835610600085e-01 1.812234144893249965e-01 4.242952100172119739e-02 5.772099562161490255e-02 1.642198971157609877e-01 1.011640236162919954e-01 -6.092813857076510159e-02 1.604665903913300024e-02 2.209838658912240128e-01 2.602589630597130221e-01 2.014964847963940098e-01 2.409664582400480037e-01 4.203454398937280234e-01 5.494003712937489681e-01 2.323864126654940077e-01 3.188509399984760240e-01 3.834831790094520021e-01 5.577575082628030145e-01 3.565647398416880165e-01 5.852138924252100471e-01 2.404751614261720072e-01 3.209292059642939732e-01 2.184691728279420098e-01 1.064760184723780034e-01 3.025163583061660222e-01 3.236589692105950045e-01 2.124641077193460126e-01 3.095350968644229872e-01 1.643235568179259865e-01 2.756195525923090250e-01 9.015719200594700389e-02 1.495304306950480111e-01 2.695054900854150226e-01 1.806827303903900117e-01 2.611157212797740046e-01 3.355734977407319741e-01 3.277846101546940116e-01 5.032071147893919516e-01 2.697690570130569787e-01 4.904340912794830087e-01 3.220735893850800169e-01 5.997482447169819597e-01 4.437945135614460024e-01 5.343442610735720244e-01 3.606179826589699933e-01 2.767777278050689849e-01 3.017909741805980262e-01 3.083121413921700027e-01 2.947158373527219988e-01 1.786970053922630128e-02 2.709221246811380213e-01
3.935549204039530125e-01 4.113969641688099976e-01 6.787504203755370114e-01 5.076609489280430321e-01 4.204520367240999756e-01 4.510656704427299935e-01 7.222362934548069990e-01 4.791085731038670081e-01 5.211758696406050273e-01 5.219590018786699481e-01 7.627366588110590095e-01 5.153372555074350325e-01 1.000000000000000000e+00 4.642495307780509783e-01 5.560283205648449689e-01 4.933890011359409744e-01 3.240077909042839988e-01 3.445402647881209979e-01 5.677871433724980266e-01 4.793127476910999940e-01 -3.000363207514960065e-02 1.871810777945429882e-01 6.737102210160279547e-01 5.687550828751910537e-01 4.924157367807129870e-01 4.359542992469400136e-01 2.480239290737280000e-01 2.484162389850219921e-01 3.412379437986969855e-01 2.783950241083910093e-01 5.370384737756229709e-01 4.892120358893979892e-01 2.921261456060900152e-01 1.069105267084859978e-01 8.679730574162390633e-02 5.272946970967280073e-02 2.586165705332379994e-01 1.872964910601369881e-01 8.966742311153259870e-02 1.897168629949159968e-01 1.403739729557119953e-01 2.339096197214700079e-01 2.488449946621739961e-01 2.892728108017489919e-01 5.083676613320060184e-02 2.109556643028620004e-01 2.343634325749079927e-01 2.634443790658150264e-01 2.429182164398749899e-01 2.813278274914179922e-01 3.480687421065190024e-01 3.214475841809379952e-01 3.573449447900299836e-01 2.686703407299489976e-01 5.149055807337019619e-01 4.887000303224680042e-01 4.472136583311560054e-01 4.438644321513099955e-01 4.153719322037139894e-01 3.491600516526979781e-01 3.828087030696110116e-01 2.638475478312560241e-01 3.538531170851639818e-01 3.143095664815739876e-01 1.961148667900350084e-01 1.446139360968239918e-01 1.797246394788550028e-01 1.237733539503560048e-01 8.903072900311899407e-02 3.633303809523560218e-02 2.720062066029200198e-01 8.892297366115650692e-02 1.519532012174200086e-01 2.262770927767880080e-01 3.231984809223319988e-01 4.591823916993689747e-01 2.335753736707170125e-01 3.167533917769589924e-01 4.852945780064100156e-01 5.639894169269950019e-01 5.336209402325680085e-01 4.245873297952019731e-01 3.636990893318979845e-01 3.426511485030119819e-01 3.907183180973030079e-01 4.159125471217929859e-01 2.684093811981370092e-01 3.000506748459150219e-01 3.114845250112229791e-01
4.464453443558040191e-01 4.255980241842889922e-01 5.345004681134239988e-01 6.209540818747100177e-01 2.622557922833190225e-01 5.472882236395959499e-01 5.005333699860500252e-01 7.403314645753259482e-01 3.915277425190409888e-01 5.385039749704969569e-01 5.309772364222380414e-01 7.706094686446980369e-01 4.642495307780509783e-01 1.000000000000000000e+00 3.572494029400479776e-01 5.744507552759939850e-01 3.997152968376039839e-01 4.348290747360190056e-01 5.624581878877750185e-01 6.181227239604879520e-01 1.354194807886069940e-01 1.023725933381799957e-01 4.340822986488069857e-01 4.911913136418650239e-01 3.807992497341219917e-01 3.755158944032189750e-01 3.606438086009399746e-01 5.024608757590449670e-01 1.957893494176999871e-01 2.650833958769949761e-01 3.709449217110820096e-01 4.506310042265879723e-01 2.472187747843659911e-01 1.560107977569329951e-01 1.761366807446439892e-02 3.647287491921399807e-03 2.782392676941620180e-01 2.029870768364039901e-01 2.826005592592980009e-01 1.722499315050259883e-01 1.853580218409139890e-01 1.375073789521860101e-01 3.033392631702960252e-01 1.439458063260239951e-01 1.225999711190190050e-01 1.876069107639470046e-01 2.866692687396300010e-01 3.546606214856830031e-01 2.772121449503109902e-01 3.657253789846929837e-01 4.716831309672320227e-01 5.383944791763149995e-01 3.124682774441300270e-01 4.028178376577020159e-01 3.564456190079209885e-01 5.154012901271699532e-01 3.832813773940920155e-01 6.350769633810819936e-01 2.497109133147810134e-01 3.992521350561589744e-01 2.807201028200160264e-01 2.633267154352080253e-01 4.199839475207999828e-01 4.217666843972909807e-01 2.066870455921989980e-01 2.060418350931229881e-01 1.710210108629509895e-01 2.044415241955490070e-01 6.598148649526940079e-02 6.498296250130509988e-02 3.071939574412190233e-01 2.828327982132969876e-01 3.594986428556209979e-01 3.219217486444360121e-01 3.027985842184919840e-01 5.138911849604700377e-01 3.461526145055849879e-01 5.570221127077350509e-01 3.506840863365660033e-01 6.275588380562729940e-01 5.267251493426440279e-01 6.202122393956229773e-01 5.130435049885350152e-01 4.236336392415839813e-01 3.407122007974570099e-01 3.743646511764610052e-01 2.195550753835469882e-01 1.271012807167269942e-01 3.908093917723550192e-01
2.399768861590539926e-01 3.265565346113090128e-01 6.658695513758019491e-01 5.201421108021510031e-01 5.672226369732640272e-01 5.869836816208700014e-01 5.272985036469159947e-01 3.967937713812850209e-01 7.375280693958959910e-01 6.142008979558589710e-01 4.720628185759179751e-01 2.954350626061880147e-01 5.560283205648449689e-01 3.572494029400479776e-01 1.000000000000000000e+00 6.049748434715640499e-01 2.367947679382270132e-01 3.771303183081259891e-01 4.752300216969509994e-01 4.747194443570140199e-01 1.734606713240600118e-01 2.515989247080619995e-01 5.662547204011160185e-01 5.296034394676699675e-01 6.033476201650199711e-01 5.873580296942070289e-01 1.383660796576680063e-01 1.838029898922969863e-01 3.412763609983279767e-01 3.404561305193949949e-01 3.870469051458200194e-01 3.771429927483320177e-01 5.955608815518550481e-01 1.832259119217810039e-01 7.238199652571959686e-02 -5.023009487806959911e-02 1.823007288485860022e-01 6.484270409015779890e-02 2.919805990365419990e-01 1.286961755438519872e-01 2.969919232512769902e-01 2.344179888327599937e-01 3.345813492644950093e-01 2.123589299399530061e-01 1.065901887162599981e-01 3.625004082011969997e-01 1.996243638297680034e-01 3.811033503058369742e-01 1.729428370383780111e-01 3.048786516094679766e-01 4.002946974759449827e-01 4.461191080776870099e-01 4.142520873284810112e-01 3.459561747226609918e-01 4.619573720440889875e-01 3.792441150639079828e-01 2.752435565054049960e-01 4.063360969239370180e-01 4.348113181620609780e-01 4.692574963914439845e-01 4.573373764576429967e-01 4.492078460993639832e-01 4.092665802379569784e-01 5.217163822637930215e-01 7.343316947682809737e-02 -9.661043542349040392e-02 7.731389888961369417e-02 4.081348687610600323e-02 -2.213533923761569835e-02 9.160828287469240452e-03 3.373152258023789929e-01 1.784660666506829862e-01 3.157166067069939741e-01 5.127350476807910340e-01 3.453618624584680052e-01 4.213094775135229897e-01 3.230991100884549883e-01 2.973155310080750069e-01 4.526778214228289743e-01 4.854432550929699830e-01 5.230596460606029563e-01 4.771893800005789776e-01 5.010410268666299904e-01 5.789348675437580027e-01 3.467365528910529848e-01 4.563223962388299748e-01 1.853240302383669935e-01 2.522348513059520236e-01 3.823495159702410273e-01
3.371573791859709956e-01 2.906458070984039854e-01 6.062938281209170333e-01 5.732990371524719908e-01 4.770132169043619919e-01 6.995031014932759916e-01 5.496556936372699598e-01 5.982127600332789452e-01 5.217879039043470391e-01 6.604492024443280318e-01 4.488578505761279813e-01 5.200160573406520381e-01 4.933890011359409744e-01 5.744507552759939850e-01 6.049748434715640499e-01 1.000000000000000000e+00 3.293144213728390057e-01 2.808645115332989994e-01 4.815483536676259946e-01 5.210762157304750231e-01 1.942389972899050132e-01 1.813792637260359941e-01 5.376962846059819556e-01 5.759773987766779735e-01 5.753363782775070545e-01 5.207978192409029594e-01 2.764136042524429904e-01 2.992261642523559861e-01 3.553631675839439841e-01 3.705837842327869835e-01 3.957539349455079791e-01 4.348066366076530076e-01 2.699472280404699998e-01 1.894537572006479986e-01 7.952219963452719642e-02 -2.191911648041870025e-02 2.634092827467139908e-01 1.634937961943999929e-01 3.107016227865960212e-01 1.596211131862350086e-01 2.121791783076210081e-01 1.659959713631460054e-01 2.999961192839130097e-01 1.326069390821789928e-01 1.984865007077899965e-02 1.802982586713980095e-01 1.840648621085740066e-01 2.514317474395740271e-01 2.174780645485610009e-01 2.061853034347750080e-01 3.823433645721159846e-01 3.441383537141030069e-01 3.352409926107839944e-01 3.435506445447870094e-01 3.356313762014869750e-01 5.250036789254469705e-01 3.602920038482430032e-01 4.237517125540710139e-01 3.396619990816219792e-01 5.072581257582969849e-01 3.501454376593429729e-01 3.233746978140020212e-01 3.978084235944520097e-01 4.558131671149779907e-01 1.952480744704609972e-01 1.220230548188459968e-01 1.783448519582490066e-01 2.215633610436729961e-01 1.092109290819640033e-01 2.132249846635470014e-02 1.997484973369270111e-01 6.898434586494560372e-02 3.381326759427389916e-01 3.990665883265009928e-01 3.720574334597600008e-01 4.298781321200709771e-01 3.288777225588350173e-01 4.072891860230610228e-01 3.588632855493310014e-01 5.056300524614020242e-01 4.201280005259940276e-01 4.135117033374769990e-01 4.328015114512649975e-01 4.646710059394140169e-01 2.735600044222309957e-01 2.890182930757559943e-01 1.335200008176140041e-01 2.223106477243330104e-01 2.685762606421049914e-01
7.309640568818579487e-01 7.297091956679909730e-01 5.301097122248209503e-01 5.699162649799700553e-01 2.865346617898609782e-01 3.700889311235059931e-01 4.728296191888979871e-01 5.764679629268130157e-01 2.465020565979740008e-01 2.530732229629800156e-01 5.108303041471009553e-01 4.354644580500119933e-01 3.240077909042839988e-01 3.997152968376039839e-01 2.367947679382270132e-01 3.293144213728390057e-01 1.000000000000000000e+00 6.316312051434179731e-01 5.855332659941929752e-01 7.264028991052520201e-01 1.825988765593979934e-01 3.180451225834540208e-01 4.099614620083830152e-01 5.041344496210029558e-01 5.328072729941399910e-01 4.993738194785229956e-01 6.588748207691910164e-01 5.847537183826170271e-01 4.778598771220750052e-01 5.163949729887590268e-01 4.609207011444130253e-01 5.375712363124249826e-01 2.260480396471279962e-01 2.224412408722339918e-01 2.587965068530290180e-01 1.741176593713809895e-01 3.500169945167659891e-01 3.963491063289830141e-01 3.011541678218960238e-01 3.981212933082500238e-01 3.338654155105730270e-01 3.764429697853199919e-01 4.302945066401189789e-01 4.253115937248970191e-01 2.888845840084329764e-01 2.929682140698229853e-01 4.715002428053490235e-01 4.432601291671640076e-01 4.584941903244439954e-01 4.806299127212350086e-01 8.138794880654249830e-01 5.710095822812509825e-01 4.260329471862699946e-01 3.267224834639729791e-01 4.395317591356289744e-01 3.809834869262549994e-01 5.912664874251150060e-01 5.147502443569770270e-01 1.013584873425790039e-01 3.244858089137689916e-01 4.754151610756480184e-01 4.284241882892069753e-01 6.405725751480000341e-01 6.081988113013909736e-01 3.348549385797719991e-01 4.380733749134450017e-01 3.790343862373840023e-01 4.220929534190290267e-01 3.079324485160849778e-01 2.185642382938429995e-01 3.685824741861880027e-01 2.713756475815339853e-01 6.453181705020779590e-01 3.633613385937989881e-01 7.074522215285670157e-01 5.808668751019560039e-01 5.807730856031999567e-01 6.607242245077710185e-01 4.967792360604160185e-01 6.426062195049919712e-01 5.346044736854349555e-01 5.319164901450650351e-01 5.119857237267160244e-01 4.366217306158959865e-01 5.215342503145450337e-01 4.305623013844490088e-01 2.723474828351259980e-01 4.242466363277540009e-01 3.896024658017259723e-01
