1.000000000000000000e+00 6.369544743004770249e-01 1.605092469297169921e-01 4.992010049379470155e-02 1.734991262986199934e-01 2.007382456697159867e-01 2.895188916841999749e-01 3.877192697853479864e-01 3.818885317233849941e-01 3.901286265993130220e-01 5.099131871811809491e-01 6.457262309523169597e-01 4.027234895793139757e-01 5.040404982276790458e-01 2.454787623114499939e-01 2.869806208821080173e-01 6.118177667258239971e-01 4.816466746281339861e-01 6.146762752891750115e-01 4.204697332746910043e-01 -8.359042575038010126e-02 6.610287935907030454e-02 1.770061473894609938e-01 2.032765494287790131e-01 2.021038269113960006e-01 2.139479485635089884e-01 4.128502073005340112e-01 3.246521552652519849e-01 1.346527610212019943e-01 1.329960268429130066e-01 3.967248827747529849e-01 2.557075243949200050e-01 -1.792791780288839967e-02 -9.192983143998299800e-02 -2.386161463418449979e-01 -4.187155061140630102e-02 -5.449914688331500279e-02 2.663064197795769750e-01 1.129815760719419943e-01 -2.966458189632870113e-01 3.598327594407250141e-01 3.443231555955970080e-01 3.524302266934680183e-01 3.436940934162320271e-01 2.360690196032010080e-01 2.709961895276409849e-01 4.213026185829469861e-01 4.778550628427690183e-01 2.426310843988910004e-01 3.187198205557589814e-01 7.676380705784330294e-01 4.876754673218309799e-01 5.849082360879579445e-01 3.845532411735719802e-01 2.560321527574029865e-01 3.691142453580940203e-02 4.352814981488630219e-01 3.885187118949219864e-01 -2.016335127036029962e-01 -1.154421659425649976e-01 2.548115818400080168e-01 2.372771470039780062e-01 4.005331662540960180e-01 3.311280990890410059e-01 1.897952997645959983e-01 2.577547860931539980e-01 -1.108243228611579950e-01 -3.146883955927169685e-02 1.376933934068259868e-01 1.391974790481740054e-01 2.575361819664370167e-01 2.684014240019509945e-01 2.730699826574680134e-01 2.049053141520119914e-01 2.776276778487770103e-01 2.646185838676369806e-01 2.587872614525399961e-01 -1.596359008479749930e-01 1.805047043163900133e-01 2.009963423956110107e-01 2.520229807382760034e-01 3.707284721921240145e-01 5.285998532662250504e-01 4.117211032969769757e-01 3.039598138422169860e-01 4.058932040539470210e-01 4.192739402965400264e-01 2.612342144619039797e-01 3.965095842277849836e-01
6.369544743004770249e-01 1.000000000000000000e+00 9.762314127927250451e-02 7.944645491216760502e-02 9.291489220279540440e-02 8.414032540686469663e-02 4.363594201445120113e-02 6.153363128004039895e-02 2.238935154376419934e-01 1.697506822336289911e-01 2.050690805518360083e-01 2.944483582641230224e-01 1.502773642586019975e-01 2.296413450877239915e-01 2.408232522199519887e-01 2.331371691650550027e-01 4.964437350135820215e-01 5.295786120682559606e-01 6.214958353500169563e-01 6.307161922303099466e-01 3.983202713260299704e-02 1.678895779796190091e-01 1.688220120484610065e-01 1.818357095552539937e-01 2.201036472746510098e-01 2.113223297656930122e-01 3.755820423403269936e-01 3.809056681635710206e-01 2.694960256194400272e-01 2.447057955061779921e-01 4.013100168251800270e-01 2.704591381501800229e-01 2.071384698107450045e-02 -1.099449099938760027e-01 -5.455339972491859979e-02 1.438510466560689871e-01 1.052746526863749914e-02 2.638547050025090157e-01 1.327124466673390013e-01 -1.142801096094940017e-01 2.932030746894280226e-01 3.624322773562069777e-01 3.765292949184430027e-01 4.048997859630890095e-01 1.965108393465770098e-01 3.188290337204590097e-01 2.436209581875400099e-01 3.401096054665089796e-01 2.249858179432540073e-01 3.179305476085160231e-01 6.600165803469979497e-01 7.734670922693289707e-01 3.321293341719019909e-01 2.014086224725379903e-01 4.665322778995469738e-02 -2.244082329990599867e-01 4.180204674042720114e-01 3.556502354419309730e-01 -9.795921348979330645e-02 -2.120387093393610034e-01 2.376414038002729878e-01 1.406589544327070118e-01 4.941497639404939801e-01 4.468316394377109813e-01 1.512115853602729876e-01 1.770978297178290028e-01 -2.036057268746790105e-01 -5.456957306443079719e-02 6.073781677994440076e-02 1.957674579198100118e-01 2.556508066286640179e-01 2.331486101505970132e-01 3.178623825522369772e-01 3.781524750777939814e-01 3.308816492176039903e-01 2.734206390793190167e-01 2.214839623058350027e-01 -7.885673570730900028e-02 8.322603163378700097e-02 1.422279357194120020e-01 5.855859651719629716e-02 2.294658618159589880e-01 3.393289475508819986e-01 2.821550905322369740e-01 3.633419012519820135e-01 4.474100510218210203e-01 4.624751479786520236e-01 3.290084186123590215e-01 4.296291850763970244e-01
1.605092469297169921e-01 9.762314127927250451e-02 1.000000000000000000e+00 8.018459512713059789e-01 6.982265177674179535e-01 6.400460469542379460e-01 7.360463105234840153e-01 5.566306964812639535e-01 4.267056892242079846e-01 4.269167995129189985e-01 2.146598469896580097e-01 3.094899604724650199e-01 5.025096630641650020e-01 4.594006552151029821e-01 6.702594175736650284e-01 6.561209811308359452e-01 -8.054177933588990007e-03 1.425315979782129927e-01 1.950570432825680101e-01 1.951780341788680040e-01 3.902895389181160191e-01 4.276548207025959725e-01 7.857212583055579458e-01 7.829088902042009579e-01 6.972711877068790143e-01 6.989706879737509482e-01 2.498931382859929939e-01 3.499223911809040133e-01 3.683792698331039839e-01 3.256180585084400003e-01 3.356284833940970103e-01 3.402949526470889774e-01 4.575910607590299994e-01 3.601363731637070020e-01 1.247509129319380045e-01 4.563561029961200194e-02 1.222183078781250015e-01 1.322073400972670065e-01 2.483258048095250137e-01 1.662595593011770012e-01 1.153791916496979958e-01 6.331404929406940496e-02 5.310784459282989756e-02 1.606471311786419887e-01 -3.299548752234820331e-02 1.340924901926859869e-01 2.410260581593479945e-01 1.492364159983919913e-01 1.852872482057129899e-01 1.795622577752870042e-01 2.426610282589199835e-02 1.239143175843279987e-01 2.804628654817610256e-01 3.462718398942509768e-01 4.010240222744270167e-01 2.635600580363989809e-01 2.385478179158490031e-01 3.063934372981729770e-01 6.069181071149619688e-01 5.423010646521699840e-01 5.785270609901139727e-01 4.683441129795850033e-01 1.284303449439309908e-01 2.192591282340110026e-01 3.218468167142600200e-01 2.815104732745190019e-01 2.081328713101259983e-02 6.549599838060779500e-02 5.242244518835519757e-02 3.862709322803060258e-02 1.869381975945449970e-01 1.497583487499480059e-01 2.091580880562010081e-01 1.822221171261929895e-01 2.649235612976679755e-01 3.508631972535730115e-01 4.429659066396580136e-01 2.077037601529380106e-01 5.669141101256730542e-01 4.078562760575559776e-01 4.949219260549180266e-01 4.374296117544119733e-01 5.573894878050670298e-01 5.420024032540829984e-01 1.368952892731140070e-01 2.467023038092319986e-01 3.567603200969510224e-01 4.351364864987840031e-01 3.192266308396239927e-01
4.992010049379470155e-02 7.944645491216760502e-02 8.018459512713059789e-01 1.000000000000000000e+00 6.245709293094200421e-01 6.052217887966170329e-01 6.717111659455190509e-01 6.271094381276569596e-01 3.600197063691270016e-01 3.805833010785649728e-01 2.733154026372719980e-01 2.231571287268100112e-01 4.968442305795749969e-01 3.722805878894759890e-01 5.180193335067310167e-01 6.052162202970039484e-01 2.622048520347530082e-02 1.922160468095019947e-01 1.859686845421210100e-01 2.759107047123819934e-01 2.704942661499180057e-01 3.071498578931979861e-01 6.543494176753890113e-01 7.632742076420120370e-01 5.167879324689239606e-01 5.700609432061779502e-01 2.026386959378050079e-01 3.737414841335309768e-01 2.710430101484330168e-01 3.486996731208459877e-01 1.952270883977320071e-01 3.040369686968050211e-01 2.592682977454829896e-01 2.872537944696800238e-01 1.223762883448489963e-01 1.022948458173269931e-01 1.790091021953739980e-01 1.502674516580229935e-01 1.497411361077529979e-01 2.445257158258919983e-01 1.229853209758909917e-02 -3.151612475114679707e-02 -3.414151147718599844e-02 5.667001290861550106e-02 -3.727945334652400106e-02 4.170274960158930344e-02 6.879195584721330137e-02 -4.880263249843880269e-02 1.263688104470540030e-01 5.814549216654509717e-02 7.694318614446120190e-03 1.459602886764299889e-01 1.946698415645490010e-01 3.156031523821600238e-01 3.529029045298500145e-01 3.737018714825299792e-01 1.993509009311540126e-01 3.372563076062459753e-01 5.714204176447810202e-01 5.903008548499150132e-01 3.454229642237829911e-01 3.362283457537910136e-01 1.118252502497889961e-01 1.676007419581720115e-01 2.726949864809369850e-01 3.263609271051149952e-01 6.859066071681729770e-02 1.031003588174960045e-01 7.848480611373670479e-02 3.570372448139629701e-02 9.311444962136840309e-02 5.774006050287160130e-02 1.427894056314530091e-01 2.187868214617509910e-01 1.676175441616510053e-01 2.645262237619249723e-01 3.753972274227910244e-01 2.496380344675860063e-01 4.173818260425160021e-01 3.054497507624689967e-01 4.487378945862259827e-01 4.110029806308990175e-01 3.708712794882790265e-01 4.147062848230350096e-01 5.968351934767270051e-02 9.559440241803940363e-02 3.058113334339879752e-01 3.384157385044940236e-01 1.998042786595199960e-01
1.734991262986199934e-01 9.291489220279540440e-02 6.982265177674179535e-01 6.245709293094200421e-01 1.000000000000000000e+00 7.661929744115739682e-01 7.234187355649339679e-01 5.878112470813869894e-01 6.262716779176179527e-01 6.568919019788029834e-01 2.653440562466670150e-01 3.908495165901180179e-01 5.505443973144600323e-01 4.908680436118350032e-01 5.851463304644139996e-01 7.082102778741520277e-01 8.985141960300660480e-02 1.802037904089729969e-01 1.303888749211999931e-01 9.074545155411839481e-02 5.573435298403890403e-01 4.313351232335099761e-01 6.219585072837350292e-01 6.315142487631419943e-01 6.505052585104450502e-01 6.364731894188150330e-01 4.042264944637060098e-01 5.315396107036659545e-01 2.939443334099979821e-01 3.192523848145499832e-01 2.264286458196549945e-01 3.286866050945870255e-01 3.686177557219729728e-01 3.941270965896380152e-01 1.935087178014580078e-01 2.821350917712139861e-01 -2.649456108434400034e-02 1.834431015331889903e-01 3.859422172519009764e-01 2.333151285993469992e-01 1.144317868656899995e-01 9.901057602979940198e-02 -1.185328894213199917e-02 2.319091033643919941e-01 1.023795608380929922e-02 2.305107130985049879e-01 2.451465215035809886e-01 1.620178245213280133e-01 1.699591899289699948e-01 2.292051305301330000e-01 6.977304087223429319e-02 8.833304227145309662e-02 3.441434537059259724e-01 4.361081173427299729e-01 5.366574032711579623e-01 3.178371760256299972e-01 5.044041341205000167e-02 1.945215281359269910e-01 3.363159662792080118e-01 4.096213095608899901e-01 4.311401635857949888e-01 4.539707751187099793e-01 4.785815862772330176e-02 1.920188597611409975e-01 3.027300581608949881e-01 2.903584711854940159e-01 1.103553320226550033e-01 1.542417514032670134e-01 6.283893933039730144e-03 -4.731688509338090320e-02 3.007231552866839741e-01 2.702116858996440052e-01 1.617969080073619892e-01 1.967398497587430073e-01 2.244088875768449898e-01 3.519083523549559889e-01 3.323007891529869973e-01 4.752742036813859677e-02 3.280423122542440173e-01 3.745393887274849898e-01 4.099811203108589819e-01 4.079099015224469937e-01 4.215345871464269978e-01 3.592140662643010240e-01 -4.856149984765470266e-03 1.466727102076640088e-01 2.824137165733839883e-01 2.898278176758140035e-01 1.708191526730130083e-01
2.007382456697159867e-01 8.414032540686469663e-02 6.400460469542379460e-01 6.052217887966170329e-01 7.661929744115739682e-01 1.000000000000000000e+00 6.519248839711599963e-01 6.176370370721430136e-01 5.614061796858009767e-01 6.697933263870720078e-01 3.203607570145879935e-01 4.803342385692829786e-01 4.786095081943920193e-01 5.097105493032469958e-01 4.785444885965199902e-01 6.657349341079450422e-01 1.084576337053489992e-01 1.989649084332759943e-01 1.649057898073300055e-01 1.126097953443220001e-01 4.205893497125809954e-01 3.569550016717110141e-01 5.553937742683250356e-01 5.999263514559159960e-01 5.782342926037680186e-01 5.602797553255030039e-01 4.021205204090330110e-01 5.185371250206609606e-01 2.623432868961559916e-01 3.010512065769240242e-01 3.177504401784290167e-01 4.311214675753490266e-01 3.618377438441949812e-01 3.174100011437049895e-01 7.577922714845200525e-02 1.750334991300570020e-01 1.289998329151749966e-02 2.341405091933509985e-01 3.550128484858189881e-01 1.374840559052500077e-01 9.345998853173530241e-02 5.827792599649139760e-02 6.771200458940730693e-02 2.555572654920800213e-01 2.632811963767230090e-02 1.919845104005860059e-01 2.562223796849389945e-01 2.366476382367319886e-01 1.993590360845799991e-01 2.531585464063340063e-01 1.068203872870780030e-01 8.717488670753290037e-02 4.388314128987300111e-01 5.019308100943169482e-01 5.395832336511610094e-01 4.309330612771489766e-01 2.038090119052229920e-01 2.733290391980049971e-01 3.310110957377970231e-01 3.939179700384229932e-01 4.167613592304880155e-01 4.790799403321069905e-01 3.327121990844299909e-02 1.244767271685110060e-01 2.634016301405099902e-01 2.631490968634839778e-01 1.137169295534010000e-01 1.940630667352890026e-01 8.235447869201970028e-02 7.651272633589920047e-02 2.084971267464720002e-01 1.447154690147489930e-01 1.112974480836780022e-01 1.060334433258599968e-01 1.807399125694280073e-01 2.640459864254889877e-01 3.365058694281879981e-01 -1.765362850086240123e-02 3.641108410804619888e-01 3.383223665494359822e-01 4.183992927716890242e-01 5.010552078489419747e-01 4.211577227215840269e-01 3.646983788072610255e-01 1.295972584610829981e-01 1.963074960935539959e-01 3.130351043498120212e-01 3.044802099258819839e-01 1.406681366353239870e-01
2.895188916841999749e-01 4.363594201445120113e-02 7.360463105234840153e-01 6.717111659455190509e-01 7.234187355649339679e-01 6.519248839711599963e-01 1.000000000000000000e+00 8.024788821428440189e-01 5.837213891034770397e-01 6.578478120315529587e-01 4.886380095032950011e-01 5.826021899809159521e-01 8.495286919863439534e-01 6.527390497568570371e-01 5.817929412986450055e-01 6.878428754362519992e-01 1.676366684178400013e-01 2.260324132853289980e-01 2.403619973332070114e-01 1.122379322649959960e-01 2.732800798561400013e-01 2.723575341018499851e-01 6.220865492590870183e-01 7.022059596390880509e-01 4.927594712185819903e-01 4.738649865835219965e-01 3.828987024348480261e-01 4.743394070917449912e-01 1.382198774564419863e-01 2.343060675984509900e-01 2.692902093545169739e-01 3.416878700615280096e-01 2.709031766942380237e-01 2.262271064723209990e-01 -7.239197088424879911e-02 7.932093931386180463e-02 9.014745196592459375e-02 3.169892283590520221e-01 2.022513016599299940e-01 7.923146235468070397e-02 1.196924428992729994e-01 1.525392450092550034e-01 -3.876106664851960201e-03 2.372368749757280126e-01 -7.917066094993090164e-03 1.913034817425739997e-01 2.337400728048560083e-01 2.031723136359349924e-01 1.735235646894039974e-01 2.266502223013990014e-01 2.849605255352609997e-03 3.683974119373460004e-02 4.375201063294429926e-01 5.426736484901539814e-01 6.852819753820850179e-01 5.008596399581389802e-01 1.290040267029410048e-01 2.163843791866409960e-01 4.045770886240590003e-01 4.418314160261769818e-01 3.931094431239510190e-01 4.166395709641980138e-01 4.597037432199520268e-02 1.582596893276810024e-01 2.712954713521780192e-01 3.919625892471599871e-01 7.266447099985359759e-02 5.392907671860019958e-02 1.876388521022240019e-01 2.615531614673999999e-02 8.156146932298009855e-02 7.501821549718730442e-02 1.023587532121729982e-01 1.912212966816830007e-01 6.378099404238840586e-02 1.869447282154469980e-01 3.260308339274339828e-01 4.686931108689990078e-02 2.845479900441589827e-01 1.825305980198830003e-01 4.198310556622760203e-01 4.872261727924729890e-01 4.695909392606910093e-01 3.921307836130230040e-01 1.917968570012569887e-02 1.579877928328579928e-01 2.891942400480920217e-01 2.751182657847430213e-01 1.666832705803699965e-01
3.877192697853479864e-01 6.153363128004039895e-02 5.566306964812639535e-01 6.271094381276569596e-01 5.878112470813869894e-01 6.176370370721430136e-01 8.024788821428440189e-01 1.000000000000000000e+00 4.961364267387030069e-01 7.175149366495839898e-01 4.641886118683660190e-01 7.445387061941870499e-01 6.873491931271780153e-01 7.289510204650749836e-01 3.656059513163379959e-01 5.590120906587879857e-01 2.354072948529880027e-01 2.276230856948449899e-01 2.151053536773069874e-01 1.259545327862739983e-01 9.178643378110200313e-02 5.818191850688050198e-02 4.201584885765249910e-01 5.678798396211010013e-01 3.373221183978930005e-01 3.643608994491239761e-01 3.356581347349210098e-01 4.403871474840260203e-01 3.498822122509379767e-02 1.921938842539530068e-01 1.405069531056440113e-01 2.691228056313419992e-01 6.321353823057949961e-02 1.120109271193189954e-01 -1.970993453078410118e-01 -6.105874557068210204e-04 1.925007067036079919e-02 2.996253233621909984e-01 9.514966966658700009e-02 -6.892570844146879427e-02 1.335832164294550040e-01 9.779980645577450449e-02 4.182808114188159981e-02 2.044143998191119971e-01 5.289471323365930316e-02 1.398574205732640019e-01 2.759906401946959908e-01 2.658449260711879814e-01 1.865051761736070124e-01 2.188944961295339886e-01 1.345192666424269989e-01 3.567564635037909909e-02 5.368922395095180322e-01 6.884822632487019867e-01 4.841479422549759826e-01 6.453197623489830281e-01 1.681967837082909978e-01 2.347869579585110111e-01 1.256660288755120092e-01 2.666383208954359874e-01 2.321733426661659883e-01 3.709304814865709843e-01 9.977231869754560334e-02 1.542622885457720083e-01 2.029989274826199952e-01 3.693728191466569832e-01 1.038949792899149932e-01 1.325252991414430093e-01 2.118699103976839915e-01 6.023868791660900307e-02 6.413124926419770666e-02 9.247714740659590538e-02 1.315592499918550040e-01 1.473086706910589905e-01 6.380527883783160270e-02 5.265987851656080132e-02 2.242581693109539920e-01 -1.131154747369190056e-01 2.228849140232209980e-01 1.400563521759279895e-01 3.890203704513079952e-01 4.792100877857469743e-01 4.917200143101900234e-01 3.800585632100930145e-01 6.685794219584549614e-02 1.392049386337650130e-01 3.710599538751839788e-01 2.784705377573949980e-01 1.927699777523819991e-01
3.818885317233849941e-01 2.238935154376419934e-01 4.267056892242079846e-01 3.600197063691270016e-01 6.262716779176179527e-01 5.614061796858009767e-01 5.837213891034770397e-01 4.961364267387030069e-01 1.000000000000000000e+00 7.565248036765409578e-01 2.736455085820569955e-01 4.958147179473800237e-01 5.818774696060710072e-01 4.575807500252049853e-01 4.536946552826010004e-01 5.686741060150080074e-01 2.162945967804069947e-01 2.950055369378090098e-01 2.273275028005669884e-01 1.640339261737210064e-01 4.368587991350900146e-01 3.015619348270470179e-01 3.837803561444009803e-01 4.380139975845029898e-01 4.631898918023660272e-01 3.929459319962779751e-01 3.307016643611340179e-01 3.926965440549839981e-01 9.838213609651069724e-02 1.363490314654789981e-01 1.900100916534339934e-01 2.391251751183730012e-01 2.153373050196590033e-01 2.251582563693939887e-01 3.790541978881459967e-02 1.502105635743579970e-01 -4.944160037995570106e-02 2.597390144334439932e-01 3.439836154751619857e-01 -4.728054934663800113e-02 2.127875898658420084e-01 2.555244069827840026e-01 1.721078394117930010e-01 3.145972977512779822e-01 6.892110313003009525e-02 3.112182587831039959e-01 3.044991999539919947e-01 2.973885767697849736e-01 1.984918835378270130e-01 3.068709269803689965e-01 1.643989211414390028e-01 1.713890673350300098e-01 5.392974951873680256e-01 4.606943692451059835e-01 5.920932545587019868e-01 2.523368937173580129e-01 4.368895878201609767e-02 1.358921281672730019e-01 1.899949276068040038e-01 2.759132716620250059e-01 2.926949790118200112e-01 3.232970125965229924e-01 9.694828964431870255e-02 1.533361593970709869e-01 2.738404093071920009e-01 3.899420437116919991e-01 5.576310747554599767e-02 7.723465924674689786e-02 8.012078999758250053e-02 -1.490713444247280042e-02 1.706411449255149926e-01 1.284202132700930088e-01 6.353390933463469448e-02 2.603258882373569727e-01 1.062285683224089977e-01 3.294881940780849949e-01 1.933874320626829957e-01 -1.717468073619790037e-01 2.650493917377960140e-01 3.281097674479629966e-01 4.554311407167220271e-01 4.473824093023520132e-01 3.767028188371630004e-01 2.841275120302739765e-01 1.009463076542229942e-01 2.576237776193169848e-01 3.775663585484860252e-01 3.054405459220669861e-01 2.140080625948319881e-01
3.901286265993130220e-01 1.697506822336289911e-01 4.269167995129189985e-01 3.805833010785649728e-01 6.568919019788029834e-01 6.697933263870720078e-01 6.578478120315529587e-01 7.175149366495839898e-01 7.565248036765409578e-01 1.000000000000000000e+00 2.439753612689319895e-01 7.171734844541159948e-01 6.008452540550209831e-01 6.889649921111700159e-01 3.207737551266219844e-01 6.259518647267019453e-01 1.209687777998730007e-01 1.394679477767599984e-01 1.842615168197470066e-01 8.824273480284719473e-02 3.697377162438389986e-01 2.698775612482550157e-01 3.612390632167850057e-01 4.335745569659479881e-01 3.945398112122239787e-01 3.948344251191159837e-01 2.739415431960650071e-01 4.233837350821699763e-01 5.453174584256460095e-02 1.214777501524059999e-01 1.198669225011189943e-01 2.048795110557860011e-01 1.860132544771569973e-01 1.887798887125529956e-01 2.497552942765169856e-02 2.135589766277979917e-01 -5.142038604627539866e-02 3.177445624390359824e-01 3.333900181874600022e-01 -6.076986742030560107e-02 1.988825532422340003e-01 1.761296992639470038e-01 1.325200071754779885e-01 2.982909728764550072e-01 1.062097236272030037e-01 2.388519093258220094e-01 3.969257798610760224e-01 3.566294939209430082e-01 2.742546686205910023e-01 2.841691911454150010e-01 7.082350247579240199e-02 -8.816546614915300728e-03 5.018613617754840162e-01 6.203067918507889633e-01 5.204068143905700161e-01 4.405309111446270021e-01 1.430009395785319937e-02 7.217246322447599949e-03 1.337714315631090001e-01 2.476428799720379881e-01 2.562923041248970080e-01 3.514773080853479947e-01 4.707242450660079763e-02 6.491602484935420081e-02 2.436980468805479971e-01 3.248250061220619989e-01 6.675857666552570402e-02 1.123583142188770007e-01 1.774776362804529883e-01 -1.809389146385570121e-02 1.576448306530580101e-01 1.687254304740800070e-01 3.530123235228330159e-02 1.492240214007510002e-01 1.101711894448459961e-01 2.094975219708999914e-01 2.084348229525319895e-01 -1.428663880689660104e-01 3.049630453333599944e-01 3.563231164796720196e-01 4.782490718452520051e-01 5.448895011805390265e-01 4.969011338499340069e-01 3.770232968206850277e-01 1.536691393158939878e-01 2.318452141238599995e-01 4.032304972781640129e-01 3.567857396290780025e-01 1.489668926971889906e-01
5.099131871811809491e-01 2.050690805518360083e-01 2.146598469896580097e-01 2.733154026372719980e-01 2.653440562466670150e-01 3.203607570145879935e-01 4.886380095032950011e-01 4.641886118683660190e-01 2.736455085820569955e-01 2.439753612689319895e-01 1.000000000000000000e+00 5.212423023765020424e-01 6.534582584261580118e-01 5.004369803128480010e-01 4.544893354761340154e-01 3.541277524618249850e-01 4.926277453113039884e-01 3.831066511404470076e-01 3.921899935423360239e-01 1.279323453788729914e-01 -1.255171382705840000e-01 -8.271199187852709689e-02 3.085696032888839979e-01 3.557715570495639801e-01 2.082179737451479995e-01 1.878612269343239993e-01 3.123101556085909891e-01 2.969537625280950222e-01 -7.882921401793479763e-03 1.178229458236609989e-01 1.450797421316510072e-01 1.563733186644379880e-01 -1.039277167627390003e-01 -1.644635406663080002e-01 -3.549624334456220054e-01 -1.520067958465380065e-01 -1.920524364603949929e-01 7.820832313423929649e-02 1.473773918350750056e-02 -2.230543959398370024e-01 -1.417111693874339995e-01 -1.631067511986709906e-01 -1.807070685620719985e-01 -1.208859883110399991e-01 -2.326655682479009946e-01 -1.811305537657720011e-01 7.446787784374010039e-03 9.526807061956940603e-02 -1.704689737785710091e-01 -4.937146378369550170e-02 3.812128666864120219e-01 2.813195864788159972e-01 3.570602454426710093e-01 2.770003712237310012e-01 4.200674131887039975e-01 2.563299160759839879e-01 3.278844766447480130e-01 3.888920059937159834e-01 1.296000495627609994e-01 1.852060064709859857e-02 -4.653280645018070122e-02 -3.267386779810860231e-02 -6.129765927778089984e-02 -2.048291673534449828e-03 1.434900289997020073e-01 2.533999158833030174e-01 1.853280600803630107e-01 1.224954979420860013e-01 2.448451760789250031e-01 1.689803863714720022e-01 -2.418418178677550143e-02 6.825137944838069459e-02 1.239566874947430064e-01 1.834525112264349944e-01 1.334243728260149989e-02 5.640336533742189989e-02 1.322993723287919920e-01 -1.703924029351789882e-01 4.859416252832240296e-02 -2.814108783931729835e-02 7.054873025504390660e-02 2.704588180394499886e-01 2.960056739878240140e-01 3.213810478582910246e-01 -1.569747400184149932e-01 5.346365994537720032e-03 2.129923262487659896e-01 1.996374563558339990e-02 3.040943891786199865e-02
6.457262309523169597e-01 2.944483582641230224e-01 3.094899604724650199e-01 2.231571287268100112e-01 3.908495165901180179e-01 4.803342385692829786e-01 5.826021899809159521e-01 7.445387061941870499e-01 4.958147179473800237e-01 7.171734844541159948e-01 5.212423023765020424e-01 1.000000000000000000e+00 6.306109229946099681e-01 8.586303431734300107e-01 3.389582872145019965e-01 5.256273082926630202e-01 3.611654843215589827e-01 2.627803381392350146e-01 3.611129321983190255e-01 1.362663787978470042e-01 -4.592222044319489715e-02 -2.561433887488189995e-02 3.331084752490949819e-01 4.150525424816159936e-01 2.871391560087520056e-01 3.016260960926879786e-01 3.499862933299299761e-01 3.794987316784840248e-01 1.882112499133760039e-02 1.453423607572829901e-01 2.288355295185179883e-01 2.489427901894049888e-01 6.018100144202009893e-03 3.779970616726190200e-03 -3.581095315617159880e-01 -3.180581910266910145e-02 -1.578867284125929915e-01 3.668522064429439733e-01 5.626207574854719812e-02 -3.517101099596420255e-01 1.879663327016360130e-01 1.036209300820050000e-01 1.107999859115860047e-01 2.122763077271339893e-01 8.028265630165309918e-02 1.239567976398409932e-01 4.411353368381810136e-01 4.577319956976960147e-01 2.675380547195980174e-01 2.894776399639000242e-01 3.309231533181720142e-01 1.637229194355759865e-01 5.894446946806970455e-01 6.340168318464779462e-01 4.488998087784820124e-01 4.476092320419570170e-01 2.238981276263500020e-01 2.044461639459839997e-01 -1.987390949111310021e-02 5.140676852620999771e-02 1.624236745871600052e-01 2.631521487081899813e-01 1.625880591145779930e-01 1.389726440313270028e-01 1.308375717414859973e-01 2.213590670742069944e-01 4.033430718894399913e-03 5.452366785474639654e-02 2.020389578617340087e-01 1.254936940905969911e-01 1.350775932631380072e-01 2.059655996938800082e-01 1.449267728143320000e-01 1.036034925824790009e-01 1.341857556370530113e-01 1.213098334003339940e-01 2.193817708188429971e-01 -1.976015991135099958e-01 2.401851927613110060e-01 1.873506638765020105e-01 3.679580827723860081e-01 5.611464850367759993e-01 5.795365157989860183e-01 4.270177374842720197e-01 1.278769538672540063e-01 2.340859779061550128e-01 3.877066795428649737e-01 1.879337115274909986e-01 2.609959046072850009e-01
4.027234895793139757e-01 1.502773642586019975e-01 5.025096630641650020e-01 4.968442305795749969e-01 5.505443973144600323e-01 4.786095081943920193e-01 8.495286919863439534e-01 6.873491931271780153e-01 5.818774696060710072e-01 6.008452540550209831e-01 6.534582584261580118e-01 6.306109229946099681e-01 1.000000000000000000e+00 7.127971014663340155e-01 5.472453895679370017e-01 6.265900055865579743e-01 2.494517033325150124e-01 2.807850094524769746e-01 3.430683009429180141e-01 1.270099178160379871e-01 1.521197010599429911e-01 1.508695361350219921e-01 5.409448821459970080e-01 6.048358064382090005e-01 3.800847028919980275e-01 3.732742445201390202e-01 3.520197891345629992e-01 4.496591777499969744e-01 3.942660330351230313e-02 1.670327080194830005e-01 1.790156410482099947e-01 1.954135082410309865e-01 5.345962663303750056e-02 2.679731650393199840e-02 -2.546125069032589838e-01 -3.915406173032970338e-02 -4.969635170985919892e-02 2.642156143585410177e-01 4.722583706779760054e-02 -6.409546360292489586e-02 6.744727106433849595e-02 1.156870071982700060e-01 -6.098111755584770255e-02 9.715668506307090224e-02 -4.827665906189260170e-02 9.117814946016550293e-02 1.372091562434039902e-01 8.621159052903619446e-02 5.940225120629340216e-02 9.268102338345099445e-02 6.456890399219429588e-02 8.360872234954179472e-02 3.928034358659919789e-01 4.235466887151539961e-01 6.550708836077669961e-01 3.818173606712230161e-01 7.910911896708179569e-02 1.496827529958640046e-01 3.249306866210590061e-01 3.044975535818629786e-01 1.774007834033969888e-01 2.038073815536340094e-01 2.183902727721990025e-02 8.489277273846959626e-02 1.969402222012520132e-01 3.362548864822850203e-01 -3.875372715240770014e-03 -8.362033310714970732e-03 2.332957768114400088e-01 5.123756454369020330e-02 -4.928693662300739908e-02 4.181172575951690173e-02 8.880281974782719412e-02 2.386688622486859979e-01 1.224516050308280084e-02 1.733256385869119953e-01 2.659775210022140013e-01 -2.347105851053209874e-02 2.102776463516100036e-01 1.053305980744199954e-01 3.414129623615470011e-01 3.805625009163319805e-01 3.564607910574569827e-01 2.769709134609720236e-01 -9.214153168446620468e-02 2.284722577748959926e-02 2.092681375682440004e-01 1.598922921959629873e-01 7.573966953042900185e-02
5.040404982276790458e-01 2.296413450877239915e-01 4.594006552151029821e-01 3.722805878894759890e-01 4.908680436118350032e-01 5.097105493032469958e-01 6.527390497568570371e-01 7.289510204650749836e-01 4.575807500252049853e-01 6.889649921111700159e-01 5.004369803128480010e-01 8.586303431734300107e-01 7.127971014663340155e-01 1.000000000000000000e+00 4.449483143080429914e-01 6.604595191314209801e-01 2.304574128882770079e-01 2.030954397902680064e-01 2.445051551719709948e-01 4.589812692718490267e-02 9.460713949431509562e-02 1.087309233985299939e-01 5.113306319987019899e-01 5.748162371273569660e-01 4.437709209531839893e-01 4.676512048711700120e-01 2.650208940799739787e-01 3.960042395759110212e-01 7.661932604080899656e-02 1.623458128841480108e-01 1.774653113582999875e-01 1.920495987502469915e-01 1.551888821973569921e-01 1.048039650884020069e-01 -3.123131967438539935e-01 -5.031695387208540149e-02 -1.635363587412939912e-01 2.087115242834149953e-01 2.803822736322289857e-02 -2.707143426178890144e-01 8.735820114374040490e-02 4.975738766602239710e-02 -8.334787935221630792e-03 1.281652777787040121e-01 -2.182921836707120075e-02 3.645831954074439663e-02 2.843466357248680132e-01 3.122355721153939889e-01 1.140572749981669937e-01 1.217887405890230035e-01 1.695338776528650115e-01 1.012938959596439981e-01 4.409626196605490045e-01 5.518582694640610242e-01 4.690185363710450139e-01 3.516152324718699873e-01 1.896786680622750132e-01 1.519569650975259867e-01 2.316387754568970114e-01 2.427693398431439997e-01 2.250827013484650030e-01 2.957872253668100138e-01 7.346463287985240120e-02 5.680895157259029798e-02 1.980771954782910016e-01 2.644744876104029863e-01 8.918950657583619990e-02 1.261816421701260071e-01 2.489086482269499967e-01 1.259519761759380074e-01 1.032575288017699988e-01 2.014103538762289924e-01 2.132242484053729903e-01 1.966298017367789919e-01 1.783784685419400051e-01 1.692997156056539887e-01 2.420795198133920134e-01 -1.358232023215449891e-01 3.881431723751370133e-01 2.594842334812210161e-01 3.697711788087499896e-01 5.003667273069499766e-01 5.799018456860119963e-01 4.425136727267059977e-01 -7.909087971221060581e-03 7.536331807046099673e-02 3.403727729219500064e-01 2.166320874631849913e-01 1.510907773236170037e-01
2.454787623114499939e-01 2.408232522199519887e-01 6.702594175736650284e-01 5.180193335067310167e-01 5.851463304644139996e-01 4.785444885965199902e-01 5.817929412986450055e-01 3.656059513163379959e-01 4.536946552826010004e-01 3.207737551266219844e-01 4.544893354761340154e-01 3.389582872145019965e-01 5.472453895679370017e-01 4.449483143080429914e-01 1.000000000000000000e+00 7.492785624969460212e-01 2.628404769605430236e-01 3.045162498583099953e-01 3.711067103203570250e-01 2.721312310242730015e-01 2.605558456033130188e-01 3.263419415310069849e-01 7.298295385161639448e-01 6.898493411249300156e-01 6.527282855376860260e-01 6.549685319847919907e-01 3.662322177330020190e-01 4.018955372625839795e-01 3.692763863021329973e-01 3.832495770228929732e-01 3.743707207586149943e-01 2.866674213014039907e-01 2.224501212349929979e-01 1.186967772641369934e-01 -1.504848298938490057e-02 1.322203691755350075e-01 -1.839632656216960011e-02 1.806980881662229865e-01 2.807618812145920018e-01 8.838048345288100627e-02 2.269471212280349884e-02 -1.343738585900950029e-02 -9.636994903848920477e-03 5.053442311910460311e-02 -1.523058734349780063e-01 3.423651492411380198e-02 1.235218691577349981e-01 9.885796665028130648e-02 -4.724167593202490203e-03 7.289705195493069445e-02 1.908738423580239874e-01 2.921662782393349977e-01 1.874570774749469981e-01 1.785348130146879875e-01 3.339083219748310016e-01 7.265616758738979719e-02 4.093128817647420092e-01 3.967030449932659741e-01 4.772367358447550112e-01 3.372556673383340087e-01 3.690003186047309813e-01 2.599195615232430256e-01 1.591145770557380046e-01 2.443558645006989882e-01 2.592456684307840042e-01 2.755719955372820107e-01 2.358853318778699956e-02 -2.282209470193600001e-02 1.288083884730150119e-01 9.052036580797810650e-02 2.384521619251959990e-01 2.152696460835540060e-01 3.781474919911669841e-01 2.500104370361059813e-01 3.870360720543999933e-01 4.154723905921060001e-01 5.010158113809249913e-01 1.238546485482580062e-01 4.825353316597840170e-01 2.889275063338940241e-01 2.617168893561270249e-01 3.167838640751460266e-01 4.422408109426390066e-01 4.423002176753370041e-01 -1.164370886073559999e-02 2.215107295823670053e-01 3.718793148746790123e-01 2.728885078808129805e-01 2.378304388474559994e-01
2.869806208821080173e-01 2.331371691650550027e-01 6.561209811308359452e-01 6.052162202970039484e-01 7.082102778741520277e-01 6.657349341079450422e-01 6.878428754362519992e-01 5.590120906587879857e-01 5.686741060150080074e-01 6.259518647267019453e-01 3.541277524618249850e-01 5.256273082926630202e-01 6.265900055865579743e-01 6.604595191314209801e-01 7.492785624969460212e-01 1.000000000000000000e+00 1.652086755987970113e-01 2.523624583580649783e-01 3.348805210100169738e-01 2.608895596633730163e-01 4.177967713136609973e-01 4.731597870596230271e-01 7.123544436856179551e-01 7.412275014741569468e-01 6.268986048157390023e-01 6.825974841941150340e-01 3.969007521484549939e-01 5.531919553138220369e-01 3.468122103385670174e-01 4.343129005970229883e-01 3.118924004876760248e-01 3.139856967517040132e-01 2.578997083179300209e-01 1.984703066580709996e-01 6.731706822980200455e-02 2.079661195160489862e-01 -2.497458694189499950e-02 2.278687015824870099e-01 2.926312567714899893e-01 1.069478284749739994e-01 1.015353434474499938e-01 8.697254255510619703e-02 3.759049159522340200e-02 1.777152870707499888e-01 -7.653945155164600025e-04 1.237502778346789983e-01 2.347621306530900120e-01 1.582610591582160053e-01 1.375552381744110098e-01 1.268621245349060012e-01 9.644168027262180198e-02 1.360252907694000091e-01 2.981672786966280131e-01 3.373678561413019916e-01 4.339814470902900179e-01 2.042139979844730113e-01 2.698151189420829876e-01 2.618124877866930267e-01 4.534317401614409992e-01 4.375240283292389787e-01 3.548762601762209812e-01 3.494091700987850269e-01 1.703334503274719913e-01 2.309109718152730084e-01 3.219938485807449791e-01 3.664717574894379992e-01 6.792947987731590143e-02 5.790134181931690105e-02 2.188107830775909979e-01 1.034187390859299949e-01 2.462556916475560076e-01 2.560853525054709867e-01 3.253520397273850229e-01 2.942751905532550172e-01 3.798805617960089864e-01 4.797997482034470074e-01 5.550574730715289729e-01 1.804348729955989883e-01 5.437350132297199545e-01 4.214508534336049994e-01 4.699634426383280106e-01 4.998901461365229948e-01 5.009164372029719647e-01 4.132531212884900107e-01 6.158102321287749897e-02 1.889137185231510030e-01 4.036034069760879861e-01 3.758875862105029997e-01 1.367871302028380032e-01
6.118177667258239971e-01 4.964437350135820215e-01 -8.054177933588990007e-03 2.622048520347530082e-02 8.985141960300660480e-02 1.084576337053489992e-01 1.676366684178400013e-01 2.354072948529880027e-01 2.162945967804069947e-01 1.209687777998730007e-01 4.926277453113039884e-01 3.611654843215589827e-01 2.494517033325150124e-01 2.304574128882770079e-01 2.628404769605430236e-01 1.652086755987970113e-01 1.000000000000000000e+00 8.244766868908559587e-01 5.344707246668489731e-01 3.930819494524789848e-01 -2.108186151598960001e-01 -8.017964364666330113e-02 1.143932357394819993e-01 2.061268373723909864e-01 1.504281336969280070e-01 1.631406643792830125e-01 5.562338024692929928e-01 5.193404035439379562e-01 1.686513094981809957e-01 2.583903682627459730e-01 4.287995346448770229e-01 3.877106572722029965e-01 -2.656548840695379873e-02 -1.365011726633990063e-01 -3.120121392072560118e-01 1.846569585845349998e-02 -8.197890084880969652e-03 2.780781298158779835e-01 3.738691590164539696e-02 -2.152313296182019886e-01 2.363170060009449902e-01 2.266817894536860001e-01 2.693642673521869924e-01 2.681268711829840057e-01 6.416742287061520666e-02 2.063097653839010004e-01 1.145965533084049998e-01 2.449414789368239975e-01 5.026495017350789823e-02 1.837264967262549897e-01 7.472851119780969942e-01 6.171248906789490452e-01 4.074019696915729960e-01 2.816247795302450063e-01 1.196000669535420002e-01 -1.555637807351289894e-03 5.396180914015450414e-01 5.780251928189930055e-01 -2.673592975682079764e-01 -1.197044135404169984e-01 1.877901977280249934e-01 1.814202635450689882e-01 3.389849776225780098e-01 3.236871428965479858e-01 9.078484402275580067e-02 1.990266849757159895e-01 1.399720026290559964e-02 -2.473155505688690026e-02 6.489876623653849375e-02 8.772999488501960486e-02 4.615882505020380000e-02 -1.931999372427760072e-03 5.645767099554069857e-01 4.803836611017189839e-01 3.137191931446580151e-01 2.468087446519059980e-01 1.999513561959750108e-01 -8.740879507680149318e-02 -1.159904360599069983e-01 -6.401467382374630144e-02 -7.914461218309409851e-02 1.307121175612880049e-01 3.107706042995599938e-01 2.856687565806420026e-01 1.506800657620210038e-01 2.889770281806030017e-01 3.030592935467509852e-01 1.614622317223909920e-01 3.007648981398289845e-01
