1.000000000000000000e+00 8.928908400938480039e-01 7.804272675415729887e-01 8.369196945646669716e-01 3.525511829510949990e-01 3.700281296736129821e-01 8.049958238677430433e-01 8.361816281973020182e-01 1.644394203842959867e-01 1.424464829359110007e-01 6.693384717303210163e-01 7.279427595280909546e-01 7.383609980867820166e-01 7.726643314296950393e-01 3.785415314434489864e-01 3.464394090817349836e-01 5.338559987318950428e-01 6.231612431589419465e-01 7.060835119257260484e-01 7.832753972780660545e-01 1.704089894212799938e-01 3.414652526926589826e-01 7.175966539236690034e-01 7.344336403011090253e-01 4.498693538091749766e-01 4.759087104196280116e-01 5.143755531192929498e-01 5.483024298968740551e-01 6.406496617290190487e-01 6.635499204347850011e-01 6.961030217978729784e-01 7.067079898577299790e-01 4.651143945918290168e-01 4.291423363740780039e-01 4.531752563371930220e-01 4.380377986684870217e-01 1.529759370611530056e-01 6.138916999613459602e-01 3.194139405511060015e-01 2.296670000903210107e-01 8.146031331321329505e-01 6.560207480485640286e-01 6.942307865030039604e-01 6.747307172535379483e-01 7.501927147992140110e-01 6.962580583660009648e-01 7.500249337785900305e-01 7.019039170457129773e-01 7.638779720935009454e-01 8.016436487222049490e-01 8.924065068001020284e-01 8.327511679759550534e-01 7.260802178872169943e-01 7.547554869823760448e-01 7.264725280088060178e-01 5.304464689731409610e-01 7.370382942812659932e-01 7.564106027868170434e-01 5.672106231933049525e-01 5.663112700007819633e-01 7.699551387045120432e-01 7.775654353032329658e-01 7.011474430204840402e-01 6.954701462273830126e-01 4.068532241241680225e-01 4.660422172691059961e-01 4.126220394557669757e-01 4.397821201205390218e-01 2.414177062776859950e-01 2.516669301938950221e-01 4.139660486406739892e-01 3.637213523773100143e-01 5.791640225541410114e-01 5.991468290898299687e-01 6.702958672653579475e-01 6.566395943934909551e-01 6.118283443853700376e-01 6.271483764930719795e-01 7.407796480134030137e-01 7.298466276728939883e-01 7.167945500422989724e-01 6.420645705011459592e-01 5.175382100066809876e-01 4.523932512676779871e-01 5.535869491812229759e-01 5.492183621199739907e-01 5.111333415946589520e-01 5.248254223538330043e-01 4.851639772910880111e-01
8.928908400938480039e-01 1.000000000000000000e+00 7.632684294359679544e-01 8.546823713745930196e-01 3.352441014872419855e-01 3.660479152103380263e-01 7.280163990264989504e-01 8.065433850537510052e-01 1.312827987283209930e-01 1.173167161689750021e-01 6.464367863111569745e-01 7.237194895646009707e-01 7.298284209215879503e-01 7.457705043987680193e-01 3.297150374581370169e-01 3.580048403274539992e-01 5.451966033924540156e-01 6.219543568767169628e-01 7.398580677274090300e-01 8.200564902800420164e-01 2.064754669940780107e-01 3.702546696098140133e-01 6.729750327071559735e-01 7.334495413970729683e-01 4.685978521714629919e-01 5.121308369296939667e-01 5.658781163576920292e-01 5.924512608063680075e-01 5.632075329332749680e-01 6.213709857191449526e-01 6.847017160027439875e-01 6.744750089880260369e-01 4.768285639814550114e-01 4.306758822172440104e-01 4.954800550584240182e-01 5.525657987604040144e-01 1.445335818371160097e-01 6.792616319405829772e-01 3.662745946460470026e-01 3.109071751770919878e-01 8.180903685540790171e-01 7.018419472816590510e-01 7.170420480492899484e-01 6.749230944313600045e-01 7.583549048616790023e-01 7.245684628982550501e-01 7.277990213027309974e-01 7.061919929460199752e-01 7.675856772885949475e-01 8.041962623894199913e-01 8.682336654447170288e-01 8.388448280806060087e-01 7.124641621092929755e-01 7.250570772700859479e-01 6.872829831268260081e-01 5.235037778011869536e-01 6.932950413477879659e-01 7.586805836415110305e-01 5.436012207341349711e-01 5.205168362699780227e-01 7.569327728458630222e-01 7.539427835404990397e-01 7.175740632374819628e-01 7.573784796980499445e-01 4.259015787269099795e-01 5.078608475545239864e-01 4.438253255102190264e-01 4.948376404458870170e-01 2.812543701767399873e-01 2.078328020829920131e-01 4.575464826696730158e-01 3.565149243659089806e-01 6.356290574789620340e-01 6.398348660182969772e-01 7.288601124948309584e-01 6.751842301073369690e-01 6.302528606491339946e-01 6.639249399670960061e-01 7.134593450723819563e-01 7.331252399491400285e-01 7.205988829729670364e-01 6.012802060873010390e-01 4.903873605583849993e-01 4.689731293781380095e-01 5.955241626502779662e-01 5.488824392941650254e-01 4.716361021566439771e-01 4.978604341253790033e-01 5.640640197075710294e-01
7.804272675415729887e-01 7.632684294359679544e-01 1.000000000000000000e+00 9.148327917196460435e-01 3.947081229577459882e-01 3.501009963040390138e-01 7.633163445756520060e-01 8.889086868921479700e-01 2.252032740127679900e-01 1.616216506217940108e-01 5.595397950119770369e-01 6.290629118317490054e-01 7.315770818741970105e-01 8.556841761805520363e-01 3.423116367858610176e-01 3.572835415950050275e-01 3.363135976561000273e-01 5.665514090337709918e-01 7.312576930557990185e-01 7.379461817116059752e-01 2.571218527044920044e-01 4.893954825813789933e-01 9.066696853167299786e-01 8.645929757259109838e-01 5.198361812751679523e-01 5.652456519434370108e-01 4.471006396941000216e-01 5.005103207980720059e-01 6.547924716368429543e-01 6.224909485633189909e-01 6.335115279487469886e-01 7.002724300919610512e-01 5.491204296865129786e-01 5.519934057816040518e-01 4.414550696099009963e-01 4.661944042558099910e-01 2.741800007202889744e-01 4.648777268816690067e-01 2.923926984991079836e-01 3.295981414818069943e-01 6.868196513157649452e-01 5.995272622320100275e-01 6.744336441082360301e-01 7.178414772465729898e-01 7.258985693012699469e-01 6.920309324898259451e-01 6.933653402062519566e-01 6.934464082426999854e-01 7.430932968050959486e-01 7.628614644249359644e-01 7.433183976692889772e-01 6.724311144921559791e-01 6.806791254050279516e-01 6.049165088401959878e-01 6.871771976206539900e-01 4.898169761639060149e-01 7.082488668618740491e-01 6.787955568159860231e-01 6.917513421722100153e-01 4.869855704856440037e-01 7.673557644560510260e-01 7.734795722805409834e-01 6.670225808945059454e-01 6.517995935150879827e-01 5.371212171545870495e-01 5.154576648917249537e-01 4.083077247095139861e-01 3.519670040690299762e-01 1.724377647787679879e-01 1.554157737889380053e-01 4.513798516429889940e-01 3.265151620908939845e-01 4.447589875167530238e-01 3.811776350333759833e-01 5.914889542067469641e-01 5.438268022375339905e-01 5.478475619231030214e-01 7.061870323773139502e-01 6.021589539956530013e-01 6.470101513349639788e-01 6.752252678951810028e-01 5.594026456248200052e-01 5.761636329866239858e-01 5.714149490261749564e-01 6.054428298355160054e-01 5.872217982138500103e-01 5.317700181816570337e-01 5.541240203388440033e-01 5.732614401047460007e-01
8.369196945646669716e-01 8.546823713745930196e-01 9.148327917196460435e-01 1.000000000000000000e+00 3.535500181288219745e-01 3.442818483604250246e-01 7.352971499573920378e-01 8.660608713511339651e-01 1.586891094328020113e-01 1.321659932912669921e-01 5.710791157777790339e-01 6.925342527802319514e-01 7.283940222938509734e-01 8.040903832563720544e-01 3.386249923469979994e-01 3.371719772378620195e-01 4.440017138228830040e-01 6.682770016179060413e-01 7.324196297060669991e-01 7.864154479855649527e-01 2.283239763351800067e-01 4.316173424014910220e-01 8.368405952955639826e-01 8.536331068884629447e-01 5.109139086972399602e-01 5.644542980357090123e-01 4.877770127519709953e-01 5.317150895682369871e-01 6.647443131635809577e-01 6.441874396549319703e-01 6.139255265355939573e-01 6.885261489103550181e-01 5.267395479407760428e-01 5.064923132858529797e-01 5.171207988727699600e-01 5.520580039842000186e-01 2.106927244323990034e-01 5.735900283088519735e-01 3.463447078809550050e-01 3.702571072416290243e-01 7.247055276055980322e-01 6.341772338150699628e-01 6.980583041820690449e-01 7.220112115079090342e-01 7.168113954306859492e-01 6.759975854403890150e-01 6.808973000405400544e-01 6.858587018942680080e-01 7.738896431904379591e-01 8.027984907316130236e-01 7.995593264864070404e-01 7.596923857429800364e-01 7.239444020150009873e-01 6.868209754107049703e-01 6.538804595623809446e-01 4.768453434482750053e-01 7.302876735866310476e-01 6.913257139292769970e-01 6.052208492433139853e-01 5.313556586576669849e-01 7.722193076941249457e-01 7.802311064789899664e-01 6.824450052233299591e-01 7.124157140104340202e-01 4.966804890887679957e-01 5.207597614961200216e-01 3.726945267026369746e-01 3.459093489961410084e-01 1.534442226658339903e-01 1.252063139758629873e-01 4.309915480874629834e-01 3.038626382288809880e-01 4.866516054380530254e-01 4.952298858234189805e-01 7.075435388843059892e-01 6.454417142469820456e-01 5.868213154815119514e-01 7.212047925976750040e-01 6.548878425770839895e-01 6.691818471360110321e-01 6.999456587480940017e-01 5.423973407882559661e-01 5.084239311780930359e-01 5.360102116933529448e-01 6.165890154695600200e-01 6.000008904772140550e-01 5.511521637199839896e-01 5.695778838801399679e-01 5.804366997522869553e-01
3.525511829510949990e-01 3.352441014872419855e-01 3.947081229577459882e-01 3.535500181288219745e-01 1.000000000000000000e+00 8.829993634858599449e-01 6.524281634227320215e-01 3.916507758722180266e-01 8.148606709809099735e-01 7.138000090422550459e-01 3.202975748199839989e-01 1.940016759252040091e-01 4.064852406460400247e-01 3.884405871183290171e-01 7.357043061154230346e-01 8.058584275091570381e-01 2.206352614357560138e-01 3.323639536164469943e-01 6.384709802620529562e-01 4.699173976232740024e-01 4.075710360790880116e-01 4.683761550343399915e-01 3.678485890215050236e-01 2.903573336209899769e-01 8.327471056101709568e-01 7.509763238385620543e-01 2.972215357778000278e-01 3.140203173566459838e-01 3.850907336187829877e-01 3.928101572281479936e-01 9.346736034393619830e-02 1.920482062363199904e-01 1.434185560017730010e-01 1.576727301521060054e-01 3.399916512669929891e-01 2.817514248725019876e-01 -9.966675827470020121e-02 4.217737779045540036e-01 4.522775523079560211e-01 3.912132702271389761e-01 3.785839765091750242e-01 2.726202310361279801e-01 4.283280848644719918e-01 4.336445654971030073e-01 5.028713880438899775e-01 4.534088700481149758e-01 5.346141375981150468e-01 5.352885436861070101e-01 4.753275145199230001e-01 3.758483356660820007e-01 3.442994290108259969e-01 2.309256419142489969e-01 1.312343513961420072e-01 1.581724012824219927e-01 6.274475795481739837e-01 4.728894564923860067e-01 2.595362949671100039e-01 2.813720658013649789e-01 5.187159362410550534e-01 2.903705740935780266e-01 2.777606872059020238e-01 3.342815182129810214e-01 3.369012461813150061e-01 2.294718692944479888e-01 2.686089353565859761e-01 4.118794408300039955e-01 2.918865425884619724e-01 2.175296442908560002e-01 2.474366307388899955e-01 2.040373280643180132e-01 3.252912618769789876e-01 3.622736633568199860e-01 1.431598728318430047e-01 1.663501182600539974e-01 4.161096157729989864e-01 2.965141903877769880e-01 1.021512532060600033e-02 2.578159948351820274e-01 5.069922246369350516e-01 4.810259083816290082e-01 1.398812465976140007e-01 5.564505184532230198e-01 3.248106016444459732e-01 2.604546563218410049e-01 4.520410836256940068e-01 4.322485331423550070e-01 -6.067816221403690008e-02 -1.624762388787870035e-02 2.099395831110019983e-01
3.700281296736129821e-01 3.660479152103380263e-01 3.501009963040390138e-01 3.442818483604250246e-01 8.829993634858599449e-01 1.000000000000000000e+00 6.455407797556580451e-01 4.314110922775600265e-01 7.525170441713160407e-01 7.199080209370359862e-01 4.148228744891970243e-01 3.438817204178760134e-01 3.947357722016360260e-01 3.589896465641629897e-01 8.402976416860270525e-01 8.526010805111690072e-01 3.849931740628950161e-01 3.478719118161799906e-01 6.013188920325339692e-01 4.777861482853160147e-01 3.513878914891109817e-01 4.028544442661379787e-01 3.382614061067549804e-01 2.778195583106690125e-01 8.275577890858180075e-01 7.648782211393050368e-01 3.523401137706119735e-01 3.614446199645030000e-01 4.869224117624160186e-01 4.019484821627459792e-01 1.995530917464169995e-01 2.916310974697919889e-01 2.603765911828410107e-01 2.062806857525129878e-01 3.870897537235419850e-01 3.248865264846160228e-01 -1.341196599336209883e-01 4.202380511135009877e-01 4.346900683812680022e-01 3.749916387380700100e-01 4.466447759894709990e-01 3.638919511165339959e-01 3.690903197972260075e-01 3.123414421985740153e-01 5.367110666865659852e-01 5.057357741923059757e-01 5.948297996252279729e-01 5.203312254890060107e-01 5.278719043767590158e-01 4.002517695310480184e-01 4.183535206340530110e-01 3.400907253493890003e-01 1.871334283053359970e-01 1.967787378846160007e-01 6.030771075280200177e-01 6.220178603175070542e-01 2.789803788043669908e-01 3.805783073351550194e-01 4.778055202457119899e-01 4.070447280045729754e-01 3.543391096711480115e-01 3.650310382451860125e-01 4.517294560285000093e-01 3.619879943620549767e-01 2.222197650838879934e-01 4.529035620142630170e-01 2.894006356769979749e-01 2.523010805116959743e-01 2.216534215641469963e-01 3.855263284123339740e-01 3.502223271090270096e-01 4.049407277813170114e-01 1.467205799453399906e-01 2.491206004459539936e-01 4.378869214511469932e-01 4.430572819426529807e-01 1.082626280505089994e-01 2.723404401407800157e-01 6.096578071894730444e-01 5.834117805977550031e-01 1.815103758387960065e-01 6.097841760036250003e-01 3.696610770454389905e-01 3.075961858266439974e-01 4.544526750466419962e-01 4.368325705579759743e-01 6.477542241908970655e-02 7.449226543927099653e-02 2.393302688618700047e-01
8.049958238677430433e-01 7.280163990264989504e-01 7.633163445756520060e-01 7.352971499573920378e-01 6.524281634227320215e-01 6.455407797556580451e-01 1.000000000000000000e+00 8.212495551552370099e-01 4.243169951674140017e-01 3.681357743868949872e-01 6.233037427872689662e-01 6.163450134963619487e-01 7.001390269731779803e-01 7.124134099954260169e-01 5.588637815735639780e-01 5.457514263706170210e-01 4.410297482908849820e-01 5.857749671485400489e-01 7.203631135905620431e-01 6.783112860378029962e-01 1.741104577639150108e-01 3.357631323749110108e-01 7.701454517710050185e-01 7.316024747404400452e-01 6.095395915067519654e-01 5.866670154706109530e-01 4.026828931492290042e-01 4.731220853271890237e-01 6.603040657093279808e-01 6.987188125844040476e-01 6.364163256512630484e-01 6.770745525246599783e-01 4.938194897558810248e-01 4.639665255699820245e-01 3.823605609504829861e-01 3.611794299418880083e-01 5.036763183781770015e-02 5.634790751487369631e-01 3.486258188881660169e-01 2.540380796594040036e-01 7.362897571797719642e-01 5.623964099984509746e-01 6.403027757043010526e-01 6.376052910120469930e-01 7.408841559519400155e-01 7.396107595428710324e-01 8.121745797542919698e-01 7.835571945700630092e-01 7.315279876537370551e-01 7.673979732253799479e-01 7.755240607003249798e-01 7.114463002798570024e-01 6.153533644110910084e-01 6.404170333781009639e-01 8.479229063107529552e-01 5.898433883098359587e-01 6.876636822020409934e-01 6.875327897479930339e-01 6.151100759164459530e-01 6.119159028765970287e-01 7.018541239974770418e-01 7.549990717630730153e-01 7.050069546378989749e-01 6.465450452336160003e-01 3.564199323481759829e-01 5.124802067276700290e-01 3.154729836466410031e-01 3.434418508485290178e-01 1.585427967151259998e-01 2.452690809266420136e-01 4.543453470467029853e-01 4.065917109957820075e-01 4.461605140918449841e-01 5.428578256406539904e-01 5.920937566854700407e-01 5.515952652749429586e-01 5.108472762951049573e-01 4.672758704848760103e-01 7.650489595577689705e-01 7.640857357728449983e-01 6.761801845273669453e-01 7.826414516740799465e-01 6.780751885383300426e-01 5.670241821186100539e-01 6.374660767562300157e-01 6.340308795828649702e-01 4.416178867070220115e-01 4.594428111124380099e-01 4.609910682040340157e-01
8.361816281973020182e-01 8.065433850537510052e-01 8.889086868921479700e-01 8.660608713511339651e-01 3.916507758722180266e-01 4.314110922775600265e-01 8.212495551552370099e-01 1.000000000000000000e+00 2.664266451850830220e-01 2.428457387597499906e-01 6.480106172479539461e-01 7.252188880805350291e-01 7.252087267556519556e-01 8.508291348637380125e-01 4.390308185467500235e-01 3.802943180040980198e-01 5.484018034578840295e-01 5.887568893702950223e-01 6.783300225960620100e-01 6.790930493815130475e-01 1.721158057173499956e-01 3.558345949928740093e-01 8.202177419371540212e-01 7.653287933072060456e-01 4.776875421976159997e-01 5.084170301929999969e-01 4.130601899055330040e-01 4.739504616614970134e-01 6.458527412700000303e-01 6.079418266558009876e-01 6.891106182884110254e-01 7.725303134661950510e-01 5.654931992668370544e-01 6.357684941836320158e-01 3.460261996244660132e-01 3.559282958188009771e-01 1.911633589596329896e-01 4.521116790233760119e-01 2.073411526615349942e-01 2.228780721166840062e-01 8.017286620244240547e-01 6.577833190699009513e-01 6.870687708464709997e-01 6.971888681621200012e-01 8.052017978123120479e-01 8.050308449868519567e-01 8.372824569416520424e-01 7.858709496488499591e-01 7.726636566081950264e-01 8.061549048316319910e-01 8.802336263550659679e-01 8.268626801627509959e-01 7.228565940352640329e-01 6.812998601382099784e-01 7.548222476129430314e-01 6.669155373221029581e-01 7.710080062059420092e-01 8.217130959824769931e-01 6.716567791762549922e-01 5.795008198911519859e-01 8.609879637392540142e-01 8.830855263444690184e-01 7.910671816163610259e-01 7.809603166884400149e-01 3.492256000612080080e-01 4.827360945034260276e-01 3.175456132796979913e-01 3.129954356288540129e-01 1.285406602593580083e-01 1.822275363576890128e-01 4.697965453088849830e-01 3.514109284414789758e-01 4.452697683987230093e-01 5.130294774740690178e-01 6.331264911251690553e-01 6.623821360207270414e-01 5.801390342356820273e-01 6.100258907817329712e-01 7.367686091772740475e-01 8.038308032516590096e-01 7.557004115268159961e-01 7.283502383329499841e-01 6.943695423554170354e-01 6.892984853594870120e-01 5.972063514825319830e-01 6.142412795487439681e-01 6.416026026205889909e-01 6.381358309856279831e-01 5.059304822463459583e-01
1.644394203842959867e-01 1.312827987283209930e-01 2.252032740127679900e-01 1.586891094328020113e-01 8.148606709809099735e-01 7.525170441713160407e-01 4.243169951674140017e-01 2.664266451850830220e-01 1.000000000000000000e+00 9.268045830234740157e-01 3.132064803465239855e-01 6.279350858067400676e-02 3.605305190604179977e-01 3.165827335734490156e-01 7.905510842893509471e-01 8.696389151545620422e-01 3.440773438012920127e-01 2.423056208644280007e-01 5.099775089657719862e-01 3.458766939437269983e-01 5.711010592251389850e-01 5.239476818201339592e-01 1.245811734761090028e-01 5.186497196083320049e-02 7.360810815606220192e-01 7.235471739431309501e-01 3.439890156999499959e-01 3.181299680384029882e-01 2.511890782363920271e-01 2.374031340760149877e-01 -6.066067329200020009e-02 -5.011581402681559994e-02 -4.448677562922059847e-02 7.962956400598619755e-02 1.587075671120629916e-01 1.048421686186390006e-01 4.593348439029089694e-03 2.230716783884109933e-01 2.912041816354040136e-01 2.248225669117140113e-01 3.113649205023619748e-01 1.983485098829149973e-01 3.139506239528139786e-01 3.150515579036120006e-01 4.309333508894480080e-01 4.296418086731090269e-01 4.962982735273699930e-01 4.409964818434720102e-01 3.517654967884160100e-01 2.030846050393209923e-01 2.103494048342710032e-01 9.732530096102240402e-02 -9.343716681692010306e-02 -3.574359644537229708e-02 4.280390219847550193e-01 5.158553042364739660e-01 1.184183820322859959e-01 1.626196558029870121e-01 4.028528094611609767e-01 5.855081460363639745e-02 1.659960446161529990e-01 1.941960292369480090e-01 2.529325925640140138e-01 9.303595359047149571e-02 1.994839451688019960e-01 3.796381410130240108e-01 3.821365469229059952e-01 2.143447571434489995e-01 3.568772159561560131e-01 3.037294050786010224e-01 3.513881945146780095e-01 3.112595767617590270e-01 9.203818698399869602e-02 1.238663913445560011e-01 3.868383011439560093e-01 2.833164255415340227e-01 -1.160480790155320047e-01 1.722979834000120114e-01 4.566042006011850063e-01 4.366064059309909817e-01 -4.124507486411520263e-02 5.312345716484929703e-01 1.833679935852280118e-01 1.783135292964339869e-01 2.526551734313979836e-01 2.406908103339379934e-01 -1.749923350476459971e-01 -1.965232903380720042e-01 2.820884298480350050e-02
1.424464829359110007e-01 1.173167161689750021e-01 1.616216506217940108e-01 1.321659932912669921e-01 7.138000090422550459e-01 7.199080209370359862e-01 3.681357743868949872e-01 2.428457387597499906e-01 9.268045830234740157e-01 1.000000000000000000e+00 3.570746137341530013e-01 1.407931519529209974e-01 3.340023760486039994e-01 2.351823100295490077e-01 8.186513469660039455e-01 8.681737508402550541e-01 4.690574511558630033e-01 2.637638663289029739e-01 4.548230120737419835e-01 3.137843764374489974e-01 5.194091228164100515e-01 4.818672569161390196e-01 6.579668590771610426e-02 2.256252129546550134e-02 7.036889444535789906e-01 7.033950933270960437e-01 4.285199335205259752e-01 4.061135472052520012e-01 3.044053056976390170e-01 2.315477817659870041e-01 -1.094994246803649915e-02 -3.879949606461770284e-02 -2.158719906409420006e-02 4.662623985742239685e-02 1.723586176407680137e-01 1.083024916261999954e-01 -1.101945057366320035e-02 1.909740091817359875e-01 2.385771104921879937e-01 1.654537031601049923e-01 3.745076558746819884e-01 3.031706551923700199e-01 2.776029202801880147e-01 2.591244385860980159e-01 4.487377338718749886e-01 4.483812772303950034e-01 5.291925472770400152e-01 4.292001783005769955e-01 3.508127378357049908e-01 1.963866815878010097e-01 2.326846506382329871e-01 1.555843796614629904e-01 -5.571093410296169834e-02 1.131410962127359955e-02 4.040797251331990081e-01 5.787321443682520439e-01 6.292239289405450464e-02 1.656635908942749869e-01 3.603377598242800128e-01 8.160993853423219313e-02 2.111390451743359875e-01 1.971756587660400128e-01 3.301909875403929995e-01 1.480507485354239927e-01 2.270564750442070068e-01 4.396915830355729859e-01 4.598350449472790036e-01 2.766557398489770114e-01 4.054539560794639952e-01 4.353055771198530155e-01 4.180538260939150041e-01 3.908967487107469774e-01 1.146549306189039996e-01 2.114054731338849968e-01 4.178991438728649754e-01 4.087984694200910152e-01 -6.459074617472210234e-02 1.708834564599940042e-01 5.403239931943629726e-01 5.133874172358919852e-01 -1.908528585655730123e-02 5.522521744398329879e-01 2.184418271944789935e-01 2.111024291774379891e-01 2.412903509468150021e-01 2.440413314387989974e-01 -1.290637335047299938e-01 -1.637038598793719990e-01 4.443582532654789807e-02
6.693384717303210163e-01 6.464367863111569745e-01 5.595397950119770369e-01 5.710791157777790339e-01 3.202975748199839989e-01 4.148228744891970243e-01 6.233037427872689662e-01 6.480106172479539461e-01 3.132064803465239855e-01 3.570746137341530013e-01 1.000000000000000000e+00 7.466795472219589502e-01 7.636398557186929725e-01 6.407935373109809873e-01 4.684080931359829725e-01 4.618933231073960033e-01 7.167643032608459475e-01 6.235521305206129794e-01 6.034106466447830552e-01 6.180591240538130249e-01 2.441453266343250050e-01 3.106407031574809907e-01 4.700110220497529800e-01 4.919003539991450014e-01 4.176211945965990213e-01 4.401268190304090111e-01 6.242227202436789746e-01 6.646197733751300074e-01 5.712613220673740111e-01 5.226708517796699871e-01 5.012409247471989460e-01 3.899653813197779817e-01 2.368279170985549964e-01 2.144335514772149898e-01 2.825128997535000241e-01 1.445409932582280010e-01 9.479869637634169566e-02 4.139228269399720106e-01 1.492214448824460138e-01 7.982611001058380340e-02 7.358001637138330553e-01 6.538260665964189533e-01 5.212704277519949470e-01 4.451257936759119849e-01 6.946034380144580078e-01 6.535686900597740268e-01 6.976841974912759703e-01 4.976244065903440150e-01 5.582391386035040481e-01 5.815833941068490054e-01 6.844057548971359539e-01 6.200643420880870282e-01 3.767902117377299742e-01 4.176346623364000088e-01 5.477676396334799636e-01 4.990066744685779931e-01 5.566850946530329525e-01 5.555359076690690179e-01 3.823482970194729824e-01 2.861383277114359913e-01 5.260077299891210423e-01 5.057221479067689485e-01 5.922661299780850319e-01 4.987860024245949764e-01 4.029878133068359736e-01 4.798864966959829892e-01 5.343272589911559622e-01 5.244524055588930533e-01 3.215796143229179838e-01 4.583123732027989949e-01 4.926736303189799826e-01 4.288058284244040119e-01 6.404208126523629474e-01 7.543996193192800126e-01 6.497666491025270163e-01 6.335622536082330392e-01 5.055872765264880497e-01 4.430625599790090074e-01 7.278170421231000553e-01 6.654218116702109720e-01 4.097672788428169954e-01 6.281775409520899967e-01 2.954104797004459826e-01 2.530786464215900033e-01 3.097901345024249853e-01 2.360370801280780029e-01 2.004284594208549930e-01 1.544508983227300125e-01 1.725020233365129885e-01
7.279427595280909546e-01 7.237194895646009707e-01 6.290629118317490054e-01 6.925342527802319514e-01 1.940016759252040091e-01 3.438817204178760134e-01 6.163450134963619487e-01 7.252188880805350291e-01 6.279350858067400676e-02 1.407931519529209974e-01 7.466795472219589502e-01 1.000000000000000000e+00 6.310969840267269815e-01 6.211312738100129849e-01 3.431865942722520102e-01 3.030673788106830191e-01 6.175029135111490541e-01 6.420495970306789868e-01 5.446205745982619639e-01 5.734179041808099564e-01 7.970593393532149351e-02 2.170123400798689983e-01 6.211808720294770270e-01 6.269755095197020456e-01 3.615398752631849844e-01 3.671463312867420115e-01 5.502459385235130007e-01 5.735069862392520035e-01 6.827834078306059817e-01 5.927938340121160499e-01 6.556420815313910300e-01 6.223240788688789715e-01 3.786737348212539933e-01 3.076761350224729852e-01 4.355081384146879953e-01 3.235426400721109763e-01 6.064682638656210267e-02 3.967606161988350144e-01 1.561112126316749893e-01 1.177977909638209947e-01 7.082743911378529544e-01 6.555015478618859692e-01 5.832312745957799471e-01 4.981207260495730260e-01 6.275998154599460310e-01 5.701528974151639506e-01 6.595184455943819968e-01 4.928292735805729907e-01 5.916188570438150052e-01 6.119437264973900392e-01 7.075127250764490228e-01 7.078528855531910358e-01 5.141371004167260006e-01 5.390380432122630072e-01 5.867284758458399807e-01 4.528187040704509947e-01 6.127351484351639677e-01 6.493211783356950262e-01 4.032456039569060069e-01 5.081106346014829800e-01 5.825743038648809602e-01 5.684081301360079941e-01 5.853139811833869555e-01 5.947815866355810055e-01 3.773440555298450128e-01 4.410216453947100046e-01 3.867798196592420190e-01 4.358334001917349987e-01 1.694226242989849973e-01 3.583800746599600240e-01 3.821766537528369923e-01 3.610992414113480264e-01 4.831028202915779723e-01 6.580932455064170128e-01 6.046506045025480391e-01 7.055029099969859496e-01 5.892385607150200100e-01 5.399811505399669809e-01 6.764316569231360043e-01 6.611950700180689866e-01 5.476507411368469747e-01 5.108168866684570375e-01 3.692595588136809992e-01 3.181910945670189950e-01 3.600487112037579762e-01 3.075091968063199954e-01 4.467405635184559798e-01 3.949406877651520098e-01 3.113178812089930081e-01
7.383609980867820166e-01 7.298284209215879503e-01 7.315770818741970105e-01 7.283940222938509734e-01 4.064852406460400247e-01 3.947357722016360260e-01 7.001390269731779803e-01 7.252087267556519556e-01 3.605305190604179977e-01 3.340023760486039994e-01 7.636398557186929725e-01 6.310969840267269815e-01 1.000000000000000000e+00 7.998342174668300331e-01 4.157871818939770092e-01 4.903328732315960226e-01 5.414741923675340241e-01 6.195719699463130281e-01 7.584161379572830208e-01 7.606594051671879964e-01 4.202863384697310134e-01 5.482889348249569972e-01 6.141760288155000413e-01 6.652387254838250108e-01 5.473988367203449501e-01 6.238294564471900117e-01 7.337783931503080170e-01 7.607510409280560104e-01 6.318361426769160127e-01 6.328123010542400229e-01 5.287792784624010256e-01 4.488192828800849909e-01 3.266859066077010265e-01 2.976228241581490019e-01 4.421238879958599988e-01 4.040151247873939866e-01 1.722539673699760021e-01 5.196580668350420096e-01 1.982255003065679921e-01 3.154682603261330098e-01 7.823547099720660203e-01 6.310608563203869981e-01 5.841328620804839833e-01 5.703836659761030159e-01 7.490925168409160451e-01 7.180286354005980254e-01 7.054725278954430134e-01 6.288662665571039811e-01 6.942243583706479981e-01 6.921162724225700114e-01 6.924553657638119475e-01 6.167298472597899650e-01 4.590767195244219723e-01 4.916631858114010045e-01 6.563235375492320056e-01 4.582225476943779796e-01 5.654769708173750242e-01 5.717462505538329909e-01 5.147239168607230519e-01 2.496662030005180055e-01 6.000721574367979816e-01 6.158632375622220545e-01 6.476768264184310508e-01 5.623096029312190103e-01 5.550903750938720460e-01 5.989145839301980301e-01 6.233353987431150545e-01 5.740907140178830304e-01 3.236639155017150271e-01 3.016709148932980034e-01 4.858144798043450008e-01 4.170268918644359779e-01 6.996008821800300259e-01 6.316246118860480152e-01 7.293719628630570551e-01 6.278770761641310205e-01 5.027642140803609827e-01 6.257760930637239483e-01 7.220776584207100335e-01 6.794433636666500353e-01 5.692889601258589449e-01 6.427645438876390394e-01 3.882792903305040122e-01 3.715623054467430131e-01 4.357351632618600146e-01 4.165058734970190080e-01 2.626687848187240215e-01 2.115261327672250113e-01 3.631723066016199764e-01
7.726643314296950393e-01 7.457705043987680193e-01 8.556841761805520363e-01 8.040903832563720544e-01 3.884405871183290171e-01 3.589896465641629897e-01 7.124134099954260169e-01 8.508291348637380125e-01 3.165827335734490156e-01 2.351823100295490077e-01 6.407935373109809873e-01 6.211312738100129849e-01 7.998342174668300331e-01 1.000000000000000000e+00 4.191458368534140000e-01 4.133393442699899722e-01 4.516519565010180259e-01 6.115251442820069938e-01 7.428454931802509487e-01 7.090137583142169797e-01 2.859556853599160009e-01 4.685791068227290190e-01 7.287414572119470524e-01 7.087476906020140355e-01 4.868013043895780267e-01 5.501780112536660550e-01 4.734388931644890053e-01 5.555893837745919939e-01 6.432552171145370368e-01 6.535709564124579929e-01 5.791758836784980380e-01 5.823182194155599456e-01 4.717888121761180109e-01 5.649700194996439828e-01 3.764301076000879931e-01 3.641524980238640130e-01 3.115973340609520248e-01 4.742415796367590031e-01 1.668403558078410120e-01 3.236177437753560149e-01 7.529619228240610473e-01 5.882741886433650036e-01 6.897716918741270131e-01 7.134251754023419601e-01 7.807167231983580535e-01 7.438426813619499756e-01 7.464822086863289741e-01 7.261575438970400143e-01 7.098496019730810014e-01 7.164381682849479960e-01 7.812019716952089965e-01 6.937705043646219538e-01 5.824162474398340006e-01 5.687029901241199559e-01 6.500056486165119995e-01 5.586759741452449468e-01 7.391672593596509966e-01 7.337534842375940114e-01 6.670221321409489645e-01 3.868316838390030155e-01 7.445331678168150003e-01 7.713531764271639446e-01 6.649686125337730402e-01 6.204128726457279752e-01 5.066320496425099629e-01 5.425026807140710394e-01 4.615457543949850194e-01 4.544596974831769942e-01 2.637432323177659743e-01 1.862369241048129898e-01 5.170242820876419509e-01 3.658621084335669793e-01 5.312076502192130123e-01 4.688532521371939765e-01 6.413758767789089488e-01 5.787785085415979580e-01 4.171653709249890096e-01 6.289987632464919542e-01 6.566971366839879920e-01 6.878731913961150246e-01 6.172421087013350016e-01 6.129528737509889469e-01 5.132064949221980532e-01 5.246169678144090298e-01 5.312491677367350285e-01 5.074264834550520353e-01 4.542332090268019762e-01 4.305774451183759788e-01 4.414310589587849831e-01
3.785415314434489864e-01 3.297150374581370169e-01 3.423116367858610176e-01 3.386249923469979994e-01 7.357043061154230346e-01 8.402976416860270525e-01 5.588637815735639780e-01 4.390308185467500235e-01 7.905510842893509471e-01 8.186513469660039455e-01 4.684080931359829725e-01 3.431865942722520102e-01 4.157871818939770092e-01 4.191458368534140000e-01 1.000000000000000000e+00 8.679062604585500162e-01 5.345074010737770331e-01 3.827761854350050230e-01 5.623324286961209895e-01 4.886438424433560135e-01 4.882447481733530048e-01 4.417926863132030091e-01 2.889704035531759918e-01 2.163057879702389996e-01 7.760142371079700174e-01 7.775695004807849919e-01 4.223828012534560084e-01 4.493040488763589968e-01 5.446894957700719742e-01 4.176657017206680256e-01 2.055030983322609917e-01 2.228811622786139868e-01 2.166985542404639975e-01 2.382044853656740124e-01 3.640625723663600266e-01 3.143519493669419962e-01 -1.276320042835000015e-02 3.339908194669959918e-01 3.922019538802209992e-01 3.014721965042719831e-01 5.232409403166260464e-01 4.291924264555669888e-01 3.544785533908400010e-01 3.394963452089039824e-01 5.852780116877830396e-01 5.781560129952899585e-01 6.350002563415599877e-01 5.151647398544609846e-01 5.348954206863589800e-01 4.099525846432440224e-01 4.795938042647889810e-01 4.033801254671939840e-01 1.876898956776240079e-01 1.933374716109209912e-01 5.145117150927469574e-01 6.640654102136279713e-01 2.704011214598289747e-01 4.123457037776899758e-01 4.247089099272919888e-01 3.462331968682689776e-01 3.922728466270289926e-01 3.941649585021789748e-01 4.804938860862910111e-01 3.695240765988799803e-01 2.659227199682949738e-01 5.534234498771040123e-01 3.897381398775739969e-01 2.793795854597799777e-01 3.450459838223010056e-01 4.936481449672540101e-01 4.206910771879039945e-01 4.232384378867780073e-01 1.779929716977650123e-01 3.311626513552419770e-01 4.833848896454069899e-01 5.210212144123740341e-01 1.740783431664330028e-01 2.857497042516159991e-01 6.881852216703180369e-01 6.398776402726119583e-01 1.882897709084029869e-01 6.597498147616640551e-01 3.538169773883220182e-01 3.219179858249510140e-01 3.699269548329039980e-01 3.755035705157879766e-01 1.139205169275350066e-01 9.161088072235480662e-02 1.695345162700729880e-01
3.464394090817349836e-01 3.580048403274539992e-01 3.572835415950050275e-01 3.371719772378620195e-01 8.058584275091570381e-01 8.526010805111690072e-01 5.457514263706170210e-01 3.802943180040980198e-01 8.696389151545620422e-01 8.681737508402550541e-01 4.618933231073960033e-01 3.030673788106830191e-01 4.903328732315960226e-01 4.133393442699899722e-01 8.679062604585500162e-01 1.000000000000000000e+00 4.629627445567109922e-01 3.720386485550180033e-01 6.620666116339749552e-01 5.608860681608219823e-01 5.814880287854949925e-01 5.714209682202550100e-01 2.599906620707839733e-01 2.507018691280999967e-01 8.576185803011230346e-01 8.603863930956420214e-01 5.557963158449219510e-01 5.616445830234939596e-01 4.738555488830489826e-01 4.252211002644989968e-01 1.796743305274229874e-01 1.591729242407110001e-01 1.355147836002640049e-01 1.313217108385159870e-01 3.903985203911899959e-01 3.616956109058039881e-01 4.858367895467140263e-02 3.951616999613150050e-01 4.560511488522239754e-01 3.861477595804649887e-01 5.033054924553970189e-01 4.192662244193650078e-01 4.260698782961099829e-01 3.794568802620250092e-01 6.049861452489510016e-01 5.715501369374890173e-01 6.266941460203450109e-01 5.444404508362300499e-01 5.560774524723169909e-01 4.024826698715239792e-01 3.857837796352689974e-01 2.999269115448919831e-01 1.172483602780129974e-01 1.598870702982500003e-01 5.430012010609069906e-01 6.211763290188340170e-01 2.175662004369799951e-01 3.243841264225479915e-01 4.798916543323369921e-01 2.549670024217239872e-01 3.367812545175309924e-01 3.218085826709439767e-01 4.221453523020969878e-01 2.941954175679439842e-01 3.860696850158920057e-01 5.733471506556839792e-01 5.445810933688639555e-01 4.177221202311759973e-01 4.773536027128170156e-01 5.065323062453650493e-01 4.945648364992329959e-01 4.469230454529570240e-01 2.207072452994580103e-01 3.054739642587719906e-01 5.284088163530940019e-01 5.067630831546380277e-01 1.143256610377710036e-01 3.675873197922440161e-01 6.488451686011890152e-01 6.176161630444250150e-01 1.360052387177070055e-01 6.352239437029829627e-01 2.955303469458520071e-01 2.532900067568309987e-01 4.116780604730460036e-01 3.792647259306139995e-01 -2.443963463738699909e-02 -4.456837749663840331e-02 2.348513290683129917e-01
5.338559987318950428e-01 5.451966033924540156e-01 3.363135976561000273e-01 4.440017138228830040e-01 2.206352614357560138e-01 3.849931740628950161e-01 4.410297482908849820e-01 5.484018034578840295e-01 3.440773438012920127e-01 4.690574511558630033e-01 7.167643032608459475e-01 6.175029135111490541e-01 5.414741923675340241e-01 4.516519565010180259e-01 5.345074010737770331e-01 4.629627445567109922e-01 1.000000000000000000e+00 5.056260878451259710e-01 4.540028623963259791e-01 4.869314475754010219e-01 1.786823351436780116e-01 1.329566707900279865e-01 1.955430213964819974e-01 2.536371635176439820e-01 3.329228494762019874e-01 4.005346315095140164e-01 5.983613878548299514e-01 6.098428255528739461e-01 4.873627943076510038e-01 3.720208488305259964e-01 3.876684138087470033e-01 3.354416928677330101e-01 1.311846067278399919e-01 2.148751123344150027e-01 2.734042965672249803e-01 2.164341648826909881e-01 9.826804822498010072e-02 3.808385227000939954e-01 1.484887930616529961e-01 -6.729869473191059381e-02 6.917679730472090505e-01 6.734004659006339599e-01 4.088724829216259793e-01 3.104467005078779818e-01 6.175308592722049683e-01 6.278499149106060440e-01 6.647034698969790378e-01 4.885013456729480064e-01 4.935088875854469759e-01 4.608845899969939985e-01 6.595848418562759718e-01 6.687080886408189873e-01 3.941882503085589740e-01 4.730980217793209763e-01 4.384390178999280074e-01 6.390583509346160485e-01 4.632853167914909864e-01 5.542590865074570328e-01 2.774236177528759950e-01 3.597589570754740063e-01 5.513537125556480234e-01 4.921086819382020083e-01 6.399111293688669599e-01 5.807762335634699680e-01 2.827249719767129799e-01 4.928256484118649916e-01 4.635480266565810137e-01 5.176347219980490522e-01 3.145843033540929867e-01 4.772075632673770107e-01 5.234668185719909550e-01 4.847687304948640197e-01 5.198273683904229836e-01 6.592781724208910399e-01 6.712272495490489987e-01 7.850438566135670149e-01 4.415225944887120058e-01 3.088396422893640025e-01 7.599538979173979802e-01 7.344406617112729796e-01 3.894128030943579954e-01 6.104351410408169754e-01 3.488354490332670199e-01 3.464465751295849882e-01 3.074009591790520246e-01 2.605144585131770052e-01 2.856210329344500143e-01 2.564441656237910205e-01 2.124942421446160135e-01
