1.000000000000000000e+00 2.002989217342439898e-01 2.884066670471239768e-01 8.821819394323439367e-02 4.394841845130220137e-01 1.156803243721210017e-01 4.556342588831159834e-01 2.819208437812690260e-01 3.056119386453099995e-01 1.698314871338900134e-01 5.813063799425840505e-01 -2.890737601745430041e-02 4.600702628285889828e-01 8.965848650140249843e-02 4.261982042128619752e-01 9.038966921194339921e-02 4.795878693695199840e-02 6.720925693974799664e-02 5.118364490494829999e-01 9.257054008212339813e-02 7.317943629371029615e-03 -1.682538347191029904e-01 1.346942456391909959e-01 4.035790360084320211e-02 1.565985980148220102e-01 5.001009309804450159e-02 1.434449301993299952e-01 -1.748175481448180080e-01 -2.798532460050239812e-01 -3.178412959140040212e-02 9.544575950381430085e-02 9.359923564946109886e-02 1.312425693292419981e-01 4.023667964492039922e-02 -1.951955779229899990e-01 -5.236614756803709830e-02 -2.442696327570429982e-01 -8.526352086862880320e-02 -1.196046805636880039e-01 -6.217828726529950334e-02 -1.360972440827609986e-01 -1.215354748158409964e-01 -1.388191985145270091e-01 -1.518642684100469931e-01 -1.607944539723769883e-01 -1.446278747857539931e-02 -3.369525378600179977e-01 -2.267202455703479919e-02 -2.755664345347360045e-01 -1.206173214504519947e-01 5.255630883958729571e-01 1.812650255825709877e-01 3.558466017419800176e-01 1.206724803691100051e-01 4.402045502917290021e-01 5.472582274238160099e-02 3.369787075329659931e-01 4.881651044591350103e-02 9.095608444573449747e-02 2.400177689892120034e-02 1.603031108450439848e-02 6.524962836547120240e-03 1.732478045796020105e-01 -8.593680805191669658e-03 -1.817740610223189945e-01 6.931168861420540506e-02 1.469305751019240047e-01 1.666226316672539953e-01 1.921509356747569952e-01 1.269383525790739875e-01 1.129325244739829981e-01 4.791996548525390143e-02 1.278942215147060024e-01 -1.880870248511869874e-02 4.924760439317960037e-02 1.105393839715960030e-01 6.612887127977329360e-02 1.400071242073610001e-01 2.681011589701000064e-01 -5.693894765496460009e-02 1.072441883835260068e-01 2.452361061443060139e-02 -4.127325367955669844e-02 7.139301621336639758e-02 -4.620991812211879858e-03 4.477588592372869908e-02 3.943386953061339684e-02 -1.204874611819699987e-01 -3.087351367878700056e-03
2.002989217342439898e-01 1.000000000000000000e+00 -6.108273304143140014e-02 1.672179491462930101e-01 9.343610776520569483e-02 4.947722919670630159e-02 -4.200724073412440140e-02 5.382902777553080081e-02 2.171728919865859864e-01 -1.605386862901299894e-01 2.095048231278990036e-01 3.258019301810179957e-01 2.220666536657019963e-01 2.560867722459119755e-01 1.435308957646549977e-01 -2.460531400352150011e-01 2.959754889028710090e-01 3.377124740055709728e-01 2.310000761086599894e-02 2.859667248029120201e-01 5.895480033700840200e-02 -9.394645740898960318e-02 -5.781521203727670033e-02 -1.082166333517970008e-01 3.466503010116629702e-02 -1.389304861126899882e-01 -3.414820656143589817e-02 3.225371023737019782e-02 -1.394182391077699867e-01 -2.175641112761189933e-01 8.867455971502140322e-02 2.559593505837640202e-03 -3.975739359226210246e-02 -1.193769248850830023e-01 3.894369358059680125e-02 -6.191436156436139898e-02 1.167569740728379990e-01 2.353877055335160118e-01 -1.454023201634460083e-01 1.283801792567310085e-02 2.976820152786729956e-02 -3.320950278577430165e-02 -8.925800358333539630e-02 7.099057163116470615e-02 1.290301018763350127e-01 6.746555583034140324e-02 -8.514943518093589375e-03 -1.858888723950730126e-01 8.836219588883489906e-02 5.163756657707010284e-02 1.670049190004820050e-01 6.633102031224580308e-01 1.564981629164770016e-01 3.666049772212399971e-02 9.110632022941400621e-02 3.122872219581000058e-02 3.206591044495309961e-01 2.158973785412610091e-01 -1.350027413754220085e-01 -1.612696676132369944e-01 -2.073478605174589873e-01 -2.224885255721650024e-01 1.643817085653979937e-01 6.065066575998089710e-02 -1.970467809575940088e-01 -1.206872701421149996e-01 8.250384916230049659e-03 5.407742286392590303e-02 -1.701451363089279828e-02 4.001897789702610342e-02 -6.755674365662969749e-02 -1.391694033632649985e-01 1.803228152115760041e-01 8.507692212915850261e-02 -1.037507680813870015e-01 -1.779938917730480019e-01 -1.081205004248129986e-01 -2.486251228811809863e-02 -1.798102265943299916e-01 -3.340305505268050257e-01 4.957745665331490109e-02 -9.477354721433739471e-02 3.185425876274940171e-02 7.808691130007390513e-02 4.261844917798580101e-01 2.778771761241580207e-01 4.722046234698240030e-01 2.116589268675309887e-01 4.132819006603259959e-01
2.884066670471239768e-01 -6.108273304143140014e-02 1.000000000000000000e+00 2.104911796893690068e-01 3.839923632725339986e-01 3.342405140865360030e-02 7.149691464537519803e-01 2.338596953751879981e-01 1.804524550947740058e-01 2.418345018016040127e-01 4.228182102728320069e-01 -8.519029627618790457e-02 4.042942287026959902e-01 6.808561457222719882e-02 4.505711787069799912e-01 1.780992511884849916e-01 -6.043465762720769824e-02 -1.470240837030279968e-01 4.289900685076230014e-01 3.320701620486750209e-03 2.672751484060780225e-01 5.373524129295130123e-04 5.594685731582550448e-01 4.115462358877839955e-01 3.232477632413719992e-01 1.604207129351669925e-01 2.730288673932440013e-01 -1.476706654410369912e-01 4.433749223134880180e-01 3.032811285850799954e-01 4.291926820504459728e-01 3.328272031615300275e-01 3.102585958615500239e-01 2.497521566657839864e-01 -7.500384404013199502e-02 -3.191666640030710322e-02 -1.085266020157179961e-01 -4.743680998923120035e-02 -8.950913772521160161e-02 -6.871994913812849715e-02 7.602673659020969810e-02 9.871820903834480077e-02 -2.183320582851479980e-02 -1.697802107282980061e-02 6.260821432933390274e-03 1.156812916365090038e-01 -2.017316389924579956e-01 2.195508607513890070e-02 -1.250077051660599958e-01 -5.019224844006780345e-02 1.291270708267910072e-01 4.463638256028679835e-02 4.262890145464580116e-01 -1.964624952595199828e-02 2.900971871101289956e-01 5.190682948939250030e-02 3.589868248852819826e-02 -1.460751681833570015e-01 1.329096321600840014e-01 2.115484410199560128e-01 3.538209411561940021e-01 2.979496267145890220e-01 2.143600004587389862e-01 8.751920942451220375e-02 3.552957854648139957e-01 2.632946868503799887e-01 1.703615718020720093e-01 1.206730991605400038e-01 1.683052771594819863e-01 -2.848930118267539811e-03 1.319757329627780085e-01 1.163113647809709966e-01 5.255197431438710098e-02 -1.237069105982720046e-01 -1.242044420910179969e-01 -4.077502595040109756e-02 7.717145097591339431e-02 -6.269038322608429768e-03 1.574451587489009985e-01 1.657315642342230000e-01 4.593349838539319968e-02 3.644083921273549853e-02 -8.836195044301480006e-02 9.841368104454749355e-02 -4.085351654322789960e-02 -1.661044551945749931e-02 -1.645582419195850132e-01 -1.763972591931839973e-01 -1.835716334983759912e-01
8.821819394323439367e-02 1.672179491462930101e-01 2.104911796893690068e-01 1.000000000000000000e+00 -6.393204226096839589e-03 1.595621911453559971e-01 1.596847136975249881e-01 7.266694710741870011e-01 1.111136961072579921e-02 2.101864380816670097e-01 9.008345924555249962e-02 3.261164435106689852e-01 2.181741051770219875e-01 4.110914477935019851e-01 5.689163279648459803e-02 5.965981635762399732e-02 8.119861429226589433e-02 3.453320286072979889e-02 2.372786932606500048e-04 1.400507423782889893e-01 -1.721581877446429903e-02 3.311361664049940201e-02 8.631141726347810184e-02 5.630794524728950368e-01 5.127287559379790222e-02 1.713100081555649912e-01 5.661644226970939664e-02 -1.478219028963370096e-01 1.047200960256590013e-01 3.277869554229789761e-01 2.905996888350709795e-01 2.793566478654659901e-01 9.492712643172590559e-02 2.022233013563800030e-01 -1.639117284479489900e-01 4.019221804148889743e-02 -1.274824426526179966e-03 2.539524472066390093e-01 -2.324441992087130093e-01 -7.085278690546260340e-04 -2.649151381018630125e-02 -1.565553631469079887e-02 -1.579762060612890096e-01 -5.688413841630399898e-02 -5.171635973171530287e-02 6.782331439894159764e-02 -1.130260216682640040e-01 2.062574364731210169e-02 -8.102620786636000050e-02 9.934226172164639657e-02 8.479185552921840452e-02 -3.250985309916919891e-02 1.992729166991160095e-01 2.948609940508369887e-01 2.718737346700719759e-01 2.972920866783559934e-01 2.535039163140540008e-01 8.934005185215809774e-02 -4.829452091377939987e-02 2.537742984974670213e-01 1.764153945497859977e-01 2.941370047925589981e-01 -8.796583958677049730e-02 -2.007232040058929898e-02 7.952049704139850517e-02 1.527953154280509984e-01 8.016459194037889313e-02 3.710878258989250278e-02 1.429240484454039929e-02 1.835083854418309915e-02 3.569995809837679841e-03 -8.504614224643680664e-02 1.184700726101570040e-01 -9.370476332199340064e-02 -6.779372358255280132e-03 -8.763643810794670419e-02 -4.602145460616780155e-03 1.075503746235949992e-01 -7.094226374673390234e-02 1.100374908142209979e-01 -1.095050451706939959e-01 1.955936598206529931e-01 -1.042488485997330044e-01 8.921108738925100090e-02 1.066160256980260013e-01 1.197066561757829939e-01 8.399099725368160130e-02 5.241210852325969838e-02 8.035821950092909838e-02
4.394841845130220137e-01 9.343610776520569483e-02 3.839923632725339986e-01 -6.393204226096839589e-03 1.000000000000000000e+00 5.454177299743220297e-01 6.554837595280329499e-01 2.152725243785539866e-01 7.389905003910539616e-01 2.307396174674609945e-01 3.384057602282800059e-01 -2.124177598103160064e-02 3.545114905599370259e-01 9.688304119076650289e-02 5.759957549995620152e-01 1.124645041021160030e-01 1.006040135548799952e-01 -9.243088340501549871e-02 4.737868657993830057e-01 2.831111232280730111e-02 3.447868618911960059e-01 1.015111046640950060e-01 1.217214575561949980e-01 -1.150984681715289983e-02 3.517793803521089835e-01 3.316884701832339966e-01 1.761472126898250001e-01 1.257062885966810095e-01 7.014368234417510395e-02 1.064905851383090019e-01 2.094894607088640115e-01 7.259525862195209678e-02 2.545228115264039914e-01 1.150061729657560067e-01 2.892701243374319886e-01 2.318228144105859978e-01 9.336265907467429515e-02 1.363512773746740070e-01 3.416006236979959865e-01 2.661432301169670001e-01 -3.016866840502619926e-02 -6.456779370349030600e-02 -2.631584841861240101e-02 4.879473655917829916e-02 -7.703840854322829834e-02 -5.896994828189380117e-02 -3.639270319232200124e-01 -6.116613352429880329e-02 -2.829532834916450024e-01 -3.451647121424770148e-01 3.127079409099049745e-02 -3.215576280355599698e-02 9.926249935010909853e-02 -7.396273185446899934e-02 1.292055363783919941e-01 6.770411649306970481e-02 8.222922933210929930e-02 -1.415204037103920121e-01 8.062772386298169836e-02 1.897671150829670084e-01 9.435918337182019888e-02 1.196233830262589948e-01 1.024412477718120024e-01 -6.671626849467200693e-02 -1.453844791672639913e-01 -2.460195236783090100e-01 -1.037939145375149988e-02 8.617561396575740273e-02 1.611419926138089875e-01 1.938688225799249931e-01 -1.453619335249159983e-01 -1.807235838756499902e-01 3.376378059536350174e-01 -2.404005043046069934e-01 -1.774343189491709993e-01 -1.513637931159400041e-01 -1.992882846512240014e-01 -2.074058207334590065e-01 5.147247303516829658e-02 -1.400053582530600034e-02 -1.522528247353550079e-01 -4.399918530004809925e-01 -3.028469574203920267e-01 -4.394125419361379764e-02 -5.233015683750950192e-02 -2.303157134078369916e-01 1.977894815291260100e-01 5.633603979559859837e-02 9.807988528987879318e-02
1.156803243721210017e-01 4.947722919670630159e-02 3.342405140865360030e-02 1.595621911453559971e-01 5.454177299743220297e-01 1.000000000000000000e+00 2.730077813790199870e-01 3.850145543452430097e-01 5.101569542719770478e-01 2.598803537697739752e-01 1.114515413486019957e-01 3.002052517458589920e-01 3.076913688812499825e-01 4.919865501638119865e-01 7.089225595604049801e-02 -4.248542801449620154e-02 1.340670101714150075e-01 1.533333242399509931e-02 1.926544717738919998e-01 -2.016459293049840118e-01 2.970810058654310137e-01 2.347272720971159965e-01 9.972143791542359414e-02 9.003895969824629586e-02 1.806588096751300110e-01 3.435944870484359814e-01 -1.665772783278799962e-01 -1.502827492025970079e-03 1.582514444791010000e-01 4.367148725959770217e-01 3.268976737746470129e-01 3.645300969127490132e-01 7.611719199774809319e-02 2.179341350345569833e-02 2.865801345354819785e-01 2.323116011979269868e-01 1.960809092648579943e-01 3.862824551818889729e-01 1.954318586307400019e-01 4.057049073852099785e-01 -7.062312198831789678e-02 -1.320710445596909866e-01 -1.114470224457909941e-01 2.720115008141259921e-02 -2.086624892668759862e-02 4.102240779798570214e-02 -2.916517988207320000e-01 8.991867136719459280e-03 -1.091111846069779956e-01 -2.507598785274139930e-01 -1.172598794631300040e-01 -1.122064540713819947e-01 -1.454367559818429967e-01 2.362720860294479919e-01 4.803388406312340125e-02 3.695996384609679941e-01 2.547556240298520236e-01 8.256097960062630525e-02 1.370091966843449971e-01 4.321114418625560116e-01 1.234721752281170010e-01 2.432215267648170087e-01 -1.185367876774530010e-01 3.246809567853860094e-03 -4.173081107495060227e-01 -5.114547343144509872e-01 -2.999034533668090141e-01 -1.460827610141419985e-01 -1.140884873672159960e-01 -4.742008614954090068e-02 -4.829282266244470101e-01 -5.419881267066900543e-01 5.269324200320200102e-01 -2.935717737074379774e-01 -1.060063889217130045e-01 -2.474428003510089902e-01 -3.165617149606679837e-01 -2.020590475715270118e-01 -6.651813424640899697e-02 2.259292877240709832e-02 -4.412938533497040017e-01 -2.634194593101379933e-01 -3.135420922453869830e-01 -7.886944677367720147e-02 6.019941271049220055e-02 -1.424459330662229961e-01 3.827820533147590076e-01 6.578288950687420644e-02 2.807494330344790234e-01
4.556342588831159834e-01 -4.200724073412440140e-02 7.149691464537519803e-01 1.596847136975249881e-01 6.554837595280329499e-01 2.730077813790199870e-01 1.000000000000000000e+00 3.685720622059410201e-01 5.493487697359860089e-01 3.539916310291659762e-01 3.598183702855500266e-01 -8.525874094480989651e-02 4.495267631298269784e-01 3.692339836334789654e-02 5.606703578621939910e-01 1.837764711883380087e-01 -1.484054117881019978e-02 -1.815207810369910135e-01 4.012702917752810072e-01 1.344804490766170028e-02 2.110215330808860035e-01 -9.624340918513570042e-02 9.919343514062070599e-02 1.614511830714470131e-01 1.167955061111519977e-01 1.122968775614409942e-01 3.725152922524270216e-01 -4.588064199530979964e-02 1.907974437602230067e-01 1.918283612172810015e-01 2.804041749213819767e-01 1.507418337583449897e-01 3.773090653540420170e-02 5.107440288601689665e-02 1.415912934711210103e-01 1.936530739823980052e-01 -4.443603810567470225e-02 1.172462598399599959e-01 3.762024094053879886e-02 9.994622842199379908e-02 1.896287432805799852e-02 6.512860163670859681e-02 2.347355360411860006e-02 6.051658236661079660e-02 -2.521934901829649828e-02 5.324148609969420187e-02 -2.492972812666210125e-01 1.296591338584330011e-01 -1.355399479839999866e-01 -1.515686370935160066e-01 1.397297615152139905e-01 5.400390729895249847e-03 3.724829542102189861e-01 9.275782518750970429e-02 4.322973086110180052e-01 1.099507301495020045e-01 1.138879035842910031e-01 -1.181676268852040051e-01 -1.022808689170700003e-01 1.575987277089969940e-01 2.257238614317249870e-01 1.767967565865400104e-01 3.217717014949210141e-01 9.360415876629610277e-02 1.340913487882199884e-01 9.726743096243009590e-02 2.869533635000229843e-01 1.116785688624649941e-01 2.478743109127639899e-01 1.947165120099979968e-02 1.221672082692649985e-01 7.632104766903699544e-02 1.482199858964969863e-01 -1.990598338211160001e-01 -2.391380220969399895e-01 -1.508565238116459928e-01 -8.143005175724460365e-02 -1.010337649282039979e-01 -3.931183381130599896e-02 7.110124934581389666e-02 3.437050551194469755e-02 -9.090991925470069679e-02 -1.707648122397240065e-01 1.127603944526650026e-01 -4.269137126213579797e-02 -1.444986129781219986e-02 8.896154377129929583e-03 -5.671731845455099674e-02 -7.201612378612559651e-02
2.819208437812690260e-01 5.382902777553080081e-02 2.338596953751879981e-01 7.266694710741870011e-01 2.152725243785539866e-01 3.850145543452430097e-01 3.685720622059410201e-01 1.000000000000000000e+00 1.766655151864079953e-01 3.099643729639999790e-01 1.818764393229780063e-01 3.174740185456260133e-01 3.010456941888760007e-01 3.813430192531879759e-01 1.617932595969809872e-01 1.082524568461149944e-01 1.150635056177889970e-01 3.754310279833580205e-02 1.466851766925199863e-01 -2.306946147272790140e-02 -5.848085180217239831e-02 2.892722020853229908e-02 1.574046323653139901e-01 3.628888267973149895e-01 4.119102671626920231e-02 2.537483106851690096e-01 1.231497907374440037e-01 -1.157147017794190047e-01 5.261993556964020269e-02 3.303533197118719844e-01 2.527104383237159801e-01 2.702535646996260255e-01 5.036258245053910204e-02 8.960403846082549972e-02 -1.853200779032239953e-01 7.733991191079600536e-02 -2.121590270187589944e-01 1.304017487232740080e-01 -2.090406950093260108e-01 3.555183190885450196e-03 -1.112278153822749971e-01 -7.541572084725729763e-03 -1.345209860821519887e-01 -1.190763242400269956e-01 -1.678249362060690031e-01 1.906212349240329895e-02 -2.945409376709809957e-01 8.810970677431910481e-03 -3.293759507173499856e-01 -8.680839945668600288e-02 1.302076220012179930e-01 -1.651640749340209935e-01 1.581178345616119918e-01 3.505431480026209856e-01 3.142072791266979914e-01 4.415966719033009857e-01 3.070350391480899943e-01 6.617510031577170104e-02 5.603282032057570194e-02 3.840385468536769986e-01 2.019507776264710119e-01 3.727160301812290077e-01 -6.991023148961199307e-02 -3.664791805412200010e-02 -6.952068330660110540e-02 8.092462414706859397e-02 2.169177190331540023e-02 2.560088130515050103e-02 3.952754397393060115e-02 -1.755916127714030051e-03 -1.180210184935430034e-01 -1.301900338917350020e-01 2.150832908672639932e-01 -7.950360056813210452e-02 5.360516267387299694e-02 -7.623863732868479959e-02 -8.911279310160599709e-02 -2.270803188104539815e-03 3.500279403823090135e-02 1.599214433390830081e-01 -2.453233168046760060e-01 6.746415834414459800e-02 -6.582891104956879735e-02 -4.307837205382199913e-02 -2.359355678369740028e-02 7.041140283164720390e-03 1.725146851197439934e-01 2.444464385840830131e-02 1.284818312562800019e-02
3.056119386453099995e-01 2.171728919865859864e-01 1.804524550947740058e-01 1.111136961072579921e-02 7.389905003910539616e-01 5.101569542719770478e-01 5.493487697359860089e-01 1.766655151864079953e-01 1.000000000000000000e+00 1.710041043540979910e-01 9.733233732166270136e-02 2.415634576629959937e-02 2.036790435608190064e-01 9.522330429154809983e-02 5.068051192405580441e-01 1.101593936839089932e-01 5.855450076280550170e-02 -7.695819573292669857e-02 2.163253565394709921e-01 1.445433196594010095e-01 2.937625305384419794e-01 8.247211479099510190e-02 -1.553899818306780090e-01 -1.349965926886969869e-01 1.480398607160529900e-01 1.989148770592339965e-01 1.218688284021059998e-01 1.363797937904709934e-01 -1.780480703661239950e-02 1.755461945903140017e-02 1.393386896443400136e-01 -3.186423643738779676e-02 1.272540831133049943e-01 -3.381498975932990120e-02 3.645220013268239967e-01 2.688725528331599723e-01 2.209808810641560040e-01 1.943185574816679861e-01 3.580484863668420004e-01 3.088635307532189844e-01 5.247076271457849772e-02 -2.071038751408079900e-02 5.741477591002439734e-03 9.339277489791790454e-02 8.336544052739379429e-02 3.104341165221270044e-02 -9.821082753029750090e-02 2.150954999633840001e-02 3.132828535495479905e-02 -1.964032442994969874e-01 -4.319231756208959799e-02 1.003064668793620003e-02 2.028615366468120018e-01 8.007549038203659597e-02 1.376543050166869897e-01 4.613977893459320079e-02 2.595886833687089876e-02 -2.014802618651249932e-02 -1.540012381567650024e-01 4.959283019306500069e-03 3.739914564835650213e-02 3.177243054646380210e-02 1.711388188924669873e-01 2.157458007068590103e-02 -9.408349887756700669e-02 -2.483795879680109897e-01 6.606384303694880222e-02 9.426454032069460365e-02 5.373179744355620346e-02 1.524916384951350012e-01 -1.081061214771529971e-01 -1.748015176603630039e-01 2.711801724342109976e-01 -2.289734084831739902e-01 -3.210298934973930263e-01 -1.784102283278690138e-01 -2.526612264245289841e-01 -2.456996785390319904e-01 -1.448875677539940010e-01 -1.151700623676139984e-01 3.488928978092839875e-03 -3.209505199638649775e-01 -1.783333464620860120e-01 -3.307997216395949791e-02 8.439638460101479833e-02 -6.830479547640580518e-02 3.118937489478150193e-01 1.533310940316779947e-01 2.740312274030999862e-01
1.698314871338900134e-01 -1.605386862901299894e-01 2.418345018016040127e-01 2.101864380816670097e-01 2.307396174674609945e-01 2.598803537697739752e-01 3.539916310291659762e-01 3.099643729639999790e-01 1.710041043540979910e-01 1.000000000000000000e+00 7.571026500028289752e-02 -7.506499710727450314e-02 1.794553644485110122e-01 1.863261706508960100e-02 4.833258722823339792e-01 5.120447649115039690e-01 -4.950654550698799922e-02 -1.407960740700849867e-01 1.396429427303579884e-01 9.288941622913479690e-02 1.513972222307780058e-01 1.681091996938519906e-01 9.955211837757889370e-02 2.931796028781000207e-01 1.965370790806739987e-01 2.830541855731150136e-01 2.630895216281999849e-01 1.554690382316570030e-01 1.388439076017780049e-01 1.463066318863349979e-01 1.631612213512450005e-01 1.565571433626740117e-01 -4.329058023112949960e-02 1.352276616619320082e-01 -1.335977445507990080e-01 1.959916877059439955e-01 -1.892922562989300117e-01 -3.610747496936710099e-02 -7.408842519906090607e-02 4.412839229866479668e-02 -1.177426119291419965e-01 -5.669672331944029808e-02 -6.254999776425819447e-02 -7.658967804984349870e-02 -1.318146242891360120e-01 5.632921511654129590e-03 -2.529576240858629754e-01 1.418145915241680044e-01 -1.886172864693169970e-01 -1.945782366278369854e-02 9.357360575097969924e-02 -1.230326598915919972e-01 1.151234131359849949e-01 3.745285539914409989e-02 1.974066279462330098e-01 4.297962419296579711e-02 -1.261170322924889953e-01 -2.113562824590460021e-01 -1.647195990097750085e-01 1.832961558582069939e-01 1.484815585787039975e-02 1.767474181203839978e-01 1.223229940183560016e-01 1.365646201781940128e-01 -1.204184284566190040e-02 3.290318483100510005e-01 6.498743841885890049e-02 2.754433601482619842e-01 1.024285167534329938e-01 8.417256293951859425e-02 1.261932259317390115e-01 8.745931178790669613e-02 -6.248558626092950291e-02 3.029599513569109989e-02 -1.102772321423509949e-01 9.794874138530809682e-02 -3.027845597476129871e-02 1.408136481896510028e-01 2.793205737637840039e-02 2.595213165288939861e-01 -2.575896420414190008e-02 -4.059662659818909919e-02 -1.648231037438649960e-01 -4.399693141691590065e-02 -2.091995385488379933e-01 -1.671494754321329879e-01 -4.020991777436029868e-01 -3.603211841669989868e-01 -3.620344324701120220e-01
5.813063799425840505e-01 2.095048231278990036e-01 4.228182102728320069e-01 9.008345924555249962e-02 3.384057602282800059e-01 1.114515413486019957e-01 3.598183702855500266e-01 1.818764393229780063e-01 9.733233732166270136e-02 7.571026500028289752e-02 1.000000000000000000e+00 2.051868453340089937e-01 7.801221196684029469e-01 3.356136942389210120e-01 4.315351065225179750e-01 -1.634476103663609903e-01 2.471376475316179946e-02 1.617357905116149908e-01 5.309122307743699976e-01 -1.104176156938860009e-01 2.164518178232700124e-02 -2.683960428008140275e-01 5.021977438034489483e-01 1.961396555363330019e-01 1.478711338841580125e-01 -6.096604638310289953e-02 2.321121170247339993e-01 -2.104754758901369871e-01 -5.852203744781780265e-02 5.065054964146550182e-02 1.863965484268899908e-01 2.263469409922639897e-01 1.581182374739429908e-01 6.133326724511839988e-03 -1.394149014242269946e-01 -2.416490180451290049e-01 -2.444705085315390103e-01 -6.222794936477350075e-02 -2.474488983443219881e-01 -1.646943771705390025e-01 -8.265002858738390579e-02 -3.272474800762779912e-02 -2.120094154192219971e-01 -6.837901227628069567e-02 -1.140617913096509950e-01 -1.044800330444779941e-02 -2.431186189852810042e-01 -1.494714469455349914e-01 -1.884912153532170009e-01 -1.700506515830489951e-01 2.164920520001069881e-01 2.265828536425749939e-01 1.834885773795089936e-01 -8.791597146165920640e-02 2.379213772698419993e-01 1.605835439569310019e-02 4.113608593761179932e-01 8.054554451817540206e-02 3.733495802975519973e-01 8.982059659627990300e-02 4.407379998128500148e-02 2.889320294067570030e-02 -2.282830187414710069e-02 -9.894129442328659929e-02 -1.089929320862770001e-01 -3.904841529959390128e-02 -3.225364243986619806e-02 -7.147042779184689665e-02 9.307690584778829934e-02 -7.477795761473039760e-03 7.254534791708019958e-02 -7.992311409714179804e-02 2.860161801316939978e-01 6.684147566676219843e-02 2.407472086167669889e-01 1.546961724214510059e-01 9.781942097723829443e-02 8.114054690410339721e-02 4.636993105140470028e-01 6.458585530151429721e-02 -9.266021032428460244e-03 -3.117880693421780022e-02 -2.522430543610219844e-02 2.159248143301290002e-01 1.983532041798770074e-01 2.222973428103930116e-01 4.513755698689930068e-02 -1.371727074592440088e-01 1.628694471636980001e-01
-2.890737601745430041e-02 3.258019301810179957e-01 -8.519029627618790457e-02 3.261164435106689852e-01 -2.124177598103160064e-02 3.002052517458589920e-01 -8.525874094480989651e-02 3.174740185456260133e-01 2.415634576629959937e-02 -7.506499710727450314e-02 2.051868453340089937e-01 1.000000000000000000e+00 2.738137515966420077e-01 8.294755915515269473e-01 -1.575237980679740080e-01 -3.679090063837199831e-01 -5.960156270144029850e-02 4.426892265339740229e-01 -1.846864993564540092e-01 -3.521423757356599848e-01 -2.337663046869790096e-01 -3.120645159964219872e-01 8.460730949635619780e-02 1.449844298446819890e-01 -2.274811360282190109e-01 -2.332504739523489912e-01 -4.219646541974370058e-01 -4.160942239283180188e-02 6.522981290152060629e-02 1.745812734799130073e-01 3.015759735193649926e-01 5.263344218381530437e-01 -7.411904572998490037e-02 -1.355747077727570138e-01 -8.115561431518629465e-02 -2.541982413541959973e-01 9.546207028282309437e-02 3.187398687372919870e-01 -3.143237040445490127e-01 -8.858359590963170438e-02 -3.845551935933839982e-02 -6.448591693241420564e-02 -2.100141899718019900e-01 1.419718497872319955e-02 3.652951319597679686e-02 5.776183561602409727e-02 -2.354785575198859934e-02 -1.105607783663039960e-02 1.152769820582980054e-01 -9.172601193739119210e-03 1.123835105488359964e-01 2.492006607169749977e-01 1.035567587105150067e-01 2.557052014639020210e-01 1.846067559339610031e-01 3.761893758130340215e-01 5.182716204696380391e-01 4.337272037210960218e-01 1.281868607084629963e-01 2.142034314571200082e-01 4.820818937099299872e-02 9.179730639398550607e-02 -2.057428884602109931e-01 -7.636547179844190014e-02 -3.777852715043700238e-01 -3.166721689765970016e-01 -2.953584924856019756e-01 -3.295746892051319987e-01 -3.325881251626789936e-01 -2.963914333966169989e-01 -2.514183011027700254e-01 -3.211520294156829936e-01 3.230311038406949997e-01 -3.872178134265869681e-02 1.197783863380789959e-02 -2.024550896881419926e-01 -2.490124575916279892e-01 -2.419167369170190096e-01 -1.326185793449710104e-01 -1.867213973883490030e-01 -3.096448724134699959e-01 -1.799516102423980024e-01 2.885980004374310084e-02 5.653483897254799745e-02 5.130601665790710531e-01 4.129545122552720215e-01 3.243580147815769976e-01 -1.256894015716640001e-01 5.182010573675830400e-01
4.600702628285889828e-01 2.220666536657019963e-01 4.042942287026959902e-01 2.181741051770219875e-01 3.545114905599370259e-01 3.076913688812499825e-01 4.495267631298269784e-01 3.010456941888760007e-01 2.036790435608190064e-01 1.794553644485110122e-01 7.801221196684029469e-01 2.738137515966420077e-01 1.000000000000000000e+00 4.743682794292409799e-01 4.845471740866270083e-01 -2.213349246945169879e-01 2.145895118776660129e-02 1.792443268211069973e-01 3.573464918470179996e-01 -1.856353432348940014e-01 6.154357123469730156e-02 -3.161698558495409928e-01 3.978804589598259889e-01 2.694346987067520183e-01 1.591140703325099881e-01 -6.842523047325480001e-02 1.209487055367250014e-01 -2.775658654131060166e-01 4.572240131732219909e-02 1.191696460012449943e-01 4.548268574292099742e-01 2.603679699864550057e-01 1.066378083548009947e-01 -7.070442233766900675e-02 -1.658688442009280048e-02 -2.174181911019149871e-01 -9.504159958249069895e-02 1.104015458625900031e-01 -3.110056163767739856e-01 -1.633794491478189892e-01 -2.588265121769769972e-02 -9.420282452515239824e-02 -2.175682660183070050e-01 -1.051118715792639935e-01 -1.080589135168519982e-02 -8.983163513517040261e-03 -1.274342801585099938e-01 -6.549720619662240118e-02 -1.051114818058740061e-02 -1.149567375479859932e-01 1.763852794030230098e-01 2.534301678534309765e-01 2.831253123785700265e-01 -5.483367791914609685e-02 3.677617087462810019e-01 -7.383918046801660369e-03 4.244779175286130246e-01 8.609155286897919590e-02 1.973969051228399996e-01 7.575954366961450137e-02 3.435951616522729679e-02 -1.135284333513090008e-02 -5.310996294198250256e-02 -8.148204178616680338e-02 -2.343562822380700073e-01 -1.463666732627779965e-01 -1.308992078543680104e-01 -1.490334690493670122e-01 -4.487548227507669879e-02 -1.813310616074239878e-01 -7.786678416179410034e-02 -2.362557526218840021e-01 3.393959921439679839e-01 -8.085030139758439538e-02 4.397626167430040284e-02 -2.215428951711490013e-02 -1.027799553055010057e-01 4.751442445621009703e-02 2.406531656963850074e-01 1.616958334384059962e-02 -7.727075151471710091e-02 -6.136122253709819924e-02 -1.126697664670379961e-01 2.216661232827979999e-01 3.275669773783960181e-01 3.230252360031949932e-01 1.675356044107089992e-01 -8.875382041868909444e-02 2.187574058814349964e-01
8.965848650140249843e-02 2.560867722459119755e-01 6.808561457222719882e-02 4.110914477935019851e-01 9.688304119076650289e-02 4.919865501638119865e-01 3.692339836334789654e-02 3.813430192531879759e-01 9.522330429154809983e-02 1.863261706508960100e-02 3.356136942389210120e-01 8.294755915515269473e-01 4.743682794292409799e-01 1.000000000000000000e+00 -1.177015635427479945e-01 -3.910604149339270141e-01 -7.998175956405030596e-02 2.881222649226959920e-01 -2.285156365088859831e-02 -3.660739548862970150e-01 -1.566384999038820114e-01 -2.664978373098059738e-01 2.107675050144260098e-01 3.050555471413600173e-01 -1.130752171234239989e-01 -1.539471646553020046e-01 -4.422551315014580098e-01 -2.466496805835249884e-01 8.493891872679219801e-02 2.617617123282390268e-01 4.548838260310050230e-01 6.478522989502699669e-01 6.323145345742979540e-02 -9.140473820974400311e-04 -1.325021651774679898e-01 -2.656706701317029795e-01 4.977571931837530134e-02 3.852195065781089944e-01 -3.645713558507699958e-01 -2.381267031135610168e-02 -3.711476961001199809e-02 -1.131466328838830054e-01 -2.273345548103500036e-01 -1.875344953973059892e-02 4.199131514373769664e-02 6.370017605194930321e-02 -4.924451801592640010e-02 1.958984043786420048e-02 1.521901529336540104e-01 -4.085107509447000185e-02 4.194998793197920323e-02 1.521515092341169939e-01 1.605335081753709869e-01 3.132505182865720217e-01 2.424856357141799978e-01 4.450805183006670274e-01 5.380682554871499823e-01 3.332759166022170039e-01 1.594740391902760013e-01 3.564951676306249984e-01 1.594304124326050009e-01 2.164825938701230024e-01 -2.338995220990829904e-01 -4.402284684810690157e-02 -4.557159174374729727e-01 -3.903173885753840056e-01 -3.626561629803770059e-01 -3.346890404160480226e-01 -3.695467140800829942e-01 -3.341020129401650052e-01 -3.478086063948970241e-01 -4.856214577742979932e-01 3.697822619854960191e-01 -1.080849733026860021e-01 -6.792858250170040468e-02 -2.068693516421220013e-01 -3.339759079901840066e-01 -2.172237517076860136e-01 -7.446117174000199679e-02 -1.186043184403819950e-01 -3.326167307170749821e-01 -1.152675930517149949e-01 -9.493469677065570489e-02 7.564740137273230636e-02 5.263254877813700050e-01 3.706656974342310007e-01 2.375527466197260018e-01 -1.804161850061400119e-01 4.816953679589680015e-01
4.261982042128619752e-01 1.435308957646549977e-01 4.505711787069799912e-01 5.689163279648459803e-02 5.759957549995620152e-01 7.089225595604049801e-02 5.606703578621939910e-01 1.617932595969809872e-01 5.068051192405580441e-01 4.833258722823339792e-01 4.315351065225179750e-01 -1.575237980679740080e-01 4.845471740866270083e-01 -1.177015635427479945e-01 1.000000000000000000e+00 3.436945828437160122e-01 -1.991275446093669979e-02 -8.398395892349269642e-02 3.745431993104609836e-01 2.692718282459810042e-01 2.628990396448410150e-01 4.553850091543820006e-02 2.535356631625519941e-01 1.982525280805970125e-01 4.170090870304399844e-01 3.108077540632570024e-01 4.350148621021809880e-01 1.218900533459379987e-01 5.001113856633419841e-02 -1.727720184543750023e-02 1.189013165201800032e-01 -1.161933556332089973e-01 1.697309917867879936e-01 5.430661763401679887e-02 -1.235235838845460087e-02 1.704527409955609862e-02 -8.396657262481689588e-02 -1.838977094235869914e-01 1.182563504047149938e-01 -4.745242175764610021e-02 -1.254042122264230064e-01 -4.645512098956160185e-02 -1.556408186717860020e-01 -9.590010080166559703e-02 -1.792739980128039978e-01 -6.058194670196229842e-02 -2.013969582130600011e-01 4.490678668249079887e-03 -1.643909631310080111e-01 -1.079048225969270053e-01 1.232259312557100056e-01 1.571025930403829873e-01 4.087697509228599979e-01 -2.042262695310159970e-01 2.677810402786620081e-01 -2.207447011595259911e-01 -1.182796184239140042e-01 -1.677508976167370047e-01 2.661203080543150107e-02 -9.515120060621730380e-02 -6.295400599860520585e-02 -6.011117777233779963e-02 1.739922532125419974e-01 4.068899579576819997e-02 1.118709028962359964e-01 2.000000429244969957e-01 1.459969380359389945e-01 2.327273755500469943e-01 1.416224755810799874e-01 1.386349479345879987e-01 2.017371017627209995e-01 2.070692854820229967e-01 -3.062353358055749930e-02 -3.500387482860389810e-02 -1.242076467271410051e-01 5.609989327311289825e-02 6.296813390345609718e-02 2.327343316186189850e-02 1.840722478302120046e-01 5.916343620144669940e-02 1.694295144252840057e-01 -1.837874705741510128e-01 -8.703216704186229891e-02 8.406003199167400020e-02 3.840760932815059925e-03 -2.896805089217080117e-02 -1.127287712301500017e-01 -1.065982525689499957e-02 -1.213870146153000068e-01
9.038966921194339921e-02 -2.460531400352150011e-01 1.780992511884849916e-01 5.965981635762399732e-02 1.124645041021160030e-01 -4.248542801449620154e-02 1.837764711883380087e-01 1.082524568461149944e-01 1.101593936839089932e-01 5.120447649115039690e-01 -1.634476103663609903e-01 -3.679090063837199831e-01 -2.213349246945169879e-01 -3.910604149339270141e-01 3.436945828437160122e-01 1.000000000000000000e+00 -2.095537746409819879e-01 -2.862861026671130182e-01 2.325530542912979948e-01 3.897320582296039948e-01 2.874242399975949769e-01 6.164749615262340443e-01 9.109880896993799437e-02 2.413260905425959890e-01 3.960413093277210250e-01 5.983541198358419688e-01 2.773200923473250201e-01 5.000668168795999735e-01 6.685528882247289417e-02 1.448611134683689960e-01 -1.327272146509360096e-01 -1.571286140788160091e-01 1.262872428806270098e-01 2.253039384157609903e-01 -1.074708674320309920e-02 3.600841446028579806e-01 -7.371922253772299389e-05 -1.423251190832119928e-01 3.334559244655500021e-01 2.957735774061169831e-01 -1.077126838153379951e-01 9.455523527241979642e-03 -7.216236152830690642e-02 -9.567701615788519465e-02 -2.481537207846619963e-01 -3.700506051321680173e-02 -3.211190618592399959e-01 7.302212664804540176e-02 -2.305597662393140124e-01 -3.741306050813290179e-02 -1.404830718246830035e-01 -3.000491932438890119e-01 3.382154685358999824e-02 -1.325816551349799921e-01 -6.060994723560780145e-02 -1.412496127494509979e-01 -4.673035694238180104e-01 -3.036845258817689741e-01 -7.881036974061859934e-02 -3.473167117527720116e-02 -4.863147329103789662e-02 7.580678261842729859e-02 4.348466001948510240e-02 1.387332624271949977e-01 2.943092553039770021e-01 4.800986416919980071e-01 1.456241377432790085e-01 5.275718430877720522e-01 2.888242422177770274e-01 3.572761542160149961e-01 2.567975285457479995e-01 4.101574731344230229e-01 -3.273963330452560050e-01 1.819698271455459926e-01 -6.343866841004190682e-02 2.978632529463420275e-01 1.037685017936880033e-01 2.553967693835539898e-01 1.253430493630419973e-01 1.975172637935480036e-01 1.317802746067129882e-01 1.938803521069079952e-02 -1.513620713499649884e-01 -2.903760294573020095e-01 -6.065555284714030382e-01 -5.439402208760449886e-01 -4.135585467320699871e-01 -2.005986218137010002e-01 -5.147319481992339574e-01
4.795878693695199840e-02 2.959754889028710090e-01 -6.043465762720769824e-02 8.119861429226589433e-02 1.006040135548799952e-01 1.340670101714150075e-01 -1.484054117881019978e-02 1.150635056177889970e-01 5.855450076280550170e-02 -4.950654550698799922e-02 2.471376475316179946e-02 -5.960156270144029850e-02 2.145895118776660129e-02 -7.998175956405030596e-02 -1.991275446093669979e-02 -2.095537746409819879e-01 1.000000000000000000e+00 2.659144956090899736e-01 1.759670829391989932e-01 2.201939161170040071e-01 7.930669303651949331e-02 2.907349290568940134e-02 3.856122433159220320e-02 -9.210925835821000274e-02 -8.494433652599190851e-03 -4.695009306253170034e-02 3.816743535681830224e-01 8.853766935408209637e-02 6.813072284031169989e-03 -2.609920347300649993e-02 -4.629375369123860107e-02 -1.474538617394700046e-01 -1.085679249246860045e-01 -8.409130096208819460e-02 5.719183256390100202e-03 1.021409941223109935e-01 -8.853532513981569874e-03 6.443451430101969357e-02 5.467857153931050124e-02 8.969452368609980020e-02 3.815442829942999881e-02 -1.148434131036819988e-01 -1.394793808886610025e-02 -1.018309518379549999e-01 2.562668380353870165e-02 -9.916498509427469632e-02 -7.601565470866360197e-02 -7.467737683648059677e-02 -1.864160371866110111e-01 -1.683886630351150073e-03 1.928270338446050058e-01 8.898667376569879828e-02 -2.763499490030750239e-01 -2.335716377365940066e-02 -1.359623388243469955e-01 2.593003476723779871e-02 3.966661611952280175e-01 1.497301770458369929e-01 -1.107170452619820056e-01 2.035652215261609960e-03 -1.505566734694530062e-01 -1.348485615450630004e-01 1.537591368904510092e-01 -1.071868430728679933e-01 3.649726770417759808e-02 1.385875890593439921e-02 1.266416497931449892e-01 1.382871467138459959e-02 1.737236715431549894e-01 1.985074288350129890e-01 -1.530747378440310003e-01 -4.262437767680379852e-02 4.235189207034040226e-01 7.875045561825480545e-02 2.405821378689110002e-01 -4.013739380696489806e-02 1.227061790539799996e-01 8.895207638169619346e-02 -9.522135178931209754e-02 1.159632787821869987e-01 -1.044075907371059958e-01 1.234162825494980048e-01 2.242968155098389871e-01 1.815540689052179968e-01 1.278907550488080080e-01 6.474381225976730270e-02 3.769682977467970209e-01 4.047162011995790176e-01 2.215026176156069948e-01
