1.000000000000000000e+00 9.077371914703550315e-01 6.596111790978940181e-01 5.571516860102150304e-01 2.914577837872719956e-01 3.864156708935450046e-01 7.235022228951659695e-01 7.146689572825899450e-01 2.137023018873250024e-01 3.500397610249080249e-01 4.844980211650160018e-01 5.993668525590070129e-01 6.408545091088679868e-01 3.637744246590359776e-01 5.236258610609679787e-01 4.199522640573850052e-01 4.173436958695609933e-01 6.015643026999160092e-01 7.461234804367530282e-01 7.330275494881509646e-01 4.490094619549430122e-01 4.160719807502309964e-01 6.738134809554949811e-01 5.752572384853219534e-01 5.194439237722580094e-01 5.708715657158679457e-01 5.814316692471009906e-01 5.340183032583980527e-01 5.970932563930529957e-01 5.741312995198469826e-01 7.788163236387829480e-01 7.758313548252300240e-01 4.353284869376560229e-01 3.965082609163360083e-01 4.868047120937559757e-01 5.449942149090899468e-01 4.505798567547389943e-01 5.621996678065299680e-01 1.648346995323289876e-01 2.429012588943829931e-01 5.851103528669630016e-01 6.938006106018510533e-01 4.532820297698699763e-01 3.940271299228559898e-01 6.987854893074360030e-01 6.466493865749779468e-01 4.307570296592659886e-01 3.752797804218520050e-01 6.510725220172479677e-01 5.484817904698070512e-01 8.641460993467250384e-01 7.948668451010789671e-01 5.916090458841920530e-01 4.393742125668890219e-01 6.931791115164780415e-01 5.930810973137959907e-01 4.674878677251699810e-01 5.262276495089519557e-01 4.850869912197799949e-01 3.302844700645269915e-01 5.411089571982959923e-01 5.138534319639970205e-01 4.364893877591130011e-01 5.772894596661669597e-01 5.814696693226809598e-01 4.870432781528529764e-01 5.758765826784989494e-01 5.327249121811929999e-01 3.388351469076359979e-01 3.914641367484419932e-01 6.789195027220540357e-01 6.691346172647479884e-01 4.605472138483699962e-01 4.214420004925459873e-01 3.854410981364789768e-01 5.094228718941899992e-01 4.911766169364359946e-01 5.163560591286689982e-01 6.433017829826169764e-01 5.707150955207529464e-01 5.845949915634669480e-01 4.426035174409049811e-01 1.799746544017239991e-01 1.850923577759990002e-01 6.747644453548470311e-01 6.465684857743390079e-01 3.948282502793630244e-01 5.185621458572680087e-01 6.173401781289109547e-01
9.077371914703550315e-01 1.000000000000000000e+00 6.335854383107110133e-01 6.144521605186860080e-01 3.154027145119179809e-01 3.841087621160059751e-01 6.899147517818200459e-01 7.183994553670169925e-01 2.061569189383949952e-01 3.583089495078449760e-01 4.462439122374010081e-01 5.638134199152120551e-01 6.252052566738669492e-01 3.985093180430280269e-01 5.157859925901699949e-01 4.438012263759559817e-01 3.923360109427890263e-01 6.487888481096429905e-01 7.694424964049529914e-01 7.572780833578049986e-01 4.016320809474939746e-01 3.833609969176020038e-01 6.617837545689030376e-01 5.711707266577730202e-01 4.964292211183319870e-01 5.706199367634029462e-01 4.643755491189759943e-01 5.527572161120329897e-01 6.015037245151479972e-01 5.499093974274079644e-01 7.522014787670000535e-01 7.553927270919289505e-01 4.407986483263279798e-01 4.565016209282860005e-01 4.548947307979699928e-01 5.831071638504730092e-01 4.136994471585129785e-01 6.298506752618230342e-01 8.638698849932979762e-02 2.216696760632110019e-01 6.319331188753189998e-01 7.472468589719369891e-01 5.003458262023590120e-01 4.582259123145570046e-01 7.043603512320919524e-01 6.475243002766609690e-01 4.844151099309250141e-01 4.327800130991080185e-01 6.717209873715770385e-01 6.429845992816659583e-01 8.734220406411520310e-01 9.117674341980299690e-01 5.908595708541529712e-01 5.032164977504429704e-01 6.731054225576410532e-01 6.243314837249840377e-01 4.620181933431590227e-01 5.738464621872060301e-01 4.780411739565459950e-01 3.597202132361440041e-01 5.505653760584380274e-01 5.577422623641959953e-01 4.424858961289410142e-01 5.997514015220319905e-01 5.322701967131759915e-01 4.988138522259569774e-01 5.228043025367810070e-01 5.334204574046500502e-01 3.107685711912199777e-01 4.175790674502540267e-01 6.319148889236829714e-01 6.605278188006910023e-01 4.097923165092420272e-01 4.815553211407900269e-01 3.728415545300080014e-01 5.798371358857109525e-01 4.220696345952459905e-01 5.791075023563519997e-01 6.226938899567540098e-01 6.321591642870260097e-01 6.268902100062260230e-01 5.166202951307840019e-01 2.574577092606210038e-01 2.861728359981510206e-01 7.064264883556470309e-01 7.131215588187229670e-01 4.768790990755090164e-01 5.635685470230370475e-01 6.912801250043719703e-01
6.596111790978940181e-01 6.335854383107110133e-01 1.000000000000000000e+00 7.658219176570989495e-01 6.102319627898780130e-01 7.204991059706250534e-01 8.696031605860560232e-01 8.260727461872019450e-01 4.210814364834840062e-01 6.938827298908419872e-01 2.974092643190670016e-01 4.901378547637380012e-01 6.393808447253569449e-01 4.701101383790939892e-01 7.221653216980109535e-01 6.885774202474189698e-01 7.753594052783449597e-02 3.429559034849080090e-01 6.895049083616090480e-01 7.341751071096119796e-01 4.053570860142500232e-01 5.145819152732280521e-01 8.319542514161739621e-01 6.963908008337600375e-01 6.204263030316119476e-01 7.387223032140249890e-01 4.244501302828890266e-01 5.278390891151309994e-01 5.023351347751929818e-01 5.666653269832749862e-01 6.160141783659159875e-01 5.334516578287810118e-01 5.854685838407039933e-01 5.466212497827189765e-01 5.853863224597920523e-01 6.345623008113310259e-01 4.803775669659909875e-01 5.477462426419990038e-01 2.698799690413610231e-01 3.263214742729499962e-01 6.230163488913580405e-01 6.276843481993049645e-01 4.833691434288779898e-01 4.924417490315989854e-01 6.693050927517130155e-01 6.552114125076089479e-01 5.944577799479030533e-01 5.766728470745180468e-01 5.526235016742460093e-01 6.624270120271640305e-01 5.707748786749270442e-01 5.750912289978640235e-01 6.183452834498910367e-01 5.421491560358190354e-01 6.123324493507860122e-01 5.214729902230740288e-01 1.463086293803629867e-01 2.423849632349910077e-01 5.079560926843379454e-01 4.381295395209839905e-01 6.266556555018369945e-01 5.921590142966960402e-01 5.151838583805290472e-01 4.873084985414939951e-01 6.182650414782679960e-01 5.620744042778059724e-01 4.575674361879489838e-01 5.185479324921929978e-01 5.773608536121750401e-01 2.892884417074619852e-01 5.430840979069899710e-01 5.877414300822579873e-01 2.386022924749370000e-01 2.070114839195280054e-01 2.868945988193409846e-01 4.702143975743909854e-01 4.086819018783560131e-01 6.324574082626419624e-01 6.312041834445789590e-01 6.486735337623850128e-01 6.237976269968800169e-01 6.552044310122370208e-01 4.701680694005709871e-01 4.085522352255380185e-01 5.895823513142639527e-01 5.768630465915409733e-01 4.305233917239760233e-01 5.003422123475900207e-01 5.471299063562450327e-01
5.571516860102150304e-01 6.144521605186860080e-01 7.658219176570989495e-01 1.000000000000000000e+00 5.999582995002730179e-01 5.947024940302639839e-01 6.027611378232290429e-01 7.713032148596340454e-01 3.048168210939770084e-01 6.429633568031239976e-01 3.601143272643410054e-01 3.710030794752660066e-01 5.633380143505160031e-01 4.769718132621549866e-01 6.654302066471380339e-01 7.803824735660209733e-01 8.513178758960529557e-02 3.016319890564180262e-01 7.476453274686080119e-01 8.206464773553140413e-01 3.904841154240309975e-01 4.468818439779950191e-01 7.083391185348629771e-01 6.534525355203559815e-01 5.974438461527550315e-01 6.640032117735530370e-01 2.700141938560389754e-01 5.770328275138300045e-01 4.677572676725049727e-01 4.462261336003259804e-01 4.756068221251760209e-01 4.656783786015419868e-01 4.489353339488320049e-01 4.787507532434510105e-01 5.751323526778659989e-01 7.326651363211139634e-01 5.484994211464759850e-01 6.006255165086890058e-01 2.004939613318920122e-01 2.875695434206910206e-01 5.066857745018410464e-01 5.632839770712180227e-01 3.751149798940329738e-01 4.019922994153259932e-01 5.127945494516740199e-01 3.834883039194019738e-01 4.123123974361310173e-01 4.530351649477249998e-01 5.489115935927150192e-01 6.066048245626629587e-01 4.662751284545910146e-01 6.322861500608869534e-01 3.777677517849190036e-01 5.651353748099300356e-01 5.043916553844070005e-01 5.122110304300649952e-01 5.993393391597839903e-02 2.879231223917519955e-01 3.826109251607869854e-01 4.628058009434850018e-01 4.604355872213379830e-01 5.531081656306110483e-01 3.056368472136299919e-01 5.209993007584290403e-01 4.435479694164020104e-01 5.669383742499309875e-01 3.694414460404160105e-01 5.278832337786469875e-01 4.623938058041779930e-01 2.749528294809440165e-01 3.545098511201810187e-01 4.336177023491710192e-01 8.726649760973739789e-02 1.686181566461099901e-01 1.231772933544330040e-01 4.254525623820040181e-01 2.618842920276340247e-01 7.072918029383939986e-01 4.834907951659839775e-01 7.356301706410439678e-01 3.550770408653490251e-01 5.705329783763189999e-01 4.577199150581109932e-01 3.392236761934450118e-01 5.062487132416869651e-01 4.643724665751129965e-01 4.060223919398560088e-01 3.793965493254780053e-01 5.341262894941890549e-01
2.914577837872719956e-01 3.154027145119179809e-01 6.102319627898780130e-01 5.999582995002730179e-01 1.000000000000000000e+00 7.429210033485169618e-01 4.472393697863170092e-01 4.395575171592410180e-01 3.040873459707009729e-01 6.131938443368699643e-01 1.595409761223549883e-01 5.286346219359679827e-02 4.599876480634910170e-01 1.547345754148120034e-01 6.019637143279159552e-01 6.699747724042850461e-01 -1.847204083906680075e-02 1.368804073849619884e-01 5.580473175423530385e-01 5.548289388487870344e-01 1.432456879367489944e-01 3.219739095181849975e-01 5.364253142768330429e-01 2.633494323591930031e-01 6.601197889182039980e-01 6.186130047698019663e-01 1.685797785826770034e-01 2.579006179429709777e-01 3.402562552735720058e-01 2.537894911847909940e-01 2.636085867643990222e-01 1.958622463498330135e-01 4.325091221272630015e-01 3.677628676299620203e-01 4.476855776353940164e-01 4.893071284827970047e-01 4.988089383826260215e-01 3.576889852070290199e-01 2.638995509123279737e-01 2.433217064025829934e-01 4.166388002195789975e-01 4.340563104199139932e-01 3.625857343325519788e-01 3.447533623450039775e-01 3.793496956487070193e-01 3.311579423104609732e-01 4.829348318300589749e-01 4.632530581767659861e-01 3.628169723152199766e-01 4.652448883210900110e-01 1.917619542317370029e-01 2.573186271648780221e-01 3.890891365390339862e-01 4.179929839048119877e-01 3.554105114848449820e-01 3.464388872731840041e-01 -6.702405869047080300e-02 -1.374273017949649914e-02 2.585690233339780209e-01 3.915851652422460139e-01 4.383362923389300114e-01 4.405174341892950096e-01 3.161011280494259723e-01 4.242870200754049748e-01 2.532878577296159839e-01 2.224655053241169911e-01 1.996540553809660057e-01 2.889704028232489841e-01 4.126446965811430001e-01 6.272576458291259649e-02 2.588969140538999736e-01 3.399599225645800193e-01 1.043049214274820030e-01 9.009389618954100065e-02 8.077049171766409463e-02 2.598876608968859747e-01 2.341746776123080076e-01 4.241208663216580188e-01 4.961601054972210045e-01 5.759504650496150013e-01 3.508126265956030276e-01 4.716100852508059993e-01 3.694778166214079951e-01 3.023793740302169741e-01 2.945059380218860157e-01 2.998057652737419754e-01 1.639192213116109909e-01 2.013043002623129962e-01 3.054657400466960215e-01
3.864156708935450046e-01 3.841087621160059751e-01 7.204991059706250534e-01 5.947024940302639839e-01 7.429210033485169618e-01 1.000000000000000000e+00 5.628153691032959927e-01 5.937174633595629913e-01 6.138986763938969471e-01 7.387686313595189791e-01 9.755598570881690579e-02 2.337928261881219993e-01 4.412623079429159878e-01 3.019831471942129864e-01 7.090408886304819802e-01 7.317510470420449664e-01 -1.221075018111779931e-01 1.783674525560139945e-01 5.758595416159379976e-01 5.832795603311909938e-01 4.060759504345770043e-01 5.506707612450499889e-01 6.145510220496930298e-01 5.029442613495850312e-01 7.875061933444319484e-01 8.292489535070980411e-01 3.175376801476419986e-01 4.433491756855980070e-01 3.119635692547689798e-01 3.618109665631260019e-01 3.716197030017869829e-01 3.024326699322040235e-01 4.774876149495039801e-01 4.382838666595100241e-01 4.969854394669819819e-01 5.866923078169720140e-01 4.092688139519229940e-01 3.755347163892099882e-01 3.259533098938540152e-01 3.191146364104059940e-01 5.412233919149479489e-01 5.098975615725700461e-01 3.453218605172549971e-01 3.413441955201769740e-01 5.204782503907999791e-01 4.677581336228769926e-01 5.811610022497539774e-01 5.359433699696419806e-01 4.701345149076039953e-01 5.848040686894609985e-01 3.415690072872130112e-01 3.222174196929050161e-01 4.782508747678539951e-01 4.375853718726179786e-01 3.631230210012090232e-01 3.366171350545840157e-01 -2.086587696203870152e-03 -2.371237027511369916e-02 3.621556435741080104e-01 4.064040861102269919e-01 4.840319618993609851e-01 4.599469768177150142e-01 5.106989950539509993e-01 4.962329172399689847e-01 3.439342518267480275e-01 3.399048099970840009e-01 3.468835888006159829e-01 4.530759485775660012e-01 4.885477265857989804e-01 2.249796451633540029e-01 4.278135264941860250e-01 4.690999866148010122e-01 1.715684977056060045e-01 9.148931191321660328e-02 1.494415100834599885e-01 4.085447691929909864e-01 3.488872300540050153e-01 5.314477355233020450e-01 5.662475426106780008e-01 6.600079555150020205e-01 5.752112415582889549e-01 5.290869791767529584e-01 3.866459558212079761e-01 3.036094033277270121e-01 3.661980096377560057e-01 4.181792321519929856e-01 2.195826116196379907e-01 2.523754547272150095e-01 3.832558903893609759e-01
7.235022228951659695e-01 6.899147517818200459e-01 8.696031605860560232e-01 6.027611378232290429e-01 4.472393697863170092e-01 5.628153691032959927e-01 1.000000000000000000e+00 8.282216133600219798e-01 4.443016197992830096e-01 5.196363977200070261e-01 4.127142764091970006e-01 5.926851406109180376e-01 7.447102562127669856e-01 5.081155298699010503e-01 5.306509680785449490e-01 4.578341359688640200e-01 1.952259141278319954e-01 4.661338072014600264e-01 5.820521091309970307e-01 5.627145670197020166e-01 3.153671211599989865e-01 3.243820213478130210e-01 8.230851100495879535e-01 7.192936919638439619e-01 5.592205084037420448e-01 6.361091952832169660e-01 4.338077479087579791e-01 3.870993046424420214e-01 5.325324151586390276e-01 6.049335955773530449e-01 7.402033145554119953e-01 6.872344706175299578e-01 6.666967915405059841e-01 6.284491796104320072e-01 4.049069775296140206e-01 4.051156480587380093e-01 3.733429669575860088e-01 4.550721642153380264e-01 1.426234246694320085e-01 2.118182616732839918e-01 6.291007095979449515e-01 6.241487225824590146e-01 5.523728344945509905e-01 5.395576042558569707e-01 6.761959474569400053e-01 6.805654636568579940e-01 6.081668765260389575e-01 5.861798897436819589e-01 5.697813323502010086e-01 6.714748499350180477e-01 6.651238761580650083e-01 5.939090490499719932e-01 7.065922261773449620e-01 5.705269402287199698e-01 7.232702209139360017e-01 6.641317889125389895e-01 2.929616956185380205e-01 3.675858732306599985e-01 6.039122665566639681e-01 4.922675541631529872e-01 7.049459676429710164e-01 6.433584439768730290e-01 4.980934980013799751e-01 4.329938774663469880e-01 6.551456675866129675e-01 5.507649479009779636e-01 4.417283121178199878e-01 3.823044505540870164e-01 4.137207504262330193e-01 2.826947035802589991e-01 5.654523376877540475e-01 6.109891232315679543e-01 3.288479657142350243e-01 3.279734762861949982e-01 3.062340037908060086e-01 4.126621752628820139e-01 4.562563758611219988e-01 4.370377991062570078e-01 6.068876181934870218e-01 5.477916824714339494e-01 7.076651714125119508e-01 6.409905923839549491e-01 4.513931363946109832e-01 4.471401261542840011e-01 6.076965692030360522e-01 6.330712036349760430e-01 5.257545147764079996e-01 5.996667675098229511e-01 5.634113128911809598e-01
7.146689572825899450e-01 7.183994553670169925e-01 8.260727461872019450e-01 7.713032148596340454e-01 4.395575171592410180e-01 5.937174633595629913e-01 8.282216133600219798e-01 1.000000000000000000e+00 3.623557231406470125e-01 5.742528125660499860e-01 4.567915271472010041e-01 7.473409119208179741e-01 7.188220776294570458e-01 6.548547668790719589e-01 6.181990414098860187e-01 5.893692863250440395e-01 1.319326945284660102e-01 4.858399882067889752e-01 6.536090627728760039e-01 6.689068321839439779e-01 4.459558317336089761e-01 4.941704394741729955e-01 8.415628437088750191e-01 8.204000596484900543e-01 5.996723141597910534e-01 7.337822239005260538e-01 3.987860981231189927e-01 5.806985431509660289e-01 5.741991051154790027e-01 6.817724642575699878e-01 6.953229950255069847e-01 6.818326361973889860e-01 5.920551402916349737e-01 6.155002364740960186e-01 4.401866980056439727e-01 5.351111398378119999e-01 4.131936408883910006e-01 5.239988326484780190e-01 1.366937248000990035e-01 1.637020804754970027e-01 5.863238386615130526e-01 6.376224819567160029e-01 4.676862843117750024e-01 4.383381270016509790e-01 5.993737550637020517e-01 5.746735167809029488e-01 5.073998171053260009e-01 5.006012932301869833e-01 5.882163403373760202e-01 6.026737247806549513e-01 6.263486005718279515e-01 6.599765510055100037e-01 5.929114102393510111e-01 5.947929512289490406e-01 6.565887809209239867e-01 6.742669271727049773e-01 2.383875956030399867e-01 4.343692403451179795e-01 4.803304069747870164e-01 5.747970602689329578e-01 6.301321380751000456e-01 6.475297754186449817e-01 4.222336797083390270e-01 4.498017457277250220e-01 5.812834191169670151e-01 6.166074298142100174e-01 4.431872862108109934e-01 4.635741855244949750e-01 4.637915561383750274e-01 2.730544866110939939e-01 5.417320103139430243e-01 5.743268768144319525e-01 2.508793658340420230e-01 2.035852112321170082e-01 1.936672365876609958e-01 4.599059188063129855e-01 3.860681409397380137e-01 6.677109101273640546e-01 5.269162768761069815e-01 6.861425504904370420e-01 5.866930617325569752e-01 6.255935156892059590e-01 3.957619614385859963e-01 3.826664787077639907e-01 5.430084368029489683e-01 5.793993291477109731e-01 5.115536957581789945e-01 5.041858407023159794e-01 5.550813692213659722e-01
2.137023018873250024e-01 2.061569189383949952e-01 4.210814364834840062e-01 3.048168210939770084e-01 3.040873459707009729e-01 6.138986763938969471e-01 4.443016197992830096e-01 3.623557231406470125e-01 1.000000000000000000e+00 5.257568016218540086e-01 -4.594683564295080208e-02 8.559284729675280257e-02 1.740996343236879962e-01 1.995132599151260011e-01 4.440026869595339876e-01 3.394150506082200258e-01 -1.410901063527940091e-01 6.261539154538979524e-02 2.525260784916870116e-01 2.305955584130809921e-01 2.980364021021750243e-01 2.866951360964720141e-01 3.248935005327839853e-01 4.114891758392559828e-01 5.366780153396050190e-01 5.438772786008849724e-01 1.821610615613609985e-01 1.672775279726569919e-01 -9.839294090506370358e-04 1.209428692481910039e-01 2.104215930845929894e-01 2.158488012749240070e-01 3.748386827221190098e-01 3.822553303567690075e-01 2.791509231348799913e-01 2.821497066979279933e-01 1.259004271315589951e-01 1.556061123503829913e-01 2.645023416525870141e-01 3.112285330804199779e-01 3.741934247357739940e-01 2.585177721649289939e-01 2.437456175409740133e-01 2.609234172151519981e-01 3.442828186065809981e-01 3.429881458445839804e-01 4.109114631391490025e-01 3.854371373172900128e-01 2.437182264829790002e-01 4.696908745935000074e-01 2.118862790853859868e-01 1.522080930137759969e-01 3.719829860020399948e-01 3.296917943214690006e-01 1.062718021219690029e-01 2.053818800461519878e-01 -3.273779229388570217e-02 -3.918623205689499706e-02 2.188440684877389908e-01 2.120900772974899928e-01 3.419806579379919831e-01 3.005967117117570031e-01 3.661970850417710088e-01 2.789610454793010064e-01 1.491251685174810049e-01 1.532309998726819888e-01 1.060758189707349947e-01 2.786658009894870114e-01 1.237240798536240055e-01 2.708554038560390120e-01 2.404064351962109936e-01 2.866235754318550155e-01 8.964453906914590653e-02 -1.807012468776250007e-03 1.312989696458919942e-01 2.664830363365380261e-01 2.874054214891250125e-01 2.464234484207790121e-01 4.142745800057109906e-01 3.552004471452990253e-01 5.558504116986660026e-01 3.861799263999000087e-01 3.046791722615549980e-01 3.033594656615010154e-01 2.055753984134690016e-01 2.753118032843269725e-01 2.514275700817030224e-01 2.661787044869389773e-01 2.302785525024780011e-01
3.500397610249080249e-01 3.583089495078449760e-01 6.938827298908419872e-01 6.429633568031239976e-01 6.131938443368699643e-01 7.387686313595189791e-01 5.196363977200070261e-01 5.742528125660499860e-01 5.257568016218540086e-01 1.000000000000000000e+00 3.763975041798200277e-02 2.183127409655619966e-01 3.299844680265919816e-01 2.447166591891959952e-01 7.137036097372180254e-01 7.322309730069940237e-01 -1.064577479170199931e-01 9.737430707590309653e-02 6.190844612055439455e-01 5.592645729149400280e-01 4.506472652253210032e-01 6.079220360603979634e-01 5.456620099641850130e-01 4.658677714098999889e-01 6.323013542619010385e-01 7.201498051402219769e-01 3.010813454945019951e-01 4.533270540643989932e-01 2.451243488221739875e-01 2.767677282642870273e-01 3.805556312389670182e-01 2.758086299128930108e-01 4.524474773357100021e-01 3.940172350956199776e-01 5.463519546246660141e-01 5.700800706874740165e-01 4.298033864397859949e-01 3.634439697809709879e-01 3.385612526147310231e-01 3.428528383364169985e-01 5.577066619360869781e-01 5.060757391994209486e-01 4.032942496506510266e-01 4.301750132953600092e-01 5.185482804035680404e-01 4.136896073017899966e-01 6.144389042946509782e-01 5.665651101428600400e-01 5.142897779351229826e-01 5.544135328966589560e-01 3.134533336612579935e-01 3.521565514788569939e-01 4.000039945147429998e-01 4.923796825879300232e-01 3.623884334800129836e-01 2.992973691006419745e-01 3.495467090506759744e-02 6.565743364728270082e-02 3.818484003250099956e-01 3.542924445720039839e-01 4.685500133013649759e-01 4.956446648453139980e-01 5.032165249097120263e-01 5.012010494916220305e-01 2.267544464770880064e-01 2.624699239930010086e-01 2.831970538190179965e-01 4.092972614626140260e-01 5.010534739456610209e-01 2.607819399110820058e-01 3.923410709382350037e-01 4.512592249061410099e-01 5.434383488540060064e-02 -5.004526427561690333e-02 1.572914881786270092e-01 4.165685893367230275e-01 3.099077220770259933e-01 5.994771110662679980e-01 5.124553346713169866e-01 6.258938781102819648e-01 4.111807412424389740e-01 5.773341871498970379e-01 4.705299693860329757e-01 3.607950728718319899e-01 4.202785758710529951e-01 4.226330260605489775e-01 3.293283635992519942e-01 3.658908543160239724e-01 4.305452156005409869e-01
4.844980211650160018e-01 4.462439122374010081e-01 2.974092643190670016e-01 3.601143272643410054e-01 1.595409761223549883e-01 9.755598570881690579e-02 4.127142764091970006e-01 4.567915271472010041e-01 -4.594683564295080208e-02 3.763975041798200277e-02 1.000000000000000000e+00 6.330381345207160004e-01 7.909714315112019722e-01 6.131250088425309608e-01 9.183939211807400083e-02 1.408893530441260034e-01 6.281274483583390023e-01 6.721720014873650006e-01 3.654405870131259837e-01 3.187301020270379981e-01 6.875208446806360674e-02 -3.490199684891619886e-02 5.468726798613350315e-01 4.245453227885099823e-01 2.243130199188149987e-01 2.088393576366580073e-01 3.088068600833390187e-01 2.388292774297459953e-01 7.039069950001489717e-01 6.480567946358699594e-01 5.221566069164790269e-01 5.778030994870130277e-01 2.414523658521189886e-01 2.281331620269959892e-01 -3.632719018625479857e-02 9.014793728294920316e-02 1.908831450593000134e-01 2.741140182768460054e-01 -4.217693609641929853e-01 -1.213186896169519968e-01 5.398699116934559811e-02 2.487750588255240036e-01 2.036443885212279870e-01 9.788873678220880170e-02 1.441039723091729896e-01 8.888894936843670658e-02 4.399236648922289980e-03 2.319199644566900115e-02 2.385317231375599922e-01 9.792824905131110313e-02 3.857720266701950007e-01 4.715126490288070182e-01 1.538424805877489920e-01 1.323820677346889962e-01 4.679942880962970064e-01 4.383377849853929975e-01 4.704423389169810066e-01 6.714690742031439452e-01 4.148326335730109782e-01 3.568154699696600152e-01 1.545292009406659950e-01 1.728328969621580058e-01 -1.324286029486499983e-01 1.416709948664600094e-01 3.216597335532609958e-01 3.513142038235639864e-01 3.555824351587100196e-01 2.284448399381449890e-01 2.005010348465690040e-01 1.882096465231420102e-01 1.044045021191210010e-01 1.653953524701060052e-01 2.232954917201389888e-01 4.081159277984289790e-01 2.174726351006860126e-01 1.748123249235540022e-01 -5.056810907746170022e-03 1.511163822560399883e-01 1.838154267213510107e-01 2.357294517736480133e-01 1.930234923668409930e-01 8.901880687517320367e-02 5.052830774071419978e-02 5.677860330722660220e-02 2.095111500674420035e-01 2.222807605106590090e-01 3.204960600588919739e-01 2.505414434862699991e-01 3.248399858503049908e-01
5.993668525590070129e-01 5.638134199152120551e-01 4.901378547637380012e-01 3.710030794752660066e-01 5.286346219359679827e-02 2.337928261881219993e-01 5.926851406109180376e-01 7.473409119208179741e-01 8.559284729675280257e-02 2.183127409655619966e-01 6.330381345207160004e-01 1.000000000000000000e+00 7.000716052447280013e-01 8.081553723544599999e-01 3.035377722564809866e-01 2.397697369408839929e-01 3.863449925405070262e-01 6.585378215673789448e-01 3.503431562989700043e-01 3.680605748344270012e-01 3.032630986596269729e-01 3.155398824439200056e-01 6.521927032571810390e-01 7.122404857334989625e-01 3.180016892196930178e-01 4.121733918833729859e-01 4.420758821198810251e-01 4.597304821068349812e-01 6.583352838944850349e-01 7.966396330746170484e-01 6.212093294448269853e-01 6.945526651601560131e-01 3.384240875515169833e-01 3.310377100985780197e-01 1.228278846891859982e-01 1.888047109160380099e-01 1.976849435099979901e-01 3.284805414916350252e-01 -1.543703996984500115e-01 -3.100689862027489890e-02 2.516296476249409997e-01 4.009818972683780181e-01 2.946829615660960244e-01 1.708955339344629953e-01 3.118553096534150137e-01 3.808905609676039861e-01 2.059743033803149992e-01 1.626099639351960002e-01 3.728449596444359804e-01 1.956914402714529932e-01 4.907957207386450249e-01 5.335485471003720281e-01 3.322488859373179948e-01 2.691620927853790035e-01 4.824417642910719950e-01 5.202086655069899646e-01 4.730351843770819742e-01 6.688844813014509505e-01 3.274875849141600237e-01 4.755921638562110032e-01 3.167789208692919911e-01 3.531906593652799908e-01 1.130832876966520045e-01 1.590119959270210048e-01 5.047099248628229562e-01 5.249960100257480278e-01 4.191765179773879746e-01 3.385528094649590258e-01 3.095955270923280156e-01 2.074628853812049978e-01 3.983759865793379817e-01 3.828109276709210085e-01 3.723152520104709984e-01 3.410943512869609728e-01 3.175317157714799832e-01 4.125392932547979896e-01 2.555903513713529973e-01 4.510210261013140043e-01 2.421915959887629977e-01 3.834219103135069751e-01 3.899822161080619964e-01 2.676268045480529878e-01 5.605017703739220009e-02 1.491173240948960033e-01 2.796837593613409889e-01 3.315232623691070080e-01 4.090144323079429878e-01 3.288181181349820181e-01 3.677369231146849771e-01
6.408545091088679868e-01 6.252052566738669492e-01 6.393808447253569449e-01 5.633380143505160031e-01 4.599876480634910170e-01 4.412623079429159878e-01 7.447102562127669856e-01 7.188220776294570458e-01 1.740996343236879962e-01 3.299844680265919816e-01 7.909714315112019722e-01 7.000716052447280013e-01 1.000000000000000000e+00 6.771752051979860187e-01 4.050557258234629976e-01 4.311747770478879804e-01 4.609903223824500240e-01 6.771939713589589793e-01 5.626521876538389533e-01 5.324125258600630461e-01 1.204285900895730038e-01 1.860968304856170097e-01 7.955010849760170144e-01 6.083516526659510371e-01 4.934380074449850051e-01 5.031307852493499544e-01 4.224191496739699847e-01 3.927581944198659802e-01 7.681498449753889624e-01 7.542737160009249653e-01 6.775143040539549633e-01 6.512458680161380409e-01 5.378617795584259564e-01 4.692288313343039863e-01 1.932709235435330075e-01 2.920418498159200182e-01 3.637666129693989947e-01 4.124570480274230011e-01 -1.543651407977709999e-01 -1.676050238037289988e-02 4.293205830117169941e-01 5.592799250546229839e-01 4.904645399351019730e-01 3.854903888132379941e-01 4.727606164594529981e-01 4.751159461605179990e-01 4.262041348465500090e-01 3.848508873796839813e-01 5.001003764996759804e-01 4.269861243093350245e-01 5.494322505980040461e-01 5.908564190460720011e-01 5.015321467209700179e-01 4.298130340001269922e-01 6.505413626275490246e-01 6.280684774055169672e-01 4.214715233940269923e-01 6.123589964379899664e-01 6.022265074333259527e-01 5.924641287050049776e-01 5.151776618227950078e-01 5.071899037056829540e-01 2.129397017284689886e-01 3.417575518801779788e-01 5.662587593753199977e-01 5.652989916771250511e-01 4.699340524920799789e-01 3.442337038838950147e-01 3.857261999937189878e-01 1.824954124938550082e-01 4.008406259218790235e-01 4.523631211341380132e-01 3.679611184549609892e-01 4.455934532006090021e-01 2.943609948747690219e-01 3.819211744651340168e-01 2.327226535188940126e-01 3.676851790829410160e-01 4.491943296409030006e-01 4.979424385857310065e-01 5.310190622057550103e-01 4.125363326181730184e-01 2.719858415304620136e-01 2.963548786703950055e-01 4.038463858104729964e-01 4.483169221482040112e-01 4.819363194308139975e-01 4.168253348822629767e-01 4.831752529169729971e-01
3.637744246590359776e-01 3.985093180430280269e-01 4.701101383790939892e-01 4.769718132621549866e-01 1.547345754148120034e-01 3.019831471942129864e-01 5.081155298699010503e-01 6.548547668790719589e-01 1.995132599151260011e-01 2.447166591891959952e-01 6.131250088425309608e-01 8.081553723544599999e-01 6.771752051979860187e-01 1.000000000000000000e+00 2.574483597394420231e-01 3.132434202504140175e-01 3.021711305026870131e-01 5.874553664182400325e-01 2.792121308595990059e-01 3.536522295962910012e-01 2.369896899172539984e-01 1.772253994007360056e-01 6.348361092798679994e-01 7.133321841461659485e-01 3.010467173409159813e-01 4.334620772605889960e-01 3.013210114697689734e-01 4.286403425178880178e-01 5.796778285644850204e-01 6.647974035270789450e-01 4.696229307407560061e-01 6.037275173865349620e-01 3.815048757889200060e-01 4.433869370565680090e-01 8.600748413845479834e-02 2.275756649435750067e-01 1.764223051097069950e-01 3.921970666735439814e-01 -1.980621303511929943e-01 -4.296117771075020145e-03 1.799904782109660040e-01 2.574465726432360047e-01 2.364613081299619946e-01 1.337968215597249988e-01 2.064459986744910103e-01 2.667185609011910041e-01 2.020665190024019953e-01 1.491505224298010079e-01 2.785164768589399875e-01 2.560385644377319858e-01 3.030678552266780068e-01 4.273381649775089830e-01 2.853728278835219734e-01 2.816635800052050276e-01 3.284170097062680260e-01 4.982871066725130249e-01 3.198014492758929905e-01 5.235678498407779768e-01 3.172178023893770238e-01 5.561981745544769540e-01 2.700533988600319901e-01 3.163829023064769763e-01 4.484068199905379831e-02 1.386377903236760134e-01 4.176862278970470133e-01 5.747707011136170552e-01 3.199536336322170160e-01 4.068484119753190131e-01 2.302825662136800122e-01 2.901847769223420137e-01 2.003106403169770122e-01 2.547243284817060083e-01 2.682631692043220273e-01 3.637526921965750226e-01 2.185041633900330071e-01 3.875797761510830219e-01 7.859948166109749501e-02 4.104620586478949784e-01 1.797690508978790069e-01 4.111651111508710099e-01 3.058159040463729883e-01 2.794633780296190140e-01 2.011683828179109956e-01 2.722920352472349981e-01 2.013589074437560078e-01 2.938474435950350072e-01 4.254436673622730147e-01 2.602197751269840209e-01 3.417872400651870146e-01
5.236258610609679787e-01 5.157859925901699949e-01 7.221653216980109535e-01 6.654302066471380339e-01 6.019637143279159552e-01 7.090408886304819802e-01 5.306509680785449490e-01 6.181990414098860187e-01 4.440026869595339876e-01 7.137036097372180254e-01 9.183939211807400083e-02 3.035377722564809866e-01 4.050557258234629976e-01 2.574483597394420231e-01 1.000000000000000000e+00 8.645232507472789818e-01 3.623419236812210151e-03 1.905680965512890068e-01 6.659511227487230345e-01 7.177877962015190016e-01 6.157222720892949752e-01 7.664248880306130385e-01 6.813335994864589962e-01 5.543265922605570273e-01 7.667652078953189898e-01 7.875354663481329842e-01 5.747868853111960386e-01 6.606562369763010478e-01 4.465539200160509870e-01 4.821932176897030242e-01 4.118307789162389820e-01 3.946974348711410063e-01 3.454233660855730026e-01 2.771034023618280107e-01 6.918760514220859692e-01 7.343195998099539823e-01 5.245906752862929956e-01 5.364872483899979505e-01 4.565020983633000240e-01 4.408866054576889848e-01 5.543602179689349763e-01 5.991549749506189793e-01 3.109571652341610037e-01 2.868262402318019766e-01 5.809174306382970387e-01 5.405929991048870065e-01 4.959726617738610122e-01 4.293119931348050033e-01 4.964754726282599728e-01 5.061967039103040245e-01 4.142117410322159743e-01 4.603510455445289917e-01 3.230849001502649753e-01 3.579858739993549976e-01 3.945933517184370132e-01 2.835739048223580028e-01 1.696501370989660085e-01 1.512420710691030068e-01 2.665447568316560156e-01 2.623916179310920027e-01 3.534530996080729737e-01 3.689922355525209752e-01 4.199133329242060175e-01 5.024374421877669805e-01 4.107510529791260079e-01 3.580700453972490149e-01 5.539079606598430461e-01 6.362112230551499881e-01 6.310225865958990488e-01 3.190645040105449803e-01 5.262908750713499728e-01 5.522377077869899953e-01 2.202243216800650050e-01 9.749390703578769690e-02 3.557731973278159820e-01 5.947029046135859920e-01 5.069100069548170273e-01 7.543438441263290439e-01 6.173134564559129567e-01 7.633191220369009988e-01 5.282326163107400330e-01 4.779376794873140266e-01 1.697091174447100115e-01 2.719795103787669976e-02 3.663019506931149971e-01 3.448018790586420135e-01 1.311121890905309895e-01 2.578864742728509962e-01 3.539804529591710214e-01
4.199522640573850052e-01 4.438012263759559817e-01 6.885774202474189698e-01 7.803824735660209733e-01 6.699747724042850461e-01 7.317510470420449664e-01 4.578341359688640200e-01 5.893692863250440395e-01 3.394150506082200258e-01 7.322309730069940237e-01 1.408893530441260034e-01 2.397697369408839929e-01 4.311747770478879804e-01 3.132434202504140175e-01 8.645232507472789818e-01 1.000000000000000000e+00 -1.238800428983699922e-02 1.704215598613710025e-01 6.711074547139910251e-01 7.753284885062150522e-01 4.831319594850470023e-01 6.880660337214640210e-01 6.409268149684870242e-01 5.361296382559269658e-01 7.217553852428769678e-01 7.470967938881249992e-01 4.522619447391040270e-01 6.744111200809459472e-01 4.164634576004619948e-01 4.118658751981379984e-01 3.282109160123389824e-01 3.438722305616629948e-01 3.366704592987960210e-01 3.189759227079400072e-01 6.551235799726650155e-01 7.904340484354589469e-01 5.150761961934829936e-01 5.474122553285319936e-01 4.092657865577180032e-01 3.746537132089949873e-01 4.926019743032359899e-01 5.468986503517130338e-01 2.654529690634240269e-01 2.693550237651419765e-01 4.859131710735800080e-01 4.240035942725660090e-01 4.535782919200139762e-01 4.354077494685890115e-01 4.692961613071809923e-01 4.848012032203860011e-01 3.187560604524959929e-01 4.037593860789630007e-01 2.595964068386649726e-01 3.760001241448520104e-01 3.339080540246679996e-01 2.792813943492130080e-01 4.071172808518930264e-02 9.564438067237389374e-02 2.539273903600839932e-01 3.538680056630260085e-01 3.333260801355399927e-01 3.723514680675240052e-01 3.731761610114009975e-01 5.029932578799509724e-01 3.773205396386080102e-01 4.202537472046780076e-01 4.909966049518250109e-01 6.135876833209570336e-01 5.715566577836930229e-01 2.675117101921539731e-01 4.428183153136709960e-01 4.929516946911899899e-01 1.562046226513660041e-01 1.112082902731990064e-01 2.294125810852890024e-01 4.971820592268830219e-01 3.983079000350939758e-01 7.548922609690410512e-01 5.558471487233099806e-01 7.628486632085259567e-01 3.875583691657379926e-01 4.776493600865749922e-01 2.685690263868090177e-01 1.107915881933430047e-01 3.345695127359150089e-01 3.207603451628079916e-01 1.516232289676499867e-01 1.955518558318460054e-01 3.372877482955110029e-01
4.173436958695609933e-01 3.923360109427890263e-01 7.753594052783449597e-02 8.513178758960529557e-02 -1.847204083906680075e-02 -1.221075018111779931e-01 1.952259141278319954e-01 1.319326945284660102e-01 -1.410901063527940091e-01 -1.064577479170199931e-01 6.281274483583390023e-01 3.863449925405070262e-01 4.609903223824500240e-01 3.021711305026870131e-01 3.623419236812210151e-03 -1.238800428983699922e-02 1.000000000000000000e+00 7.628500590002680326e-01 2.680856638745029996e-01 2.042322666133669917e-01 3.069603051928930168e-02 -2.263224389449980042e-02 2.050803456786770007e-01 1.689326037336769948e-01 -7.992353441504269559e-03 -1.765822112209109937e-02 5.017697094802150426e-01 1.677183421876440039e-01 6.179221182196209528e-01 4.984952181341359978e-01 4.482214955861379968e-01 5.037120467175889571e-01 2.406035922632440011e-02 -3.796431323125559754e-02 2.579725200696909859e-02 7.697059006492990019e-02 2.028443466283580132e-01 3.150433917626819791e-01 -2.912793077520879903e-01 3.382435521088920233e-02 -3.893218220623260312e-02 1.421482628487620026e-01 1.787246286677580120e-01 -3.907851262881809756e-02 9.293794065480949496e-02 5.670555492982989887e-02 -5.737736266494949944e-02 -1.349872055752779909e-01 1.534024528099539875e-01 -6.617835876298519548e-02 4.508889581782110079e-01 3.931724473278970233e-01 3.848175349612140139e-02 -1.036504793135410024e-01 2.132640355569190016e-01 1.004695808757880005e-01 7.256527498575610080e-01 5.683476263924119865e-01 2.397256020406720034e-01 -9.317144892307480802e-03 -2.107365784735129935e-02 -2.860052906086750155e-02 -5.995543012573240071e-02 2.102546195463959877e-01 3.208246665079450000e-01 2.661990179261409795e-01 4.586748194780850274e-01 3.204388323836270258e-01 1.958860735696220101e-01 2.661067929718070046e-01 1.963972217829509925e-01 2.222488542900870057e-01 5.834249285505159754e-01 6.030782948991869619e-01 6.051333008740600317e-01 2.752476766066739855e-01 6.173392021545660163e-02 1.264632891382669877e-01 1.056287544196810035e-01 6.433226085640550429e-02 6.515902390387159904e-02 -1.024585185449150004e-01 -2.037725761504159960e-01 -1.455840122908599876e-01 1.499722293598849954e-01 9.634303610924410677e-02 2.538388875394410049e-01 2.173918716107960114e-01 2.924290504024250059e-01
